date,hour,type,1001A,1002A,1003A,1004A,1005A,1006A,1007A,1008A,1009A,1010A,1011A,1012A,1013A,1014A,1015A,1016A,1017A,1018A,1019A,1020A,1021A,1022A,1023A,1024A,1025A,1026A,1027A,1028A,1029A,1030A,1031A,1032A,1033A,1034A,1035A,1036A,1037A,1038A,1039A,1040A,1041A,1042A,1043A,1044A,1045A,1046A,1047A,1048A,1049A,1050A,1051A,1052A,1053A,1054A,1055A,1056A,1057A,1058A,1059A,1060A,1061A,1062A,1063A,1064A,1065A,1066A,1067A,1068A,1069A,1070A,1071A,1072A,1073A,1074A,1075A,1076A,1077A,1078A,1079A,1080A,1081A,1082A,1083A,1084A,1085A,1086A,1087A,1088A,1089A,1090A,1091A,1092A,1093A,1094A,1095A,1096A,1097A,1098A,1099A,1100A,1101A,1102A,1103A,1104A,1105A,1106A,1107A,1108A,1109A,1110A,1111A,1112A,1113A,1114A,1115A,1116A,1117A,1118A,1119A,1120A,1121A,1122A,1123A,1124A,1125A,1126A,1127A,1128A,1129A,1130A,1131A,1132A,1133A,1134A,1135A,1136A,1137A,1138A,1139A,1140A,1141A,1142A,1143A,1144A,1145A,1146A,1147A,1148A,1149A,1150A,1151A,1152A,1153A,1154A,1155A,1156A,1157A,1158A,1159A,1160A,1161A,1162A,1163A,1164A,1165A,1166A,1167A,1168A,1169A,1170A,1171A,1172A,1173A,1174A,1175A,1176A,1177A,1178A,1179A,1180A,1181A,1182A,1183A,1184A,1185A,1186A,1187A,1188A,1189A,1190A,1191A,1192A,1193A,1194A,1195A,1196A,1197A,1198A,1199A,1200A,1201A,1202A,1203A,1204A,1205A,1206A,1207A,1208A,1209A,1210A,1211A,1212A,1213A,1214A,1215A,1216A,1217A,1218A,1219A,1220A,1221A,1222A,1223A,1224A,1225A,1226A,1227A,1228A,1229A,1230A,1231A,1232A,1233A,1234A,1235A,1236A,1237A,1238A,1239A,1240A,1241A,1242A,1243A,1244A,1245A,1246A,1247A,1248A,1249A,1250A,1251A,1252A,1253A,1254A,1255A,1256A,1257A,1258A,1259A,1260A,1261A,1262A,1263A,1264A,1265A,1266A,1267A,1268A,1269A,1270A,1271A,1272A,1273A,1274A,1275A,1276A,1277A,1278A,1279A,1280A,1281A,1282A,1283A,1284A,1285A,1286A,1287A,1288A,1290A,1291A,1292A,1293A,1294A,1295A,1296A,1297A,1298A,1299A,1300A,1301A,1302A,1303A,1304A,1305A,1306A,1307A,1308A,1309A,1310A,1311A,1312A,1313A,1314A,1315A,1316A,1317A,1318A,1319A,1320A,1321A,1322A,1323A,1324A,1325A,1326A,1327A,1328A,1329A,1330A,1331A,1332A,1333A,1334A,1335A,1336A,1337A,1338A,1339A,1340A,1341A,1342A,1343A,1344A,1345A,1346A,1347A,1348A,1349A,1350A,1351A,1352A,1353A,1354A,1355A,1356A,1357A,1358A,1359A,1360A,1361A,1362A,1363A,1364A,1365A,1366A,1367A,1368A,1369A,1370A,1371A,1372A,1373A,1374A,1375A,1376A,1377A,1378A,1379A,1380A,1381A,1382A,1383A,1384A,1385A,1386A,1387A,1388A,1389A,1390A,1391A,1392A,1393A,1394A,1395A,1396A,1397A,1398A,1399A,1400A,1401A,1402A,1403A,1404A,1405A,1406A,1407A,1408A,1409A,1410A,1411A,1412A,1413A,1414A,1415A,1416A,1417A,1418A,1419A,1420A,1421A,1422A,1423A,1424A,1425A,1426A,1427A,1428A,1429A,1430A,1431A,1432A,1433A,1434A,1435A,1436A,1437A,1438A,1439A,1440A,1441A,1442A,1443A,1444A,1445A,1446A,1447A,1449A,1450A,1451A,1452A,1453A,1454A,1455A,1456A,1457A,1458A,1459A,1460A,1461A,1462A,1463A,1464A,1465A,1466A,1467A,1468A,1469A,1470A,1471A,1472A,1473A,1474A,1475A,1476A,1477A,1478A,1479A,1480A,1481A,1482A,1483A,1484A,1485A,1486A,1487A,1488A,1489A,1490A,1491A,1492A,1493A,1494A,1495A,1496A,1508A,1511A,1512A,1513A,1514A,1515A,1518A,1519A,1520A,1524A,1552A,1559A,1562A,1564A,1585A,1586A,1587A,1588A,1589A,1590A,1591A,1592A,1593A,1594A,1595A,1596A,1597A,1598A,1599A,1600A,1601A,1602A,1603A,1604A,1605A,1606A,1607A,1608A,1609A,1610A,1611A,1612A,1613A,1614A,1615A,1616A,1617A,1618A,1619A,1620A,1621A,1622A,1623A,1624A,1625A,1626A,1627A,1628A,1629A,1630A,1631A,1632A,1633A,1634A,1635A,1636A,1637A,1638A,1639A,1640A,1641A,1642A,1643A,1644A,1645A,1646A,1647A,1648A,1649A,1650A,1651A,1652A,1653A,1654A,1655A,1656A,1657A,1658A,1659A,1660A,1661A,1662A,1663A,1664A,1665A,1666A,1667A,1668A,1669A,1670A,1671A,1672A,1673A,1674A,1675A,1676A,1677A,1678A,1679A,1680A,1681A,1682A,1683A,1684A,1685A,1686A,1687A,1688A,1689A,1690A,1691A,1692A,1693A,1694A,1695A,1696A,1697A,1698A,1699A,1700A,1701A,1702A,1703A,1704A,1705A,1706A,1707A,1708A,1709A,1710A,1711A,1712A,1713A,1714A,1715A,1716A,1717A,1718A,1719A,1720A,1721A,1722A,1723A,1724A,1725A,1726A,1727A,1728A,1729A,1730A,1731A,1732A,1733A,1734A,1735A,1736A,1737A,1738A,1739A,1740A,1741A,1742A,1743A,1744A,1745A,1746A,1747A,1748A,1749A,1750A,1751A,1752A,1753A,1754A,1755A,1756A,1757A,1758A,1759A,1760A,1761A,1762A,1763A,1764A,1765A,1766A,1767A,1768A,1769A,1770A,1771A,1772A,1773A,1774A,1775A,1776A,1778A,1779A,1780A,1781A,1782A,1783A,1784A,1785A,1786A,1787A,1788A,1789A,1790A,1791A,1792A,1793A,1794A,1795A,1796A,1797A,1798A,1799A,1800A,1801A,1802A,1803A,1804A,1805A,1806A,1807A,1808A,1809A,1810A,1811A,1812A,1813A,1814A,1815A,1816A,1817A,1818A,1819A,1820A,1821A,1822A,1823A,1824A,1825A,1826A,1827A,1828A,1829A,1830A,1831A,1832A,1833A,1834A,1835A,1836A,1837A,1838A,1839A,1840A,1841A,1842A,1843A,1844A,1845A,1846A,1847A,1848A,1849A,1850A,1851A,1852A,1853A,1854A,1855A,1856A,1857A,1858A,1859A,1860A,1861A,1862A,1863A,1864A,1865A,1866A,1867A,1868A,1869A,1870A,1871A,1872A,1873A,1874A,1875A,1876A,1877A,1878A,1879A,1880A,1881A,1882A,1883A,1884A,1885A,1886A,1887A,1888A,1889A,1890A,1891A,1893A,1894A,1895A,1896A,1897A,1898A,1899A,1900A,1901A,1902A,1903A,1904A,1905A,1906A,1907A,1908A,1909A,1910A,1911A,1912A,1913A,1914A,1915A,1916A,1917A,1918A,1919A,1920A,1921A,1922A,1923A,1924A,1925A,1926A,1927A,1928A,1929A,1930A,1931A,1932A,1933A,1934A,1935A,1936A,1937A,1938A,1939A,1940A,1941A,1942A,1943A,1944A,1945A,1947A,1948A,1949A,1950A,1951A,1952A,1953A,1954A,1955A,1956A,1957A,1958A,1959A,1960A,1961A,1961A,1962A,1963A,1964A,1965A,1966A,1966A,1967A,1968A,1969A,1970A,1971A,1972A,1973A,1974A,1975A,1976A,1977A,1978A,1979A,1980A,1981A,1982A,1983A,1984A,1985A,1986A,1987A,1988A,1989A,1990A,1991A,1992A,1993A,1994A,1995A,1996A,1997A,1998A,1999A,2000A,2001A,2002A,2003A,2004A,2005A,2006A,2007A,2008A,2009A,2010A,2011A,2012A,2013A,2014A,2015A,2016A,2017A,2018A,2019A,2031A,2054A,2064A,2065A,2066A,2067A,2068A,2069A,2070A,2073A,2074A,2075A,2160A,2161A,2162A,2163A,2164A,2165A,2166A,2167A,2168A,2169A,2170A,2171A,2172A,2173A,2174A,2175A,2176A,2177A,2178A,2179A,2180A,2181A,2182A,2183A,2184A,2185A,2186A,2187A,2188A,2189A,2190A,2191A,2192A,2193A,2194A,2195A,2196A,2197A,2198A,2199A,2200A,2201A,2202A,2203A,2204A,2205A,2206A,2207A,2208A,2209A,2210A,2211A,2212A,2213A,2214A,2215A,2216A,2217A,2218A,2219A,2220A,2221A,2222A,2223A,2224A,2225A,2226A,2227A,2228A,2229A,2230A,2231A,2232A,2233A,2234A,2235A,2236A,2237A,2238A,2239A,2240A,2241A,2242A,2243A,2244A,2245A,2246A,2247A,2248A,2249A,2250A,2251A,2252A,2253A,2254A,2255A,2256A,2257A,2258A,2259A,2260A,2261A,2262A,2263A,2264A,2265A,2266A,2267A,2268A,2269A,2270A,2271A,2272A,2273A,2274A,2275A,2276A,2277A,2278A,2279A,2280A,2281A,2282A,2283A,2284A,2285A,2286A,2287A,2288A,2289A,2290A,2291A,2292A,2293A,2294A,2295A,2296A,2297A,2298A,2299A,2300A,2301A,2302A,2303A,2304A,2305A,2306A,2307A,2308A,2309A,2310A,2311A,2312A,2313A,2314A,2315A,2316A,2317A,2318A,2319A,2320A,2321A,2322A,2323A,2324A,2325A,2326A,2327A,2331A,2332A,2333A,2334A,2335A,2336A,2337A,2338A,2339A,2340A,2341A,2342A,2343A,2344A,2345A,2346A,2347A,2348A,2349A,2350A,2351A,2352A,2353A,2354A,2355A,2356A,2357A,2358A,2359A,2360A,2361A,2362A,2363A,2364A,2365A,2366A,2367A,2368A,2369A,2370A,2371A,2372A,2373A,2374A,2375A,2376A,2377A,2378A,2379A,2380A,2381A,2382A,2383A,2384A,2385A,2386A,2387A,2388A,2389A,2390A,2391A,2392A,2393A,2394A,2395A,2396A,2397A,2398A,2399A,2400A,2401A,2402A,2403A,2404A,2405A,2406A,2407A,2408A,2409A,2410A,2411A,2420A,2421A,2422A,2423A,2424A,2425A,2426A,2427A,2428A,2429A,2430A,2431A,2432A,2433A,2434A,2435A,2436A,2437A,2438A,2439A,2440A,2441A,2442A,2443A,2444A,2445A,2446A,2447A,2448A,2449A,2450A,2451A,2452A,2453A,2454A,2455A,2456A,2457A,2458A,2459A,2460A,2461A,2462A,2463A,2464A,2465A,2466A,2467A,2468A,2469A,2470A,2471A,2472A,2473A,2474A,2475A,2476A,2477A,2478A,2479A,2480A,2481A,2482A,2483A,2484A,2485A,2486A,2487A,2488A,2489A,2490A,2491A,2492A,2493A,2494A,2495A,2496A,2497A,2498A,2499A,2500A,2501A,2502A,2503A,2504A,2505A,2506A,2507A,2508A,2509A,2510A,2511A,2512A,2513A,2514A,2515A,2516A,2517A,2518A,2519A,2520A,2521A,2522A,2523A,2524A,2525A,2526A,2527A,2528A,2529A,2530A,2531A,2532A,2533A,2534A,2535A,2536A,2537A,2538A,2539A,2540A,2541A,2542A,2543A,2544A,2545A,2546A,2547A,2548A,2549A,2550A,2551A,2552A,2553A,2554A,2555A,2556A,2557A,2558A,2559A,2560A,2561A,2562A,2563A,2564A,2565A,2566A,2567A,2568A,2569A,2570A,2571A,2572A,2573A,2574A,2575A,2576A,2577A,2578A,2579A,2580A,2581A,2582A,2583A,2584A,2585A,2586A,2587A,2588A,2589A,2590A,2591A,2592A,2593A,2594A,2595A,2596A,2597A,2598A,2599A,2600A,2601A,2602A,2603A,2604A,2605A,2606A,2607A,2608A,2609A,2610A,2611A,2612A,2613A,2614A,2615A,2616A,2617A,2618A,2619A,2620A,2621A,2622A,2623A,2624A,2625A,2626A,2627A,2628A,2629A,2630A,2631A,2632A,2633A,2634A,2635A,2636A,2637A,2638A,2639A,2640A,2641A,2642A,2643A,2644A,2645A,2646A,2647A,2648A,2649A,2650A,2651A,2652A,2653A,2654A,2655A,2656A,2657A,2658A,2659A,2660A,2661A,2662A,2663A,2664A,2665A,2666A,2667A,2668A,2669A,2670A,2671A,2672A,2673A,2674A,2675A,2676A,2677A,2678A,2679A,2680A,2681A,2682A,2683A,2684A,2685A,2686A,2687A,2688A,2689A,2690A,2691A,2692A,2693A,2694A,2695A,2696A,2697A,2698A,2699A,2700A,2701A,2702A,2703A,2704A,2705A,2706A,2707A,2708A,2709A,2710A,2711A,2835A,2842A,2845A,2846A,2858A,2859A,2860A,2862A,2865A,2866A,2867A,2868A,2869A,2870A,2871A,2872A,2873A,2874A,2875A,2876A,2877A,2878A,2880A,2881A,2882A,2883A,2884A,2885A,2894A,2897A,2900A,2902A,2907A,2914A,2915A,2916A,2919A,2920A,2921A,2922A,2923A,2924A,2925A,2926A,2929A,2994A,2996A,2997A,2998A,2999A,3000A,3002A,3003A,3004A,3005A,3006A,3007A,3008A,3009A,3010A,3012A,3014A,3015A,3016A,3018A,3019A,3020A,3021A,3022A,3025A,3026A,3027A,3028A,3033A,3034A,3035A,3036A,3038A,3039A,3045A,3046A,3048A,3051A,3054A,3055A,3057A,3058A,3059A,3061A,3064A,3065A,3066A,3109A,3122A,3123A,3124A,3125A,3128A,3129A,3131A,3132A,3133A,3134A,3136A,3137A,3138A,3139A,3140A,3141A,3147A,3148A,3149A,3151A,3153A,3164A,3165A,3169A,3170A,3171A,3173A,3178A,3179A,3180A,3182A,3183A,3184A,3185A,3186A,3187A,3188A,3190A,3191A,3192A,3194A,3195A,3200A,3201A,3204A,3206A,3207A,3208A,3209A,3210A,3216A,3237A,3238A,3239A,3241A,3242A,3245A,3246A,3247A,3248A,3265A,3266A,3268A,3269A,3270A,3271A,3272A,3273A,3274A,3281A,3282A,3283A,3284A,3285A,3286A,3287A,3288A,3289A,3290A,3291A,3293A,3294A,3295A,3298A,3299A,3300A,3301A,3302A,3303A,3304A,3305A,3306A,3307A,3308A,3311A,3313A,3314A,3315A,3317A,3318A,3319A,3320A,3323A,3324A,3325A,3326A,3327A,3328A,3329A,3330A,3331A,3332A,3333A,3334A,3335A,3336A,3337A,3338A,3339A,3340A,3341A,3342A,3343A,3344A,3345A,3346A,3347A,3348A,3349A,3350A,3351A,3352A,3353A,3354A,3355A,3356A,3357A,3358A,3359A,3360A,3361A,3362A,3363A,3364A,3365A,3366A,3368A,3369A,3370A,3371A,3372A,3374A,3375A,3376A,3377A,3378A,3379A,3380A,3396A,3397A,3398A,3399A,3400A,3401A,3402A,3403A,3404A,3405A,3406A,3407A,3408A,3409A,3410A,3411A,3413A,3414A,3415A,3416A,3417A,3418A,3419A,3421A,3422A,3423A,3424A,3425A,3426A,3427A,3428A,3429A,3430A,3431A,3432A,3434A,3435A,3436A,3437A,3438A,3439A,3440A,3441A,3442A,3443A,3444A,3445A,3446A,3447A,3448A,3449A,3450A,3451A,3452A,3453A,3454A,3455A,3456A,3457A,3458A,3459A,3460A,3461A,3462A,3463A,3464A,3465A,3466A,3468A,3469A,3470A,3471A,3473A,3474A,3475A,3476A,3477A,3478A,3479A,3480A,3481A,3482A,3483A,3484A,3485A,3486A,3487A,3488A,3489A,3490A,3491A,3492A,3494A,3495A,3496A,3498A,3500A,3501A,3502A,3503A,3504A,3505A,3507A,3511A,3512A,3513A,3514A,3515A,3516A,3520A,3521A,3522A,3523A,3524A,3525A,3526A,3527A,3528A,3529A,3530A,3531A,3532A,3533A,3534A,3535A,3536A,3537A,3538A,3539A,3540A,3541A,3542A,3543A,3544A,3545A,3546A,3547A,3548A,3549A,3550A,3551A,3552A,3557A,3558A,3560A,3561A,3562A,3564A,3565A,3566A,3567A,3568A,3569A,3570A,3571A,3572A,3573A,3574A,3575A,3576A,3577A,3578A,3579A,3580A,3581A,3582A,3583A,3584A,3585A,3586A,3587A,3588A,3589A,3590A,3591A,3592A,3593A,3594A,3596A,3597A,3598A,3599A,3600A,3601A,3604A,3605A,3606A,3607A,3608A,3610A,3612A,3613A,3614A,3615A,3616A,3617A,3618A,3619A,3620A,3621A,3622A,3623A,3624A,3625A,3626A,3627A,3628A,3629A,3630A,3631A,3633A,3634A,3635A,3636A,3637A,3638A,3639A,3642A,3643A,3644A,3645A,3646A,3647A,3648A,3650A,3651A,3652A,3653A,3654A,3655A,3656A,3658A,3659A,3661A,3662A,3663A,3664A,3665A,3667A,3668A,3669A,3670A,3671A,3672A,3673A,3674A,3675A,3676A,3677A,3678A,3682A,3683A,3684A,3685A,3689A,3690A,3692A,3693A,3694A,3695A,3696A,3697A,3698A,3699A,3700A,3701A,3703A,3706A,3707A,3708A,3709A,3710A,3713A,3715A,3719A,3726A,3728A,3734A
20210423,0,AQI,38,70,45,32,33,43,38,46,49,68,38,59,,,32,,38,40,32,,34,,,51,,50,35,,53,58,78,67,67,79,70,,38,38,,54,39,38,40,43,,35,,79,82,84,68,76,67,71,64,77,59,,59,60,62,26,24,32,30,48,44,46,,46,69,59,64,53,64,,80,82,89,83,77,,53,92,98,80,79,68,,,30,,,37,28,24,30,59,36,35,,45,59,53,54,55,,54,50,58,43,42,41,38,39,40,40,47,82,61,57,46,47,59,58,47,62,64,41,44,39,,32,30,42,35,39,78,54,52,64,64,67,67,64,,72,43,59,55,49,27,39,32,46,,,41,35,102,,60,56,80,58,59,95,49,52,53,99,148,58,,,,59,70,,68,68,62,,,,63,,62,73,70,49,67,77,58,83,109,,,,120,88,,68,90,119,83,85,,75,103,90,92,57,67,84,39,,57,,39,51,,72,64,,74,57,66,,,87,93,49,41,36,40,,,16,62,53,36,36,65,58,,59,,,64,,91,74,,15,19,18,16,23,17,,65,57,68,64,63,52,55,41,57,73,58,51,57,70,67,62,55,64,25,,52,41,52,55,26,24,20,43,52,25,,43,44,40,,53,42,53,53,,54,46,53,53,36,,,22,24,30,30,27,25,56,57,52,63,64,60,62,61,42,39,39,40,41,42,43,36,,35,46,32,32,30,,24,22,26,23,22,,64,62,,66,72,61,82,62,113,66,63,52,54,52,51,55,69,,38,52,58,67,56,54,50,42,64,69,62,55,,38,89,56,46,51,51,41,52,56,48,65,,,64,58,66,85,86,95,74,80,60,57,42,57,45,53,45,43,45,42,54,53,28,22,,21,24,30,,54,42,46,42,33,51,41,,,36,51,46,57,55,,135,144,98,122,,,132,84,52,68,58,51,60,59,63,69,57,,52,49,90,69,68,77,35,36,34,34,47,37,77,67,129,72,68,68,67,90,,82,75,74,87,,55,38,38,40,,,,42,37,,,,35,52,51,60,48,57,52,,49,25,37,38,35,28,25,23,33,39,33,53,19,30,30,60,,90,64,59,74,49,52,36,41,53,,64,54,55,55,51,52,61,38,43,50,74,63,69,69,35,36,51,27,,38,,40,46,34,34,35,,50,57,,,63,63,70,99,,128,97,90,,65,62,64,67,77,35,30,35,32,33,,,,80,,77,83,,89,65,60,84,48,39,39,36,35,37,,79,,,74,,65,64,69,49,49,41,43,74,,28,30,38,34,90,30,36,53,51,52,50,49,55,38,37,41,59,63,50,36,,43,67,65,,45,50,,57,52,54,49,32,,65,57,,,80,87,,53,,35,46,40,37,122,102,,122,110,,78,79,,82,,100,78,103,,63,110,32,32,32,,37,41,40,54,54,34,27,62,68,84,57,72,59,37,41,40,42,28,34,108,68,49,79,80,34,52,67,49,44,53,51,47,46,,52,67,71,99,75,71,52,52,42,51,45,30,32,37,,48,25,38,,39,72,63,57,54,,76,54,30,,115,,115,140,110,104,65,73,69,,,,76,,72,,75,84,109,,112,94,89,77,70,,75,,56,64,53,62,59,57,,45,52,51,33,39,30,,43,,,30,52,26,33,31,46,49,52,52,20,30,29,31,,54,55,62,67,48,27,27,48,69,74,84,65,70,71,68,73,,54,,48,56,50,68,60,68,,,,,80,67,,68,46,60,58,63,52,52,36,36,36,40,44,55,56,57,57,,,66,55,72,,57,62,,93,53,48,60,58,58,68,62,64,67,79,84,94,,113,119,500,56,54,39,104,26,29,,23,25,34,48,60,70,58,51,51,,27,,30,29,29,25,24,34,31,23,26,,,29,31,24,24,32,30,35,,39,38,58,,65,59,69,64,60,68,69,71,58,,62,79,78,89,84,74,77,63,72,74,72,30,31,,59,65,,56,57,42,60,,,32,60,35,46,55,36,40,34,42,,,56,79,79,78,89,,70,92,88,62,70,100,59,,55,70,62,,,62,74,,55,60,44,,36,,57,43,,,49,42,,,59,56,29,,,55,53,31,36,63,58,52,52,39,33,37,45,25,26,23,30,64,55,53,46,48,46,59,69,,69,71,53,,57,78,60,51,27,30,48,52,42,36,40,95,,,,263,286,399,183,254,228,190,212,74,74,60,407,423,307,304,247,,,192,41,,39,52,53,,34,52,51,,49,46,55,,83,70,53,68,38,50,52,65,46,47,42,42,43,35,32,28,,30,45,32,35,109,29,,41,,46,,,,57,53,40,60,60,56,,28,,54,57,49,54,60,40,48,55,48,42,84,25,,28,32,28,53,62,83,44,24,,23,24,29,28,25,42,12,51,34,34,40,35,48,57,,,19,21,24,24,20,42,57,42,45,45,51,46,42,74,36,,41,50,35,33,26,27,24,27,43,51,53,,82,86,94,,77,83,70,89,,87,75,52,,48,49,46,51,42,50,57,53,52,49,62,65,67,,62,62,58,45,49,,67,56,55,57,36,36,70,83,89,89,52,56,,54,48,39,,35,33,,52,25,45,43,,27,37,29,35,52,31,,,43,52,,32,31,30,37,38,28,25,32,33,29,35,35,39,39,46,38,50,37,47,,17,23,,30,27,32,41,36,,37,20,19,24,78,73,66,74,52,34,40,44,26,55,65,84,51,71,57,58,63,65,59,65,67,45,47,73,75,58,58,53,36,44,,40,71,44,45,37,32,43,46,46,73,73,70,60,72,84,,,43,40,37,,54,81,54,47,96,72,,62,,57,,,,,38,49,55,58,50,32,57,49,,30,37,43,50,49,54,54,58,60,55,60,,,,,17,21,79,70,51,59,43,,41,78,62,63,92,43,42,43,97,,82,68,46,60,,61,62,63,58,,78,54,45,79,,69,56,,39,,,35,38,35,,33,,34,,33,34,27,26,25,51,,52,49,42,26,29,30,39,,31,26,18,33,38,89,,119,115,59,48,500,488,,44,42,26,20,30,,62,79,38,,31,35,36,32,28,30,66,,60,41,,,34,30,30,60,56,439,216,27,,43,28,24,69,54,41,34,53,53,,,59,64,65,28,,18,23,29,41,52,19,107,60,31,46,29,71,70,,57,73,52,117,34,,67,,54,,77,62,150,39,71,72,500,27,58,47,51,39,75,26,,,53,27,74,45,,,50,53,55,,57,67,,,45,98,83,74,68,65,55,46,42,104,31,53,34,36,89,,30,57,,87,48,55,50,31,35,61,70,72,64,24,30,23,33,83,52,36,28,57,43,52,49,32,57,49,52,41,55,30,52,63,41,49,43,103,113,40,43,39,65,69,102,67,37,52,50,54,89,,54,30,58,59,46,52,27,,,45,68,68,53,34,34,53,59,54,110,112,56,30,57,25,64,36,28,,56,30,53,30,51,,293,65,39,53,43,55,55,63,68,32,82,36,60,73,48,32,,68,,54,42,52,62,53,83,88,88,74,71,81,71,41,59,65,52,63,54,95,,43,61,67,55,61,55,48,65,32,33,70,52,70,58,30,38,70,88,40,43,,115,112,92,160,85,94,78,84,44,48,53,35,39,54,27,49,37,94,93,79,59,62,31,65,77,62,33,80,40,42,54,60,77,67,52,51,65,35,28,52,73,46,48,23,46,63,,51,78,58,67,62,67,59,70,43,60,,87,40,58,58,43,38,53,48,75,58,38,67,57,63,59,35,30,60,64,60,32,67,49,58,,62,62,45,79,75,41,50,36,37,59,37,51,62,79,27,97,31,28,30,35,53,50,34,45,40,36,57,72,62,74,,70,,40,50,68,44,52,32,53,108,70,82,79,95,79,48,75,42,55,39,45,,58,,54,,37,57,31,64,50,59,73,54,52,,33,53,74,46,36,22,46,46,25,41,57,50,56,64,,77,36,29,26,23,24,,46,,55,35,,41,63,59,59,63,77,109,36,,23,42,30,41,,,124,77,52,73,78,27,40,22,27,90,84,51,83,68,77,81,58,60,59,63,52,73,,64,,108,36,64,108,54,59,35,94,49,57,109,57,26,39,500,500,71,40,68,90,92,58,71,56,64,56,63,65,54,54,102,,39,,118,99,120,56,75,29,21,,94,70,80,61,41,78,59,53,67,38,67,64,56,,38,43,53,34,56,75,89,56,63,55,40,55,53,38,68,85,55,64,102,50,68,32,42,29,90,52,53,54,54,36,78,58,93,48,94,39,113,54,62,51,38,39,58,62
20210423,0,PM2.5,26,51,31,22,23,30,26,30,34,49,26,38,,,22,,26,28,22,,20,,34,35,,35,24,,37,41,57,48,48,58,42,,26,23,,38,27,19,28,30,,16,,56,60,56,49,47,43,44,41,56,42,,32,43,33,18,16,12,10,33,30,29,,21,50,42,46,37,46,,59,60,66,61,56,,37,68,73,59,58,49,,,14,,,15,7,16,8,34,25,24,,31,36,32,20,33,,38,29,22,18,29,10,13,11,19,25,32,60,28,30,27,24,42,36,31,44,36,23,25,27,,22,21,29,24,27,57,38,36,46,46,48,45,46,,52,30,42,39,27,17,27,22,19,,,24,24,76,,39,34,59,41,32,71,34,33,37,74,113,41,,,,40,51,,49,49,34,,,,45,,44,53,51,34,48,56,41,61,82,,,,91,65,,49,67,90,61,63,,55,77,67,68,40,48,62,27,,40,,27,28,,52,46,,43,38,44,,48,53,69,34,19,23,28,,,5,44,27,22,16,33,24,,35,,,46,,55,54,,4,4,5,10,6,10,,47,36,49,41,39,31,23,28,31,53,41,34,39,51,48,44,39,46,17,,36,14,26,39,9,9,6,25,23,17,,24,11,14,,37,29,24,33,,37,32,29,37,9,,,12,9,10,9,7,5,39,33,36,41,39,39,42,38,24,27,26,17,18,29,29,20,,17,32,22,22,16,10,16,13,18,16,14,6,34,35,,36,28,31,60,34,77,39,36,22,22,20,18,30,30,,16,24,27,32,26,20,22,20,27,31,32,31,,25,66,34,26,24,27,22,21,26,13,25,,,32,28,32,33,52,60,54,32,39,32,23,31,24,28,23,24,26,25,26,22,8,14,9,11,10,21,,24,23,26,21,18,23,13,,,25,19,20,37,29,,103,110,73,92,,,100,62,29,31,34,34,31,29,36,44,31,,32,30,67,50,49,43,8,7,6,3,10,2,43,48,48,35,49,49,48,39,,51,55,45,50,,26,15,22,22,,,,20,19,,,,22,28,8,11,11,15,11,,34,17,20,22,24,19,17,16,17,16,23,34,12,21,21,38,,67,46,36,54,18,22,17,17,12,,46,32,35,28,23,27,38,26,30,35,54,45,50,50,14,20,19,15,,26,,28,20,20,23,24,,24,40,,,45,45,51,74,,97,72,67,,46,41,46,46,56,17,16,12,20,19,,,,59,,56,61,,66,44,42,62,33,27,27,17,22,25,,58,,,54,,45,46,50,33,30,24,26,41,,17,18,17,14,67,16,14,31,16,17,27,32,37,13,22,23,32,42,32,23,,14,43,42,,25,30,,34,28,25,24,22,,28,40,,,59,55,,19,,18,21,14,19,92,76,,92,83,,57,58,,60,,75,57,77,,33,83,7,3,4,,12,9,13,13,15,9,10,44,38,62,40,52,38,12,14,14,29,11,17,81,49,34,58,59,17,23,48,29,25,34,29,20,17,,28,44,43,74,45,38,28,34,29,35,31,21,22,24,,24,17,26,,26,52,45,39,38,,46,22,4,,87,,87,107,83,78,39,53,42,,,,42,,35,,55,62,82,,84,70,66,56,51,,55,,36,46,34,44,26,26,,29,28,22,23,25,21,,30,,,19,36,8,23,5,32,34,32,36,12,12,12,15,26,34,33,43,48,33,11,13,30,30,54,62,47,51,51,49,53,,38,20,28,34,35,48,42,47,,,,,59,46,,37,27,43,23,32,23,36,21,14,18,6,18,27,23,40,33,38,,31,26,36,,29,28,,36,31,33,40,41,33,39,35,46,39,58,56,70,,53,61,129,26,38,24,78,10,6,,6,10,2,33,4,51,41,29,29,,8,,8,7,7,10,6,6,5,11,10,,,2,6,6,2,18,12,13,,9,10,37,,40,42,50,46,43,49,50,45,41,,41,47,57,66,62,54,56,45,52,50,48,17,15,,37,29,,22,29,28,42,,,22,43,24,32,39,23,28,21,22,,,15,53,58,56,66,,48,48,37,22,34,27,42,,39,51,44,,,43,54,,38,35,22,,24,,25,23,,,34,24,,,42,30,19,,,18,28,8,19,27,33,36,36,20,12,22,31,17,18,16,21,46,24,30,32,33,32,42,50,,50,44,35,,29,37,22,16,16,6,25,22,28,25,28,71,,,,213,236,186,138,204,178,143,162,54,48,43,360,384,257,254,197,,,144,25,,23,36,37,,20,36,33,,34,31,39,,61,51,36,49,26,35,33,47,21,31,29,15,24,11,22,19,,21,31,17,18,82,20,,25,,32,,,,40,25,24,43,43,38,,19,,34,40,34,38,43,28,33,39,29,28,62,17,14,19,22,19,29,44,30,28,13,,13,12,7,19,8,11,7,32,14,11,22,24,30,20,,,5,7,7,9,7,20,35,20,31,31,26,32,29,31,23,,27,34,22,18,13,17,16,10,20,28,22,,55,60,70,,56,61,51,66,,64,43,36,,32,23,28,30,20,30,40,37,36,34,44,47,42,,42,44,41,31,30,,48,34,17,40,25,25,51,61,66,66,36,20,,30,33,27,,24,23,,36,16,31,30,,17,13,18,24,20,21,,,30,36,,22,21,21,24,26,12,14,22,21,20,23,24,18,27,32,22,23,21,25,,8,16,6,14,12,22,27,25,22,22,14,8,10,41,31,38,35,31,20,7,17,18,20,39,36,34,36,30,38,33,37,30,47,40,31,27,32,55,41,33,37,13,17,,28,22,22,17,18,20,30,32,32,53,53,51,35,42,58,,,27,22,19,,28,39,16,26,48,48,,43,,40,,,,,26,25,30,39,24,18,24,26,,15,20,22,22,22,20,38,41,43,5,43,,,,,5,4,58,51,30,42,27,,27,57,44,45,68,10,19,8,72,36,60,48,32,39,,40,44,45,38,,44,34,23,41,,50,34,,24,,,4,8,6,,21,,2,,12,6,13,10,10,25,,20,19,20,14,20,12,27,,16,9,10,23,18,50,,67,70,25,20,107,103,,27,29,18,12,13,,41,58,24,,19,24,25,22,13,15,19,,26,22,,22,21,14,16,43,34,61,41,10,,30,10,14,16,23,10,2,14,14,,,18,27,25,19,,12,7,11,9,24,12,80,31,11,32,20,50,51,,26,53,31,88,20,57,48,,38,,56,39,115,27,44,52,132,9,40,24,25,22,42,11,,,29,10,41,31,,,20,25,35,,40,48,,,31,73,59,54,49,47,31,31,29,78,20,28,17,25,66,,21,38,,64,28,39,35,7,24,25,51,52,46,14,21,16,23,61,19,9,18,40,19,36,12,22,17,34,35,28,39,13,33,45,12,19,27,77,85,28,30,27,44,34,76,48,20,27,33,34,65,,37,21,41,30,8,30,12,,,19,49,49,36,23,5,24,42,29,41,84,30,20,40,17,43,13,19,,38,16,24,21,12,,89,47,21,37,30,39,39,45,49,22,60,18,43,21,33,6,,49,,36,29,32,44,37,61,58,49,36,33,41,34,20,24,31,10,33,19,58,,10,32,30,22,23,39,33,47,22,23,51,36,51,36,21,26,51,65,27,30,,87,84,68,122,63,70,57,62,13,28,36,21,23,38,14,33,22,70,68,58,39,44,3,47,56,44,7,59,28,29,34,43,56,33,28,30,45,5,13,36,53,32,33,13,24,40,22,17,46,33,43,44,43,41,51,29,30,,64,28,41,38,30,26,27,32,44,41,26,48,40,45,42,24,21,43,46,24,6,1,14,10,,40,24,31,48,37,21,23,12,25,15,21,22,40,58,13,72,16,15,21,24,32,35,20,31,28,25,40,40,44,34,,51,72,28,29,49,30,19,22,23,81,48,60,40,71,58,28,55,29,39,22,31,,41,,38,,12,39,19,46,35,42,53,38,35,,15,21,42,30,23,11,21,17,10,24,33,35,16,38,,56,19,13,11,16,13,,30,,39,19,,28,41,42,31,38,51,82,16,,13,22,21,22,,,94,39,35,53,53,10,28,6,17,67,62,26,61,46,40,39,37,40,36,45,36,41,,45,,81,24,45,81,23,42,24,70,34,40,82,38,11,2,536,564,34,23,44,67,68,21,44,24,38,29,30,28,23,25,34,,27,36,89,74,91,29,55,8,4,65,70,51,59,39,17,45,33,34,48,26,48,15,33,,13,28,37,4,39,55,66,35,45,38,28,39,37,18,49,63,39,46,72,34,43,22,29,20,67,36,31,38,22,12,57,41,40,31,70,25,85,31,44,28,6,5,40,44
20210423,0,PM2.5_24h,32,38,35,30,32,38,32,27,28,39,31,32,,,31,,34,32,31,,28,,33,30,,31,20,,41,39,42,43,38,47,40,,34,33,,41,29,21,29,29,,21,,38,37,38,35,33,32,36,30,35,26,,29,35,30,24,18,21,22,32,30,29,,32,38,35,37,39,49,,36,36,40,40,47,,35,45,44,43,36,41,,23,23,,,20,16,24,20,48,60,47,,42,38,50,51,52,,46,30,27,19,25,14,19,16,25,28,23,40,33,33,31,26,30,33,34,34,37,59,58,75,,66,60,92,59,65,88,64,81,22,20,20,21,23,,21,19,21,24,28,28,32,28,32,22,27,38,28,40,,22,21,33,24,20,38,31,30,27,39,38,23,,,,44,42,,40,38,29,,,,29,,20,22,22,19,25,26,21,25,41,,,,41,41,,28,59,55,34,38,,36,52,49,46,20,35,34,21,,24,,24,24,,29,33,,28,27,27,,31,27,30,22,13,18,18,,,16,26,18,26,22,22,21,,31,,,26,,26,30,,20,23,30,15,14,14,,34,32,32,27,26,23,21,19,27,34,33,25,30,31,36,33,27,33,14,,20,11,16,14,9,22,20,17,17,10,,12,9,9,,26,40,41,42,,50,56,38,46,17,,,17,15,13,13,14,13,37,32,32,36,35,32,36,34,30,20,11,19,18,22,19,15,,17,17,20,30,17,17,14,16,19,17,24,9,40,40,,34,32,31,40,38,43,38,33,23,22,21,20,19,27,,13,16,18,33,22,20,21,25,29,33,36,29,,31,44,33,25,27,25,22,25,27,23,26,,,36,33,41,34,35,33,25,19,26,25,22,28,22,24,24,21,23,25,25,23,10,13,15,12,12,20,,25,29,31,30,20,30,28,,,26,29,19,29,31,,96,83,65,64,,,95,46,28,30,34,36,33,35,35,35,28,,32,25,51,46,49,41,12,12,14,11,21,7,30,31,36,30,35,35,27,32,,36,33,33,30,,31,18,22,26,,,,20,22,,,,35,26,9,11,12,12,12,,21,18,20,22,25,24,18,15,14,17,18,36,16,25,14,33,,49,39,36,35,17,22,24,28,21,,43,34,41,43,27,32,33,33,32,29,40,27,35,32,17,18,16,16,,23,,16,20,20,18,43,,41,48,,,32,35,34,74,,74,54,48,,32,38,31,32,34,26,18,19,24,24,,,,37,,30,43,,50,35,32,42,16,16,17,27,29,29,,32,,,46,,36,36,48,27,22,21,33,24,,15,13,14,13,17,18,20,23,18,16,29,32,33,15,17,16,28,31,27,22,,17,44,37,,28,29,,34,29,29,26,20,,29,34,,,38,36,,21,,19,24,18,28,84,68,,85,62,,40,43,,38,,52,35,48,,36,48,23,22,15,,25,27,26,34,35,24,17,48,46,40,48,40,52,18,29,30,32,9,33,43,35,32,36,35,32,34,44,37,38,29,28,27,20,,32,136,138,116,160,89,32,23,22,36,20,32,37,32,,33,36,37,,37,37,34,36,30,,30,25,6,,61,,48,71,61,63,31,48,33,,,,31,,26,,57,60,73,,66,62,62,38,35,,31,,38,38,36,36,24,24,,19,18,18,19,19,17,,22,,,16,21,9,8,5,26,41,36,32,12,8,10,12,23,24,20,24,29,26,12,11,26,37,50,53,54,50,57,54,46,,33,26,31,27,36,40,34,32,,,,,40,38,,42,24,31,21,26,28,28,15,11,13,9,15,26,25,28,24,21,,30,34,45,,22,24,,23,31,27,34,36,31,34,36,45,31,34,31,38,,36,37,39,28,39,22,34,11,16,,12,7,29,43,16,38,37,40,40,,11,,12,10,10,14,13,17,18,14,19,,,15,15,11,14,15,12,28,,14,22,23,,26,26,21,23,23,25,24,23,25,,37,34,26,29,29,26,30,28,32,35,35,14,16,,42,28,,22,23,23,27,,,23,38,27,32,32,18,21,18,19,,,23,47,46,46,63,,44,23,25,18,19,14,32,,32,37,34,,,30,31,,30,23,20,,18,,37,34,,,34,28,,,34,36,22,,,29,32,35,29,22,24,22,32,35,26,31,31,23,30,31,36,52,33,42,44,21,16,18,20,,26,30,37,,25,28,29,24,27,27,25,21,29,30,28,95,,,322,192,251,179,211,198,169,137,119,183,154,82,781,488,742,564,386,,,259,70,71,80,137,114,,97,39,33,,38,38,45,,56,55,32,49,26,34,30,37,31,37,27,25,44,28,29,26,,23,17,28,21,51,35,,24,,29,,,,21,18,19,31,26,28,,32,,34,35,35,17,13,18,20,20,26,24,29,23,9,17,19,17,28,33,29,26,17,,16,15,21,18,17,20,9,31,17,12,19,29,20,25,22,,8,16,14,16,16,25,32,28,35,30,21,24,21,22,24,,23,24,23,26,22,23,24,18,29,30,19,,59,65,60,,60,68,62,42,,34,28,37,,32,32,36,38,31,30,35,35,31,31,26,28,29,,50,47,46,21,25,,25,22,10,23,23,25,42,52,53,50,17,16,,34,34,29,,21,19,,18,13,15,18,,17,9,14,16,10,26,,,17,25,,26,23,23,26,29,21,27,26,26,21,20,31,24,31,31,28,24,26,31,30,7,10,18,11,14,10,16,13,11,11,5,9,8,29,25,35,23,17,18,8,14,19,18,29,32,30,22,28,30,31,31,32,39,33,32,28,31,30,27,30,31,15,17,,12,19,24,20,24,26,32,38,33,51,54,48,52,34,38,,,18,24,20,,21,21,17,21,30,33,,40,16,31,,,,,27,20,26,33,22,13,15,18,,8,21,21,22,21,26,36,37,39,26,38,,,,,7,6,38,37,37,32,19,,19,49,32,32,31,9,16,10,39,26,43,40,29,28,,38,40,39,39,54,44,25,18,36,,36,34,,21,2,,13,14,7,,25,,5,,14,10,12,11,13,16,19,27,27,28,11,20,14,12,,20,14,8,13,16,33,,32,35,13,12,33,35,,18,17,13,13,6,,33,38,16,,18,19,22,21,12,9,28,,26,29,,34,15,15,18,175,167,65,50,7,,13,8,9,23,21,24,10,12,21,,,7,12,9,14,,11,9,10,13,25,20,69,35,17,36,26,45,33,,17,48,37,84,20,32,25,,25,,36,47,97,19,37,40,45,11,39,54,40,20,28,11,,,27,23,27,35,,31,30,34,18,,36,30,,,19,37,37,25,38,38,19,16,19,42,25,37,25,28,45,,29,31,,44,27,46,50,3,22,30,31,42,32,12,13,18,29,64,31,22,23,29,24,33,6,38,27,38,39,36,40,12,21,35,21,31,30,56,34,20,23,21,36,26,40,26,21,18,29,26,50,,25,27,34,25,4,15,13,,,22,40,45,32,25,10,24,33,43,40,65,21,30,31,18,31,26,28,,38,21,19,34,22,,34,21,14,20,18,20,20,21,22,17,45,22,32,29,29,26,,37,,22,18,16,29,23,39,39,39,33,33,33,30,22,24,24,19,31,22,27,,12,36,33,28,21,29,44,48,12,32,52,35,43,22,28,27,56,66,28,28,,63,60,108,78,168,264,12,43,26,19,33,29,20,38,13,30,17,68,68,51,52,49,9,46,41,22,23,36,31,20,50,56,39,35,26,37,38,27,7,30,47,15,23,10,23,25,25,18,20,34,26,31,24,23,29,27,29,,34,22,28,33,20,37,31,35,27,29,33,26,28,30,26,22,13,25,22,18,7,10,10,15,,35,21,34,38,19,22,26,17,22,15,22,22,44,43,46,51,37,21,28,29,29,27,33,30,24,18,36,36,34,30,,66,69,44,41,175,27,20,15,38,41,29,48,38,51,41,34,42,38,48,19,21,,30,,31,32,18,12,40,48,50,37,39,30,26,,16,25,40,22,15,19,16,16,31,25,27,24,27,23,25,36,18,14,12,16,17,,16,,31,20,,19,33,30,34,32,46,31,19,,22,34,27,19,,,79,22,39,36,35,24,38,20,28,43,46,25,38,33,39,30,34,39,25,32,36,35,35,31,,93,32,36,40,31,44,17,36,21,27,30,36,8,5,435,426,16,22,40,45,48,46,33,23,32,30,33,32,21,31,36,,33,28,69,63,267,43,37,15,16,51,71,30,37,34,31,32,21,40,25,16,33,18,27,,21,82,21,6,22,37,49,28,38,33,27,33,32,21,49,44,54,34,235,30,51,14,32,29,42,28,32,26,28,18,34,28,39,33,200,27,101,18,32,45,6,5,49,29
20210423,0,PM10,31,39,36,28,29,28,37,46,35,48,38,67,,,26,,28,32,30,,34,,,52,,35,32,,56,65,100,71,71,62,89,,27,38,,27,31,38,23,33,,26,,107,82,118,73,102,83,91,78,97,63,,68,63,73,14,2,16,7,7,44,46,,46,59,56,63,48,42,,89,84,70,85,101,,48,104,89,87,88,78,,,17,,,37,22,24,30,68,35,33,,29,67,56,58,59,,34,50,66,32,24,28,38,24,30,40,47,98,71,63,46,47,51,65,47,70,77,41,44,28,,16,19,25,24,28,52,15,24,76,64,66,83,63,,70,41,54,52,49,27,36,27,46,,31,41,34,56,,70,62,74,66,68,52,34,49,41,36,38,39,,,,68,41,,61,75,73,,,,61,,70,86,76,48,80,88,56,83,123,,,,126,109,,65,62,110,63,78,,53,48,51,48,42,34,69,37,,59,,35,51,,91,64,,98,64,82,,,124,106,43,41,36,36,,,9,46,56,36,36,80,65,,67,,,59,,131,95,,13,10,10,16,6,16,,79,64,76,78,75,53,60,41,64,70,43,52,63,70,70,61,56,58,24,,47,41,54,51,26,12,17,43,54,16,,43,44,40,,36,41,56,56,,58,37,56,54,9,,,12,5,7,9,9,5,62,63,53,75,77,70,74,71,42,26,39,40,41,29,43,36,,35,38,30,16,30,,24,22,16,22,22,20,77,74,,82,94,71,110,74,176,82,76,53,58,54,52,60,88,,38,53,66,83,62,57,50,42,77,88,73,59,,38,112,61,46,52,52,41,53,62,48,80,,,77,66,81,120,122,140,94,109,70,64,42,64,45,56,45,43,45,42,57,56,28,22,23,21,24,17,,57,42,46,42,33,51,41,,,29,52,46,63,60,,140,144,87,132,,,140,80,53,85,66,51,70,68,75,88,63,,53,49,90,64,76,104,10,21,22,7,47,18,104,83,208,93,79,72,80,129,,114,100,98,124,,60,38,38,40,,,,42,37,,,,35,54,51,69,48,63,54,,45,23,37,38,34,27,22,17,33,39,29,56,19,28,23,70,,69,75,67,72,49,53,36,41,56,,73,58,59,59,52,54,72,33,25,31,48,69,40,39,35,36,52,27,,36,,39,46,34,34,29,,50,53,,,59,43,44,85,,69,99,72,,80,73,73,83,48,22,24,17,31,29,,,,83,,61,75,,64,80,70,78,34,27,24,17,24,37,,48,,,80,,80,66,68,49,49,41,43,97,,28,30,38,34,55,30,36,56,51,54,50,49,60,38,37,41,68,75,50,36,,43,83,80,,45,50,,64,54,58,49,32,,80,62,,,85,123,,56,,35,46,40,37,86,98,,82,114,,71,81,,76,,89,78,98,,76,77,4,4,5,,37,41,40,57,58,34,27,70,86,102,62,82,68,24,41,40,22,24,34,35,21,45,38,62,34,54,74,49,44,56,51,47,46,,54,83,92,93,100,91,54,53,42,51,45,23,26,37,,48,23,32,,39,64,62,64,46,,101,58,3,,105,,89,147,107,102,79,65,88,,,,101,,93,,99,93,81,,104,86,79,71,72,,66,,61,61,56,65,67,64,,45,53,51,33,25,21,,34,,,30,38,26,32,16,36,43,54,49,20,30,29,31,42,57,59,73,70,48,27,27,48,88,70,92,69,83,91,72,84,,43,50,48,61,50,86,69,86,,,,,86,84,,85,46,58,66,75,53,53,36,36,36,40,44,59,61,64,64,,,81,60,94,,64,73,,136,56,45,69,53,66,86,73,74,83,102,117,124,,176,187,659,61,50,39,60,6,14,,22,24,34,4,70,63,44,51,51,,7,,12,7,7,10,11,9,2,11,10,,,1,5,10,8,18,29,14,15,14,14,66,,79,54,70,63,61,61,80,91,63,,74,108,96,106,91,89,85,67,63,97,94,30,31,,68,80,,62,64,42,69,,,18,58,32,41,48,36,30,34,42,,,62,107,93,105,75,,89,134,126,73,90,149,54,,48,77,65,,,73,72,,60,69,44,,36,,64,43,,,36,42,,,68,62,27,,,60,56,31,36,75,65,38,48,39,33,37,36,13,13,18,24,57,60,55,46,41,26,36,32,,84,92,55,,63,106,69,51,27,30,48,53,42,34,40,104,,,,266,287,499,169,201,254,222,157,87,98,51,434,467,288,289,214,,,172,41,,39,51,55,,34,49,52,,41,46,41,,71,55,56,62,38,39,54,40,46,47,32,42,43,35,22,19,,15,29,32,35,67,25,,41,,38,,,,56,56,40,58,53,62,,28,,57,54,45,31,38,26,25,18,48,42,90,19,10,23,21,21,55,66,115,44,24,,23,24,29,23,25,42,12,51,34,34,40,35,48,64,,,19,18,16,17,15,42,63,42,44,40,52,41,40,98,36,,41,50,35,33,26,27,24,20,43,51,55,,113,122,100,,80,71,80,96,,81,100,44,,48,49,46,51,42,50,54,51,52,48,74,76,83,,74,56,51,44,49,,66,61,59,34,34,32,46,57,49,55,48,61,,57,39,39,,28,29,,50,18,34,30,,20,37,29,35,53,31,52,43,39,40,37,32,31,27,37,31,25,13,32,33,13,35,29,39,38,44,38,50,37,47,55,17,21,18,30,27,26,41,34,42,37,20,18,12,106,96,82,98,54,34,40,44,25,60,79,118,52,92,63,66,75,79,68,79,84,44,47,96,84,60,65,50,36,44,,36,91,44,45,37,22,41,35,28,73,78,67,70,93,118,,,43,40,37,,58,112,57,47,141,94,,73,,55,,,,,38,49,59,65,50,32,64,49,,27,29,42,50,49,57,48,58,55,60,65,,,,,11,21,97,90,52,55,43,,41,71,53,68,107,34,42,31,92,72,62,85,44,70,,72,71,68,66,39,105,58,45,107,,75,61,,27,4,,5,11,20,,33,,6,,20,8,27,26,22,51,,54,49,42,20,25,30,22,,31,26,18,30,38,128,,188,179,67,48,642,588,,44,35,20,20,16,,73,82,38,,27,35,30,29,28,30,82,,70,41,,36,34,20,23,59,61,539,361,24,,34,28,19,87,57,41,34,55,56,,,68,78,79,22,,6,19,29,41,53,12,101,70,31,38,28,92,60,,63,86,53,48,25,,59,,38,,66,73,125,37,91,84,666,10,65,47,51,39,99,16,,,55,27,98,32,,,50,55,60,,42,50,,,23,112,115,68,56,61,60,46,41,124,31,55,34,15,76,,30,63,,103,48,59,49,31,17,72,45,77,76,22,28,9,30,69,54,22,24,50,43,44,49,31,64,43,53,41,41,11,54,68,41,49,43,120,124,33,34,38,80,88,122,69,37,54,50,57,128,,57,22,56,67,46,54,27,,,45,60,50,55,34,9,56,56,57,169,102,62,30,63,24,78,36,26,,61,30,56,28,51,,415,66,39,51,36,53,55,60,81,27,66,36,66,95,36,10,,64,,58,39,53,52,53,97,126,125,98,91,111,92,41,67,79,53,76,58,139,,43,71,84,59,72,44,28,19,22,26,62,53,41,65,26,30,83,96,40,42,,173,119,99,134,88,111,61,60,44,48,55,35,39,47,27,49,37,90,136,75,67,55,8,61,81,53,14,73,36,27,57,39,88,84,54,51,79,14,28,44,62,43,39,23,46,76,51,51,105,66,83,67,84,67,81,43,70,,85,31,42,65,30,27,56,48,99,66,34,68,64,63,61,34,18,54,68,70,32,83,49,65,,73,74,45,108,99,41,50,36,37,67,37,51,73,74,11,98,31,28,14,24,55,49,34,40,35,31,58,94,74,97,,83,106,40,50,68,44,53,22,55,46,89,90,107,109,95,48,66,39,42,39,36,,56,,49,,14,63,31,69,41,57,69,49,53,,24,56,97,46,36,19,46,46,25,41,64,45,61,78,,88,36,29,26,15,24,,46,,43,35,,41,75,44,67,76,104,142,36,,23,42,28,41,,,111,103,54,69,106,12,21,9,24,82,96,51,83,86,104,111,66,69,68,76,54,95,,78,,87,36,78,136,58,57,34,114,44,61,88,64,15,39,1857,1525,91,40,85,98,96,66,91,62,78,61,75,79,57,57,154,,39,56,123,107,117,61,89,10,5,54,61,30,89,71,41,106,68,56,60,36,54,78,62,,38,43,46,26,62,71,117,61,62,60,14,39,36,38,80,48,51,63,154,50,85,29,20,23,56,37,56,39,58,36,87,45,136,48,91,39,112,58,58,52,8,14,65,46
20210423,0,PM10_24h,38,46,41,41,38,38,42,41,35,46,42,53,,,45,,47,46,51,,50,,46,48,,43,40,,65,57,68,65,63,64,67,,39,45,,41,52,39,44,43,,40,,66,55,73,55,56,58,65,56,63,61,,64,66,72,35,30,38,26,28,59,50,,52,50,50,51,56,56,,54,66,54,58,67,,50,65,54,61,48,54,,34,33,,,32,31,34,35,72,105,89,,87,75,90,98,95,,87,57,75,41,36,36,47,34,56,49,34,91,68,82,63,58,57,77,62,62,74,112,117,124,,133,120,136,108,106,131,127,118,57,47,48,49,50,,52,42,50,44,66,56,54,58,75,40,60,69,55,48,,47,53,54,44,47,47,38,40,43,44,42,26,,,,61,40,,52,58,53,,,,63,,47,50,63,41,49,47,40,50,74,,,,78,69,,51,56,71,49,55,,50,55,45,40,43,37,44,33,,33,,43,44,,60,53,,67,53,58,,70,71,66,37,44,38,38,,,28,39,45,53,56,73,37,,55,,,55,,78,63,,52,45,61,37,39,40,,60,56,64,64,55,42,52,33,48,56,39,39,53,59,61,54,44,46,33,,50,44,50,51,37,41,50,31,36,14,,34,30,22,,25,63,76,74,,75,74,71,72,23,,,27,26,25,31,25,26,57,64,52,62,60,60,66,61,49,26,28,30,30,28,27,28,,27,30,22,17,22,22,21,20,16,24,22,17,85,78,,73,80,70,88,79,110,78,69,53,57,53,57,44,72,,35,42,47,82,53,54,48,53,71,70,73,64,,49,88,74,53,61,54,47,57,58,57,61,,,79,74,83,81,77,76,59,61,57,57,50,65,43,43,43,38,40,47,52,49,25,29,30,31,30,26,,49,38,62,58,51,59,55,,,32,56,57,51,58,,122,125,97,99,,,140,59,54,67,77,59,80,77,66,70,70,,55,47,104,78,87,86,22,41,55,27,51,31,66,61,97,64,71,58,55,97,,51,53,91,65,,66,37,61,50,,,,48,47,,,,68,67,45,34,37,45,38,,53,26,20,27,28,24,20,21,26,28,26,52,20,25,18,43,,51,39,44,43,42,43,41,41,49,,84,68,71,76,67,67,77,59,45,38,47,56,40,39,44,43,46,35,,39,,34,34,30,31,53,,69,69,,,50,40,36,64,,62,86,55,,46,52,48,47,33,52,33,34,43,48,,,,50,,42,56,,51,60,55,56,18,21,31,38,42,50,,30,,,69,,70,64,70,58,56,54,59,64,,32,29,31,32,35,37,42,51,47,52,62,59,66,43,46,48,64,63,63,45,,48,82,76,,67,69,,68,66,71,66,38,,59,56,,,50,59,,50,,36,47,52,51,80,82,,81,95,,44,42,,42,,70,47,64,,48,47,49,45,46,,59,71,63,90,81,63,35,110,82,82,86,74,114,51,90,77,55,22,72,41,62,44,45,58,67,91,77,80,73,52,129,123,131,,127,189,220,172,233,136,74,64,52,78,62,49,52,49,,54,52,58,,53,48,50,46,40,,46,49,8,,67,,65,100,80,75,55,61,60,,,,53,,49,,95,87,87,,82,78,83,57,51,,44,,50,46,54,44,44,42,,22,26,24,23,24,20,,28,,,24,25,25,16,7,39,70,53,57,30,35,27,34,38,42,40,45,52,45,29,27,41,64,86,81,74,72,101,78,72,,47,66,51,51,49,56,51,51,,,,,64,75,,98,37,50,49,59,45,38,26,29,37,30,37,68,64,48,47,38,,47,62,74,,34,35,,44,53,52,66,53,61,67,65,71,43,47,48,56,,124,127,185,71,47,38,41,20,23,,51,40,100,116,120,49,38,61,61,,23,,20,20,20,25,22,27,24,20,24,,,26,22,40,20,29,35,31,29,29,30,50,,58,51,51,46,46,44,50,49,55,,68,82,51,57,56,48,48,52,50,65,65,33,35,,79,79,,55,52,39,54,,,21,47,32,40,46,28,26,29,30,,,80,79,88,88,82,,87,40,44,37,46,52,41,,42,46,46,,,45,47,,41,41,47,,43,,62,54,,,47,61,,,58,60,39,,,74,78,41,39,51,51,43,50,70,41,48,41,49,61,60,75,80,82,81,77,30,24,30,28,,64,54,65,,71,69,81,68,62,48,76,67,57,66,54,132,,,409,254,306,341,249,246,222,182,130,182,197,100,859,529,728,545,531,,,300,120,108,113,195,164,,98,53,54,,51,57,51,,60,62,58,58,38,37,43,35,59,66,61,60,57,52,39,38,,28,37,40,32,64,60,,32,,34,,,,46,43,36,44,33,37,,45,,48,44,49,38,32,40,51,30,47,45,57,38,15,28,30,30,64,64,73,53,40,,38,34,35,37,36,38,10,47,29,33,34,34,40,45,42,,23,28,29,28,25,45,58,53,53,61,64,45,37,41,40,,40,45,38,43,44,40,42,37,53,58,57,,93,82,85,,81,70,79,50,,53,50,45,,50,55,58,59,55,46,43,45,43,42,36,37,42,,61,62,61,29,44,,38,43,47,32,26,32,34,40,42,39,33,34,,33,32,36,,30,24,,27,14,22,19,,27,20,24,28,36,35,30,30,27,30,36,33,38,32,42,40,35,29,37,31,31,41,42,43,46,44,41,47,41,42,51,10,17,15,24,29,14,20,20,22,22,11,19,15,56,47,69,60,53,39,46,34,35,50,66,64,70,55,45,49,47,66,55,57,57,41,53,83,48,43,60,49,28,36,,28,59,48,35,47,40,58,55,53,69,75,75,69,46,81,,,34,32,35,,44,42,41,37,55,57,,49,23,48,,,,,41,47,52,55,47,22,26,38,,23,30,38,49,45,68,50,55,65,59,70,,,,,22,15,65,62,57,56,32,,36,64,57,53,54,22,43,32,70,72,64,72,47,50,,63,66,60,60,111,82,52,49,95,,64,68,,29,5,,34,45,20,,46,,10,,23,17,20,32,26,32,33,42,34,36,16,24,22,23,,45,40,14,28,33,109,,121,110,25,27,165,170,,30,27,26,28,12,,80,75,39,,37,39,35,28,39,26,83,,58,75,,88,29,26,26,816,649,282,259,17,,35,36,35,69,82,271,106,123,110,,,26,29,26,27,,9,37,38,52,57,41,74,77,37,55,44,77,46,,48,94,50,48,36,60,59,,23,,45,55,129,28,76,74,219,10,64,123,87,38,70,15,,,54,62,69,47,,69,69,86,33,,47,46,,,28,70,82,37,46,60,49,26,25,73,29,62,50,56,36,,50,44,,84,76,73,67,14,33,77,37,65,54,24,27,26,45,78,83,45,42,44,61,41,26,55,53,57,61,54,53,20,36,69,52,56,45,81,66,27,31,32,59,50,82,36,40,31,54,50,94,,35,40,42,80,38,30,24,,,61,54,62,44,34,18,37,69,67,138,88,42,53,43,41,53,67,39,,81,57,43,82,74,,148,55,33,43,43,44,46,44,60,38,52,44,45,65,47,43,,54,,47,33,34,52,43,73,93,97,79,92,79,70,49,60,66,55,77,48,79,,52,85,80,70,47,50,26,28,41,48,72,42,71,38,38,38,83,93,44,46,,103,80,138,95,212,326,33,53,43,27,59,36,32,46,24,38,34,109,104,74,77,68,19,55,49,29,40,49,29,20,69,58,56,83,52,72,76,61,23,36,36,20,28,23,39,46,59,39,51,66,56,38,52,45,52,45,46,,48,31,38,48,38,54,64,48,59,75,61,47,55,51,51,43,15,41,39,31,43,43,30,45,,76,60,56,84,53,51,56,48,42,48,48,55,86,61,18,75,55,37,34,26,53,49,52,46,33,23,47,59,50,60,,96,97,60,53,196,67,37,18,75,53,61,78,77,78,64,65,74,50,54,30,32,,38,,39,58,28,23,54,68,61,48,55,38,42,,27,54,80,38,32,42,39,40,65,36,49,47,59,45,44,57,37,26,32,39,35,,40,,34,32,,30,67,45,71,64,83,64,51,,49,62,48,30,,,87,48,57,74,61,39,43,42,48,57,82,44,65,55,97,83,59,65,59,55,56,66,75,55,,83,51,79,54,56,57,22,53,35,50,48,74,22,34,1272,1296,41,44,58,66,79,86,63,60,61,69,77,83,44,68,79,,52,44,93,76,330,80,74,22,21,50,46,27,51,56,88,64,35,56,34,22,58,44,54,,109,116,27,87,42,37,79,45,51,43,32,49,34,34,81,43,79,43,296,61,99,20,49,41,49,37,43,33,37,34,57,43,72,75,249,53,140,39,55,65,10,20,69,39
20210423,0,SO2,3,3,3,3,3,2,3,3,1,4,1,3,,,5,,5,6,6,,4,,4,5,,6,2,,7,9,4,7,1,8,8,,5,10,,5,13,6,10,3,,3,,8,3,5,9,31,16,10,8,16,6,,7,7,5,3,6,8,5,6,4,6,,6,3,7,3,12,14,,3,4,4,3,6,,5,12,10,6,7,5,,,6,,,6,8,8,7,9,12,15,,11,9,12,10,5,,11,4,4,3,9,4,9,7,6,3,3,15,5,6,9,7,5,6,7,11,6,20,21,22,,16,12,13,16,12,24,16,14,5,8,3,9,6,,5,9,8,7,11,3,9,4,5,2,4,3,1,8,,3,6,4,6,5,6,5,10,14,13,10,7,,,,8,6,,7,13,6,,,,4,,5,4,2,4,5,5,7,4,6,,,,8,7,,5,4,6,2,4,,6,5,2,9,7,5,3,3,,5,,6,5,,5,5,,5,5,3,,5,3,5,5,9,4,12,,,4,6,9,4,3,5,5,,4,,,2,,9,8,,4,3,4,4,4,5,,5,4,5,5,5,7,6,5,3,5,4,4,5,4,7,8,3,5,2,,6,6,4,4,2,2,6,4,4,2,,5,2,4,,5,6,6,5,,5,4,6,6,5,,,5,4,5,6,4,4,6,7,5,4,4,5,7,6,6,6,6,5,4,6,7,4,,4,6,8,4,4,6,5,8,5,7,5,6,10,12,,12,10,12,7,10,7,6,6,4,6,7,5,6,6,,6,5,5,9,12,15,9,6,6,6,6,10,,9,14,7,8,6,4,6,5,9,5,8,,,11,8,7,12,11,12,10,38,16,11,6,9,6,5,11,7,4,10,6,14,3,2,,3,4,10,,6,6,10,9,11,9,5,,,6,5,4,4,5,,14,12,9,9,,,17,4,7,7,9,9,5,6,4,8,6,,8,20,11,14,19,22,4,4,4,4,5,5,11,6,5,8,6,8,5,8,,6,8,5,8,,6,4,7,7,,,,10,4,,,,8,8,5,5,3,5,4,,4,6,3,5,3,5,7,5,7,5,4,2,4,5,5,8,,16,9,12,22,9,10,7,6,7,,6,7,6,10,11,8,6,10,10,8,48,7,10,9,4,5,3,5,,3,,5,4,4,5,2,,3,6,,,10,5,5,5,,5,10,7,,64,22,22,12,5,8,6,5,9,11,,,,8,,12,8,,6,10,6,9,5,5,3,3,2,4,,5,,,6,,7,5,6,5,8,7,10,10,,8,6,9,12,8,6,5,6,7,4,4,5,9,9,8,9,6,6,6,4,,5,4,5,,11,10,,5,8,9,6,6,,8,12,,,5,4,,7,,19,16,11,11,9,8,,14,9,,3,7,,5,,4,6,5,,8,8,5,15,6,,5,5,7,6,7,5,5,18,18,14,13,10,14,12,10,15,5,9,11,8,6,13,14,6,16,17,14,15,14,7,3,7,5,,4,8,9,9,9,6,2,5,7,11,6,5,4,4,,12,4,12,,5,13,9,7,10,,11,7,4,,3,,4,3,3,2,3,5,6,,,,6,,5,,6,3,6,,7,6,6,4,3,,5,,6,7,5,6,9,6,,25,8,13,6,5,7,,7,,,5,3,2,1,2,4,4,4,6,22,6,5,5,4,5,5,5,7,5,4,4,6,12,15,3,9,12,7,6,6,,26,10,22,8,6,14,22,18,,,,,4,5,,6,2,8,4,3,1,21,6,4,6,7,5,3,4,6,6,6,,5,23,8,,3,3,,13,5,4,5,4,4,5,4,4,8,12,9,6,,17,160,57,13,11,6,5,1,4,,5,3,4,4,1,18,6,5,5,,5,,7,5,5,4,3,7,6,9,5,,,6,10,8,9,6,4,3,3,4,4,6,,7,5,5,6,7,7,5,6,5,,3,4,14,10,10,10,8,8,7,5,5,5,7,,4,5,,2,4,6,7,,,5,4,5,4,5,6,5,6,6,,,6,6,3,5,4,,4,10,14,10,9,16,8,,7,7,4,,,4,4,,10,8,11,,8,,10,9,,,5,5,,,32,9,14,,,3,5,5,7,5,6,5,13,10,14,33,10,13,8,9,10,4,5,4,5,9,11,8,7,,7,9,20,,17,17,13,9,4,5,11,8,6,7,10,9,,,,20,22,13,9,27,14,10,10,9,7,7,32,17,16,16,15,,,9,3,,5,7,8,,8,9,6,,2,6,9,,6,5,3,6,3,1,1,6,10,13,5,12,12,9,4,7,,4,3,3,6,5,6,,4,,7,,,,5,4,6,6,5,4,,9,,16,7,6,6,5,6,3,4,2,6,4,4,,4,3,5,4,6,6,2,4,,3,3,8,8,32,6,10,13,8,9,6,19,29,30,,,4,9,8,5,7,2,5,5,6,11,6,10,12,5,10,,12,13,10,5,6,7,5,4,48,33,24,,7,8,5,,11,7,6,4,,3,4,7,,5,10,12,7,15,8,8,8,8,8,3,4,2,,6,6,6,12,9,,8,19,7,3,4,6,6,7,4,8,4,4,,5,6,5,,4,3,,5,7,7,6,,6,7,4,7,7,6,26,7,9,21,9,8,9,6,10,10,1,2,2,1,1,6,5,6,5,6,8,17,6,10,8,3,6,6,5,1,3,3,4,3,2,6,10,7,20,11,8,8,6,8,8,7,7,9,8,4,8,6,3,17,6,28,21,7,7,7,6,7,35,8,10,6,6,3,,6,3,11,8,9,4,8,5,8,4,7,5,7,12,10,,,8,12,8,,6,17,16,12,5,7,,6,,8,,,,,5,6,10,8,8,12,14,12,,8,6,17,14,15,9,2,2,5,4,5,,,,,3,5,8,9,6,11,5,,4,6,5,10,7,5,5,7,7,6,10,10,10,14,,9,11,5,4,11,11,6,7,5,,16,9,,9,8,,8,4,5,,6,,8,,11,8,5,7,5,8,,14,12,7,5,7,14,11,,7,11,8,9,3,11,,7,6,8,8,4,4,,5,5,4,14,16,,6,6,2,,9,6,16,21,10,20,7,,5,8,,9,3,3,5,4,5,3,3,5,,5,2,10,4,5,5,3,5,4,,,7,4,5,5,,2,4,5,3,5,3,9,12,5,3,4,6,8,,13,17,10,5,6,9,2,,6,,7,5,20,8,22,15,63,6,7,8,10,8,4,4,,,4,5,6,4,,3,10,9,8,,4,5,,,8,11,3,7,10,6,7,8,8,8,4,5,10,9,6,,6,4,,6,9,3,8,2,14,3,5,6,5,7,5,1,3,10,14,7,11,4,2,3,8,2,8,6,5,5,4,5,12,6,7,9,5,8,9,7,8,5,4,6,11,16,12,9,7,9,6,,4,4,3,9,12,3,4,,,7,6,11,9,5,8,15,3,6,10,7,27,7,9,3,5,3,3,,11,6,9,15,11,,62,2,5,3,1,5,3,2,5,6,2,21,18,14,8,7,,12,,2,2,4,6,7,6,7,6,7,13,12,8,6,5,5,7,8,6,10,,8,8,8,8,7,2,6,3,10,8,6,1,7,4,2,4,7,6,5,6,,5,2,7,10,10,12,12,34,6,9,9,10,11,7,9,9,8,21,7,12,9,5,4,4,10,3,4,8,4,5,1,2,6,10,4,5,23,4,5,6,6,8,5,6,8,6,6,3,5,19,10,5,5,8,5,16,2,,6,3,3,12,21,3,7,2,6,4,3,6,5,5,8,2,10,4,4,2,3,8,6,5,,7,7,6,10,5,5,6,6,6,6,4,7,4,8,10,22,2,2,5,8,7,5,6,3,3,4,4,5,5,4,,2,6,8,9,5,11,10,7,13,6,13,9,7,8,14,8,7,6,5,2,8,,9,,7,,5,6,5,7,6,9,12,6,12,,8,13,5,8,7,7,5,6,6,6,37,4,8,15,,11,6,2,5,6,12,,5,,6,1,,6,11,7,14,2,5,6,4,,6,34,6,9,,,6,11,2,10,3,4,6,2,7,13,2,8,4,4,5,8,3,6,5,7,6,5,,3,,20,4,2,7,24,8,4,4,8,8,8,2,6,6,4,6,3,5,7,11,4,18,5,10,8,7,10,7,7,11,11,,18,,2,2,13,7,6,4,6,11,2,8,8,7,9,8,4,6,5,9,5,8,7,,3,5,11,2,5,4,2,3,3,4,3,3,3,11,5,6,5,8,15,64,4,5,4,7,2,3,3,2,6,5,8,3,4,3,5,7,6,7,13,6,7,7,6,7
20210423,0,SO2_24h,2,2,2,2,3,4,2,3,2,3,2,2,,,6,,6,7,6,,5,,4,4,,6,3,,5,8,3,6,2,8,7,,6,11,,7,13,6,10,5,,3,,6,3,5,7,10,5,8,8,10,6,,8,8,6,6,8,11,7,7,6,7,,6,7,9,4,11,8,,5,5,4,5,7,,6,7,5,6,5,6,,7,6,,,6,8,8,7,15,26,26,,22,15,20,18,14,,21,6,5,4,10,5,8,8,8,4,6,10,6,7,10,8,7,8,8,12,8,19,24,19,,21,16,18,22,15,25,17,17,5,5,4,9,6,,3,8,8,7,11,5,8,4,6,2,3,5,2,7,,3,6,4,6,7,6,2,5,10,11,9,7,,,,7,6,,6,10,4,,,,6,,6,3,4,6,6,5,6,4,7,,,,10,7,,5,6,7,3,4,,7,4,12,6,4,10,2,2,,5,,4,4,,5,5,,5,6,3,,5,3,5,6,9,4,6,,,5,8,8,5,4,6,7,,4,,,4,,9,8,,4,4,4,4,4,6,,6,4,6,6,6,6,5,6,4,5,5,3,6,5,8,9,3,5,3,,6,6,4,4,3,4,12,4,7,2,,6,3,4,,5,8,8,7,,8,7,7,8,5,,,5,4,5,6,4,4,7,7,6,5,5,6,8,6,7,6,6,5,5,6,7,6,,4,6,8,3,3,5,4,6,4,7,5,6,10,11,,8,9,9,8,10,7,7,7,4,6,8,6,7,5,,6,5,5,8,6,7,7,6,8,6,7,8,,7,13,11,6,5,5,5,6,9,6,8,,,10,9,8,10,12,11,10,10,15,15,12,14,5,4,8,5,3,7,5,9,4,2,3,3,4,10,,6,7,9,10,8,11,5,,,7,5,4,3,7,,9,9,7,6,,,14,8,6,7,9,10,6,7,5,7,7,,10,13,12,9,22,18,3,4,5,4,5,5,12,7,6,10,8,8,6,8,,9,6,6,7,,6,4,7,7,,,,10,16,,,,14,15,5,4,3,6,4,,4,6,2,5,3,5,4,5,5,5,4,2,4,4,5,9,,17,10,12,15,9,9,7,6,7,,12,9,7,13,13,10,10,11,11,8,31,6,9,8,5,5,4,5,,3,,5,4,3,5,4,,6,7,,,11,6,6,7,,3,7,7,,11,10,14,7,5,9,8,6,10,13,,,,6,,7,8,,6,8,7,10,5,4,3,4,4,5,,6,,,10,,11,9,6,9,11,10,16,11,,4,5,5,6,4,6,6,5,8,6,6,8,8,9,8,9,7,7,8,5,,5,7,8,,17,16,,8,11,12,7,9,,18,11,,,5,3,,7,,16,11,13,13,9,9,,10,10,,3,6,,4,,8,8,10,,11,10,9,16,8,,10,9,12,11,11,9,7,25,17,15,16,13,23,12,13,36,6,8,12,14,10,11,16,10,12,13,9,12,10,5,4,7,5,,4,10,15,10,25,6,3,5,7,10,6,6,4,4,,10,4,14,,8,7,6,6,7,,6,4,4,,3,,4,3,3,1,4,7,8,,,,7,,6,,5,4,6,,8,6,8,4,2,,4,,6,7,5,7,5,5,,8,8,11,6,5,8,,7,,,5,3,2,1,2,4,5,4,7,9,6,5,4,4,5,4,5,7,5,4,5,6,12,17,12,14,13,9,12,8,,23,32,16,8,11,14,13,14,,,,,6,6,,7,6,6,8,3,2,10,11,7,6,7,7,7,9,6,6,7,,5,11,6,,3,2,,5,5,4,5,4,4,5,4,4,7,10,7,5,,39,100,11,25,21,15,8,1,4,,5,3,3,5,2,14,7,5,5,,5,,8,5,5,4,4,8,6,9,6,,,6,10,8,9,7,5,4,4,6,6,7,,8,5,5,7,7,8,5,5,7,,5,5,9,8,8,9,7,8,7,7,6,5,7,,6,5,,3,5,13,21,,,4,4,5,4,5,6,4,6,5,,,6,6,4,5,4,,4,5,7,9,7,8,6,,6,6,8,,,4,5,,10,8,12,,12,,14,17,,,9,4,,,12,9,18,,,4,5,6,8,7,8,6,18,18,10,24,14,13,15,14,15,6,9,8,10,8,9,7,10,,7,9,13,,20,19,14,12,5,5,11,9,7,8,9,14,,,21,21,21,15,14,22,13,11,8,23,20,8,30,18,23,23,26,,,24,5,6,6,15,14,,9,9,8,,10,7,11,,6,5,4,6,3,1,2,6,8,14,6,12,11,9,5,7,,5,3,3,6,6,6,,4,,7,,,,4,4,6,6,4,4,,8,,9,7,6,5,4,6,4,3,6,8,7,6,3,5,4,6,8,10,10,5,4,,4,4,7,8,19,8,16,14,12,13,7,8,9,11,8,,3,12,10,7,8,4,8,6,3,17,7,9,10,5,15,,9,12,10,11,9,9,8,7,26,26,35,,12,14,9,,12,9,10,5,,3,4,8,,6,6,7,5,8,8,7,8,7,8,2,3,3,,5,5,5,10,10,,8,11,7,3,4,8,6,6,7,8,5,6,,3,4,3,,5,4,,10,6,7,6,,7,5,6,6,7,7,13,6,6,9,16,12,12,8,12,11,2,2,2,6,1,6,7,7,7,7,9,9,6,6,9,3,6,6,5,2,3,3,4,2,3,6,11,8,11,8,8,8,10,9,11,7,7,8,5,5,8,5,4,16,14,21,17,8,9,10,6,8,23,8,13,8,12,9,,14,8,12,12,10,8,11,9,11,6,10,6,9,10,12,,,8,13,10,,7,17,15,13,6,7,,6,6,9,,,,,6,5,7,7,6,12,13,11,,8,10,14,11,10,11,3,3,5,4,5,,,,,4,7,11,12,6,10,3,,5,7,6,8,9,5,6,8,6,6,11,10,13,14,,11,9,10,4,8,10,5,8,6,,29,8,,13,8,,10,6,4,,4,,8,,10,8,6,7,7,8,4,10,8,5,5,9,10,10,,33,19,8,9,9,8,,4,6,3,6,6,5,,5,5,4,14,16,,6,6,13,,13,6,17,22,12,18,11,,9,12,,14,5,3,5,4,6,11,12,5,,6,4,10,5,6,5,3,5,5,,,6,4,4,4,,1,4,5,3,10,5,9,9,5,4,6,5,7,,12,22,11,6,6,10,4,,5,,8,6,15,8,17,13,19,9,7,18,18,10,7,4,,,5,6,6,5,,9,15,14,8,,3,6,,,7,11,5,6,8,6,5,8,6,7,3,6,13,9,6,,7,4,,7,18,5,12,3,15,5,4,6,4,9,4,4,4,12,25,10,14,4,3,3,8,4,7,8,8,6,6,5,14,7,8,10,5,7,10,6,9,5,4,6,12,15,13,4,7,9,5,,4,5,4,8,12,3,4,,,7,5,9,6,4,8,5,5,8,7,8,8,7,9,5,5,7,4,,14,7,9,18,20,,21,2,5,4,2,5,4,3,5,6,2,14,11,19,11,9,,7,,3,2,3,6,5,8,8,7,7,12,9,7,6,4,5,8,8,9,8,,8,8,7,10,6,5,6,3,12,9,6,2,8,4,3,5,7,6,6,7,,5,2,9,8,40,25,11,10,11,7,9,12,10,8,7,8,8,6,6,10,11,8,4,4,7,5,8,8,4,5,3,4,6,9,8,11,32,6,17,6,5,8,5,6,6,6,7,5,4,19,7,4,4,7,5,17,3,,6,2,2,12,22,3,7,3,7,5,3,7,7,5,6,3,8,5,3,2,4,8,4,5,,7,9,6,8,4,6,8,12,7,6,5,6,5,8,12,11,4,5,6,8,6,6,6,4,3,4,4,6,6,9,,5,7,6,6,51,11,10,6,14,9,12,8,8,7,14,8,8,13,6,2,10,,6,,7,9,6,4,7,8,6,11,13,7,15,,7,27,6,8,7,7,4,6,10,6,11,3,9,10,17,12,6,2,5,12,10,,5,,6,2,,7,9,5,14,3,6,6,4,,7,24,15,5,,,7,8,2,8,2,3,8,10,8,8,9,8,4,5,7,9,5,10,6,9,6,7,6,2,,14,5,2,6,19,10,5,4,9,8,7,6,7,6,6,8,3,10,5,13,3,21,5,8,10,8,11,8,12,18,22,,13,4,2,2,21,9,8,4,6,8,6,9,6,11,13,7,3,6,4,7,4,7,7,,4,10,8,3,5,3,3,5,2,3,2,2,2,11,6,6,7,10,39,26,7,6,7,7,3,2,2,3,7,5,8,5,6,8,12,10,11,6,11,7,8,6,10,9
20210423,0,NO2,22,16,30,19,25,21,37,36,17,30,40,51,,,16,,16,15,16,,16,,26,29,,28,14,,27,22,45,20,20,26,14,,20,28,,28,16,11,10,22,,12,,48,38,32,46,77,56,56,32,62,32,,31,32,29,31,13,16,12,10,22,31,,30,27,22,30,38,31,,31,33,33,42,106,,10,37,36,84,67,68,,,15,,,30,17,24,13,17,20,22,,17,32,24,17,27,,24,16,21,9,14,13,15,11,8,11,13,83,73,82,43,64,18,49,61,42,51,43,35,36,,54,32,62,57,43,34,28,57,56,83,67,80,50,,57,26,32,35,32,19,6,24,14,21,11,21,12,41,,78,73,75,40,82,87,72,103,89,68,75,33,,,,21,16,,20,39,27,,,,39,,19,76,53,13,63,61,42,81,68,,,,62,56,,10,40,57,41,37,,47,19,27,28,21,29,32,41,,30,,15,18,,81,29,,93,18,88,,88,95,81,15,70,57,75,,,12,59,49,44,34,58,30,,46,,,49,,69,76,,14,7,13,18,6,16,,56,46,36,44,46,17,21,50,17,19,19,13,16,24,25,26,28,18,19,,34,32,30,31,19,6,17,33,33,15,,22,26,10,,20,21,18,14,,20,14,17,16,8,,,25,19,8,14,6,12,40,40,40,51,44,30,43,59,22,18,30,21,22,45,34,21,,16,19,41,18,32,19,20,24,23,28,31,8,62,59,,106,98,64,100,62,92,80,48,24,34,31,25,22,99,,27,34,87,50,37,40,19,6,48,40,42,39,,11,96,51,18,15,22,16,18,30,18,28,,,53,36,41,44,54,62,54,81,73,68,15,33,16,18,18,14,14,28,32,39,10,11,,8,8,11,,74,26,73,47,53,70,34,,,30,86,49,69,76,,41,38,30,36,,,42,6,9,40,8,10,9,15,18,28,7,,20,17,104,45,58,72,4,2,4,3,18,2,62,83,50,64,61,59,69,44,,42,66,62,63,,59,19,40,46,,,,16,10,,,,23,23,24,27,9,17,15,,14,21,36,26,20,27,25,22,25,26,28,5,15,33,7,65,,71,66,38,64,24,25,22,20,30,,44,24,26,20,8,10,23,20,18,26,26,34,26,45,29,25,24,25,,9,,28,30,33,31,22,,14,24,,,14,16,22,20,,20,20,17,,24,15,15,30,11,9,11,8,10,7,,,,16,,17,12,,58,51,27,45,21,17,19,8,11,17,,16,,,42,,55,19,50,16,16,11,16,26,,14,14,16,9,31,6,9,20,16,27,34,41,54,10,8,9,58,42,32,4,,6,50,38,,14,14,,13,14,12,14,13,,30,20,,,76,57,,41,,27,23,26,25,21,13,,24,18,,28,77,,55,,27,21,38,,26,22,6,7,9,,12,8,51,8,17,5,5,20,30,24,22,18,26,13,10,13,12,13,15,36,19,27,32,25,27,23,38,15,23,14,8,13,8,,7,19,16,19,25,15,12,14,14,10,13,18,16,30,,21,28,28,,16,29,43,43,18,,28,42,2,,45,,40,58,18,35,36,28,64,,,,66,,43,,14,27,9,,62,56,12,14,17,,17,,28,37,17,24,38,52,,50,54,57,24,77,13,,26,,,8,13,12,12,7,11,18,9,17,9,8,5,6,11,30,26,40,40,42,5,10,23,48,45,50,22,82,68,67,56,,36,,25,14,18,59,41,39,,,,,28,53,,39,17,21,32,26,7,16,8,5,10,6,9,20,13,40,33,35,,28,41,60,,60,59,,72,8,25,40,29,32,37,29,40,69,76,76,78,,14,18,24,26,26,11,23,5,8,,19,6,4,9,5,7,14,15,15,,9,,7,14,14,23,22,3,3,18,9,,,4,9,9,9,19,16,11,6,6,7,66,,70,75,53,50,34,54,71,83,80,,29,46,95,80,88,59,65,41,41,44,43,26,19,,37,39,,36,42,20,48,,,26,32,18,34,68,21,13,16,18,,,24,13,16,15,18,,10,80,75,48,62,83,24,,24,25,11,,,16,12,,22,27,70,,47,,9,12,,,15,16,,,8,10,6,,,11,11,23,18,5,5,7,26,13,8,12,30,11,14,33,17,34,15,17,13,15,15,18,26,,13,18,28,,34,41,41,20,14,18,6,23,6,4,5,31,,,,48,53,95,43,42,35,25,25,21,20,9,107,78,76,49,32,,,25,8,,8,10,16,,9,17,27,,23,38,25,,14,10,14,14,24,4,12,10,36,19,29,30,48,17,9,9,,5,27,14,19,13,15,,18,,15,,,,6,14,20,19,26,21,,12,,30,26,31,24,24,48,13,23,47,41,41,13,2,18,17,14,30,42,42,36,10,,15,10,24,14,25,36,7,13,18,21,12,22,22,26,,,16,9,14,13,17,7,22,16,16,10,10,9,9,9,18,,20,26,17,5,6,9,9,5,18,23,44,,34,83,69,,33,30,26,44,,32,58,29,,41,18,22,13,14,14,16,16,17,13,48,39,36,,18,22,17,46,15,,33,44,7,9,10,14,21,23,19,18,24,19,,62,29,33,,14,16,,7,3,19,17,,6,14,18,13,43,19,16,17,10,17,17,11,9,10,7,12,3,13,16,11,23,14,16,10,9,10,12,14,14,10,25,3,1,13,8,4,4,10,10,14,12,2,6,2,53,61,52,58,37,11,26,46,31,36,28,31,26,51,12,14,23,13,18,38,37,16,13,30,33,21,13,18,23,52,,50,26,13,10,7,13,15,10,13,17,20,26,19,46,57,,,9,17,10,,33,50,43,48,59,58,,47,,25,,,,,15,24,30,38,32,30,6,48,,60,5,6,9,12,12,6,12,5,5,6,,,,,3,7,37,60,9,15,27,,2,7,6,31,33,5,7,6,25,48,11,13,10,20,,6,10,9,9,31,61,26,8,33,,7,14,,9,8,,5,19,5,,10,,4,,4,5,14,6,7,46,,48,52,38,5,6,13,24,,20,18,8,20,13,14,,19,15,30,35,6,6,,14,10,27,28,17,,32,48,17,,11,7,11,26,14,16,15,,15,8,,16,12,11,12,13,15,10,9,4,,8,3,12,16,24,4,5,4,1,,,12,9,11,6,,7,14,18,6,10,10,23,50,34,18,16,30,28,,76,29,20,45,68,79,34,,34,,16,16,34,16,52,43,19,10,15,11,14,19,36,6,,,25,19,56,13,,19,17,20,8,,19,49,,,62,64,73,28,22,15,30,26,38,59,18,85,24,33,62,,19,27,,76,12,9,15,4,12,9,14,8,16,14,21,7,14,24,26,16,8,9,16,6,55,21,11,5,8,4,4,11,19,41,7,90,34,30,72,20,24,27,45,59,55,37,19,36,23,49,21,,22,6,15,43,6,38,27,,,38,27,30,26,23,3,34,33,24,10,37,25,12,34,10,46,20,16,,22,33,37,12,28,,23,50,34,71,23,39,47,49,59,39,50,31,46,11,8,10,,27,,18,15,36,24,52,55,79,85,94,74,83,74,19,84,43,17,28,36,82,,12,19,58,13,31,27,31,24,23,19,13,14,12,22,16,12,30,18,32,35,,49,30,18,14,35,24,39,29,10,25,28,6,23,64,13,68,40,39,33,34,24,23,7,24,14,12,17,18,34,26,22,21,42,46,15,17,62,6,21,57,31,7,11,4,15,61,,25,63,19,85,35,65,53,56,24,20,,14,23,19,48,11,26,34,27,68,17,20,28,58,52,76,49,32,43,41,9,21,20,23,8,,52,12,17,95,63,8,43,6,10,31,9,16,60,65,14,36,27,29,19,20,26,23,27,24,17,17,32,72,34,61,,20,18,21,19,17,9,29,13,37,48,24,28,32,41,58,41,26,14,19,30,17,,25,,38,,5,24,13,25,28,17,16,25,27,,12,10,25,21,6,11,26,38,20,24,20,18,25,33,,16,4,20,3,12,10,,40,,38,10,,17,26,13,21,30,30,39,45,,26,30,14,2,,,76,50,32,44,61,11,28,44,23,34,32,32,47,84,87,54,32,24,36,50,67,32,,31,,19,15,18,74,53,21,30,66,36,44,62,24,5,6,7,14,44,40,38,36,11,10,55,39,22,37,40,45,39,25,25,,20,,38,44,29,21,55,16,15,18,25,17,49,11,18,96,61,25,14,32,88,80,47,,7,7,57,2,11,89,36,10,45,40,17,13,23,30,20,19,19,71,43,29,50,22,17,18,43,14,60,23,45,29,11,23,79,9,25,8,27,60,31,34,5,2,33,18
20210423,0,NO2_24h,27,21,28,28,37,26,35,27,20,27,33,37,,,28,,28,28,27,,30,,44,26,,27,23,,28,20,28,19,18,27,14,,32,41,,39,41,28,31,39,,35,,29,19,27,24,29,25,24,21,29,21,,22,22,26,31,23,29,15,18,29,31,,31,28,20,26,21,23,,20,25,30,26,38,,18,30,30,34,31,28,,20,19,,,22,18,22,16,24,40,39,,29,35,34,42,44,,38,39,50,22,25,24,35,25,13,30,17,47,34,43,33,37,17,21,35,29,37,27,32,27,,32,37,49,35,37,29,25,40,29,40,32,36,32,,32,18,26,26,41,41,23,44,37,33,33,37,33,30,,45,44,42,37,46,43,35,51,36,35,42,14,,,,27,21,,18,30,25,,,,44,,19,47,42,16,46,40,27,58,44,,,,41,43,,13,32,30,36,32,,38,17,27,23,18,27,20,25,,18,,19,19,,40,32,,54,23,40,,49,54,42,29,36,29,38,,,14,30,25,42,34,48,31,,24,,,54,,38,37,,24,25,36,22,14,22,,28,34,27,36,31,13,18,19,28,34,30,19,27,27,35,34,41,23,12,,23,20,18,19,12,21,27,29,48,17,,23,24,6,,17,39,34,37,,38,34,40,29,10,,,20,19,12,14,14,17,25,21,19,25,24,23,23,32,18,23,24,26,35,31,28,26,,18,13,24,17,21,11,11,20,17,13,20,10,43,38,,51,57,38,51,44,70,48,33,15,27,32,28,27,35,,10,17,24,28,17,23,14,15,32,28,29,30,,13,51,37,17,20,17,13,17,22,23,19,,,42,36,48,27,25,31,20,22,40,32,23,24,12,13,14,9,10,22,24,25,10,12,12,7,8,14,,38,32,44,48,36,44,35,,,32,55,55,37,45,,46,54,56,45,,,74,18,13,28,11,12,16,23,24,26,13,,26,10,44,46,46,49,9,6,11,9,19,6,35,47,40,46,45,46,38,45,,30,31,47,36,,47,13,39,42,,,,19,15,,,,33,29,22,26,9,18,15,,11,13,26,19,16,18,20,21,18,22,21,5,18,27,7,27,,25,28,19,27,19,16,19,16,14,,43,44,38,25,21,20,30,32,34,24,32,34,32,36,18,12,14,11,,16,,26,26,30,25,23,,18,20,,,20,21,26,31,,27,36,28,,22,16,13,20,10,22,15,14,18,17,,,,29,,29,13,,24,23,26,29,20,15,14,20,24,33,,15,,,32,,35,18,31,22,20,16,22,18,,9,7,9,6,10,5,10,12,12,8,23,27,37,8,8,9,23,22,16,10,,11,45,43,,19,19,,14,19,19,19,16,,30,22,,,25,20,,24,,21,20,23,26,27,23,,26,25,,28,32,,26,,28,28,24,,25,24,18,16,17,,23,20,32,29,25,21,9,28,33,27,28,20,41,17,32,41,24,27,23,33,43,33,36,31,25,38,29,29,35,11,12,15,12,,6,50,56,37,53,31,15,18,14,16,13,36,38,39,,35,36,38,,22,26,30,36,23,,35,29,6,,23,,21,21,18,22,23,21,28,,,,20,,18,,17,26,11,,25,27,16,14,17,,16,,34,29,24,26,20,21,,22,23,21,14,19,14,,18,,,9,15,18,12,6,12,31,16,25,7,10,7,6,9,18,17,18,26,19,5,9,20,40,42,39,35,47,47,46,38,,29,32,54,20,18,34,31,31,,,,,27,47,,43,20,24,24,21,24,21,15,13,17,10,20,19,25,32,31,30,,21,29,34,,19,17,,23,14,23,25,28,26,20,24,26,26,32,28,30,,14,16,23,25,23,17,26,5,7,,15,7,8,13,7,17,24,33,33,,15,,10,16,16,24,19,7,6,18,12,,,9,14,15,15,20,21,20,20,15,14,38,,39,33,25,35,22,34,39,39,31,,30,36,48,44,49,32,32,32,32,32,29,15,17,,51,46,,32,34,14,31,,,22,19,14,16,24,12,8,12,8,,,31,17,18,18,20,,16,23,24,21,22,26,22,,24,26,10,,,16,15,,20,25,40,,36,,19,26,,,21,12,,,11,15,14,,,12,13,9,11,10,8,7,26,23,13,27,19,17,27,30,28,23,27,29,27,16,12,17,17,,21,27,33,,28,37,29,25,17,15,8,24,13,17,12,36,,,87,57,53,74,51,37,34,32,21,39,36,15,95,76,124,106,100,,,57,19,14,15,29,31,,18,20,39,,41,38,35,,26,19,21,23,29,10,12,16,42,32,37,51,38,29,15,17,,6,18,16,20,32,36,,19,,19,,,,11,21,18,18,15,16,,27,,27,18,31,14,10,18,11,9,25,27,32,11,2,10,10,9,31,35,39,22,13,,15,7,18,18,22,19,7,16,18,22,13,11,16,19,25,,12,12,17,17,17,8,20,21,21,19,12,11,11,11,18,,19,18,16,10,13,15,14,11,22,21,26,,18,33,32,,25,23,28,21,,20,20,17,,20,13,16,13,10,14,14,14,14,12,24,22,23,,13,15,14,27,22,,28,25,7,15,15,15,19,24,23,19,23,22,,26,26,21,,10,15,,13,10,16,16,,11,15,14,11,15,11,11,15,6,12,11,12,13,15,14,18,4,14,12,11,17,17,19,15,14,15,12,13,15,11,20,6,8,7,8,8,5,10,11,11,12,6,11,14,28,33,31,28,24,13,18,13,12,19,24,23,26,27,11,13,12,10,13,23,22,13,14,25,13,10,12,16,22,35,,32,25,28,21,29,29,27,22,36,20,28,30,28,17,41,,,10,20,15,,27,32,26,25,37,34,,36,9,25,,,,,15,26,28,36,31,12,11,21,,28,7,14,10,12,30,7,13,8,10,10,,,,,10,14,18,19,16,19,21,,5,11,11,14,16,5,9,10,24,36,15,16,31,24,,7,9,10,9,43,35,13,12,34,,9,21,,11,5,,9,25,7,,10,,5,,8,7,10,13,14,25,13,23,22,18,4,9,10,18,,23,21,5,23,15,23,,16,17,26,31,24,23,,13,12,16,20,10,,31,36,26,,14,9,22,17,15,13,26,,23,26,,33,20,14,14,13,14,23,22,4,,12,6,10,23,31,3,5,3,2,,,10,8,9,6,,7,12,16,5,34,24,24,46,25,27,24,20,24,,47,37,38,36,27,42,46,,15,,31,18,60,10,36,31,24,14,24,36,30,23,43,7,,,27,27,35,22,,40,32,30,13,,16,45,,,40,41,50,16,23,21,45,34,20,44,20,55,42,36,30,,31,23,,48,22,30,23,4,20,12,14,8,14,15,17,8,26,13,45,26,15,14,12,14,21,22,20,7,9,6,7,11,21,22,28,59,22,33,40,18,15,16,20,22,45,32,17,30,43,36,18,,20,10,32,36,6,21,22,,,39,17,24,27,20,3,15,40,22,20,22,17,33,21,13,17,24,28,,30,42,18,23,31,,24,30,27,36,19,18,25,29,32,19,23,26,26,22,16,19,,20,,14,16,22,38,35,38,51,49,49,44,49,38,19,34,33,16,26,21,27,,13,33,42,21,17,26,27,29,23,34,19,14,33,14,23,20,24,18,21,20,,21,21,25,16,40,67,20,32,24,16,27,14,18,35,8,33,23,58,47,43,31,30,9,40,11,15,26,26,29,23,20,24,21,40,12,28,58,31,20,21,23,10,7,5,12,22,22,12,28,18,39,24,41,26,30,27,16,,27,20,18,27,17,39,30,29,36,18,36,23,36,40,36,35,14,39,20,10,19,16,20,6,,40,14,19,43,17,10,26,6,12,17,10,11,43,29,27,25,23,30,28,25,21,28,38,29,12,13,26,26,21,25,,22,16,10,11,37,8,24,12,33,24,27,31,34,28,40,34,28,21,36,25,17,,16,,32,29,12,16,20,24,19,17,20,22,23,,18,20,35,25,11,23,14,20,26,19,16,12,21,14,13,11,8,13,7,9,9,,18,,13,9,,18,24,11,40,32,38,30,30,,40,20,16,6,,,31,22,25,20,32,33,42,46,43,26,31,28,23,37,50,37,17,18,21,28,23,18,13,23,,21,16,20,23,36,29,23,27,25,33,30,30,4,8,5,13,20,32,34,28,14,24,22,34,16,30,35,40,28,34,53,,31,26,25,20,64,33,43,19,16,30,36,21,20,20,35,36,24,26,16,17,54,37,30,,9,17,32,2,12,32,24,11,30,29,30,23,27,24,21,13,34,26,73,22,30,18,32,33,23,21,31,19,25,19,13,19,29,18,53,18,39,31,31,37,5,5,32,14
20210423,0,O3,58,28,53,24,63,62,51,38,49,42,48,25,,,76,,83,83,79,,76,,53,54,,61,66,,65,64,43,60,63,73,118,,71,74,,72,84,106,106,97,,111,,57,64,74,50,5,34,27,54,28,84,,82,85,76,67,74,101,95,36,79,56,,66,59,55,53,46,58,,76,63,65,68,4,,82,58,65,16,28,8,,,93,,,69,87,66,92,68,81,75,,58,38,72,64,74,,72,117,122,136,120,129,120,124,128,128,135,5,14,10,39,25,56,21,18,32,30,56,52,48,,41,76,57,55,67,65,88,43,13,4,7,4,29,,21,43,43,32,48,62,65,53,57,52,68,45,40,2,,5,11,2,33,5,2,,,1,1,4,11,,,,55,60,,56,41,46,,,,27,,44,,2,36,10,9,11,5,3,,,,4,4,,2,22,4,8,10,,2,39,37,31,37,36,2,23,,24,,49,34,,2,5,,3,1,1,,2,5,2,5,5,8,4,,,49,9,18,14,25,8,24,,1,,,20,,14,4,,48,60,56,42,73,54,,4,1,18,33,12,64,63,37,51,39,43,53,38,34,38,27,39,49,50,,32,40,39,44,24,74,62,24,30,53,,46,37,16,,34,71,77,78,,79,83,81,72,115,,,69,76,94,95,84,78,62,57,54,45,40,66,52,42,12,88,63,80,80,50,57,79,,81,64,50,77,48,64,60,68,65,58,58,,39,32,,4,7,32,6,41,20,20,61,63,69,58,64,76,16,,31,32,4,56,33,52,52,79,39,41,41,38,,71,,14,65,65,41,60,60,46,64,49,,,50,64,54,44,69,115,62,5,2,23,48,53,50,49,53,52,52,42,35,28,61,41,,55,52,89,,5,58,11,36,32,10,33,,,65,6,36,9,5,,40,53,74,61,,,55,119,94,63,93,97,93,80,88,80,102,,114,119,9,86,62,49,109,115,108,107,98,118,8,3,3,11,4,16,14,30,,33,4,6,3,,13,60,31,24,,,,91,107,,,,83,64,64,60,73,65,63,,62,55,54,56,53,48,48,56,47,44,48,109,56,58,68,32,,25,31,60,41,109,102,101,99,86,,32,84,86,84,96,102,85,90,85,54,77,65,67,49,57,49,51,47,,82,,34,39,24,26,78,,79,62,,,78,70,62,64,,52,63,68,,63,75,77,33,57,110,95,112,102,104,,,,64,,62,67,,21,27,34,26,56,52,46,114,109,106,,67,,,56,,28,29,38,104,105,105,111,66,,54,54,59,66,34,66,63,59,60,36,21,12,11,95,84,94,43,77,56,92,,79,34,50,,104,105,,112,106,108,100,36,,30,89,,,3,18,,58,,62,63,61,63,65,61,,60,67,,80,31,,42,,96,38,56,,101,97,102,101,101,,87,85,53,99,78,97,52,77,70,87,66,92,76,116,107,113,114,88,87,58,75,57,67,71,76,76,49,80,77,81,114,102,107,,103,116,117,117,96,117,88,100,100,103,100,30,28,23,,42,24,43,,40,36,33,24,55,,38,25,96,,53,,47,32,74,53,46,87,38,,,,17,,36,,92,72,78,,29,26,100,106,110,,106,,3,3,8,17,57,42,,15,6,5,37,5,68,,57,,,54,36,38,24,98,62,45,61,41,43,60,59,55,79,51,44,33,42,9,50,43,41,10,16,4,80,16,35,38,25,,101,129,109,118,22,40,27,65,,,,,48,20,,26,75,66,58,55,83,66,46,55,45,51,47,112,119,31,53,47,,63,27,24,,3,2,,6,68,14,30,37,37,25,42,22,15,4,4,3,,126,124,70,79,90,103,98,82,90,,72,77,92,83,94,64,60,91,91,,86,,93,92,92,78,74,106,98,73,83,,,92,99,76,74,101,95,110,116,124,120,11,,10,5,11,20,15,15,5,,2,,29,5,5,6,5,5,2,8,4,6,13,41,50,,15,4,,,19,4,5,,,61,74,64,57,21,71,66,80,72,,,54,116,113,108,103,,112,6,14,35,27,5,77,,74,79,120,,,113,124,,81,68,22,,46,,125,128,,,114,60,,,105,126,92,,,94,90,53,59,132,124,130,76,75,105,110,48,63,80,50,55,88,91,89,92,85,77,75,47,,94,90,72,,34,23,44,64,72,84,100,87,105,106,107,84,,,,114,97,16,64,90,92,107,98,120,128,69,36,58,66,83,97,,,67,88,,84,93,93,,84,46,53,,49,44,36,,56,47,59,56,52,74,74,67,31,40,30,24,16,30,52,57,,52,11,20,71,56,58,,74,,80,,,,83,82,68,68,57,59,,44,,34,24,33,59,47,21,66,37,10,21,15,40,89,53,48,50,2,3,2,12,8,,71,13,31,40,31,22,13,52,48,53,52,40,39,47,,,57,66,75,76,64,69,49,54,52,69,99,91,102,88,55,,61,56,59,69,82,78,76,84,52,35,22,,35,2,9,,67,63,80,51,,76,22,40,,16,58,70,68,75,94,93,85,86,90,26,32,39,,75,66,78,16,39,,26,18,85,80,84,80,63,69,72,60,54,60,,18,77,62,,72,81,,66,77,33,26,,85,87,75,40,23,56,66,63,63,66,61,50,68,65,58,63,88,77,69,68,60,66,68,74,73,66,73,53,68,61,42,49,57,,40,56,71,53,71,,73,12,60,75,1,2,5,,31,49,43,18,31,43,44,34,45,17,62,58,45,100,98,6,13,48,38,48,41,52,59,61,42,3,,9,78,92,105,105,100,103,106,104,93,100,80,92,48,36,,,91,76,78,,62,20,25,36,39,18,,20,,55,,,,,72,72,63,60,67,31,48,27,,22,118,135,113,120,122,42,82,94,83,114,,,,,52,34,46,22,106,96,12,,80,129,132,53,43,136,131,136,95,61,106,136,129,113,,124,116,108,101,70,52,104,136,80,,118,104,,123,101,,112,119,112,,96,,108,,105,106,59,72,77,7,,53,44,57,83,83,75,66,,50,57,55,69,90,108,,121,114,35,43,93,94,,72,64,46,45,94,,31,32,107,,97,84,88,36,60,70,93,,94,91,,,89,95,93,68,77,79,79,84,,86,82,76,68,66,106,98,99,106,,,81,77,75,74,,52,73,68,71,129,58,56,55,57,76,83,53,72,,24,59,40,15,4,9,28,,51,,64,72,55,33,58,77,80,84,51,88,69,78,40,81,,,68,52,2,82,,88,92,85,68,,36,3,,,7,1,2,28,62,68,30,36,10,6,67,4,67,36,38,,82,14,,9,110,104,96,90,94,97,69,120,107,74,37,67,81,72,79,113,89,76,62,76,21,89,54,92,93,100,93,94,87,80,112,3,38,52,27,67,58,48,61,25,33,40,55,55,41,40,87,,53,47,61,88,124,4,35,,,35,43,56,52,42,106,58,24,49,117,56,45,46,69,41,15,52,39,,76,39,22,67,46,,70,26,37,8,18,20,19,14,10,28,29,68,62,129,98,102,,64,,30,40,18,33,6,27,38,20,4,21,6,5,70,2,59,59,50,30,32,,74,93,41,113,62,56,53,73,65,28,50,64,65,66,36,44,90,97,48,24,,31,59,102,130,93,85,7,45,86,39,59,94,47,18,33,7,23,44,49,59,79,93,99,60,74,78,105,64,24,38,78,78,12,79,102,107,58,112,65,16,48,64,61,60,51,2,,31,6,95,4,4,5,3,2,52,39,,70,46,37,50,93,52,27,18,2,59,41,17,4,6,3,5,26,12,18,89,69,64,67,63,,,101,59,2,39,68,25,74,48,26,74,59,7,41,84,54,63,44,66,62,40,40,23,24,64,62,49,14,51,19,,79,,67,54,105,110,6,45,4,,84,61,41,29,20,8,25,82,71,35,72,,51,,43,,118,39,92,55,54,69,74,76,85,,104,100,52,50,61,70,49,44,54,27,49,46,26,36,,65,66,46,49,43,42,,25,,21,68,,15,87,101,114,32,40,8,13,,48,52,57,92,,,18,29,43,34,35,84,72,61,86,51,78,63,27,10,13,39,51,69,54,38,13,52,,73,,72,60,95,,27,47,30,4,24,40,6,78,83,73,100,98,3,14,60,72,116,128,8,48,88,40,48,70,18,78,96,,35,54,54,45,98,89,26,91,65,,59,69,39,93,83,18,4,14,63,20,6,6,2,,85,87,11,108,125,14,62,125,,40,74,50,51,58,104,65,82,31,91,33,26,44,76,78,31,51,13,55,60,71,103,52,14,111,84,109,84,16,67,30,119,122,76,72
20210423,0,O3_24h,105,109,102,101,93,95,105,88,106,114,96,97,,,99,,103,108,102,,100,,78,108,,103,82,,141,142,138,136,142,150,144,,102,104,,106,95,114,106,102,,111,,142,145,144,122,114,130,120,121,113,155,,153,157,154,94,100,104,112,102,119,115,,114,107,101,105,134,129,,140,137,138,135,137,,123,136,139,142,146,139,,122,116,,,116,120,102,119,130,128,119,,124,128,133,117,116,,121,118,122,141,121,140,123,125,161,131,142,137,143,144,153,152,160,151,152,139,150,202,205,215,,247,211,243,226,184,232,231,209,114,111,109,118,107,,115,103,102,98,66,66,81,59,66,68,68,63,74,103,,95,79,84,99,100,97,62,59,65,58,64,109,,,,62,74,,76,75,74,,,,56,,82,70,82,90,81,89,93,82,67,,,,72,63,,59,58,56,49,42,,49,71,72,72,77,80,89,98,,93,,80,74,,86,82,,96,75,85,,70,88,91,77,90,84,80,,,84,77,79,90,88,98,76,,103,,,58,,117,118,,81,91,69,86,97,92,,88,86,74,85,76,104,99,106,78,39,44,54,50,47,47,44,58,75,134,,140,139,144,157,214,156,140,94,78,77,,83,87,72,,97,92,106,92,,102,108,100,119,122,,,109,117,126,117,101,98,137,141,138,146,124,134,147,138,137,116,112,113,102,118,110,83,,117,131,81,82,83,75,92,84,83,95,85,81,208,215,,230,240,254,169,222,200,193,226,154,167,136,168,111,261,,106,109,103,237,115,144,146,133,195,226,204,170,,148,142,157,160,154,160,163,170,145,136,152,,,238,266,257,242,213,265,178,135,105,125,124,129,113,104,113,113,111,111,99,108,84,66,76,84,79,114,,102,94,118,137,128,150,106,,,108,126,113,112,134,,153,142,143,120,,,134,138,123,106,124,127,115,101,119,125,120,,152,155,165,134,159,147,118,136,113,117,121,129,103,92,100,84,94,82,108,81,,100,87,67,103,,93,91,79,84,,,,136,135,,,,146,136,72,68,83,76,70,,86,94,101,103,97,94,89,90,91,88,85,121,96,102,91,157,,152,153,158,154,151,148,144,152,148,,134,119,128,140,140,135,132,129,122,138,124,115,112,109,153,145,143,154,,87,,95,98,94,92,113,,108,115,,,112,100,94,66,,81,72,68,,92,81,92,77,80,121,138,143,125,131,,,,73,,76,104,,100,110,104,100,115,124,122,130,124,119,,86,,,175,,178,150,156,156,160,152,185,147,,84,79,82,82,84,89,91,104,99,92,163,174,175,147,134,147,182,179,202,115,,111,197,172,,204,216,,164,164,168,171,100,,85,157,,,118,119,,134,,139,124,136,127,180,179,,193,190,,171,152,,167,,143,131,139,,113,135,118,127,137,,131,142,121,128,132,136,131,122,120,130,118,131,128,138,122,121,128,144,135,124,103,121,121,117,144,147,153,151,150,161,137,132,136,,134,179,169,177,167,191,128,150,152,142,161,63,62,67,,59,77,74,,75,76,67,56,87,,77,55,109,,146,,151,144,158,139,143,150,151,,,,123,,122,,129,131,119,,117,116,132,134,138,,136,,92,91,84,94,118,132,,89,97,101,107,116,103,,104,,,113,54,43,50,98,94,96,111,81,80,97,84,89,100,98,88,90,103,92,70,69,87,87,74,75,137,132,125,135,142,,140,147,140,142,132,129,120,132,,,,,102,88,,87,87,121,94,102,100,87,77,84,82,88,77,170,180,96,99,99,,117,106,109,,117,111,,108,94,83,90,89,132,77,85,78,120,130,132,123,,137,141,131,151,158,159,140,86,99,,93,94,92,85,94,68,65,91,91,,100,,118,118,118,113,118,117,101,105,102,,,116,110,111,108,130,117,127,129,142,138,101,,102,121,117,96,95,98,72,77,113,,57,51,81,83,82,69,71,72,51,54,54,96,97,,62,50,,82,72,64,71,,,100,135,135,134,132,103,101,98,102,,,145,140,134,133,134,,127,123,115,126,120,122,124,,125,126,135,,,129,146,,129,120,136,,131,,228,211,,,132,122,,,125,135,111,,,130,136,126,134,132,124,130,178,134,149,137,139,132,129,126,117,138,136,130,141,116,120,110,116,,138,137,138,,136,135,147,138,139,161,126,118,136,132,137,208,,,133,237,234,237,226,224,205,207,211,167,181,176,275,236,225,210,234,,,282,159,178,163,204,212,,174,54,57,,57,62,70,,57,54,68,56,62,74,76,70,61,68,55,51,80,49,91,87,,88,98,94,85,80,68,,74,,80,,,,83,82,68,74,85,91,,78,,72,76,75,130,130,119,139,124,136,143,149,139,105,116,108,108,156,159,155,150,107,,110,104,92,100,93,96,106,115,106,111,100,116,100,102,109,,108,118,122,122,112,151,155,147,134,149,125,110,124,118,127,,123,123,120,109,125,120,118,127,92,104,112,,152,147,138,,148,133,148,131,,140,134,116,,126,111,112,105,112,114,113,108,118,120,94,91,100,,118,118,119,85,83,,99,89,92,84,111,102,139,152,121,106,89,88,,124,118,126,,137,137,,94,90,85,91,,115,118,113,110,94,87,97,91,95,99,93,72,81,70,65,70,119,97,113,105,104,92,98,100,105,107,111,67,95,70,62,69,75,72,72,84,87,67,85,83,94,67,67,75,124,113,107,114,72,91,80,105,117,80,112,108,108,108,109,101,95,129,125,97,105,94,90,99,91,93,109,113,68,74,,72,126,120,132,125,123,130,130,133,148,158,151,145,146,148,,,127,130,122,,124,104,75,104,94,82,,101,36,100,,,,,119,125,119,121,126,113,118,115,,106,132,153,136,146,152,134,116,131,100,157,,,,,54,48,153,159,147,144,93,,90,153,153,147,140,140,135,138,146,152,135,155,143,139,,140,136,145,134,76,196,132,148,167,,144,148,,129,136,,124,131,123,,128,,122,,115,113,107,95,99,90,122,112,122,128,88,92,87,110,,84,83,114,110,109,137,,131,121,78,80,129,127,,112,96,79,76,115,,102,81,144,,140,122,111,124,82,107,181,,175,153,,163,89,104,93,94,102,98,100,98,,95,90,88,101,107,144,115,118,120,,,88,89,82,77,,66,96,87,87,132,171,173,211,113,107,105,144,121,,134,148,65,62,84,130,61,,74,,66,112,130,96,158,163,129,92,60,131,130,122,70,93,,,119,175,99,100,,96,141,154,100,,77,55,,,110,68,68,82,78,76,109,103,107,75,113,134,131,153,162,,102,119,,182,212,163,159,102,106,136,96,140,136,106,89,99,107,152,114,128,112,80,119,76,105,117,140,134,141,140,128,124,123,162,113,134,120,118,152,110,107,109,151,120,146,99,121,105,56,101,138,,97,86,73,160,125,91,94,,,90,73,128,62,80,118,126,53,112,146,119,102,60,140,114,121,170,73,,141,91,85,99,101,,130,114,113,113,113,106,113,111,106,101,118,133,158,203,104,123,,71,,97,88,97,54,54,196,209,162,218,208,234,231,173,205,174,113,147,110,210,,113,180,239,182,140,90,105,113,101,72,62,73,73,102,58,90,137,136,124,112,,136,140,172,188,172,287,100,66,115,95,130,138,99,119,109,66,92,144,164,151,170,151,120,60,87,98,118,66,86,100,109,104,108,152,168,168,135,150,146,147,128,96,105,89,115,97,97,104,111,136,114,98,102,93,80,111,79,,76,105,104,156,109,66,78,72,96,78,52,89,66,70,101,71,115,48,92,99,79,82,79,83,,176,172,161,215,150,129,132,91,145,120,107,164,143,138,88,141,137,108,108,107,70,48,48,66,76,72,86,143,120,146,,145,126,118,111,174,144,60,103,110,78,141,131,141,137,118,79,80,91,95,102,97,,104,,103,74,145,109,107,113,112,95,105,113,150,,104,155,52,103,88,196,171,152,178,98,98,90,96,94,94,159,87,78,69,105,89,,114,,125,118,,105,143,141,157,100,83,99,83,,82,121,117,130,,,129,124,125,144,137,96,99,97,96,134,142,120,120,117,111,120,117,122,116,103,124,154,81,151,,157,128,133,113,122,129,125,106,94,90,105,145,86,94,108,110,96,67,142,131,129,236,161,154,176,170,221,280,93,131,130,,66,73,144,139,294,155,94,121,103,74,69,99,114,190,166,122,105,106,110,102,71,97,85,,123,188,115,135,140,165,144,137,104,120,102,117,108,134,166,109,105,152,311,104,146,98,109,102,119,110,98,96,116,119,131,70,157,126,217,127,215,88,126,49,134,132,132,96
20210423,0,O3_8h,83,64,81,70,76,79,78,74,73,74,75,61,,,74,,79,80,81,,72,,54,60,,68,63,,110,105,96,97,106,113,130,,77,76,,74,77,104,101,95,,104,,92,101,109,86,61,90,81,88,75,116,,116,122,104,59,75,85,93,48,96,80,,87,72,64,65,80,83,,107,90,87,101,80,,103,88,93,86,80,72,,103,104,,,92,105,89,106,90,94,90,,86,91,96,84,82,,96,107,103,132,114,132,118,118,120,119,133,37,50,47,53,55,69,63,40,57,55,103,103,96,,116,112,119,114,90,99,128,91,44,37,34,36,39,,48,57,50,44,40,43,53,31,46,43,54,30,15,10,,14,14,14,27,10,15,24,27,33,23,18,23,,,,51,58,,62,49,50,,,,33,,54,22,25,52,33,34,49,21,20,,,,16,17,,16,20,19,12,16,,12,47,46,44,39,46,16,38,,37,,65,54,,34,18,,10,13,25,,20,22,26,18,8,36,13,,,59,34,46,44,49,34,43,,27,,,16,,33,33,,62,61,57,50,73,63,,50,31,48,56,40,72,68,61,47,32,38,45,32,34,35,33,40,44,86,,59,63,64,63,89,93,79,46,39,55,,55,57,32,,60,70,71,68,,67,74,69,77,119,,,88,88,102,103,90,87,101,103,97,94,87,87,94,94,72,93,81,81,67,67,73,55,,91,96,60,76,60,65,66,68,62,68,64,74,130,134,,129,113,138,99,141,71,103,139,104,112,61,88,50,135,,77,72,58,139,70,78,94,91,123,153,130,98,,108,59,70,105,103,100,111,107,89,85,99,,,144,157,140,149,161,196,89,72,54,81,77,102,87,84,89,90,91,80,66,72,75,37,52,62,56,97,,50,64,54,54,59,52,61,,,80,46,65,42,64,,83,89,92,82,,,82,119,96,58,105,104,100,80,80,92,106,,126,132,99,115,105,97,112,119,108,111,108,122,43,34,29,29,40,33,55,35,,67,38,22,39,,50,73,48,50,,,,104,118,,,,102,84,65,57,75,65,61,,72,64,70,70,70,63,56,59,62,56,60,111,52,67,71,102,,106,98,115,106,121,111,122,124,107,,57,63,74,106,116,117,108,96,85,76,80,74,74,71,84,78,80,75,,82,,46,51,38,39,85,,86,81,,,89,82,73,58,,61,60,57,,70,73,73,38,70,101,92,105,95,99,,,,39,,43,85,,69,80,72,55,46,55,68,106,98,96,,74,,,107,,104,94,94,117,120,118,124,97,,65,65,64,72,56,73,70,79,72,66,83,77,73,115,104,111,93,111,108,105,,95,110,83,,122,124,,118,118,118,109,60,,51,121,,,52,68,,83,,94,87,92,84,108,100,,112,113,,101,95,,100,,112,92,107,,107,112,92,96,94,,90,81,77,89,79,92,84,88,88,89,85,95,88,130,111,102,121,112,119,78,89,77,74,80,87,82,87,82,86,101,128,117,125,,124,128,125,129,112,136,101,121,125,118,126,22,25,18,,24,31,28,,38,33,38,23,39,,23,36,90,,107,,106,102,122,102,93,110,65,,,,69,,78,,113,97,98,,84,81,110,117,122,,120,,35,37,44,30,75,73,,58,60,55,69,82,79,,73,,,77,40,31,29,74,66,42,67,41,65,79,70,75,92,70,59,58,50,49,52,50,57,43,37,31,92,72,68,83,68,,100,137,101,116,78,86,81,99,,,,,62,58,,60,78,72,69,72,72,72,52,64,55,62,44,142,153,56,54,50,,90,70,74,,73,60,,61,76,40,67,60,76,55,62,61,74,59,67,59,,126,126,100,105,116,117,99,80,90,,82,88,81,71,83,55,54,78,78,,87,,96,101,101,86,86,111,97,79,83,,,94,101,66,61,107,97,106,106,127,123,24,,21,38,43,42,44,41,29,30,46,,19,7,26,25,18,19,17,13,5,13,33,68,68,,38,18,,25,32,30,34,,,60,96,91,91,79,94,90,91,92,,,100,124,120,116,118,,115,74,69,91,79,65,98,,93,94,128,,,120,126,,87,61,78,,84,,117,115,,,123,65,,,119,128,101,,,107,108,88,91,129,113,120,119,93,111,107,89,92,91,89,82,102,100,96,102,92,92,86,83,,85,77,75,,67,69,80,83,78,102,110,92,114,114,116,103,,,,155,139,74,106,148,147,151,151,112,136,105,63,121,117,105,153,,,93,99,109,97,116,114,,99,49,49,,51,51,48,,54,46,58,51,52,63,68,61,36,48,38,30,28,35,64,64,,65,45,38,67,64,60,,61,,61,,,,74,71,62,66,78,83,,50,,47,41,46,79,73,66,90,69,42,48,49,67,94,87,80,81,28,34,25,48,30,,68,44,56,58,61,60,57,78,75,77,75,81,72,76,109,,83,90,97,96,88,88,71,79,74,74,110,96,111,98,80,,80,81,79,84,96,91,90,99,75,72,73,,93,86,71,,103,81,107,87,,99,80,76,,68,84,87,76,90,100,100,96,99,106,57,62,59,,91,86,92,55,64,,58,62,82,79,88,88,71,77,84,65,62,63,,59,81,80,,99,100,,74,77,61,60,,97,103,96,66,54,70,77,71,77,80,76,57,72,64,62,66,101,80,91,82,75,73,74,77,79,76,90,59,77,65,50,58,61,64,55,64,79,57,73,67,80,25,61,57,44,41,48,33,45,65,47,55,59,51,76,70,68,57,74,76,63,113,113,49,38,66,64,66,66,72,83,89,52,35,,37,80,82,101,90,98,105,108,98,104,112,97,100,100,85,,,108,94,93,,87,46,41,58,46,33,,39,,77,,,,,100,94,83,79,90,75,71,71,,76,124,141,124,132,135,92,99,115,89,134,,,,,47,35,104,104,122,115,43,,81,142,142,99,97,137,132,135,110,104,123,147,136,128,,132,126,129,118,55,91,123,141,120,,135,135,,126,127,,117,122,116,,110,,110,,106,108,76,71,78,44,98,81,80,86,78,74,71,86,,60,71,81,80,86,122,,121,114,52,54,108,109,,88,78,67,63,106,,65,51,110,,121,106,85,63,70,92,120,,119,111,,114,78,90,82,73,82,82,87,86,,89,85,82,86,89,109,90,101,100,,,82,79,77,72,,61,78,75,78,125,86,108,134,57,78,82,100,95,,62,67,37,13,36,28,18,,59,,45,82,78,66,107,114,100,82,53,99,92,98,34,90,,,92,96,4,79,,67,101,106,76,,56,7,,,11,20,25,36,65,62,15,30,20,21,71,51,85,87,94,,80,62,,110,127,117,114,91,93,109,80,131,119,85,56,76,81,104,87,104,88,72,68,71,73,95,66,110,115,118,112,101,106,117,109,40,83,84,87,80,81,83,105,73,90,60,80,63,30,45,113,,57,56,36,120,124,37,42,,,57,58,86,40,59,106,84,28,72,132,95,74,47,57,53,66,95,47,,73,57,47,85,75,,99,43,71,33,58,50,47,39,38,58,84,92,112,122,98,95,,60,,36,56,26,22,21,108,109,91,116,111,84,94,109,96,107,76,87,70,92,,99,110,142,120,102,68,82,78,72,20,47,64,68,87,42,45,114,119,78,70,,95,105,109,137,118,102,34,55,80,70,91,114,80,65,45,37,66,66,99,89,105,97,109,51,73,85,96,44,39,48,91,89,58,113,140,142,61,88,97,72,56,74,82,76,90,61,55,56,56,113,28,29,22,34,22,81,50,,51,76,61,106,101,37,47,36,23,66,42,37,23,13,12,27,32,17,37,88,70,70,71,74,,65,113,105,109,82,90,82,82,90,70,94,103,22,75,77,98,83,76,72,75,56,34,10,33,64,60,62,88,78,87,,103,117,83,72,128,126,10,42,52,37,80,91,72,85,60,31,47,79,71,50,77,,79,,78,,114,53,96,72,71,79,88,76,111,,93,126,36,64,71,90,79,67,103,55,65,64,48,68,71,123,63,59,52,71,63,,60,,102,87,,42,110,120,128,47,61,21,53,,58,83,81,104,,,85,76,83,95,98,80,76,50,82,86,102,90,70,70,49,61,81,89,82,63,77,102,,116,,109,88,112,24,80,69,34,53,55,46,33,103,83,79,96,93,35,40,81,102,119,118,96,82,121,92,122,174,51,93,98,,29,59,104,100,119,103,56,100,69,64,58,85,71,120,112,62,64,45,75,61,22,25,41,,104,110,12,112,128,88,103,128,53,83,82,77,78,89,130,89,76,103,116,72,67,64,77,77,76,72,67,60,99,102,105,60,92,117,110,115,99,46,65,40,128,120,84,84
20210423,0,O3_8h_24h,94,95,94,91,84,88,93,85,95,98,89,89,,,83,,92,99,88,,88,,70,94,,93,71,,130,132,127,122,129,137,137,,89,85,,84,78,104,101,96,,104,,135,135,133,113,102,120,111,113,105,145,,143,150,143,86,94,90,106,94,114,111,,108,90,81,84,122,117,,134,130,132,129,123,,112,103,119,124,123,119,,103,106,,,98,107,93,107,120,112,107,,113,115,117,99,100,,110,107,103,135,114,134,118,118,145,119,133,105,113,112,122,121,135,126,126,122,112,178,178,188,,202,180,204,196,156,201,208,180,97,91,91,102,93,,100,95,87,80,50,48,62,40,50,53,57,49,57,87,,82,65,74,78,84,81,55,53,57,47,57,87,,,,54,62,,66,60,57,,,,50,,76,62,61,81,65,73,82,71,60,,,,68,56,,44,44,44,43,38,,45,61,58,61,59,66,75,82,,77,,66,61,,68,66,,78,60,71,,58,70,76,59,74,73,73,,,74,67,69,76,80,71,67,,89,,,52,,92,90,,70,70,58,72,89,79,,74,62,61,74,69,88,84,90,47,32,38,45,32,37,36,36,42,44,112,,104,106,117,120,155,123,106,68,56,72,,76,74,66,,84,84,91,82,,85,94,84,104,120,,,104,106,118,112,94,94,128,132,129,135,114,128,132,126,130,97,90,86,73,80,88,56,,100,119,68,78,69,69,75,74,70,76,72,76,182,195,,202,206,218,156,196,142,166,188,136,149,100,123,95,222,,101,102,95,185,105,114,134,121,187,203,188,156,,132,127,137,142,140,144,151,145,121,110,132,,,198,226,212,213,195,232,143,122,90,110,98,115,103,98,105,101,100,101,88,94,78,57,68,77,70,100,,87,82,93,99,103,100,78,,,97,87,93,90,104,,109,113,131,104,,,105,119,112,99,117,118,109,91,103,115,115,,144,147,149,134,143,136,112,120,108,111,110,124,81,67,66,61,74,79,91,58,,86,77,44,81,,84,85,70,72,,,,128,126,,,,124,116,68,61,79,68,62,,84,77,82,83,84,77,74,72,78,71,74,113,76,80,78,138,,134,134,143,138,135,131,133,135,128,,108,97,101,130,134,129,126,118,114,123,104,88,93,92,126,119,123,126,,82,,75,79,76,67,96,,94,105,,,93,85,77,58,,67,61,57,,79,73,78,63,74,112,127,131,112,111,,,,65,,72,95,,88,93,84,78,101,108,108,125,118,108,,80,,,160,,162,144,144,135,137,137,142,128,,79,75,79,79,79,84,82,98,89,85,149,152,151,129,118,128,146,149,167,111,,105,175,143,,179,189,,151,145,154,150,91,,76,148,,,107,109,,122,,122,112,124,108,131,125,,140,141,,148,136,,144,,118,108,117,,113,114,105,107,108,,124,119,110,109,126,117,126,110,111,123,114,123,112,134,117,104,124,129,129,107,93,108,105,101,139,141,144,136,142,147,132,121,130,,130,156,146,154,142,167,124,142,143,132,143,37,31,43,,39,45,43,,48,54,51,41,68,,47,42,100,,138,,142,134,147,132,134,142,140,,,,118,,117,,124,123,114,,110,108,120,121,126,,123,,65,74,70,65,112,120,,85,86,84,92,103,95,,97,,,97,46,34,43,74,80,75,89,66,77,92,76,84,94,87,76,81,88,83,65,64,72,65,49,52,127,119,113,120,121,,124,139,127,136,114,110,103,110,,,,,72,71,,75,81,109,88,90,93,81,62,71,65,73,67,158,168,86,83,91,,97,90,90,,106,95,,90,80,66,83,83,88,66,77,73,106,114,117,108,,127,127,120,132,141,139,128,83,95,,86,90,82,83,92,55,54,82,82,,95,,111,114,114,110,109,114,98,98,95,,,108,104,102,98,117,107,117,113,135,129,91,,87,100,98,83,88,89,62,68,91,,49,47,74,76,76,65,68,67,35,41,43,85,85,,54,43,,60,60,54,59,,,79,117,115,115,114,96,94,92,96,,,129,126,122,118,120,,116,117,109,120,116,115,115,,114,116,130,,,122,131,,116,106,117,,113,,164,171,,,128,102,,,121,128,102,,,122,128,114,121,129,117,126,149,123,134,126,126,127,125,121,104,123,118,114,122,108,110,101,106,,120,119,122,,125,123,136,122,112,136,114,107,126,126,130,179,,,76,214,212,225,200,198,187,186,198,152,165,161,176,215,198,185,214,,,207,125,144,130,176,181,,124,52,52,,51,54,50,,54,46,58,51,52,63,69,62,48,55,47,36,37,41,79,76,,75,82,77,74,69,62,,61,,61,,,,74,71,63,66,80,85,,63,,65,64,67,114,114,102,117,104,112,114,117,115,99,105,99,98,128,132,130,130,88,,88,90,80,83,82,84,85,95,91,94,86,97,87,88,109,,93,100,105,103,95,128,127,124,112,128,119,103,119,112,105,,101,104,98,93,112,104,104,111,81,85,91,,137,138,119,,135,123,135,125,,133,126,108,,119,108,109,99,108,106,106,102,106,113,82,82,91,,110,109,113,66,66,,70,69,82,79,98,94,111,116,108,92,74,69,,114,109,117,,124,122,,81,77,69,71,,108,111,106,94,78,75,84,78,83,86,79,59,72,64,63,66,105,88,100,92,89,79,89,92,97,95,101,60,86,66,53,64,68,67,66,74,80,62,78,73,86,60,61,57,100,88,87,84,63,79,63,82,98,70,95,94,95,94,96,93,85,124,117,85,86,84,82,86,81,85,103,106,60,64,,58,111,113,123,115,115,119,123,119,134,141,129,126,140,126,,,121,118,114,,113,84,68,86,74,65,,90,23,93,,,,,114,120,111,113,120,108,106,108,,100,127,144,129,138,141,126,110,120,93,142,,,,,48,44,137,143,130,126,54,,82,148,148,141,136,137,132,135,138,145,128,148,136,130,,138,133,142,129,55,166,125,141,148,,140,144,,126,131,,118,122,117,,118,,116,,109,110,96,86,93,79,116,106,113,116,78,78,73,96,,70,79,108,99,98,123,,122,117,67,70,120,119,,98,87,71,72,110,,96,81,118,,136,115,102,103,80,105,143,,140,131,,129,80,90,82,82,84,93,96,95,,89,86,83,95,98,127,104,107,111,,,83,84,78,72,,62,88,81,80,127,125,128,184,59,91,90,131,112,,127,137,45,47,80,100,58,,65,,59,106,99,77,146,149,118,83,53,122,115,115,61,92,,,116,149,89,83,,69,118,135,83,,60,42,,,75,59,56,71,66,63,76,78,87,68,105,97,104,111,142,,90,107,,160,188,145,137,97,93,125,88,137,122,95,79,91,95,140,100,110,103,72,99,71,100,104,110,124,131,132,122,114,114,153,109,92,112,105,134,103,101,102,142,115,125,73,107,81,37,81,130,,86,70,62,147,125,82,85,,,80,64,117,45,64,114,117,44,103,134,114,88,50,137,97,116,150,59,,118,82,79,94,94,,120,95,95,94,99,89,96,91,89,92,110,117,141,151,98,104,,62,,82,72,81,46,46,156,182,148,184,181,185,179,147,162,142,98,126,95,171,,108,145,216,167,132,79,94,91,80,40,47,66,68,88,51,65,128,130,117,105,,124,130,153,168,155,214,86,63,108,87,108,128,93,96,87,58,82,91,119,128,147,136,116,51,80,88,105,60,68,80,98,95,97,142,155,158,115,131,118,117,114,79,95,85,103,90,80,90,96,128,86,88,90,85,71,92,67,,70,86,92,137,101,48,64,61,84,67,43,79,63,65,83,59,96,43,79,91,74,74,74,77,,154,150,140,166,126,118,123,88,119,109,103,140,143,129,88,134,120,92,95,97,61,36,34,50,68,65,77,136,116,139,,133,120,113,105,156,138,32,86,91,64,120,119,102,123,97,51,61,82,85,76,91,,95,,94,59,138,97,96,101,102,81,91,99,133,,93,140,42,91,81,144,133,127,152,82,88,84,81,85,74,146,69,70,64,89,78,,97,,118,111,,83,135,130,147,77,76,87,76,,64,111,106,120,,,110,109,110,133,123,89,85,81,85,126,130,112,111,108,99,109,108,114,112,99,113,137,60,142,,139,118,118,86,108,108,108,94,88,75,95,130,84,86,104,103,83,58,112,112,120,158,149,127,160,154,182,234,79,118,114,,41,62,135,131,226,137,72,114,90,65,58,87,108,146,134,94,92,81,83,71,60,84,66,,118,134,96,124,131,149,133,130,91,104,90,103,100,120,151,100,92,134,242,87,126,86,87,83,106,96,88,79,105,107,109,63,144,122,175,121,176,76,113,42,128,120,123,84
20210423,0,CO,0.5,0.8,0.6,0.5,0.5,0.5,0.5,0.5,0.6,0.8,0.6,0.7,,,0.7,,0.7,0.7,0.6,,0.7,,1,2.3,,1.3,0.8,,0.6,0.7,0.5,0.7,0.4,0.6,0.9,,0.9,1,,1,1.1,0.4,0.3,0.3,,0.2,,0.6,0.6,0.6,0.6,0.8,0.8,0.6,0.7,0.6,0.6,,0.7,0.7,0.7,0.7,0.7,0.6,0.6,0.4,0.4,0.6,,0.4,0.6,0.6,0.8,0.6,0.6,,0.5,0.5,0.5,0.2,0.9,,0.7,0.8,0.8,1.2,0.8,0.7,,,0.6,,,0.7,0.7,0.6,0.7,0.7,0.5,0.6,,0.6,0.6,0.6,0.5,0.6,,0.7,0.5,0.6,0.7,0.6,0.4,0.5,0.4,0.4,0.4,0.6,0.9,0.8,0.7,0.7,0.5,0.6,0.6,0.6,0.4,0.4,0.6,0.6,0.7,,0.4,1.7,0.6,0.3,0.3,0.7,0.6,0.7,0.8,0.6,0.6,0.6,0.5,,0.8,0.5,0.5,0.7,1.3,0.7,0.3,0.8,0.9,0.6,0.8,0.7,0.8,0.5,,1,1,0.7,0.6,1,0.9,0.5,0.7,0.7,0.8,0.6,0.9,,,,0.8,0.7,,0.9,0.9,1,,,,0.8,,0.8,0.8,1,0.6,1,1,0.8,1.2,1,,,,0.7,1,,0.8,0.6,0.9,0.6,0.7,,1,0.9,1.1,1.1,0.9,1,0.7,0.6,,0.8,,1,1,,0.8,0.4,,0.7,0.8,0.8,,0.8,0.9,0.7,0.5,0.5,0.6,0.6,,,0.4,0.6,0.8,0.6,0.6,0.4,0.6,,0.7,,,0.7,,0.7,0.7,,0.5,0.4,0.2,0.5,0.4,0.4,,0.8,0.6,0.8,0.5,0.6,0.5,0.5,0.5,1.1,0.7,0.9,0.8,0.8,0.8,0.6,0.7,0.7,0.9,0.5,,0.8,0.7,0.7,0.7,0.5,0.3,0.4,1.2,1.1,1,,1,1.5,1.3,,1,0.4,0.3,0.4,,0.2,0.3,0.5,0.5,0.6,,,0.1,0.5,0.4,0.3,0.2,0.5,0.8,0.9,0.9,0.9,0.6,0.6,1,0.8,0.6,0.6,0.7,0.6,0.8,0.9,0.8,0.7,,0.7,0.7,0.9,1,0.8,0.8,0.8,0.8,0.8,0.8,1,0.9,1.1,1,,0.9,0.9,1,1.2,0.9,0.9,0.9,0.9,0.6,0.7,0.7,0.6,0.5,0.8,,0.6,0.6,0.6,0.7,0.6,0.8,0.4,0.6,0.7,0.8,0.6,0.7,,0.5,0.9,0.6,0.7,0.8,0.5,0.6,0.7,0.6,0.4,0.6,,,0.7,0.7,0.8,0.6,0.8,0.7,0.7,0.6,1,0.8,0.4,0.5,0.8,0.9,0.7,0.8,0.7,0.9,0.7,0.8,0.4,0.5,1,0.5,0.4,0.8,,0.8,0.6,1.4,0.9,0.8,0.6,0.3,,,0.7,0.7,0.2,0.8,1.4,,0.9,0.8,0.8,0.8,,,0.7,0.6,0.5,0.2,0.6,0.7,0.6,0.7,0.7,0.5,0.6,,0.6,0.6,0.9,0.8,1,1.2,0.4,0.5,0.5,0.4,0.6,0.3,0.8,1.3,1.2,0.7,1,0.8,0.8,0.8,,0.7,0.8,0.9,1.1,,0.6,0.7,0.7,0.4,,,,0.6,0.6,,,,0.3,0.5,0.5,1.1,0.5,0.6,0.4,,0.5,0.9,0.6,0.8,0.9,0.8,0.7,0.7,0.8,0.7,0.8,0.6,0.5,0.8,0.4,1.2,,1,1.1,1,1,0.8,0.7,0.7,0.7,0.8,,1,1.1,0.9,0.7,0.6,0.6,0.7,0.7,0.7,0.8,0.5,0.6,0.6,0.5,0.6,0.5,0.5,0.5,,0.6,,0.6,0.9,1,0.8,0.6,,0.7,0.5,,,0.8,0.8,1.4,0.6,,1,0.9,0.9,,0.9,0.3,0.6,0.8,0.8,0.6,0.3,0.6,0.6,0.2,,,,0.7,,0.5,1,,1,0.7,0.6,0.9,1,0.8,0.7,0.3,0.3,0.4,,0.7,,,0.8,,1.4,0.7,0.6,0.2,0.5,0.4,0.6,1,,0.8,0.7,0.7,0.9,0.7,0.5,0.4,0.6,0.6,0.4,0.6,0.7,0.7,0.7,0.5,0.5,0.8,1,0.6,0.6,,0.5,1,1.2,,0.6,0.7,,0.7,0.6,0.7,0.6,0.6,,0.7,1.2,,,0.6,1,,0.7,,1,0.7,0.9,0.7,1,1.6,,1.2,1.4,,1.6,0.9,,1,,0.8,0.7,0.7,,1,0.8,0.5,0.2,0.3,,0.4,0.4,0.5,0.5,0.6,0.4,0.3,0.7,0.7,0.8,0.7,0.7,0.7,0.5,0.3,0.5,0.5,0.4,0.3,0.9,0.8,0.8,1,1.1,0.8,0.6,0.7,0.7,0.6,0.5,0.6,0.6,0.4,,0.3,0.6,0.5,0.5,0.5,0.5,0.4,0.4,0.5,0.3,0.3,0.8,0.6,0.8,,1.3,0.7,0.8,,0.7,1.2,1,1.1,1,,0.7,0.7,0.7,,1.1,,1.1,1,0.6,1.2,0.6,0.4,0.9,,,,0.7,,0.6,,0.8,0.8,0.8,,0.7,1,0.8,1,0.9,,0.9,,0.9,1.1,0.6,0.9,0.7,0.9,,1.3,0.9,1,0.6,0.7,0.8,,1,,,0.8,0.5,0.8,0.8,0.5,0.9,1.4,0.7,0.9,0.6,0.4,0.5,0.6,,1,0.7,1,1.1,0.7,0.5,0.4,0.9,0.8,1.1,0.8,0.7,0.9,1,1,0.8,,2.6,0.1,0.7,0.9,0.8,1.3,0.8,0.9,,,,,0.8,0.7,,0.7,1,0.8,0.7,0.7,0.6,0.8,0.6,0.5,0.4,0.7,0.4,0.5,0.5,0.7,0.8,,,0.8,1,0.9,,0.7,0.9,,1,0.6,0.5,0.7,0.6,0.7,0.7,0.6,0.6,0.9,0.9,0.9,0.9,,0.7,0.9,0.6,0.6,0.6,0.5,0.5,0.2,0.4,,0.4,0.4,0.1,0.1,0.3,0.5,0.7,0.3,0.3,,0.5,,0.4,0.3,0.3,0.5,0.3,0.4,0.2,0.2,0.3,,,0.3,0.3,0.5,0.6,0.4,0.5,0.5,0.3,0.7,0.5,0.5,,0.7,0.7,0.8,0.7,0.7,1,1.1,1.2,0.7,,0.9,1.1,1.1,0.9,1.1,1.1,0.9,1.1,1.1,1.3,1.4,0.8,0.5,,0.8,0.7,,0.6,0.5,0.6,0.9,,,0.8,0.4,0.3,0.4,0.3,0.8,0.6,0.7,0.9,,,0.3,1.1,1.1,1.2,1.1,,1.2,0.8,0.7,1,1.1,0.7,0.8,,0.7,0.8,0.7,,,0.7,0.7,,0.8,0.7,0.7,,0.5,,0.7,0.6,,,0.1,0.4,,,0.8,0.6,0.4,,,0.2,0.4,0.3,0.1,0.6,0.5,0.4,0.8,0.4,0.5,0.7,0.5,0.6,0.5,0.4,0.5,0.7,0.6,0.5,0.4,0.5,0.5,0.7,0.5,,0.4,0.3,0.7,,0.8,0.6,0.6,0.7,0.7,0.4,0.3,0.1,0.3,0.5,0.4,1,,,,1.6,1.6,1.6,1,0.9,0.8,0.8,0.8,0.6,0.6,0.6,3.1,2.7,1.6,1.4,1,,,0.9,0.3,,0.2,0.4,0.4,,0.3,0.5,0.8,,0.7,0.8,0.6,,0.7,0.9,0.6,0.7,0.6,0.6,0.8,0.7,1,0.7,0.8,0.9,0.6,0.9,0.7,0.5,,0.6,0.6,0.5,0.9,0.8,0.8,,0.7,,0.6,,,,0.7,0.5,0.7,0.9,0.7,0.7,,0.9,,0.8,1,0.8,0.7,0.8,0.8,0.6,0.8,0.6,0.6,0.6,0.4,0.3,0.5,0.5,0.5,0.6,0.6,0.6,0.6,0.5,,0.2,0.3,0.7,0.5,0.6,0.6,1,1.4,1.1,1.1,1.1,0.5,0.5,0.2,,,0.4,0.4,0.3,0.3,0.4,1,0.9,0.6,1.5,1.1,0.7,0.7,0.7,0.6,1,,0.9,0.9,1.1,0.7,0.5,0.6,0.7,0.7,0.5,0.7,0.8,,0.8,0.8,0.7,,0.6,0.6,0.6,1,,0.9,0.9,0.9,,0.8,0.7,0.7,0.7,0.8,0.8,0.8,0.8,0.6,0.8,0.7,0.7,0.7,,0.5,0.4,0.5,1.5,1.3,,1.3,1.3,0.8,0.7,0.8,0.6,0.8,0.7,0.8,0.8,0.8,0.8,,0.5,0.6,0.7,,0.9,0.8,,0.8,0.7,0.6,0.7,,0.6,0.6,0.5,0.7,1.3,0.9,1.3,1.2,0.9,1.4,1,0.9,0.9,0.7,0.7,0.8,1.3,0.9,1.6,0.9,0.6,1,0.7,0.9,0.7,0.7,0.9,0.9,0.8,1,1,0.7,0.5,0.7,0.8,0.7,0.8,0.5,0.6,0.8,0.6,0.3,0.6,0.4,1.6,0.9,0.8,0.8,0.8,0.6,0.5,0.6,1,1,0.6,0.5,0.8,0.9,0.6,0.8,0.6,1.1,1.1,0.6,0.7,0.7,0.6,0.6,1,0.7,0.5,0.5,0.3,0.8,,0.8,0.5,0.6,0.4,0.4,0.5,0.8,0.8,0.8,0.9,0.7,0.8,0.6,0.9,0.9,,,0.8,0.6,0.7,,0.8,0.3,0.6,0.7,1.1,1.3,,0.7,,0.5,,,,,0.6,0.6,0.7,0.6,0.6,0.6,0.7,0.4,,0.5,0.5,0.5,1.1,1.1,0.8,0.6,0.6,0.5,0.6,0.4,,,,,0.1,0.4,0.8,0.8,0.4,0.6,0.8,,0.9,0.4,0.4,0.5,0.6,0.5,0.5,0.4,0.4,,0.6,0.8,0.6,0.8,,0.6,0.6,0.4,0.7,1.1,0.6,0.7,0.5,0.9,,1.2,0.9,,0.6,0.5,,0.4,0.3,0.5,,0.7,,0.4,,0.3,0.4,0.5,0.6,0.6,0.7,,0.7,0.8,0.7,0.5,0.5,0.5,0.6,,0.6,0.6,0.3,0.4,0.7,0.6,,0.5,0.5,0.4,0.7,0.3,0.3,,0.8,0.7,0.3,0.3,0.5,,0.9,0.6,0.5,,0.4,0.5,0.6,0.7,0.6,0.6,0.6,,0.5,0.5,,0.3,0.5,0.6,0.6,0.5,0.5,0.3,0.2,0.4,,0.3,0.2,0.3,0.3,0.2,1.1,0.5,0.5,0.4,,,0.4,0.4,0.6,0.4,,0.6,0.3,0.4,0.5,0.4,0.2,1.2,0.8,1.1,0.8,0.7,0.6,0.8,,0.7,0.8,0.7,0.6,0.5,0.6,0.7,,0.6,,0.6,0.4,0.8,0.7,2.7,1.1,0.6,0.4,0.8,0.4,0.8,0.7,0.5,0.5,,,0.5,0.1,0.8,0.5,,0.6,0.8,0.7,0.6,,0.9,1,,,1.1,1,0.9,0.8,0.9,0.7,1.1,0.9,1.1,0.8,0.6,0.8,0.6,0.6,1,,0.9,1,,1.5,0.7,0.4,0.5,0.3,0.3,0.4,0.4,0.7,1.1,0.6,1.1,0.5,0.7,0.5,0.7,0.3,0.3,0.6,0.4,0.6,0.6,0.5,0.7,0.3,0.7,0.5,0.5,0.8,0.4,0.8,0.1,1.5,0.9,0.8,1.1,0.9,0.8,1,0.9,0.9,0.9,1.7,0.8,1.3,1.1,0.6,1,,0.7,0.8,0.5,0.5,0.8,0.8,0.4,,,0.6,0.7,0.6,1,0.8,0.3,0.8,0.9,0.5,0.4,0.8,0.6,0.7,0.8,0.4,0.9,0.5,0.7,,0.9,0.6,0.5,0.7,0.9,,0.7,0.5,0.7,0.6,0.4,0.6,0.5,0.5,0.6,0.5,0.8,1,0.7,0.6,0.3,0.9,,1.4,,0.8,0.7,0.8,0.9,0.8,0.9,1,1,0.8,0.8,1,0.8,0.7,0.6,0.7,0.6,0.5,0.7,0.6,,0.5,0.8,0.8,0.4,0.3,0.7,0.6,0.7,0.6,0.8,0.6,0.7,0.7,0.5,0.8,0.8,0.6,0.8,0.8,0.7,,0.8,1,0.7,0.9,0.7,0.6,0.7,0.7,0.6,0.7,0.9,0.5,0.7,1,0.4,0.6,0.6,0.8,1.1,0.8,0.6,0.7,0.3,0.7,0.3,0.6,0.2,0.6,1.1,1,0.6,0.6,0.7,0.5,0.5,0.5,2.2,0.4,0.6,0.8,0.7,0.7,1,0.7,0.7,0.9,0.9,0.6,1.1,1,0.8,0.5,0.8,0.6,0.6,0.6,1.2,,0.4,0.4,0.6,0.8,0.3,0.8,0.9,0.7,0.7,0.7,0.6,0.8,0.9,1,0.9,0.7,0.9,1,0.5,0.3,0.2,0.5,0.8,0.4,,0.7,0.4,0.7,0.9,0.5,0.5,0.5,0.4,0.6,0.4,0.5,0.8,0.9,0.7,,0.4,0.5,0.6,0.8,1,0.6,0.8,0.8,0.8,0.7,0.8,0.8,0.6,0.5,0.5,,0.3,0.9,0.7,0.8,0.6,0.6,0.8,0.5,0.7,0.9,0.4,0.9,0.8,0.9,1.2,0.8,0.8,0.7,0.4,0.9,0.6,,0.6,,0.5,,0.1,0.8,0.7,0.5,0.7,1.2,0.6,1.2,0.6,,0.6,0.4,0.6,0.7,0.8,0.4,0.5,0.5,0.1,0.6,0.8,0.6,0.7,0.8,,0.6,1,0.5,0.4,0.6,0.5,,0.6,,0.9,0.6,,1.3,0.7,0.3,0.5,0.6,0.9,0.9,0.4,,0.4,0.7,0.6,0.6,,,2.1,0.7,0.5,1,0.9,0.9,0.4,0.6,1.2,0.3,0.4,0.5,0.7,0.5,0.7,0.6,0.7,0.5,0.6,0.6,0.7,0.9,,1,,0.5,0.8,0.7,1.3,0.9,0.9,0.7,1,0.5,0.8,0.9,0.5,0.2,0.5,0.4,0.6,0.9,0.6,0.6,0.7,1.2,0.6,0.6,0.4,0.8,0.8,0.7,0.6,0.9,1.8,0.7,,1.2,0.6,1,0.9,0.7,0.4,0.6,0.5,0.1,1,0.7,0.9,0.6,0.6,0.4,1,0.8,0.8,0.7,0.4,0.8,0.7,0.7,,0.7,0.4,1.3,0.2,0.8,0.8,0.4,0.7,0.8,0.7,0.2,0.6,0.5,0.7,0.8,0.9,0.4,0.9,0.8,0.6,0.4,1.1,1,0.9,0.8,0.6,0.7,0.6,0.6,0.4,0.7,0.7,0.5,0.1,0.8,0.3,0.7,0.8,0.5,0.7,0.5,0.4,0.7,0.6
20210423,0,CO_24h,0.6,0.7,0.7,0.7,0.7,0.7,0.6,0.7,0.6,0.6,0.7,0.7,,,0.8,,0.9,1.1,0.7,,0.9,,0.8,1.1,,0.9,0.7,,0.7,0.6,0.5,0.7,0.6,0.5,0.6,,0.9,1,,1,0.9,0.4,0.3,0.3,,0.2,,0.6,0.6,0.7,0.3,0.5,0.5,0.4,0.4,0.4,0.5,,0.7,0.7,0.7,0.9,0.8,0.9,0.7,0.7,0.4,0.5,,0.4,0.5,0.5,0.7,0.6,0.6,,0.4,0.6,0.4,0.2,0.9,,0.7,0.9,0.7,0.9,0.8,0.7,,0.6,0.6,,,0.6,0.6,0.6,0.7,0.8,0.9,1,,0.9,0.7,0.8,0.9,0.8,,1,0.4,0.6,0.7,0.6,0.4,0.6,0.5,0.4,0.5,0.7,0.6,0.6,0.6,0.7,0.4,0.5,0.6,0.5,0.4,0.4,0.6,0.7,0.9,,0.6,0.6,0.8,0.6,0.2,0.4,0.7,0.8,0.6,0.5,0.5,0.6,0.4,,0.6,0.5,0.4,0.6,0.7,0.7,0.4,0.9,0.9,0.7,0.5,0.8,0.9,0.4,,0.9,0.8,0.5,0.6,0.8,0.7,0.5,0.7,0.7,0.8,0.6,0.6,,,,0.9,0.8,,0.9,0.9,1,,,,0.7,,0.6,0.5,0.6,0.5,0.6,0.6,0.7,0.7,0.8,,,,0.6,0.8,,0.6,0.6,0.7,0.6,0.8,,1,0.4,0.6,0.6,0.5,0.5,0.5,0.4,,0.6,,0.8,0.7,,0.5,0.3,,0.5,0.7,0.5,,0.5,0.6,0.4,0.4,0.6,0.6,0.4,,,0.4,0.5,0.6,0.5,0.5,0.4,0.4,,0.5,,,0.6,,0.6,0.6,,0.6,0.4,0.3,0.5,0.4,0.4,,0.6,0.5,0.7,0.6,0.6,0.4,0.4,0.5,1,0.7,0.9,0.8,0.8,0.7,0.7,0.7,0.7,0.9,0.5,,0.6,0.7,0.7,0.6,0.4,0.6,0.4,1,0.8,0.5,,0.7,1.2,0.9,,1.1,0.8,0.7,0.9,,0.7,0.7,0.9,0.8,0.6,,,0.1,0.5,0.4,0.3,0.2,0.5,0.9,1,0.9,1,0.8,0.5,1.1,0.9,0.7,0.7,0.8,0.7,0.9,0.9,0.9,0.8,,0.7,0.7,0.9,1,0.9,0.9,0.9,0.8,0.8,0.8,1,1,0.9,0.9,,0.7,0.8,0.8,0.8,0.8,0.7,0.7,0.8,0.5,0.6,0.6,0.6,0.4,0.7,,0.5,0.6,0.5,0.6,0.4,0.6,0.3,0.6,0.7,0.7,0.6,0.6,,0.6,0.6,0.6,0.6,0.6,0.4,0.4,0.7,0.6,0.5,0.5,,,0.7,0.7,0.8,0.5,0.6,0.5,0.5,0.4,0.6,0.6,0.4,0.5,0.7,0.7,0.5,0.6,0.6,0.7,0.6,0.5,0.4,0.5,0.5,0.5,0.4,0.8,,0.6,0.7,1.1,1,0.9,0.8,0.4,,,0.7,0.9,0.6,0.8,1.1,,1.2,1.1,0.9,1,,,1.2,0.6,0.6,0.4,0.7,0.6,0.7,0.7,0.6,0.6,0.7,,0.6,0.5,0.9,0.7,1.1,1.1,0.5,0.6,0.5,0.5,0.6,0.4,0.7,1,0.8,0.7,0.8,0.8,0.7,0.8,,0.6,0.6,0.9,0.8,,0.7,0.6,0.7,0.5,,,,0.3,1,,,,0.8,1,0.5,0.9,0.5,0.6,0.2,,0.5,0.9,0.7,0.8,0.9,0.9,0.7,0.8,0.8,0.7,0.8,0.6,0.7,0.8,0.7,1.2,,1.1,1,1,0.9,0.8,0.7,0.8,0.8,0.7,,0.9,1,0.8,0.7,0.7,0.7,0.7,0.7,0.7,0.7,0.5,0.7,0.6,0.5,0.5,0.5,0.4,0.4,,0.9,,0.6,1,1,0.8,0.6,,0.7,0.6,,,0.9,0.8,1.4,0.6,,0.7,1,1,,0.7,0.4,0.6,0.7,0.7,0.6,0.4,0.7,0.6,0.3,,,,0.9,,0.5,1.1,,1,0.9,0.8,1,0.7,0.5,0.4,0.4,0.4,0.5,,0.8,,,0.6,,0.5,0.8,0.6,0.3,0.5,0.5,0.6,0.9,,0.6,0.5,0.6,0.7,0.5,0.5,0.4,0.6,0.6,0.4,0.7,0.7,0.6,0.7,0.5,0.5,0.7,0.7,0.5,0.6,,0.5,0.9,0.9,,0.7,0.8,,0.8,0.6,0.8,0.7,0.6,,0.6,1.1,,,0.6,0.6,,0.7,,0.7,0.5,0.7,0.6,1,1.6,,1.2,1.4,,1.2,0.7,,0.9,,0.8,0.8,0.8,,1,0.9,0.6,0.3,0.4,,0.7,0.8,0.9,0.9,0.8,0.6,0.5,1.1,0.8,0.7,0.8,0.6,1.1,0.6,0.7,1.5,0.6,0.5,0.5,0.6,0.8,0.7,0.8,0.7,0.7,0.7,0.7,0.7,0.7,0.5,0.6,0.6,0.4,,0.3,1.2,1.3,0.9,1.2,0.9,0.4,0.4,0.4,0.4,0.5,0.8,0.7,0.8,,1.2,0.7,0.9,,0.7,1.2,1,1.1,0.9,,0.7,0.7,0.7,,0.8,,0.7,0.8,0.5,0.9,0.6,0.7,1.1,,,,0.8,,0.6,,1,0.9,0.9,,0.7,0.8,0.8,0.8,0.5,,0.7,,0.9,1,0.8,0.8,0.8,0.8,,0.9,0.8,0.8,0.6,0.9,0.8,,1,,,0.9,0.6,0.9,0.8,0.5,0.8,1.1,0.9,1.1,0.5,0.6,0.6,0.5,0.6,0.9,0.6,0.8,0.9,0.6,0.5,0.4,0.9,0.7,1.1,0.8,0.8,0.8,0.9,0.8,0.8,,1.3,0.9,1.1,0.7,0.6,0.8,0.8,0.7,,,,,0.8,0.8,,0.8,1,0.9,0.7,0.7,0.8,0.8,1,0.6,0.6,0.7,0.7,0.7,0.7,0.6,0.8,0.7,,0.7,0.9,0.8,,0.6,0.7,,0.7,0.6,0.6,0.7,0.7,0.8,0.8,0.6,0.6,0.7,0.7,0.7,0.6,,0.5,0.7,0.4,1.3,0.8,0.5,0.6,0.2,0.3,,0.3,0.4,0.2,0.4,0.4,0.6,0.8,0.7,0.7,,0.5,,0.4,0.3,0.3,0.5,0.3,0.4,0.2,0.4,0.4,,,0.3,0.3,0.5,0.5,0.3,0.4,0.5,0.2,0.7,0.6,0.6,,0.6,0.5,0.5,0.6,0.5,0.7,0.6,0.8,0.5,,0.8,0.9,0.8,0.7,0.8,0.8,0.6,0.9,0.8,1,1,0.7,0.5,,0.8,0.7,,0.4,0.4,0.5,0.7,,,0.8,0.5,0.4,0.5,0.3,0.8,0.7,0.8,0.9,,,0.3,1.2,1.2,1.3,1.2,,1.5,0.7,0.6,0.8,0.6,0.6,0.6,,0.5,0.7,0.7,,,0.7,0.6,,0.7,0.6,1.1,,0.8,,1.1,1,,,0.4,0.5,,,0.8,0.7,0.5,,,0.3,0.4,0.3,0.2,0.5,0.4,0.4,0.5,0.6,0.4,0.7,0.5,0.7,0.9,0.7,0.9,0.8,0.7,0.7,0.6,0.5,0.4,0.6,0.4,,0.3,0.5,0.7,,0.9,0.8,0.6,0.8,0.7,0.5,0.3,0.1,0.4,0.6,0.4,1.1,,,1.8,1.3,1.4,1.5,1.3,1.3,0.9,0.9,0.6,1.4,1,0.7,3.2,2.9,3.7,3.1,3.1,,,1.5,0.6,0.5,0.5,0.8,0.8,,0.7,0.4,0.8,,0.7,0.7,0.6,,0.6,0.9,0.7,0.8,0.7,0.7,0.7,0.7,0.9,0.7,0.8,0.8,0.6,0.9,0.8,0.6,,0.7,0.6,0.5,0.7,0.8,0.9,,0.7,,0.6,,,,0.7,0.6,0.8,0.9,0.7,0.7,,0.9,,0.7,0.9,0.7,0.6,0.5,0.5,0.5,0.6,0.6,0.6,0.7,0.5,0.2,0.5,0.5,0.5,0.5,0.6,0.5,0.5,0.5,,0.3,0.4,0.6,0.5,0.6,0.5,1,1.9,1.2,1.3,1.1,0.5,0.5,0.5,1.1,,0.4,0.4,0.3,0.3,0.4,1,0.9,0.7,1.2,1,0.6,0.8,0.8,0.6,1.2,,1.1,1.1,1.1,0.6,0.6,0.6,0.5,0.7,0.5,0.6,0.8,,1.2,0.9,0.9,,0.9,0.9,1,0.7,,0.8,0.6,0.9,,0.9,0.7,0.7,0.8,0.8,0.8,0.9,0.8,0.7,0.8,0.7,0.8,0.7,,0.5,0.4,0.5,1.3,1.4,,1.1,1.2,0.8,0.8,0.9,0.7,0.8,0.7,0.9,0.9,1.1,1.1,,0.5,0.5,0.6,,1,0.9,,0.7,0.7,0.6,0.7,,0.8,0.7,0.8,0.9,0.8,0.8,0.8,1.1,0.7,1,1,0.9,1,0.7,0.8,1,1.4,0.9,1.5,1.1,0.7,0.8,0.6,0.7,0.6,0.6,0.8,0.8,0.8,0.9,1,0.8,0.6,0.9,0.8,1.3,0.8,0.5,0.6,1,0.6,0.5,0.8,0.5,1.2,0.7,0.9,0.8,0.7,0.7,0.5,0.6,0.7,0.9,0.4,0.6,0.8,0.8,0.6,0.7,0.7,0.9,1,0.6,0.7,0.5,0.6,0.6,0.7,0.6,0.5,0.5,0.5,1,,0.7,0.6,0.7,0.5,0.6,0.6,1,0.9,1,0.9,0.8,0.8,0.9,0.7,0.8,,,0.8,0.6,0.7,,0.8,0.4,0.7,0.7,0.8,1,,0.6,0.6,0.5,,,,,0.6,0.6,0.7,0.6,0.7,0.5,0.6,0.6,,0.4,0.6,0.6,0.6,0.6,0.7,0.6,0.6,0.5,0.6,0.4,,,,,0.3,0.5,0.6,0.5,0.4,0.5,0.7,,0.9,0.4,0.4,0.5,0.5,0.5,0.5,0.5,0.3,0.4,0.7,0.8,0.6,0.7,,0.5,0.5,0.6,0.6,1.3,0.7,0.7,0.5,0.7,,1.6,0.8,,0.7,0.5,,0.5,0.3,0.5,,0.7,,0.4,,0.4,0.4,0.5,0.7,0.6,0.6,0.8,0.9,0.8,0.7,0.6,0.6,0.6,0.6,,0.9,0.8,0.2,0.4,0.6,0.5,,0.4,0.4,0.3,0.7,0.5,0.4,,0.7,0.6,0.3,0.2,0.4,,0.8,0.6,0.5,,0.4,0.4,0.7,0.4,0.6,0.5,0.6,,0.5,0.5,,0.4,0.6,0.7,0.6,0.5,0.5,0.3,0.4,0.5,,0.4,0.2,0.2,0.4,0.4,0.4,0.5,0.5,0.4,,,0.3,0.3,0.5,0.5,,0.6,0.4,0.4,0.5,0.7,0.3,1.3,0.8,0.6,0.8,1,0.4,0.6,,0.9,0.7,0.7,0.5,0.4,0.5,0.6,,0.6,,0.5,0.5,1.4,0.5,2,1.3,0.6,0.4,0.8,0.9,1,0.7,0.4,0.5,,,0.5,0.2,0.6,0.8,,1.1,1.1,1.2,0.7,,0.7,1,,,0.9,0.7,0.9,0.5,1,0.8,1,0.8,0.8,0.5,0.6,0.9,0.9,0.8,1,,0.9,0.8,,0.8,0.8,0.5,0.6,0.3,0.5,0.3,0.4,0.6,0.9,0.6,0.8,0.6,0.8,0.8,1.1,0.6,0.3,0.6,0.4,0.7,0.4,0.6,0.7,0.4,0.6,0.6,0.5,0.6,0.6,0.7,0.2,1.3,0.9,0.8,1,0.9,0.8,1,1,0.9,0.9,1.5,0.9,0.9,1,0.6,1.2,,0.7,1,0.7,0.7,1.1,0.7,0.4,,,0.7,0.5,0.5,1.1,0.6,0.3,0.7,0.8,0.5,0.4,0.7,0.7,0.8,0.7,0.5,0.7,0.6,0.8,,0.7,0.6,0.4,0.8,0.7,,0.4,0.3,0.6,0.4,0.4,0.6,0.5,0.4,0.4,0.5,0.6,0.7,0.9,0.9,0.5,0.9,,1,,0.7,0.6,0.6,0.9,0.8,0.8,0.8,0.8,0.7,0.6,0.8,0.6,0.6,0.5,0.6,0.5,0.5,0.6,0.4,,0.4,0.8,0.8,0.6,0.3,0.5,0.6,0.8,0.8,0.8,0.6,0.7,0.8,0.6,0.8,0.9,0.9,1,0.8,0.8,,0.6,0.8,1,0.8,1.1,1.3,0.7,0.7,0.8,0.6,0.8,0.6,0.6,0.8,0.4,0.5,0.6,1.2,1.1,1,0.7,0.8,0.3,0.7,0.4,0.5,0.3,0.7,1.2,1.1,0.6,0.7,0.7,0.4,0.6,0.6,2,0.6,0.5,0.8,1,0.7,0.9,0.7,0.6,0.8,1,0.7,0.8,1,0.6,0.4,0.5,0.4,0.5,0.5,0.9,,0.6,0.6,0.6,0.9,0.5,0.9,0.7,0.6,0.6,0.4,0.7,0.5,0.7,0.7,0.7,0.6,0.7,1.1,0.2,0.4,0.3,0.6,0.4,0.4,,0.7,0.4,0.7,0.7,0.4,0.5,0.5,0.4,0.6,0.4,0.5,0.6,0.9,0.7,0.1,0.5,0.6,0.9,0.9,0.8,0.4,0.8,0.8,0.8,0.6,0.8,0.7,0.9,0.6,0.8,,0.6,1,0.8,0.8,1.8,0.5,0.8,0.4,0.9,0.7,0.4,1,0.7,0.9,1,0.7,0.8,0.8,0.8,0.8,0.5,,0.7,,0.7,0.5,0.2,0.5,0.8,0.5,0.8,1.1,0.6,0.8,0.8,,0.6,0.5,0.7,0.6,0.6,0.5,0.5,0.4,0.2,0.6,0.7,0.6,0.7,0.6,0.7,0.4,1.1,0.5,0.5,0.6,0.6,,0.5,,0.9,0.7,,1.3,0.7,0.4,0.8,0.5,0.8,0.7,0.4,,0.5,0.6,0.6,0.5,,,1.6,0.7,0.4,0.6,0.5,0.8,0.8,0.7,1,0.6,1.3,0.4,0.4,0.3,0.6,0.4,0.5,0.5,0.6,0.5,0.7,1,0.7,0.8,,1.1,0.9,0.4,0.9,0.9,0.9,0.6,0.8,0.5,0.7,0.8,0.7,0.2,0.5,0.5,0.6,0.7,0.7,0.7,0.8,1.5,0.9,0.5,0.4,0.7,0.7,0.7,0.6,0.7,1.8,1.3,,1.1,0.5,0.8,0.7,1.4,0.6,0.7,0.5,0.2,1.1,0.8,0.8,0.5,0.6,0.6,0.8,0.5,0.9,0.8,0.5,0.6,0.6,0.6,,0.7,0.8,0.9,0.2,0.7,0.7,0.4,0.7,0.6,0.7,0.5,0.6,0.6,0.6,0.8,1,0.8,0.9,1.6,0.5,0.7,0.9,1,0.9,0.6,0.6,0.7,0.6,0.6,0.4,0.6,0.5,0.9,0.2,1.2,0.3,0.9,0.5,0.5,0.7,0.5,0.4,0.7,0.6
20210423,1,AQI,43,74,49,38,36,50,52,49,49,78,40,,,,36,,42,42,38,,33,,83,45,,26,25,,119,62,113,72,70,79,67,,35,42,,62,34,32,40,34,,32,,72,77,74,80,,68,73,59,72,58,,62,59,57,26,22,31,31,46,46,45,,45,67,54,67,55,68,,83,80,79,73,97,,54,97,100,89,88,69,,,25,,,37,25,24,39,59,54,38,,46,70,40,59,52,,49,41,52,42,36,39,36,36,38,38,38,79,61,77,53,62,63,94,60,82,82,42,50,49,,39,40,60,43,48,62,43,62,65,64,64,64,67,,73,47,60,62,45,32,35,25,43,30,29,,44,129,,55,65,105,69,60,179,45,53,48,80,,55,,,,67,70,,64,68,62,,,,46,,70,79,83,51,70,77,70,92,113,,,,114,94,,69,97,95,83,92,,75,98,85,87,54,60,85,40,,54,,41,68,,66,72,,77,59,66,,104,86,87,49,46,35,40,,,13,32,54,38,36,70,55,,60,,,62,,92,75,,17,19,16,15,23,19,,59,62,67,60,57,40,39,36,54,62,62,49,59,64,70,58,56,55,29,,52,44,52,77,36,23,20,43,53,28,,41,39,45,,54,44,34,44,,42,49,42,49,34,,,25,24,31,30,26,22,62,60,55,65,66,63,68,69,57,34,37,39,31,42,39,34,,35,38,36,25,27,20,25,25,29,22,23,23,61,61,,60,76,59,84,59,94,62,65,50,51,54,51,55,69,,41,51,59,66,54,57,49,42,58,57,58,53,,32,87,59,44,54,40,39,52,53,50,53,,,67,59,66,71,81,95,75,68,58,56,43,62,51,53,51,42,43,44,53,62,24,19,21,17,22,35,,53,34,45,42,30,44,44,,,31,52,38,60,62,,123,133,99,118,,,122,77,48,,59,53,57,,57,60,56,,53,51,114,69,74,78,35,36,34,34,40,38,75,69,112,69,67,64,64,82,,81,84,76,104,,52,34,43,46,,,,41,36,,,,37,53,41,39,34,43,41,,51,25,28,40,44,25,25,26,26,31,29,52,20,29,25,65,,99,73,60,75,47,51,44,48,53,,70,59,99,52,50,52,55,38,46,48,102,59,64,69,31,34,26,28,,41,,45,46,34,60,33,,38,55,,,56,62,62,82,,109,87,82,,73,64,64,64,68,33,30,33,33,32,,,,107,,77,94,,98,68,64,73,63,62,57,35,35,34,,67,,,77,,62,69,62,54,42,41,36,63,,36,42,31,30,54,23,36,54,48,56,43,53,60,37,46,53,57,65,56,33,,58,68,64,,46,50,,54,51,52,43,42,,39,64,,,79,85,,53,,30,41,66,39,113,,,119,103,,84,84,,83,,98,83,92,,66,98,32,32,31,,37,41,50,52,52,32,24,68,57,78,60,70,62,35,44,47,48,25,37,108,67,52,84,87,48,54,56,55,46,53,51,44,39,,44,72,71,99,76,69,43,50,43,50,50,26,28,30,,53,26,40,,35,56,60,52,54,,70,54,30,,104,,127,145,117,115,73,79,70,,,,73,,69,,78,88,97,,123,114,78,80,77,,82,,55,62,49,62,52,57,,48,49,52,34,28,26,,38,,,29,43,36,31,33,42,43,45,49,26,37,19,44,,54,55,60,72,48,25,33,43,65,75,79,70,65,64,64,67,,63,44,52,54,53,74,61,68,,,,,83,65,,66,35,54,48,54,38,41,32,31,33,31,36,55,44,59,55,54,,90,61,73,,58,60,,126,38,40,66,55,51,71,66,72,85,89,91,98,,102,109,469,50,62,37,93,26,29,,24,25,37,44,53,89,87,62,62,,28,,23,25,25,28,23,34,30,23,26,,,29,30,25,23,33,32,35,,42,40,64,,68,60,67,65,67,69,68,75,58,,43,60,88,88,94,78,87,62,67,68,66,35,36,,60,63,,61,62,40,59,,,40,55,45,49,53,51,53,32,39,,,51,83,79,83,107,,79,93,87,56,64,106,63,,59,74,73,,,64,67,,53,52,53,,39,,53,42,,,48,39,,,59,58,35,,,55,53,32,30,57,61,55,53,42,35,42,46,28,26,23,38,75,58,55,57,54,50,50,50,,58,55,65,,53,68,60,44,26,30,40,50,42,46,40,98,,,,274,297,437,223,233,188,162,201,110,125,59,447,442,304,272,237,,,142,31,,29,54,46,,29,55,47,,45,49,52,,79,58,58,68,48,52,53,63,51,52,35,46,52,45,43,35,,39,34,31,40,123,52,,39,,48,,,,54,50,52,52,62,59,,35,,48,52,46,52,54,68,45,43,44,38,90,23,,29,38,27,55,73,76,42,30,,22,34,38,22,26,35,17,63,32,38,40,32,44,54,,,17,17,22,23,18,42,55,42,55,49,52,46,43,76,36,,41,50,38,34,25,25,22,25,47,54,52,,75,89,79,,83,94,77,88,,90,69,53,,61,49,51,48,51,63,72,55,58,57,64,67,60,,54,58,53,52,39,,60,59,55,55,36,36,73,84,84,89,48,50,,51,43,38,,38,33,,50,30,40,40,,26,30,29,35,54,29,,,38,48,,37,47,36,39,45,23,20,24,23,18,33,35,39,38,50,39,51,37,51,,19,20,19,36,23,26,41,43,,40,17,26,25,85,82,90,70,51,40,29,51,34,54,66,103,60,69,57,54,54,66,61,59,67,48,42,76,70,60,53,45,22,34,,29,61,31,34,34,30,37,39,33,79,64,63,64,59,93,,,37,42,35,,51,63,56,42,87,70,,59,78,55,,,,,42,51,55,54,51,33,33,58,,36,36,42,49,50,54,55,58,63,,64,,,,,18,20,74,75,53,53,46,,36,75,63,58,70,42,40,42,89,,80,66,55,57,,57,65,74,57,,74,54,42,77,,73,54,,38,35,,35,37,37,,34,,33,,32,33,34,27,22,41,61,54,51,,27,26,32,25,,48,22,25,30,35,85,,87,97,42,44,500,500,,40,45,22,18,28,,67,70,43,,29,40,35,28,22,30,67,,58,33,,,45,35,33,96,90,500,327,26,,32,25,23,69,55,34,38,64,59,,,56,57,55,29,,18,24,22,36,51,20,104,59,24,39,26,68,73,,68,73,49,90,34,,63,,53,,84,46,133,39,82,65,500,26,52,51,54,32,76,23,,,52,21,83,46,,52,43,52,47,,67,73,,,42,107,94,70,63,59,57,45,52,105,30,54,35,29,95,,36,53,,79,49,46,43,39,29,49,94,85,72,24,33,46,35,77,58,34,26,43,48,43,52,41,49,48,50,40,52,32,53,69,38,51,46,103,98,39,39,42,69,65,137,60,39,50,49,58,92,,52,39,78,62,37,48,26,,,43,84,72,48,45,32,57,57,57,101,87,47,60,45,32,70,28,35,,73,36,62,34,46,,389,68,32,56,43,57,56,72,66,36,79,45,59,65,39,31,,59,,72,52,51,54,57,80,93,85,77,72,75,71,42,56,62,51,63,54,98,,46,62,68,48,52,49,87,64,24,28,70,57,74,59,38,45,80,93,39,45,,108,140,125,145,119,90,57,85,37,36,55,33,41,55,26,53,32,85,91,83,53,64,31,63,70,55,32,105,49,49,51,53,64,70,51,53,58,,36,55,74,40,45,28,41,67,44,42,63,55,69,62,77,56,67,72,57,,102,46,59,55,46,43,51,46,73,72,35,77,62,65,73,51,32,62,73,63,38,59,45,21,,62,58,48,78,69,47,55,36,37,55,46,51,62,94,28,93,53,32,32,36,55,49,28,50,43,38,50,78,64,71,,81,78,38,51,85,37,55,26,,57,69,75,78,89,84,42,74,42,49,49,42,,57,,49,,36,89,43,54,40,73,83,75,51,,29,57,70,51,39,21,40,26,26,52,56,52,56,60,48,75,44,36,30,31,20,,48,,57,41,,35,63,69,61,68,73,128,38,,26,44,38,48,,,115,74,55,59,85,27,36,21,28,84,88,54,89,69,83,83,65,60,58,65,61,83,,69,,115,,77,109,54,52,39,93,53,54,108,54,27,29,500,500,57,44,70,98,89,114,64,56,53,56,64,66,48,35,42,,47,54,124,113,108,53,68,29,22,78,82,64,92,61,33,100,62,56,55,36,,68,56,,37,35,52,34,59,95,89,56,68,60,52,59,54,36,67,94,42,72,81,51,78,45,53,28,88,58,64,59,41,29,75,57,83,42,82,33,103,52,55,52,36,40,60,77
20210423,1,PM2.5,30,54,34,26,25,35,34,34,34,57,28,,,,25,,29,29,26,,19,,20,31,,16,17,,90,38,85,52,51,58,39,,24,29,,44,21,17,28,22,,10,,51,56,54,46,49,49,46,42,52,41,,34,42,35,18,14,10,11,32,32,28,,24,48,38,48,39,49,,61,59,58,53,72,,38,72,75,66,65,50,,,17,,,11,7,14,7,38,38,26,,32,51,20,30,26,,34,23,16,11,16,10,10,10,14,19,19,55,41,56,35,44,45,70,43,60,60,19,29,34,,27,28,43,30,33,44,30,44,46,46,46,43,48,,53,31,43,44,27,22,24,17,29,21,12,27,24,98,,36,39,79,50,38,135,23,36,33,59,,39,,,,48,51,,46,48,33,,,,32,,51,58,61,34,51,56,51,68,85,,,,86,70,,50,72,71,61,68,,55,73,63,64,38,43,63,28,,38,,28,49,,46,52,,44,39,44,,53,63,64,34,22,20,28,,,6,22,29,23,14,40,22,,37,,,44,,55,55,,1,4,7,9,6,8,,40,37,44,35,33,20,17,24,34,44,44,29,36,46,51,41,39,39,20,,36,17,29,56,10,11,6,28,30,19,,24,10,13,,38,24,12,23,,29,34,20,22,12,,,14,12,5,5,10,5,41,37,37,43,40,38,45,40,26,22,18,20,17,29,27,19,,24,26,24,17,15,11,17,16,20,15,16,8,31,33,,31,30,29,58,29,70,35,36,21,20,22,17,30,28,,18,24,27,31,23,21,34,22,26,26,30,29,,22,53,36,28,24,26,21,20,20,12,18,,,34,29,31,38,45,58,46,31,36,31,24,31,24,30,26,23,27,29,24,24,9,13,8,10,10,24,,26,19,27,23,19,23,20,,,19,28,12,36,34,,93,101,74,89,,,92,56,29,29,24,34,29,,34,36,22,,37,34,86,50,54,48,4,2,9,4,12,2,39,45,47,33,48,46,46,37,,44,53,42,49,,25,17,24,22,,,,23,22,,,,19,32,16,9,10,17,9,,34,15,19,20,20,15,17,18,16,14,20,34,14,20,14,47,,74,53,39,55,18,19,22,22,22,,51,42,74,26,21,24,26,26,32,33,76,42,46,50,13,15,11,19,,22,,31,24,21,43,23,,25,39,,,38,44,44,60,,82,64,60,,53,46,46,46,49,14,19,9,16,14,,,,80,,56,70,,73,36,42,53,45,44,40,22,17,21,,48,,,56,,44,50,44,38,29,27,25,25,,17,18,17,15,30,14,17,29,16,17,28,32,39,16,22,25,34,45,33,23,,12,43,41,,30,35,,31,28,28,21,22,,26,46,,,58,63,,34,,20,19,12,22,85,,,90,77,,62,62,,61,,73,61,68,,44,73,2,6,4,,13,10,23,12,11,8,9,49,40,57,43,51,44,13,16,21,33,12,22,81,48,32,62,64,27,24,39,36,27,35,28,21,20,,28,41,34,74,53,50,30,33,29,35,30,18,19,21,,19,18,28,,24,35,43,36,38,,51,27,10,,78,,96,111,88,87,44,58,51,,,,42,,36,,57,65,72,,93,86,57,59,56,,60,,39,44,34,44,15,23,,31,30,24,22,18,18,,26,,,19,30,16,19,4,29,30,31,34,7,10,7,24,31,38,35,43,52,33,12,12,26,27,55,58,51,47,45,46,48,,45,19,30,35,37,54,42,49,,,,,61,45,,37,24,38,13,22,26,28,21,13,16,19,14,26,23,37,33,38,,37,33,40,,26,31,,46,24,28,40,38,31,38,35,51,51,63,63,73,,52,58,127,30,44,25,69,16,8,,5,2,7,10,14,66,64,44,44,,7,,11,7,7,19,16,13,8,11,10,,,,7,14,11,22,13,22,,9,10,46,,45,43,48,47,48,50,49,55,41,,28,30,65,65,70,57,64,44,48,47,44,15,21,,38,28,,28,35,24,41,,,28,38,31,34,33,24,28,22,22,,,14,61,58,61,80,,58,38,37,31,27,31,45,,42,54,53,,,46,48,,35,28,17,,20,,28,23,,,33,25,,,41,31,24,,,21,29,11,21,27,32,39,37,22,18,29,32,19,18,15,26,55,30,39,40,38,35,35,35,,38,29,47,,28,35,22,22,17,14,15,22,28,25,28,73,,,,224,247,192,173,183,141,123,151,83,95,42,420,413,254,222,187,,,108,21,,20,38,30,,16,39,31,,31,34,36,,58,41,41,49,33,36,34,45,28,31,19,21,32,17,30,24,,27,16,19,26,93,33,,27,,29,,,,24,24,33,32,44,42,,24,,24,32,32,36,38,49,31,30,29,26,67,16,19,20,26,17,35,53,30,29,14,,12,13,8,12,13,16,10,30,22,8,21,21,25,26,,,5,9,5,7,9,26,30,26,39,34,26,31,28,30,22,,28,34,24,20,11,14,15,11,24,34,25,,52,66,51,,61,70,56,65,,67,50,36,,31,34,26,17,24,45,52,39,41,40,42,48,41,,37,41,37,34,26,,43,31,7,39,25,25,53,62,62,66,33,19,,29,30,21,,26,23,,35,21,28,28,,18,13,19,23,19,20,,,26,32,,22,21,24,27,31,12,13,5,12,12,21,24,21,26,35,20,27,21,29,,7,13,8,14,13,18,28,30,22,27,8,8,12,42,32,39,32,27,20,9,17,18,17,38,31,30,36,37,38,37,34,26,40,34,33,29,34,51,43,23,31,13,21,,8,20,20,14,21,18,17,27,23,58,46,45,46,42,69,,,19,23,20,,26,17,21,26,47,39,,42,57,39,,,,,29,33,36,34,30,20,23,27,,10,19,22,23,22,20,39,41,45,,46,,,,,3,7,54,55,28,35,29,,19,55,45,41,40,5,18,9,66,36,59,47,34,37,,40,47,54,40,,44,34,29,42,,53,38,,26,,,3,7,,,12,,3,,12,4,10,13,10,26,15,22,19,,13,17,12,17,,33,14,11,21,20,45,,48,72,29,12,99,118,,28,30,15,10,10,,44,49,28,,18,26,24,16,10,13,20,,25,23,,29,28,20,22,48,35,82,52,7,,11,4,15,23,16,10,8,5,16,,,19,28,18,20,,12,10,10,9,23,12,78,30,9,27,17,49,53,,20,52,34,67,19,58,45,,37,,62,30,101,27,60,47,141,6,36,28,30,22,43,11,,,35,11,48,32,,24,23,22,32,,48,53,,,29,80,65,51,45,42,32,31,36,79,15,26,15,20,71,,25,37,,58,34,30,30,9,15,30,70,63,51,11,23,32,24,56,26,8,14,30,17,30,12,18,23,33,33,26,36,7,37,50,8,22,30,77,73,27,27,29,45,36,104,41,18,20,29,33,68,,36,27,57,32,6,26,12,,,15,62,52,31,31,7,21,40,40,41,64,24,43,31,20,43,10,24,,53,14,34,23,15,,106,49,22,38,30,39,39,52,47,25,58,19,41,28,27,7,,42,,52,36,33,38,39,59,64,46,36,31,40,34,19,24,29,20,33,20,73,,11,34,29,25,22,30,64,46,14,19,51,40,54,40,26,31,59,69,27,31,,80,107,95,111,90,67,20,63,15,24,39,23,22,39,12,37,22,63,57,61,37,46,3,45,51,39,5,79,34,34,33,37,46,35,27,25,41,6,21,39,54,28,27,8,25,38,19,16,34,34,46,44,51,36,48,52,29,,76,32,42,34,32,30,26,32,53,42,24,56,44,47,53,27,22,44,53,29,10,11,19,6,,39,23,33,45,35,15,22,12,25,15,20,19,40,70,9,69,37,22,22,25,34,34,19,35,30,26,35,42,46,34,,52,57,26,34,63,22,17,18,,40,50,55,38,66,62,24,54,29,34,34,29,,40,,34,,11,66,30,38,28,53,61,55,34,,17,25,37,32,24,12,19,11,9,36,26,25,27,35,27,55,24,12,11,10,14,,33,,40,16,,24,40,50,35,40,48,97,16,,12,16,26,25,,,87,36,37,42,63,4,25,3,14,62,64,32,66,48,41,52,42,42,34,47,34,43,,48,,87,,56,82,38,31,27,69,34,38,81,29,6,2,590,662,26,26,44,73,66,25,35,23,30,29,31,28,22,19,29,,28,38,94,85,81,19,48,9,4,57,60,46,68,33,18,55,32,30,39,24,54,19,35,,5,24,36,4,42,71,66,37,49,43,36,42,38,14,48,70,29,52,57,35,46,31,37,19,65,41,38,42,24,3,55,40,45,29,60,20,77,29,39,36,7,4,43,56
20210423,1,PM2.5_24h,31,39,34,29,30,37,32,27,28,40,30,,,,31,,35,32,31,,28,,33,31,,31,20,,44,39,44,44,39,48,41,,34,33,,41,29,21,30,29,,21,,39,38,39,36,34,33,37,30,36,27,,30,36,30,24,17,21,21,32,30,29,,31,38,35,37,40,49,,38,38,41,42,49,,35,47,46,45,38,42,,,24,,,20,16,24,19,47,60,46,,42,38,49,50,51,,47,30,27,18,25,14,19,16,24,28,23,39,33,33,30,25,30,34,33,33,36,56,54,71,,62,58,83,56,63,82,61,76,23,22,22,22,24,,23,19,22,25,28,27,32,28,32,22,26,38,28,44,,23,22,35,25,21,43,31,31,27,40,39,24,,,,45,43,,41,39,30,,,,30,,21,24,24,20,26,28,23,27,43,,,,44,43,,29,60,56,35,39,,36,53,50,48,21,35,36,22,,24,,25,25,,30,35,,29,28,28,,33,29,32,23,14,18,19,,,15,27,19,25,21,22,21,,32,,,27,,28,32,,20,22,29,15,14,14,,35,32,33,27,26,23,21,20,27,35,33,24,30,31,36,33,27,33,14,,21,11,17,16,9,21,19,17,17,10,,12,9,8,,26,39,40,42,,49,54,38,45,17,,,17,15,13,13,14,13,37,32,32,36,35,33,36,34,30,20,12,18,17,22,20,15,,17,17,20,30,17,17,14,16,19,16,24,8,39,40,,34,32,31,41,38,45,38,33,23,22,21,20,19,28,,14,16,18,33,22,21,21,25,29,33,36,29,,31,45,33,25,27,25,22,25,26,23,26,,,36,33,41,34,36,35,26,19,27,26,23,28,22,24,24,21,24,25,25,23,10,13,16,12,12,20,,25,27,31,29,20,29,28,,,25,28,19,29,31,,96,85,66,66,,,95,47,28,30,34,36,33,,35,35,28,,32,26,52,47,49,41,11,12,14,10,20,6,31,32,37,30,36,36,28,32,,36,33,34,31,,31,18,22,25,,,,20,22,,,,34,27,9,11,11,12,12,,21,18,20,22,25,24,18,15,14,17,19,36,16,25,15,34,,50,40,36,36,17,22,25,29,21,,45,35,43,40,27,29,30,33,32,30,42,27,36,33,17,18,16,16,,23,,17,20,20,19,42,,40,48,,,32,36,34,74,,76,56,49,,32,38,32,34,35,25,18,18,23,23,,,,39,,31,44,,50,35,32,43,17,17,18,25,28,29,,33,,,47,,36,37,48,28,23,21,33,25,,15,14,14,13,18,18,20,23,17,16,29,32,33,15,17,16,29,32,28,22,,17,44,38,,28,29,,34,29,29,26,20,,29,34,,,38,37,,22,,19,24,18,28,86,69,,87,64,,41,44,,39,,54,36,49,,37,51,21,21,14,,24,26,25,32,34,23,17,47,45,41,47,40,51,17,27,29,29,9,31,46,36,32,38,37,30,33,42,37,37,28,27,26,20,,31,128,134,114,153,85,31,23,21,34,20,32,36,32,,33,36,37,,36,36,34,36,30,,31,25,6,,61,,50,73,62,64,32,48,34,,,,32,,27,,58,61,74,,67,63,62,39,36,,32,,39,39,36,37,23,23,,20,19,18,20,19,17,,22,,,16,21,9,9,5,26,40,35,32,11,8,10,13,23,25,20,25,30,26,12,11,26,36,50,53,54,50,56,54,46,,34,26,31,27,36,40,34,31,,,,,42,39,,42,24,31,20,26,27,28,15,11,13,10,14,26,25,29,24,22,,30,35,45,,21,24,,24,30,28,34,36,31,34,36,45,32,35,32,40,,38,38,44,28,39,23,37,12,16,,11,7,27,42,16,40,38,40,40,,10,,12,10,10,15,13,16,18,13,18,,,13,14,11,14,15,12,27,,14,21,24,,27,27,23,24,24,26,26,25,26,,37,34,28,31,32,28,32,30,33,36,36,14,16,,41,27,,23,24,24,28,,,24,38,27,33,32,18,21,18,18,,,23,49,47,48,65,,46,24,26,18,19,15,33,,33,38,36,,,31,33,,30,23,20,,18,,37,34,,,34,28,,,35,36,22,,,28,31,33,29,23,24,23,33,35,26,31,31,22,28,29,35,52,33,42,44,22,18,19,21,,25,30,37,,25,28,28,23,27,26,24,20,29,30,29,93,,,,193,251,180,207,195,151,131,116,179,143,81,773,486,734,555,375,,,246,68,,78,124,105,,91,38,32,,38,37,44,,55,54,32,48,25,34,30,38,31,37,26,24,44,28,29,26,,22,17,28,21,53,34,,25,,30,,,,21,18,20,30,27,29,,31,,34,35,35,18,14,20,21,21,26,24,30,23,10,17,19,17,29,34,29,26,17,,16,15,20,17,17,20,9,30,17,11,17,29,20,24,,,8,15,12,14,16,25,32,28,35,30,22,24,21,22,24,,23,25,22,25,21,23,23,18,30,30,19,,58,65,60,,61,68,62,43,,36,29,36,,32,32,35,37,31,30,36,35,31,32,27,29,30,,50,47,45,21,25,,27,23,10,23,23,25,42,52,53,51,18,16,,33,33,28,,21,19,,19,13,16,19,,17,9,14,16,11,24,,,17,25,,25,22,22,24,28,21,27,26,26,21,20,31,24,31,32,28,24,26,31,30,7,10,17,11,14,10,16,13,11,12,6,9,8,30,25,35,23,18,18,8,14,19,18,30,32,30,23,28,30,32,31,32,39,33,32,29,31,31,27,30,31,15,17,,12,19,23,20,24,26,32,38,32,52,54,48,52,35,40,,,18,24,20,,21,20,18,21,31,33,,41,22,32,,,,,27,20,26,32,22,13,15,18,,8,21,21,23,21,26,36,37,39,26,38,,,,,7,6,39,39,36,31,19,,19,50,32,33,31,8,16,10,40,26,43,40,28,28,,38,40,40,40,54,43,25,18,37,,37,34,,21,2,,13,14,7,,24,,5,,14,9,12,11,13,16,19,27,26,,11,21,13,13,,19,13,8,13,16,34,,34,38,14,12,36,39,,18,18,13,12,7,,32,37,17,,18,20,22,21,13,9,27,,26,29,,33,16,14,17,176,168,65,49,6,,13,8,10,22,20,22,10,12,21,,,8,12,9,15,,11,9,10,12,25,20,71,35,17,36,26,45,35,,17,48,37,83,20,34,26,,26,,37,47,98,19,38,41,51,11,39,53,40,20,29,11,,,26,22,28,36,,31,29,34,18,,37,31,,,20,39,39,26,38,38,20,17,19,44,24,36,25,27,46,,29,31,,45,27,45,49,3,22,29,33,43,32,12,13,19,30,64,31,21,22,29,23,33,6,36,27,38,38,36,39,12,23,36,21,30,30,58,36,20,22,21,36,27,42,27,20,18,29,26,52,,26,26,34,25,5,15,13,,,22,41,45,32,25,10,23,33,43,40,66,21,30,32,19,32,26,27,,38,20,19,33,22,,38,23,15,21,19,21,21,23,24,17,46,22,33,28,29,24,,38,,24,19,17,29,24,40,41,40,34,33,34,31,21,25,24,19,32,22,30,,12,36,33,28,21,29,45,48,12,32,52,35,43,23,28,27,57,67,28,28,,64,62,109,79,154,252,12,43,26,19,33,28,19,38,13,30,17,68,68,52,51,50,8,47,42,22,22,37,31,21,49,55,39,34,26,35,39,25,8,30,47,15,22,10,23,25,25,18,20,35,27,32,26,23,31,28,27,,35,23,29,34,21,37,31,36,28,30,32,27,29,31,27,22,14,26,23,18,7,10,10,14,,35,21,33,38,19,22,25,16,23,15,22,22,43,45,42,52,37,21,28,29,29,27,33,30,24,19,36,36,34,30,,66,70,43,40,170,27,19,15,,41,29,49,39,52,42,34,42,37,47,19,22,,30,,31,,17,15,40,48,50,38,39,31,26,,16,25,40,22,16,18,16,16,30,25,27,25,27,24,23,37,19,14,12,16,17,,17,,32,19,,20,33,31,34,33,46,35,19,,22,34,27,20,,,80,23,39,37,37,23,38,19,28,44,46,26,40,35,40,32,35,40,26,33,35,35,,32,,93,,36,41,31,43,18,38,21,27,33,36,8,5,451,447,16,22,41,46,50,45,34,23,32,30,33,32,22,31,36,,33,28,70,64,254,41,38,14,16,53,71,30,39,34,30,33,22,40,26,17,34,18,28,,20,77,21,6,23,38,50,29,39,35,27,34,31,21,50,45,53,36,223,31,50,15,33,28,44,28,32,27,27,17,36,28,39,33,188,27,99,18,32,44,6,5,49,30
20210423,1,PM10,30,36,39,26,31,16,53,44,32,48,40,,,,30,,27,34,35,,33,,115,45,,16,24,,86,74,84,56,77,63,83,,22,15,,22,34,30,19,27,,29,,93,88,85,110,91,71,96,67,58,63,,73,68,63,5,5,13,7,9,45,45,,45,59,54,63,43,53,,69,94,69,85,116,,49,108,91,95,97,82,,,24,,,37,22,24,39,67,47,38,,23,86,40,68,53,,32,41,54,29,25,27,36,23,23,36,27,108,72,98,55,57,56,92,55,81,72,42,50,19,,26,30,38,34,29,66,36,35,79,72,68,77,63,,74,47,67,48,45,22,29,24,43,7,29,36,44,61,,60,79,71,56,70,60,45,55,46,46,49,39,,,,66,30,,59,85,73,,,,31,,78,92,80,51,80,75,58,83,117,,,,129,105,,64,53,88,68,85,,58,58,51,51,36,35,65,40,,58,,41,58,,82,69,,103,67,81,,157,122,98,43,46,35,35,,,11,27,58,38,36,89,59,,69,,,57,,134,97,,9,8,12,14,3,10,,68,73,83,69,63,40,39,36,58,68,33,49,68,68,70,61,61,56,21,,45,44,54,50,36,14,20,43,55,21,,41,39,45,,35,44,34,44,,39,42,42,49,12,,,17,7,5,9,7,5,74,69,60,79,81,76,85,88,63,34,37,39,31,31,34,34,,34,37,36,17,27,9,22,15,9,20,21,18,71,72,,70,102,68,117,67,114,74,80,50,52,57,51,59,87,,41,52,67,82,57,63,47,42,66,63,66,55,,31,124,68,44,57,40,39,53,55,50,55,,,83,68,82,92,111,140,99,86,65,61,43,74,52,56,51,42,43,44,56,73,24,16,18,16,22,22,,56,34,45,42,30,44,44,,,31,54,38,69,74,,124,132,86,123,,,126,72,48,80,68,56,63,,63,70,61,,50,52,169,68,87,105,9,16,24,13,40,23,99,87,173,88,77,69,75,114,,112,117,102,157,,53,34,43,46,,,,41,36,,,,37,55,41,39,34,43,41,,51,25,27,40,44,25,24,22,26,31,29,53,14,28,25,67,,71,73,70,74,47,51,44,48,56,,79,68,112,53,50,54,60,26,29,26,47,56,29,33,31,34,26,20,,41,,44,46,34,36,33,,38,48,,,61,34,46,62,,83,92,77,,78,68,78,73,56,9,17,12,20,19,,,,100,,78,90,,64,85,78,83,44,46,52,17,20,20,,48,,,89,,74,71,60,43,38,41,35,75,,36,42,31,30,58,22,36,58,48,61,43,55,69,37,46,56,64,80,62,26,,66,85,77,,46,45,,58,52,53,43,42,,39,57,,,94,116,,56,,30,41,82,39,77,84,,79,102,,61,78,,77,,90,76,94,,82,74,6,8,5,,37,41,50,53,53,32,24,53,62,96,20,76,64,35,44,47,17,25,37,33,25,53,38,74,48,58,61,60,46,56,52,44,39,,44,93,91,130,102,88,43,50,43,46,50,26,27,28,,55,22,31,,28,62,61,54,49,,71,58,5,,103,,95,153,114,122,96,80,82,,,,96,,87,,92,116,95,,112,78,79,83,78,,70,,51,55,47,62,53,64,,48,49,54,34,28,14,,29,,,29,42,36,31,17,34,29,42,41,26,37,17,44,44,56,60,64,65,47,25,33,43,80,67,82,71,75,78,66,77,,60,44,54,58,52,72,72,70,,,,,87,80,,81,22,44,48,58,38,41,32,31,33,31,36,60,44,67,60,54,,130,72,95,,65,69,,202,38,27,81,59,51,91,82,93,119,127,132,133,,154,167,569,50,48,37,46,10,22,,16,25,37,44,56,74,62,61,61,,6,,14,14,14,11,13,8,3,8,16,,,1,3,24,18,33,18,12,17,9,22,63,,85,63,70,69,69,68,84,99,61,,43,69,104,106,108,92,97,64,60,86,82,35,36,,69,75,,71,73,40,68,,,19,59,38,46,55,52,56,27,39,,,52,89,93,99,99,,86,136,124,62,77,161,64,,44,66,72,,,73,73,,55,53,55,,39,,56,40,,,32,39,,,67,66,30,,,60,56,32,28,64,72,39,48,42,35,36,40,22,15,23,27,70,65,45,54,43,39,26,40,,66,60,64,,56,86,70,44,26,26,40,50,42,46,35,103,,,,286,300,537,210,183,166,167,150,119,138,53,474,489,275,249,188,,,138,31,,24,46,46,,29,49,47,,44,44,44,,36,62,62,60,37,34,56,47,52,53,35,46,53,45,20,18,,15,34,31,40,83,54,,31,,48,,,,57,50,53,54,59,66,,35,,48,53,40,33,49,50,24,21,44,31,98,19,8,25,25,27,59,65,102,41,30,,22,34,38,22,26,35,17,76,29,38,40,32,44,58,,,14,16,15,16,12,42,60,42,41,46,54,46,43,101,36,,41,50,38,34,24,25,22,22,47,58,54,,99,110,108,,71,78,67,96,,77,88,55,,71,49,51,48,51,62,65,55,56,51,78,67,70,,57,51,47,53,39,,68,67,59,31,27,33,50,61,50,48,28,50,,52,39,38,,31,27,,50,14,37,28,,18,30,29,35,58,27,57,50,33,48,33,37,47,36,34,43,23,12,24,23,17,33,28,39,34,40,39,52,37,51,57,19,20,19,36,23,21,41,35,46,40,17,16,12,120,114,129,90,52,40,29,51,34,58,81,155,70,88,63,54,57,81,71,67,84,45,42,101,80,56,55,38,22,34,,29,72,31,26,26,13,37,36,33,79,70,58,74,60,132,,,37,42,35,,51,75,61,42,124,90,,68,73,53,,,,,42,51,59,57,52,33,28,66,,33,30,42,49,50,58,45,48,59,62,72,,,,,18,20,90,95,55,55,46,,36,62,53,64,89,17,40,28,84,81,34,81,59,64,,63,72,68,63,,97,57,42,103,,79,57,,35,3,,11,11,,,18,,3,,12,6,34,27,18,41,72,57,52,,20,26,32,17,,32,22,25,28,35,119,,123,112,36,44,722,703,,36,45,16,18,19,,83,90,43,,26,40,26,28,22,30,84,,65,30,,42,45,35,33,141,130,773,441,23,,32,21,21,87,59,21,38,78,67,,,62,63,60,3,,10,24,14,36,52,6,90,68,24,33,26,81,61,,86,95,37,45,23,,66,,24,,68,46,112,37,107,68,686,12,48,52,58,31,101,22,,,53,21,116,35,,53,43,53,47,,70,33,,,25,123,138,66,56,56,64,34,36,147,30,57,35,25,65,,36,55,,92,48,46,33,39,14,49,67,71,94,20,25,21,32,66,66,10,26,41,48,36,53,41,49,42,50,40,40,15,47,78,38,51,46,113,111,31,26,32,87,80,133,70,39,50,49,66,118,,54,19,63,74,28,48,26,,,43,75,57,48,38,6,64,44,59,151,103,47,40,45,32,90,28,30,,71,36,74,34,46,,491,72,24,62,31,64,61,55,81,23,52,45,68,79,34,9,,68,,75,44,52,46,64,95,136,119,103,93,100,92,42,61,74,51,75,57,144,,46,74,85,48,53,49,32,18,17,21,66,57,62,68,32,39,108,112,38,42,,165,133,119,115,108,102,63,56,37,36,56,33,41,47,26,48,32,83,131,83,55,62,10,57,78,36,9,102,39,34,51,44,78,89,52,56,60,,36,36,53,39,45,28,41,84,44,42,76,60,88,60,104,61,78,61,64,,114,28,36,59,30,28,51,42,88,93,35,79,64,65,76,51,21,58,70,76,38,67,45,18,,73,66,45,105,88,47,59,36,37,59,46,51,73,77,3,93,38,10,11,14,60,46,20,44,38,34,49,105,68,91,,112,87,38,52,85,37,60,15,,37,78,82,105,107,102,42,70,37,34,46,31,,56,,44,,12,78,42,55,38,61,70,72,52,,28,63,89,51,39,21,40,26,26,34,62,54,62,70,48,84,44,36,30,31,20,,42,,51,41,,35,76,60,72,85,96,167,38,,23,44,28,48,,,126,98,59,68,118,7,14,15,15,81,126,58,79,87,115,115,79,70,66,53,72,115,,87,,104,,101,104,57,53,29,130,56,47,104,57,7,29,2384,2118,64,44,89,113,102,177,78,62,56,61,78,81,48,35,38,,47,50,127,121,110,56,85,7,9,48,45,42,89,71,33,150,73,61,50,36,61,86,61,,37,29,46,22,63,72,118,61,60,52,27,45,37,36,67,68,39,69,112,52,106,32,31,9,47,34,78,38,41,29,74,48,116,37,92,32,107,53,51,50,10,9,66,63
20210423,1,PM10_24h,35,45,40,38,36,35,41,41,34,45,40,,,,45,,47,46,50,,50,,51,48,,42,39,,66,58,69,65,64,64,68,,38,43,,40,52,39,43,43,,40,,67,57,74,58,58,59,67,57,63,62,,65,66,73,33,28,36,25,27,57,48,,50,51,50,51,56,55,,55,68,55,60,69,,50,68,56,63,51,55,,,33,,,32,30,33,35,72,104,88,,85,76,89,97,93,,85,56,74,41,34,35,46,33,51,48,34,89,67,80,62,57,55,76,61,60,73,105,108,118,,125,114,124,101,99,122,119,111,58,48,49,51,51,,54,42,51,44,65,55,53,57,74,38,59,67,54,49,,48,55,56,45,48,48,40,41,43,45,42,27,,,,61,38,,52,59,53,,,,61,,48,52,65,41,51,49,40,52,77,,,,81,71,,51,56,72,50,56,,50,56,45,40,43,36,45,33,,34,,42,44,,61,54,,69,54,59,,74,73,68,37,44,38,38,,,28,38,46,52,54,70,38,,56,,,56,,82,65,,50,43,58,36,37,39,,60,57,65,64,56,42,52,33,47,56,38,39,53,58,61,53,44,46,33,,50,45,51,52,36,39,49,30,34,13,,33,29,22,,24,62,73,72,,72,72,69,71,22,,,26,24,24,29,24,24,58,65,53,62,60,60,66,62,50,26,28,30,30,27,26,28,,28,29,23,18,22,21,21,20,16,24,22,17,84,78,,73,81,70,90,78,112,78,69,53,56,53,57,45,74,,35,42,47,82,54,54,48,52,71,70,73,63,,48,90,74,53,61,53,47,57,58,56,60,,,79,73,82,83,79,80,61,62,58,57,50,67,44,43,43,38,41,46,53,51,25,28,30,30,30,25,,49,36,60,57,49,58,54,,,30,55,55,51,58,,123,127,97,101,,,140,60,54,69,78,60,80,,67,71,70,,54,47,103,77,88,86,21,40,55,27,51,31,68,63,102,66,71,60,57,98,,55,56,93,69,,64,36,58,48,,,,48,48,,,,68,67,43,33,35,43,37,,46,26,21,28,29,24,21,22,26,29,27,52,20,25,19,44,,52,41,46,44,42,44,42,42,49,,85,69,74,72,65,64,74,59,44,37,47,56,40,40,44,44,46,35,,38,,33,33,29,30,52,,66,68,,,49,39,36,64,,63,88,56,,47,52,49,48,34,49,32,32,42,46,,,,51,,43,57,,51,61,57,57,19,21,30,36,41,48,,30,,,70,,69,65,71,59,56,54,59,66,,32,30,31,32,36,36,41,51,47,53,61,59,66,43,46,48,64,64,63,44,,49,81,76,,67,68,,69,66,71,65,39,,58,56,,,52,62,,51,,36,48,54,52,82,83,,82,97,,44,44,,45,,71,49,65,,52,49,46,43,43,,57,68,61,88,78,61,33,107,81,82,82,72,112,49,83,74,52,22,68,41,61,45,44,58,64,88,74,77,71,52,125,120,125,,122,181,214,169,225,131,69,61,49,72,58,47,51,47,,54,51,57,,52,48,50,45,40,,47,48,8,,69,,66,102,81,77,56,61,60,,,,55,,50,,96,89,89,,83,78,82,59,52,,45,,51,47,54,46,45,43,,24,27,25,24,24,20,,29,,,24,25,26,16,8,38,67,52,56,30,35,27,34,38,42,41,45,52,45,28,28,42,64,83,82,73,72,100,78,71,,47,65,50,52,47,55,52,50,,,,,66,77,,97,36,49,49,59,44,37,26,29,36,30,37,67,62,49,48,39,,51,63,75,,36,36,,52,52,52,66,54,61,67,66,73,46,51,51,60,,128,132,208,71,47,38,42,21,23,,50,39,97,114,118,49,38,62,62,,22,,20,19,19,24,21,26,23,19,22,,,24,21,39,18,29,34,29,28,28,29,51,,60,52,52,47,47,44,52,52,56,,68,83,54,60,59,51,50,53,51,67,66,33,35,,78,78,,56,53,39,55,,,21,48,32,40,46,29,27,28,30,,,80,80,89,90,84,,88,45,47,39,48,57,42,,42,47,48,,,47,49,,41,42,47,,44,,62,54,,,46,60,,,59,61,38,,,73,75,40,37,51,53,43,49,68,41,48,41,46,58,57,73,80,81,80,77,29,25,30,29,,63,53,65,,70,69,79,66,59,46,73,64,57,66,52,130,,,,257,306,343,245,240,201,178,128,177,186,98,851,528,722,540,521,,,288,116,,110,178,152,,91,51,53,,50,55,50,,57,61,57,57,37,36,43,36,59,65,60,59,57,51,38,37,,27,36,39,32,65,60,,32,,35,,,,46,43,37,45,35,38,,44,,47,44,48,39,33,41,50,30,46,45,58,37,14,28,29,29,63,63,74,53,40,,38,32,35,35,35,36,10,46,29,31,34,34,40,44,,,23,27,28,27,24,45,59,53,52,59,57,44,37,43,40,,40,45,37,42,42,38,41,36,53,58,57,,93,82,86,,80,71,78,52,,55,52,45,,50,54,56,58,54,47,44,46,44,42,37,39,44,,62,61,60,29,44,,40,44,48,33,26,32,35,41,43,40,34,35,,34,32,36,,30,24,,28,15,23,20,,27,20,24,28,37,35,31,31,26,30,36,31,38,31,41,39,36,29,37,32,31,40,41,43,45,44,41,47,40,42,51,11,17,16,25,29,14,20,20,23,22,11,19,15,59,50,72,62,53,39,47,35,36,50,66,68,72,57,47,49,48,67,57,57,58,41,52,82,49,43,60,49,28,35,,29,58,46,34,45,39,57,53,52,70,75,75,69,46,84,,,34,31,35,,43,43,42,37,57,58,,51,29,49,,,,,40,47,51,53,45,22,26,39,,23,30,39,49,46,68,50,55,64,59,71,,,,,22,15,67,65,55,54,33,,37,64,58,54,56,22,43,32,71,72,62,72,47,49,,63,67,60,61,113,81,52,48,96,,65,67,,29,5,,33,44,20,,46,,10,,23,17,21,32,26,32,36,43,35,,15,25,23,23,,41,36,15,28,33,111,,125,113,26,28,192,201,,31,28,24,27,12,,79,73,39,,37,39,35,28,39,26,83,,57,74,,86,30,26,26,818,651,303,266,15,,33,32,31,71,82,248,106,124,106,,,28,30,27,26,,9,36,36,44,57,40,76,76,37,54,43,78,47,,50,94,49,48,35,61,60,,23,,45,54,129,29,75,72,246,10,62,121,87,38,72,15,,,53,60,72,47,,69,69,84,34,,48,45,,,27,73,85,38,45,59,50,26,25,77,28,61,49,55,38,,49,45,,85,76,72,65,11,32,75,38,65,57,24,26,25,44,77,79,42,40,44,60,40,27,54,53,56,60,53,53,20,37,69,52,55,45,84,68,28,31,32,60,51,85,38,39,32,53,51,96,,36,39,43,79,34,31,23,,,58,55,61,44,33,18,38,68,67,142,89,41,52,41,41,54,66,38,,80,55,44,80,72,,167,56,33,45,43,45,48,45,62,37,51,45,47,66,47,41,,54,,48,33,35,51,44,74,95,98,80,92,80,71,49,60,67,54,76,48,83,,51,84,81,70,47,50,27,28,40,47,71,42,70,40,37,38,85,94,43,46,,105,82,138,97,196,313,34,53,42,27,59,36,32,46,24,38,33,108,106,75,76,68,18,56,51,28,38,50,28,19,68,57,57,82,51,68,76,62,23,36,37,22,28,24,40,47,59,39,52,67,58,39,54,46,54,45,46,,49,32,37,49,39,53,64,47,61,76,60,49,55,52,52,44,15,42,40,33,41,42,30,37,,76,61,54,85,55,51,56,47,42,49,48,55,84,62,17,75,54,36,34,26,53,48,50,45,34,24,46,61,50,61,,97,99,58,53,191,63,38,18,,52,61,79,80,80,66,64,73,48,52,30,31,,39,,39,,26,24,53,67,60,48,54,39,42,,26,54,81,39,32,40,39,39,63,36,50,48,58,46,42,59,38,27,32,40,34,,41,,35,33,,30,66,45,70,66,84,69,51,,47,62,48,32,,,89,51,57,74,65,36,41,41,46,58,84,45,66,57,98,85,60,66,60,55,56,68,,57,,84,,81,57,56,56,22,57,37,50,51,72,20,29,1311,1327,42,44,60,68,81,89,64,60,62,68,77,83,44,67,76,,52,44,94,77,315,79,75,21,20,50,46,25,53,57,85,67,36,57,35,23,58,46,55,,105,110,27,85,44,39,80,47,51,43,31,47,34,34,80,44,76,45,274,60,98,20,48,39,48,36,43,33,38,34,59,43,73,74,237,52,138,40,54,63,10,19,68,39
20210423,1,SO2,3,3,3,3,3,2,3,3,1,4,1,,,,5,,5,6,5,,4,,4,5,,6,2,,4,9,3,7,2,8,10,,4,9,,6,11,6,10,3,,3,,12,5,5,13,30,22,10,15,22,5,,7,8,5,3,6,8,5,6,4,6,,6,3,6,3,13,11,,1,4,4,3,9,,5,12,8,9,8,5,,,5,,,6,6,7,7,8,14,16,,12,9,12,11,6,,11,4,4,4,9,4,9,8,7,4,4,10,5,6,9,7,5,6,7,11,6,19,23,22,,16,12,13,16,12,23,17,14,5,6,4,8,6,,4,8,7,8,11,3,10,4,5,1,5,,1,6,,2,4,4,6,5,16,6,8,14,15,10,7,,,,8,6,,7,13,6,,,,3,,13,7,7,6,7,6,9,5,6,,,,3,7,,5,3,5,3,4,,6,4,2,9,5,4,3,3,,5,,6,4,,4,5,,5,6,3,,5,4,6,6,9,4,10,,,4,7,9,5,3,6,5,,4,,,2,,10,9,,4,3,4,4,4,5,,5,4,5,4,5,6,5,5,4,5,5,4,5,5,8,8,3,5,2,,5,6,4,4,2,2,5,3,4,2,,5,2,4,,8,6,6,5,,5,4,6,7,5,,,5,4,4,6,4,4,6,7,5,4,4,5,8,6,6,6,6,5,5,6,7,4,,4,6,8,4,3,6,5,7,6,8,5,9,9,11,,12,10,12,7,9,6,6,6,4,6,9,5,6,6,,6,5,5,10,13,21,8,6,7,6,6,9,,7,14,14,7,6,4,5,5,8,6,8,,,11,8,7,12,12,12,10,24,16,11,7,15,6,5,9,6,4,9,6,10,4,2,3,3,4,10,,7,7,9,9,9,11,5,,,8,5,4,4,5,,18,10,8,7,,,14,4,7,7,8,10,7,,5,8,7,,9,29,14,15,21,27,3,5,4,4,4,5,12,6,5,8,5,7,5,8,,6,7,5,8,,6,4,6,7,,,,9,4,,,,9,8,5,5,3,5,4,,5,6,2,5,5,5,6,5,6,5,6,4,5,5,3,9,,12,9,14,20,8,9,7,6,8,,5,7,7,10,11,8,6,10,9,8,86,8,10,11,4,4,3,4,,2,,5,4,4,5,2,,4,6,,,9,4,5,6,,1,7,6,,60,24,22,7,5,9,6,5,9,10,,,,7,,8,8,,6,7,6,9,5,7,4,3,3,4,,5,,,5,,11,6,5,5,7,7,10,9,,6,6,11,7,6,6,5,7,6,5,4,5,26,9,8,9,6,6,6,5,,5,4,6,,11,10,,5,7,8,6,6,,6,12,,,5,4,,6,,19,20,13,15,9,9,,10,9,,4,7,,5,,4,6,5,,8,8,6,15,5,,5,6,7,5,7,5,5,16,21,13,13,9,14,12,10,17,4,9,11,8,6,13,16,6,15,16,12,14,12,6,3,8,5,,4,8,8,10,7,6,2,5,7,11,6,5,3,4,,13,5,9,,6,9,7,6,11,,12,6,4,,3,,4,3,4,2,5,14,9,,,,6,,5,,6,4,6,,7,6,7,5,4,,5,,6,7,5,7,6,6,,13,8,14,5,5,7,,7,,,5,3,2,1,2,4,4,4,6,15,7,5,5,4,5,5,6,7,5,3,4,5,11,14,3,8,9,5,5,5,,49,9,38,8,6,14,15,16,,,,,3,5,,5,3,8,5,3,1,13,6,5,6,7,5,4,4,6,6,6,,4,96,8,,3,2,,10,5,4,5,4,4,5,4,3,23,15,8,6,,30,197,75,14,9,6,5,1,4,,5,3,4,4,1,36,8,4,4,,5,,8,5,5,4,4,7,6,9,4,,,5,10,11,12,6,4,3,3,4,4,6,,8,6,5,6,8,8,6,8,6,,3,4,12,10,9,9,6,9,7,5,5,6,7,,4,5,,2,4,6,7,,,5,4,6,4,5,6,8,6,5,,,2,6,4,5,4,,4,8,13,8,7,14,8,,7,6,4,,,3,4,,11,8,14,,10,,9,10,,,5,5,,,10,8,15,,,2,4,6,7,5,6,5,13,12,17,50,10,13,8,9,8,4,4,3,5,8,9,6,7,,6,8,15,,16,15,15,10,4,4,10,8,6,7,10,9,,,,18,23,13,10,17,14,10,10,13,9,6,28,15,18,16,13,,,7,3,,4,8,9,,8,7,6,,4,8,9,,6,5,3,6,4,1,1,6,6,14,5,21,12,9,5,5,,4,3,3,6,6,5,,3,,7,,,,5,4,6,5,5,4,,8,,11,6,6,6,5,6,3,3,2,6,4,4,,5,1,4,4,6,7,2,4,,3,3,9,7,6,8,10,13,13,13,6,19,20,30,,,7,9,7,5,7,4,4,4,6,9,10,13,15,12,8,,10,10,8,5,5,7,5,3,12,29,28,,4,9,6,,10,8,7,5,,3,5,8,,5,14,17,7,21,9,8,8,8,8,3,3,2,,5,10,5,13,10,,10,18,7,3,4,5,5,8,4,10,4,3,,4,5,4,,4,4,,5,11,7,7,,7,5,5,6,7,6,19,14,9,11,8,8,9,6,8,9,1,2,2,1,1,6,5,5,5,4,8,22,6,10,25,3,7,5,4,1,3,3,4,3,3,6,11,7,37,12,12,8,8,8,8,7,14,7,4,3,8,5,3,8,4,29,24,6,7,9,6,7,15,11,9,6,6,10,,6,2,11,11,9,4,8,5,8,5,7,4,8,9,11,,,6,11,6,,7,21,16,12,7,6,,5,6,8,,,,,5,5,7,6,6,12,15,13,,6,5,22,18,17,12,2,3,5,4,5,,,,,3,5,7,8,6,10,4,,4,6,5,8,7,5,6,7,6,6,11,11,11,13,,10,10,5,4,9,11,5,7,5,,14,8,,17,8,,8,4,6,,4,,8,,11,8,5,5,6,7,7,14,13,,5,14,18,7,,6,9,8,8,3,10,,5,9,5,3,4,3,,5,5,4,14,18,,6,6,2,,11,3,16,15,9,17,9,,5,10,,10,3,3,5,4,5,2,2,5,,5,2,10,4,4,5,3,5,3,,,8,5,7,5,,2,4,4,2,5,3,8,10,5,2,3,6,7,,13,12,9,4,6,10,2,,6,,7,5,13,8,31,14,58,9,7,8,10,6,4,4,,,4,6,6,4,,3,10,8,8,,3,5,,,8,12,3,6,10,6,6,7,8,7,3,5,11,8,6,,6,4,,6,8,4,7,2,12,4,4,6,6,5,6,2,3,10,17,7,14,4,2,3,8,2,10,6,6,5,4,6,13,5,7,10,5,8,10,8,8,8,14,6,12,26,11,5,7,9,6,,4,4,3,8,13,4,4,,,7,6,10,6,6,8,9,3,6,9,7,19,6,9,3,5,3,3,,10,6,9,13,11,,25,2,5,4,1,5,4,2,4,6,2,13,16,14,8,8,,12,,2,2,4,5,10,6,8,6,7,14,15,8,6,5,5,8,8,6,11,,8,9,7,8,6,2,6,1,11,8,7,2,7,4,2,5,7,6,5,6,,4,2,9,10,12,11,15,36,6,9,8,9,10,8,8,10,8,12,9,10,7,8,4,13,12,3,4,7,4,5,1,3,6,8,4,8,9,4,4,7,6,7,5,6,8,6,7,2,3,22,11,5,5,8,6,29,2,,5,3,3,11,20,3,6,2,6,4,3,9,6,6,8,6,9,4,3,3,3,8,5,5,,7,7,6,11,5,6,6,6,6,6,4,6,4,7,10,16,2,2,5,8,7,5,5,3,3,5,4,5,6,4,,2,6,16,16,7,12,10,7,,7,10,8,7,9,16,8,8,6,5,2,8,,12,,7,,5,9,5,6,6,10,13,6,10,,8,19,5,8,7,7,4,6,6,6,14,4,8,8,10,11,6,3,5,7,11,,5,,7,3,,6,10,8,18,3,5,5,4,,6,28,6,10,,,5,11,4,13,3,3,3,2,5,10,3,9,5,4,5,8,3,5,5,8,6,6,,26,,18,,2,8,25,15,4,5,8,8,8,5,6,6,4,6,2,9,8,11,4,17,5,9,7,15,10,8,7,8,10,,27,5,3,2,14,6,6,4,6,14,8,8,6,7,10,20,4,6,4,8,4,7,7,,3,5,10,2,4,2,6,3,3,4,3,1,3,16,5,8,4,11,14,36,5,6,4,6,2,3,3,2,6,5,8,5,5,3,6,9,7,7,12,7,8,7,6,8
20210423,1,SO2_24h,2,2,2,2,3,4,2,3,2,3,2,,,,6,,6,7,6,,5,,4,4,,6,2,,5,8,3,6,1,8,7,,5,11,,7,13,6,10,5,,3,,7,3,5,7,11,5,8,8,10,6,,8,8,6,6,8,11,7,7,6,6,,6,6,8,4,11,8,,5,5,5,5,7,,6,7,5,6,5,6,,,6,,,6,8,8,7,15,26,26,,22,15,20,19,15,,21,6,5,4,10,5,8,8,8,4,6,10,6,7,10,8,7,8,8,12,8,19,23,19,,21,15,18,22,14,24,17,16,5,5,4,9,6,,3,8,8,7,11,5,8,4,6,2,3,5,2,7,,3,6,4,6,7,7,2,5,10,11,9,7,,,,8,6,,6,10,4,,,,6,,6,4,4,5,6,5,6,4,7,,,,9,7,,5,6,7,3,4,,7,4,12,6,4,9,2,2,,5,,4,4,,5,5,,5,6,3,,5,3,5,6,9,4,6,,,5,8,8,5,4,6,7,,4,,,4,,9,8,,4,4,4,4,4,6,,6,4,6,6,6,6,5,6,4,5,5,3,6,5,8,9,3,5,3,,6,6,4,4,3,4,12,3,7,2,,5,3,4,,5,7,8,7,,8,6,7,8,5,,,5,4,5,6,4,4,7,7,6,5,5,6,8,6,7,6,6,5,5,6,7,6,,4,6,8,3,3,5,4,6,4,7,5,7,10,11,,8,9,9,8,10,7,7,7,4,6,8,6,7,5,,6,5,5,8,6,8,7,6,8,6,7,8,,7,13,11,6,5,5,5,6,9,6,8,,,11,9,8,10,12,11,10,11,15,15,12,14,5,4,8,5,3,8,5,9,4,2,3,3,4,10,,6,7,9,10,8,11,5,,,7,5,4,3,7,,10,9,7,6,,,14,7,6,7,9,10,6,,5,7,7,,10,14,12,9,22,18,3,4,5,4,5,5,12,7,6,10,8,8,6,8,,9,6,6,7,,6,4,6,7,,,,10,16,,,,14,16,5,4,3,6,4,,4,6,2,5,3,5,4,5,5,5,4,2,4,4,5,9,,17,10,12,15,9,9,7,6,7,,13,9,7,13,12,9,9,11,11,8,34,6,9,8,5,5,4,5,,3,,5,4,3,5,4,,5,7,,,11,5,6,7,,3,7,7,,14,11,14,7,5,9,8,6,10,13,,,,6,,7,8,,6,8,7,10,5,4,3,4,4,5,,6,,,10,,11,9,6,9,11,10,16,12,,4,5,6,6,4,6,6,5,7,6,6,7,9,9,8,9,7,7,8,5,,5,7,8,,16,15,,8,11,12,7,9,,18,10,,,5,3,,7,,16,12,13,14,9,9,,10,10,,3,6,,5,,8,8,10,,11,10,9,16,8,,9,9,11,10,11,8,6,24,16,15,15,12,23,11,13,36,6,8,12,14,10,12,16,10,12,13,9,12,10,5,3,7,5,,4,10,15,10,25,6,3,5,7,10,6,6,4,4,,10,4,14,,8,7,6,6,7,,6,5,4,,3,,4,3,3,2,5,7,8,,,,7,,6,,5,4,6,,8,6,8,4,2,,4,,6,7,5,7,5,5,,9,8,11,6,5,8,,7,,,5,3,2,1,2,4,5,4,7,10,6,5,4,4,5,4,5,7,5,4,5,6,12,17,11,14,13,9,11,8,,24,32,17,8,11,14,13,14,,,,,6,6,,7,6,6,8,3,2,10,11,6,6,7,7,6,8,6,6,7,,5,15,6,,3,2,,5,5,4,5,4,4,5,4,4,8,10,7,5,,39,108,14,25,20,15,8,1,4,,5,3,3,5,1,15,7,5,5,,5,,8,5,5,4,4,8,6,9,6,,,6,10,8,9,7,5,4,4,6,6,7,,8,6,5,7,7,8,5,5,7,,5,5,10,8,8,9,7,8,7,7,6,5,7,,6,5,,3,5,13,21,,,4,4,5,4,5,6,4,6,5,,,6,6,4,5,4,,4,5,7,9,7,8,7,,6,6,8,,,4,5,,10,8,12,,12,,14,17,,,9,4,,,11,9,18,,,4,5,6,8,7,8,6,18,18,10,25,14,12,15,14,14,6,9,8,10,8,9,7,10,,7,9,14,,20,19,14,12,5,5,11,9,7,8,9,14,,,,21,21,15,14,21,12,11,8,22,19,8,27,18,22,23,26,,,23,5,,6,14,13,,9,9,8,,10,7,11,,6,5,3,6,3,1,2,6,8,13,6,13,11,9,5,7,,5,3,3,6,6,6,,4,,7,,,,5,4,6,6,4,4,,8,,9,7,6,5,4,6,4,3,6,8,7,6,3,5,4,6,8,9,10,5,4,,4,4,7,8,19,8,15,14,12,13,7,8,10,12,,,3,12,10,7,8,4,8,6,3,17,7,9,10,6,15,,9,12,10,11,9,9,8,7,25,26,31,,11,13,9,,12,9,10,5,,3,4,8,,6,6,8,5,8,8,7,8,7,8,2,3,3,,5,6,5,10,10,,8,12,7,3,4,8,6,6,7,8,5,6,,4,4,3,,5,4,,9,6,7,6,,7,5,6,6,7,7,13,6,6,9,16,12,11,8,11,11,2,2,2,6,1,6,7,7,7,7,9,10,6,6,10,3,6,6,5,2,3,3,4,2,3,6,11,8,12,8,8,8,10,9,11,7,7,8,5,5,8,5,4,16,13,21,18,8,9,10,6,8,22,8,13,8,12,10,,14,8,12,12,10,8,11,9,11,6,10,6,9,10,12,,,8,13,10,,7,17,16,13,6,7,,6,6,9,,,,,6,5,7,7,6,12,13,11,,8,10,14,12,10,11,3,3,5,4,5,,,,,4,7,11,12,6,10,3,,5,7,6,8,9,5,6,8,6,6,11,10,13,14,,11,9,10,4,9,10,5,8,7,,29,8,,13,8,,10,6,4,,4,,8,,10,8,6,7,7,8,4,10,8,,5,9,10,10,,28,18,8,9,9,8,,4,6,3,5,6,5,,5,5,4,14,16,,6,6,13,,13,6,17,22,12,18,11,,9,12,,13,5,3,5,4,6,11,11,5,,6,4,10,5,5,5,3,5,5,,,6,4,4,4,,1,4,5,3,10,5,9,9,5,4,6,5,7,,12,22,11,6,6,10,4,,6,,8,6,16,8,16,13,21,9,7,18,18,10,6,4,,,5,6,6,5,,9,15,14,8,,3,6,,,7,11,5,6,8,6,5,8,6,7,3,6,13,9,6,,7,4,,7,17,5,12,3,15,4,4,6,4,9,4,4,3,12,25,10,14,4,3,3,8,4,7,8,8,6,6,5,14,7,8,10,5,7,10,6,9,5,5,6,12,16,13,4,7,9,5,,4,5,4,8,12,3,4,,,7,5,9,6,4,8,5,5,8,7,8,9,7,9,5,5,7,4,,14,7,9,17,19,,22,2,5,4,2,5,4,3,5,6,2,14,11,19,11,9,,8,,3,2,3,6,5,8,8,7,7,12,9,8,6,4,5,8,8,9,8,,8,8,7,10,6,4,6,3,12,9,6,2,8,4,3,5,7,6,6,7,,5,2,9,8,38,25,11,11,11,8,9,12,10,8,7,8,8,7,7,10,11,8,4,4,7,5,8,8,4,5,3,4,6,8,8,11,31,6,17,7,5,8,5,6,7,6,7,5,4,19,7,5,4,7,5,17,2,,6,2,2,12,23,3,7,3,7,5,3,7,7,5,6,3,8,5,3,2,4,8,4,5,,7,9,6,9,4,6,8,11,7,6,5,6,5,8,12,11,4,5,6,8,7,6,6,4,3,4,4,6,6,9,,5,7,6,6,50,11,10,6,,9,12,8,8,7,15,8,8,11,6,2,10,,7,,7,,6,4,7,8,6,10,13,7,15,,7,25,6,8,7,7,4,6,10,6,11,3,9,10,16,12,6,2,5,12,9,,5,,6,2,,6,9,5,14,3,6,6,4,,7,24,15,6,,,7,8,2,8,2,3,7,9,7,8,8,8,4,5,6,9,5,10,6,9,6,7,,3,,14,,2,6,20,10,5,4,9,8,7,6,7,6,6,8,3,10,5,13,3,21,5,8,10,8,11,8,12,17,22,,14,4,2,2,20,9,8,4,6,9,7,8,6,11,13,8,3,6,4,8,4,7,7,,4,10,9,3,5,3,4,5,2,3,2,2,3,11,6,6,6,10,38,24,7,6,7,7,2,2,2,3,7,5,8,5,6,7,11,10,11,6,11,7,8,6,10,8
20210423,1,NO2,22,15,34,20,33,27,61,37,14,32,64,,,,16,,18,15,17,,15,,23,32,,13,13,,24,24,40,30,23,26,14,,14,20,,23,18,12,7,13,,16,,33,40,28,53,71,48,43,32,56,41,,32,23,36,31,10,14,10,10,26,29,,31,23,15,20,29,29,,17,43,24,25,98,,10,36,33,49,59,56,,,23,,,53,20,29,17,15,28,23,,16,36,17,27,17,,24,16,17,6,9,10,14,12,6,8,10,56,31,49,52,51,32,35,56,21,32,42,46,24,,48,34,42,48,49,28,20,52,62,75,70,81,46,,69,20,34,42,28,21,5,23,6,16,12,,2,38,,43,56,46,33,71,58,80,96,79,74,66,26,,,,20,14,,17,44,27,,,,18,,31,71,47,28,63,54,59,81,62,,,,59,53,,9,31,34,35,30,,38,18,26,28,17,31,25,34,,27,,16,19,,67,36,,97,21,73,,82,87,72,16,68,57,72,,,12,36,48,49,42,57,30,,48,,,58,,80,78,,9,6,15,12,5,11,,33,47,33,39,23,12,14,34,18,23,19,15,17,16,20,20,23,16,18,,33,32,32,30,18,7,18,29,31,9,,23,24,6,,20,16,13,8,,15,9,12,16,8,,,18,16,5,12,6,19,62,60,36,58,71,33,65,77,28,17,35,16,24,37,27,21,,13,23,38,21,28,22,17,19,17,19,24,10,55,53,,74,84,58,123,58,72,74,47,16,25,40,16,23,103,,34,42,91,38,29,42,20,7,50,29,43,33,,8,82,53,19,16,14,14,20,17,11,19,,,55,43,41,40,55,61,58,74,74,51,17,38,14,14,13,11,13,24,31,32,11,9,42,8,6,10,,64,26,70,49,49,64,42,,,29,82,50,62,69,,41,37,30,34,,,33,4,8,34,5,10,7,,18,22,8,,27,36,98,44,65,74,3,3,4,3,10,2,48,59,43,47,53,42,78,42,,27,68,53,57,,61,18,52,54,,,,16,9,,,,26,16,26,18,9,16,15,,15,16,29,22,16,19,28,35,25,25,29,4,17,37,6,49,,67,68,38,50,16,31,22,24,46,,50,36,40,10,6,10,9,18,16,25,28,33,26,42,20,14,11,24,,13,,31,34,36,31,21,,12,21,,,12,14,21,14,,19,20,16,,25,15,13,32,8,8,10,9,9,8,,,,16,,15,18,,44,35,20,46,20,19,21,8,12,18,,13,,,61,,52,25,44,14,12,12,14,13,,13,9,24,5,19,3,10,23,18,17,30,31,53,8,8,10,60,41,49,8,,16,48,32,,12,12,,12,11,10,16,12,,26,20,,,50,47,,15,,26,24,40,36,14,8,,16,13,,50,58,,43,,34,18,24,,34,18,6,7,9,,15,9,32,6,10,4,5,21,29,22,30,17,32,15,10,16,16,11,12,26,20,27,25,21,32,38,30,22,28,13,9,13,10,,7,21,14,22,26,25,10,12,12,10,12,17,17,22,,25,25,25,,12,21,25,33,22,,34,30,2,,51,,46,49,23,39,52,45,56,,,,41,,35,,14,26,7,,46,59,53,15,19,,19,,26,30,16,25,38,43,,61,61,47,20,55,13,,37,,,7,19,10,5,8,11,15,9,12,11,7,5,6,25,34,42,35,37,37,3,5,13,45,42,48,21,49,26,35,29,,55,9,32,10,17,58,34,33,,,,,35,55,,47,15,16,11,18,4,10,7,5,9,5,8,29,16,51,35,28,,36,32,55,,54,55,,77,5,21,50,31,28,49,46,50,74,69,72,69,,12,22,32,12,22,11,21,5,8,,19,7,4,8,4,9,13,15,15,,7,,15,18,18,21,16,3,3,16,8,,,5,10,10,11,19,15,11,7,6,7,49,,65,72,63,63,58,62,74,87,74,,13,28,78,72,73,50,46,38,37,39,40,45,26,,38,28,,34,41,14,37,,,34,22,19,22,34,35,15,21,15,,,23,15,15,16,22,,14,76,78,35,55,74,19,,26,28,10,,,15,10,,16,28,83,,66,,8,11,,,14,12,,,6,11,5,,,11,11,26,27,5,5,5,49,12,8,11,31,14,13,31,16,33,31,29,17,16,11,11,16,,10,15,20,,22,36,33,20,9,11,6,21,7,5,5,35,,,,43,46,91,44,28,30,24,27,22,20,9,113,66,61,42,31,,,21,8,,10,9,11,,8,16,34,,22,40,26,,13,10,15,14,29,5,13,11,37,20,32,31,36,19,10,11,,5,11,12,9,16,16,,12,,16,,,,5,16,18,12,34,17,,13,,23,23,32,26,22,34,10,19,34,27,39,15,3,23,18,15,27,38,41,38,12,,15,8,24,17,22,28,12,19,24,31,13,26,22,28,,,14,13,14,12,15,4,16,11,15,6,11,13,15,10,17,,19,16,16,5,6,9,10,5,21,20,51,,27,72,67,,36,27,22,33,,32,64,28,,56,22,24,15,17,12,16,15,17,21,33,36,27,,17,16,15,42,16,,41,37,7,9,11,14,18,22,17,23,35,18,,51,25,40,,11,21,,8,2,23,17,,14,13,25,6,38,18,13,22,7,16,11,9,8,8,6,12,5,17,15,21,19,17,14,9,8,7,11,13,11,13,17,3,4,11,5,4,4,10,9,12,10,1,5,4,46,54,52,42,50,10,27,45,39,34,38,31,31,24,11,11,14,11,14,35,33,14,22,33,34,33,11,18,38,54,,30,16,8,6,7,12,14,9,14,22,18,20,23,38,54,,,8,13,6,,26,41,39,41,54,50,,42,33,33,,,,,12,22,19,24,19,27,18,45,,72,5,7,12,14,14,5,7,5,6,5,,,,,2,8,23,55,8,12,30,,2,7,7,28,31,5,7,6,28,77,10,12,17,25,,10,9,8,9,16,58,18,7,25,,29,17,,15,5,,5,18,5,,5,,4,,4,5,6,9,8,34,73,82,45,,5,6,10,19,,35,22,7,22,14,16,,19,15,22,22,6,6,,11,8,23,24,17,,36,39,16,,12,6,12,24,11,15,18,,16,11,,19,14,14,15,12,14,7,6,5,,8,3,9,13,23,4,4,3,2,,,14,11,15,6,,15,14,18,5,10,8,20,51,34,16,14,37,24,,82,22,9,30,68,81,38,,20,,16,22,25,14,80,59,26,11,13,13,25,17,62,9,,,25,14,54,12,,16,15,15,12,,20,47,,,45,57,66,25,18,13,36,22,31,56,15,79,26,45,42,,16,32,,60,9,5,10,4,21,9,12,8,17,13,17,18,13,15,19,16,15,12,14,10,42,18,10,5,9,4,4,9,15,34,6,85,29,25,58,17,24,20,28,56,62,41,14,27,15,40,28,,26,6,16,38,9,40,24,,,43,22,24,23,26,3,35,18,36,13,56,25,15,27,9,37,17,16,,18,54,46,19,29,,16,56,44,72,26,32,58,53,64,30,22,17,66,11,12,11,,22,,20,45,35,17,40,51,96,84,91,70,68,71,13,76,45,18,29,33,96,,28,22,59,14,25,23,27,24,15,20,12,15,14,19,16,13,31,20,39,34,,42,34,14,13,17,22,34,29,11,15,28,6,22,63,10,63,22,31,36,27,12,28,6,21,14,12,16,18,31,29,17,19,39,36,15,19,51,4,20,26,20,5,10,4,16,57,14,12,32,17,89,34,67,50,50,44,14,,14,21,17,35,10,16,34,21,66,22,23,29,53,47,62,74,35,36,40,7,21,22,22,5,,45,14,20,90,46,7,46,6,9,33,2,16,48,67,13,46,35,14,20,15,23,26,26,15,14,16,29,79,37,55,,31,9,17,28,21,5,27,17,,32,18,25,46,23,55,37,33,13,14,36,15,,20,,37,,5,27,14,31,19,17,15,28,27,,13,10,22,30,16,10,18,16,24,14,18,16,26,32,8,14,3,24,3,12,8,,28,,48,6,,10,27,13,36,22,30,41,46,,52,33,16,1,,,84,58,32,68,49,9,20,40,21,27,46,41,42,69,68,43,59,38,36,42,68,37,,35,,21,,33,67,51,20,32,66,49,32,63,18,5,5,4,8,45,32,36,49,12,10,29,40,18,34,46,52,28,12,35,,37,18,44,43,27,15,38,14,10,16,20,15,43,16,21,100,54,19,12,24,87,85,46,,6,6,58,1,10,68,37,9,38,25,34,13,43,35,18,33,11,74,49,30,48,22,9,13,24,12,59,27,40,35,11,23,66,8,29,8,23,58,21,39,5,2,12,11
20210423,1,NO2_24h,26,21,28,27,36,26,35,27,19,27,34,,,,28,,28,27,27,,29,,41,26,,27,23,,27,20,28,19,18,26,15,,31,40,,39,40,28,30,38,,34,,29,20,26,25,31,26,25,22,30,22,,22,22,27,31,23,28,15,18,27,30,,30,27,20,26,21,23,,19,25,29,26,41,,18,31,30,35,33,30,,,19,,,22,18,23,15,24,39,39,,29,35,34,42,43,,38,37,47,20,24,22,33,24,12,28,17,48,34,43,34,38,17,22,36,29,36,27,31,27,,32,36,46,35,37,28,24,39,31,42,34,38,33,,34,19,26,27,41,41,23,43,37,32,32,37,33,31,,46,46,43,38,49,44,38,54,39,37,44,15,,,,27,21,,18,30,25,,,,43,,20,49,43,17,48,41,28,60,45,,,,42,44,,12,32,31,36,32,,39,17,27,23,18,28,21,26,,19,,19,19,,41,32,,57,23,42,,51,57,44,29,38,30,40,,,14,31,27,41,33,47,30,,25,,,55,,41,39,,23,24,35,22,14,22,,29,35,28,37,31,13,18,20,27,33,29,18,26,26,34,32,38,22,12,,23,21,18,20,13,20,27,27,47,16,,23,24,6,,16,37,32,35,,36,32,38,27,10,,,20,19,11,14,14,16,26,23,20,27,26,24,25,34,18,23,24,26,35,32,28,26,,18,14,25,17,22,12,11,20,17,13,20,10,43,38,,52,58,39,53,44,71,49,33,15,27,33,28,26,39,,12,18,27,29,18,24,14,15,33,28,29,30,,13,52,37,17,19,17,13,17,22,22,19,,,42,36,48,28,27,32,23,25,42,33,23,25,12,13,14,9,10,22,24,25,10,12,13,7,8,13,,38,31,44,46,35,44,35,,,31,55,52,37,46,,46,52,53,44,,,71,17,13,29,11,12,15,,24,26,13,,25,12,45,45,46,48,9,6,11,9,19,6,35,48,39,46,45,46,39,45,,30,32,47,36,,46,12,37,41,,,,19,15,,,,31,28,23,26,9,18,15,,11,13,26,19,16,18,20,22,18,22,22,4,18,27,7,28,,26,30,20,28,19,17,20,17,16,,44,44,38,24,21,19,29,32,33,25,32,35,32,37,19,13,14,12,,16,,26,27,30,26,23,,18,19,,,19,20,25,31,,28,36,28,,22,16,13,21,10,22,15,14,18,16,,,,28,,28,13,,25,24,26,30,20,16,14,19,23,32,,14,,,33,,35,18,31,22,20,16,22,18,,10,7,10,6,11,5,10,13,13,9,24,28,36,8,8,9,25,23,17,10,,10,44,42,,19,19,,14,19,19,19,16,,29,22,,,27,22,,23,,21,21,24,27,27,23,,26,25,,29,33,,27,,28,28,24,,26,25,17,16,17,,22,19,32,28,23,20,9,28,34,27,29,20,40,16,30,40,23,25,22,33,42,33,36,30,25,37,29,28,33,11,12,15,12,,6,47,53,37,50,30,15,18,14,16,13,35,37,39,,35,36,38,,22,26,30,37,23,,36,29,6,,24,,22,22,18,22,23,22,29,,,,22,,19,,17,25,11,,26,28,17,14,18,,16,,33,29,24,26,20,22,,24,24,23,14,21,14,,19,,,9,15,18,11,6,12,30,15,23,7,10,7,6,9,17,17,18,25,20,5,9,20,39,42,39,34,46,44,44,36,,30,31,52,19,18,35,30,31,,,,,28,46,,42,19,24,23,20,22,20,15,12,16,10,19,19,25,31,31,30,,21,30,35,,21,19,,26,13,23,27,29,27,22,25,27,27,33,30,32,,14,16,23,25,23,16,26,5,7,,15,7,7,12,7,17,24,33,33,,15,,11,17,17,24,19,7,6,18,12,,,9,13,15,15,20,20,20,19,14,13,40,,41,36,27,37,24,36,41,42,33,,30,36,51,46,51,34,33,33,32,33,30,16,17,,50,44,,32,35,14,32,,,22,20,14,16,24,13,8,13,8,,,30,17,18,18,20,,16,25,26,21,24,29,22,,24,26,11,,,15,15,,20,26,42,,36,,18,24,,,21,13,,,10,15,13,,,12,13,10,12,9,8,7,27,22,13,27,20,16,25,28,27,23,27,29,26,16,12,17,17,,20,27,32,,28,36,28,25,17,15,8,23,13,16,11,36,,,,57,52,76,51,37,32,32,21,38,34,14,95,76,121,105,99,,,54,19,,14,27,28,,17,18,38,,40,38,35,,25,18,20,23,28,10,12,16,41,31,35,49,38,26,14,16,,6,18,16,20,30,34,,19,,19,,,,11,21,18,19,16,16,,26,,27,19,30,15,11,19,11,9,26,27,31,12,2,11,11,9,31,35,40,23,13,,15,7,17,17,21,18,7,16,18,21,13,11,16,19,,,12,11,16,17,17,8,20,20,21,18,12,11,11,11,18,,19,18,16,10,12,13,14,10,22,22,27,,19,35,33,,25,23,28,22,,21,22,18,,22,13,16,13,10,14,14,14,14,12,24,22,23,,13,15,14,28,22,,29,26,7,15,15,15,19,24,22,19,24,23,,28,27,22,,10,15,,13,10,16,17,,11,15,14,10,16,11,11,16,6,12,11,11,13,15,13,18,4,14,12,11,17,16,19,14,14,14,12,12,15,11,19,5,7,7,8,8,5,10,11,11,12,5,11,13,29,34,32,29,25,13,19,15,14,19,24,23,26,27,11,13,13,10,13,23,23,13,14,25,14,11,12,17,23,35,,32,24,26,19,27,27,26,20,34,20,26,29,27,18,41,,,10,18,14,,27,32,27,26,38,34,,36,12,26,,,,,14,25,28,35,29,13,11,22,,29,7,13,10,13,29,7,12,7,9,10,,,,,10,13,18,21,14,18,22,,5,11,11,15,17,5,9,10,23,37,15,16,28,22,,8,9,10,9,42,36,13,11,34,,10,20,,11,5,,9,25,7,,10,,5,,8,7,9,12,14,25,15,26,23,,4,8,10,18,,22,20,6,23,15,23,,16,17,25,31,22,21,,13,12,15,19,10,,30,36,24,,14,9,22,17,15,13,24,,21,25,,30,20,14,14,13,14,20,19,4,,12,6,10,21,29,3,5,3,2,,,10,8,10,6,,8,12,16,6,31,23,24,46,26,27,23,20,24,,49,37,36,36,29,44,47,,15,,30,18,58,10,35,31,24,14,24,36,30,23,45,7,,,25,26,37,22,,37,30,29,13,,17,46,,,42,43,52,17,22,21,46,34,21,45,20,54,39,36,30,,31,24,,49,21,28,22,4,20,12,14,8,14,15,16,8,26,13,43,26,15,14,12,14,21,22,19,7,9,6,6,11,20,23,28,59,22,33,40,18,15,16,21,23,44,33,17,30,42,36,18,,20,10,32,35,7,22,22,,,37,18,23,28,20,3,16,39,22,20,23,16,32,22,13,18,24,28,,30,41,18,22,30,,21,31,28,38,19,19,26,30,33,20,22,25,27,20,16,18,,21,,14,18,23,37,36,39,52,49,50,45,51,39,19,35,34,16,26,21,30,,13,32,42,20,18,26,27,29,23,34,18,14,31,14,23,20,25,18,22,20,,22,21,25,16,38,64,20,31,23,16,26,13,18,36,8,34,23,56,46,42,29,29,9,39,11,14,25,26,30,24,20,24,22,37,12,26,58,30,19,21,23,10,7,5,13,22,21,12,28,18,42,25,43,27,32,28,16,,26,21,18,27,17,38,31,28,38,18,35,24,38,41,39,37,15,39,21,10,19,16,20,6,,39,14,19,44,18,9,26,6,12,17,10,11,42,31,26,25,22,30,28,24,22,28,37,29,12,13,26,27,22,25,,22,15,10,12,37,8,25,12,,24,27,31,34,27,40,34,28,21,33,26,17,,16,,32,,12,16,20,24,19,17,19,22,23,,18,20,35,25,11,23,15,21,25,19,16,12,21,15,12,11,8,13,7,9,9,,18,,14,9,,18,24,11,39,32,37,31,31,,41,20,16,5,,,34,24,24,22,33,32,41,45,42,26,32,28,24,39,52,38,20,19,22,29,25,18,,23,,21,,21,25,35,28,24,29,26,32,32,28,4,8,5,13,21,31,34,29,14,24,23,34,16,30,35,41,28,33,51,,32,26,26,20,61,31,42,19,16,29,36,21,21,19,32,38,26,26,16,18,56,41,31,,9,16,34,2,12,34,24,11,30,30,30,23,27,25,21,14,31,28,71,23,30,18,31,32,23,21,31,20,26,20,13,19,31,17,51,18,38,32,31,36,5,4,30,13
20210423,1,O3,54,24,44,28,49,50,10,30,47,29,18,,,,70,,74,77,72,,71,,66,48,,83,64,,64,57,44,45,55,66,122,,84,87,,88,84,101,106,108,,102,,72,64,83,42,9,42,42,52,32,57,,81,95,52,62,68,97,97,29,68,55,,58,62,60,62,51,50,,80,40,67,77,3,,74,55,65,49,30,8,,,80,,,32,80,60,82,55,61,64,,59,44,84,52,90,,70,111,118,132,115,124,113,115,120,121,120,27,50,39,32,34,39,31,26,68,47,63,46,55,,50,70,72,56,51,74,93,48,5,4,3,2,27,,11,45,34,19,57,59,64,53,66,58,65,51,53,8,,26,17,23,31,5,16,,1,1,,7,19,,,,59,63,,63,36,46,,,,58,,20,1,5,19,5,10,3,5,3,,,,2,4,,3,21,21,15,13,,9,36,37,30,39,34,9,26,,27,,37,28,,2,5,,2,1,2,,1,7,2,5,4,4,9,,,40,28,17,4,13,5,18,,1,,,10,,3,2,,52,60,51,48,73,58,,28,1,12,31,25,72,67,56,53,35,45,45,40,40,47,36,44,48,46,,33,35,38,40,19,72,55,32,33,59,,47,45,19,,45,86,94,91,,90,94,94,74,107,,,77,75,97,94,82,68,33,31,54,30,7,53,24,18,5,89,59,86,79,58,65,79,,87,54,45,74,51,64,66,80,73,69,67,72,34,26,,14,5,29,3,33,22,12,46,70,75,42,68,63,6,,19,28,2,59,36,42,39,75,29,38,31,39,,73,1,20,59,62,49,49,49,60,69,58,,,35,42,43,45,39,87,46,8,5,30,41,35,51,46,54,51,46,42,34,32,53,46,20,53,53,87,,5,52,6,30,34,11,23,,,60,4,34,10,5,,36,50,72,59,,,61,108,97,68,100,98,95,,89,81,100,,104,104,8,84,51,47,109,114,108,108,106,119,20,3,2,27,16,31,8,26,,50,4,14,3,,6,54,10,14,,,,77,105,,,,69,73,63,70,70,66,63,,66,61,62,64,63,62,49,35,46,48,48,110,51,51,61,42,,17,22,54,60,116,92,95,87,66,,26,60,44,96,96,93,95,91,86,55,71,60,65,47,57,52,61,46,,62,,27,31,21,24,88,,87,62,,,78,69,62,78,,55,68,70,,63,71,76,34,63,104,96,103,103,100,,,,63,,69,57,,30,29,44,23,45,41,40,112,111,107,,73,,,16,,19,19,32,107,110,101,106,85,,56,59,51,72,46,72,60,51,53,46,23,17,7,95,82,86,36,59,32,83,,57,28,56,,106,110,,111,111,108,95,33,,30,77,,,32,26,,93,,57,58,40,43,72,65,,62,72,,48,40,,43,,60,27,54,,72,103,100,100,97,,71,60,64,98,86,89,50,65,56,80,50,89,63,109,102,90,98,80,85,59,72,49,68,68,63,53,55,65,65,77,108,93,100,,94,104,112,106,89,97,100,102,106,100,96,25,27,25,,44,40,43,,48,56,54,35,54,,33,37,93,,42,,33,31,65,40,31,65,47,,,,38,,32,,87,66,85,,44,19,34,95,99,,97,,3,3,6,6,46,43,,9,5,12,50,23,44,,33,,,45,32,44,17,104,60,50,60,45,34,59,58,54,52,39,21,33,38,10,52,51,46,14,17,5,82,61,87,76,64,,84,138,104,117,17,32,26,80,,,,,38,23,,17,71,75,68,75,87,68,47,55,47,50,47,90,108,16,46,50,,53,32,26,,2,2,,6,59,17,17,24,31,9,14,12,3,7,4,3,,121,111,62,102,93,98,97,83,92,,75,73,93,88,98,60,56,86,86,,89,,72,79,79,66,70,106,96,71,82,,,90,95,77,72,99,100,109,113,133,127,22,,11,5,3,9,8,11,5,,2,,47,26,5,6,5,8,4,9,5,5,10,22,35,,13,6,,,19,4,8,,,46,74,58,60,47,35,48,58,61,,,62,113,112,102,92,,102,5,3,44,26,5,83,,65,69,120,,,112,122,,94,66,4,,22,,120,134,,,107,66,,,110,123,93,,,93,90,38,43,133,127,137,48,65,97,111,39,74,78,53,60,68,62,63,60,79,78,90,73,,91,90,82,,82,51,47,58,79,95,94,84,102,106,101,71,,,,115,97,12,67,99,82,102,91,112,119,78,24,57,71,67,82,,,70,83,,79,84,96,,84,49,41,,54,42,36,,57,49,57,49,45,73,69,65,23,40,27,25,18,26,44,50,,58,12,17,60,50,46,,77,,67,,,,90,79,71,91,44,59,,40,,37,29,30,47,38,32,61,26,19,33,12,29,86,41,37,42,4,3,2,5,11,,33,12,20,29,28,18,10,38,40,37,43,34,38,39,,,52,54,70,71,56,65,52,53,50,71,90,75,79,76,51,,58,60,55,57,77,74,70,77,39,34,11,,34,8,2,,56,56,85,62,,66,16,37,,3,52,62,63,68,90,86,81,78,75,37,33,41,,74,75,82,20,29,,24,28,86,81,85,79,58,61,64,48,38,56,,21,76,48,,72,60,,60,78,26,28,,73,77,53,40,22,56,68,58,68,67,66,53,68,68,59,58,72,62,72,44,57,54,68,73,74,70,78,47,68,49,45,50,52,49,51,57,81,53,72,,74,14,83,79,1,1,,,16,41,37,16,22,42,31,33,40,49,58,57,50,91,93,5,8,49,19,35,26,24,55,53,22,4,,28,89,98,108,107,94,100,100,100,84,106,92,87,43,33,,,90,73,77,,60,19,28,51,41,15,,22,24,42,,,,,66,69,66,64,70,28,34,26,,9,114,133,109,117,117,33,82,92,88,115,,,,,55,33,48,13,106,99,4,,82,119,125,56,46,134,127,133,82,15,103,124,117,101,,122,122,111,98,88,49,109,132,95,,84,95,,101,111,,112,118,118,,106,,103,,102,103,76,62,70,8,5,12,53,,84,82,78,72,,36,54,74,71,93,99,,106,107,56,66,90,93,,82,68,48,49,88,,23,39,99,,90,83,82,30,60,79,79,,81,83,,,77,72,72,68,76,81,79,83,,86,79,71,72,71,106,99,98,105,,,78,74,72,69,,38,74,69,71,129,61,58,39,59,74,81,37,77,,3,64,53,21,1,4,19,,63,,62,58,60,32,29,44,75,83,55,75,47,78,14,72,,,61,53,2,76,,84,88,93,58,,24,1,,,16,3,3,28,69,70,19,47,19,5,52,4,59,27,44,,76,8,,12,113,107,104,88,91,94,75,122,95,76,43,52,76,84,69,108,76,62,65,57,26,94,54,92,91,99,95,100,82,85,112,2,42,62,29,65,50,55,75,14,30,35,59,63,46,48,69,,42,44,61,88,118,5,36,,,26,48,64,50,30,101,48,50,31,106,28,44,47,82,26,13,50,39,,79,9,16,52,46,,78,17,25,3,20,23,6,10,3,34,48,94,36,128,82,97,,71,,35,11,14,38,15,17,9,11,,16,10,2,71,4,49,54,41,29,17,,47,78,29,108,65,59,51,68,74,24,52,63,51,64,31,39,77,85,40,24,,21,47,106,114,116,96,8,38,88,67,58,90,47,17,36,5,44,50,39,73,96,82,99,70,68,84,100,61,26,31,90,84,20,91,100,104,49,117,47,45,55,58,64,57,43,3,44,42,44,87,6,4,5,2,3,36,49,,68,45,34,56,95,61,28,31,3,51,37,21,4,8,9,3,21,19,14,92,68,62,67,66,,,93,41,1,44,72,12,73,36,18,78,55,14,34,88,37,47,64,62,71,44,39,18,26,69,64,48,2,40,14,,46,87,72,48,112,105,6,24,,8,91,66,18,61,21,18,12,82,86,25,74,,57,,39,,115,28,78,40,65,69,71,58,82,,91,96,52,27,43,66,42,60,37,40,51,48,14,23,43,63,66,40,49,36,39,,30,,4,75,,24,85,106,93,39,40,4,5,,23,41,48,89,,,4,11,41,1,25,86,81,67,89,47,56,44,28,16,21,37,22,51,41,40,5,42,,62,,57,,73,,23,46,34,3,10,44,6,82,86,78,103,104,3,20,63,33,114,131,20,43,92,41,33,48,37,91,73,,34,55,41,38,110,96,36,91,68,65,74,70,41,78,69,7,2,12,60,23,4,2,2,,82,87,8,106,126,25,53,127,,53,48,38,29,46,97,46,96,23,93,22,25,46,92,88,39,49,13,41,57,55,98,51,28,107,74,104,87,10,72,30,113,126,112,69
20210423,1,O3_24h,105,109,102,101,93,95,105,88,106,114,96,,,,99,,103,108,102,,100,,78,108,,103,82,,141,142,138,136,142,150,144,,102,104,,106,95,114,106,108,,111,,142,145,144,122,114,130,120,121,113,155,,153,157,154,94,100,104,112,102,119,115,,114,107,101,105,134,129,,140,137,138,135,137,,123,136,139,142,146,139,,,116,,,116,120,102,119,130,128,119,,124,128,133,117,116,,121,118,122,141,121,140,123,125,161,131,142,137,143,144,153,152,160,151,152,139,150,202,205,215,,247,211,243,226,184,232,231,209,114,111,109,118,107,,115,103,102,98,65,62,73,53,66,64,68,62,65,103,,95,79,84,99,100,97,59,59,65,53,61,105,,,,62,74,,76,75,74,,,,58,,82,69,82,90,81,89,93,81,67,,,,72,63,,54,53,53,49,42,,49,70,69,72,72,77,79,87,,80,,80,73,,86,82,,96,74,85,,70,88,91,77,85,80,78,,,79,73,75,90,88,98,76,,103,,,58,,117,118,,81,91,69,79,97,86,,81,78,74,85,76,104,99,106,78,39,45,54,40,47,47,44,58,75,134,,140,139,144,157,214,156,140,94,78,77,,83,87,72,,97,92,106,92,,102,108,100,119,122,,,109,117,126,117,101,98,137,141,138,146,124,134,147,138,137,116,112,113,102,118,110,83,,117,131,81,82,83,75,92,84,83,95,85,81,208,215,,230,240,254,169,222,200,193,226,154,167,136,168,111,261,,106,109,103,237,115,144,146,133,195,226,204,170,,148,142,157,160,154,160,163,170,145,136,152,,,238,266,257,242,213,265,178,135,105,125,124,129,113,104,113,113,111,111,99,108,84,66,76,84,79,114,,102,94,118,137,128,150,106,,,108,126,113,112,134,,153,142,143,120,,,134,138,123,106,124,127,115,,119,125,120,,152,155,165,134,159,147,118,136,113,117,121,129,103,92,100,84,94,82,108,81,,100,87,67,103,,93,91,79,84,,,,136,135,,,,146,136,72,70,83,76,70,,86,94,101,103,97,94,89,90,91,88,85,121,96,102,91,157,,152,153,158,154,151,148,144,152,148,,134,119,128,140,140,135,132,129,122,138,124,115,112,109,153,145,143,154,,87,,92,95,91,92,113,,108,115,,,112,100,94,78,,81,72,70,,92,81,92,77,80,121,134,136,120,116,,,,73,,76,104,,100,110,102,100,111,117,119,130,124,119,,86,,,175,,178,150,156,156,160,152,185,147,,84,79,82,82,84,89,91,104,99,92,163,174,175,147,134,147,182,179,202,115,,111,197,172,,204,216,,164,164,168,171,100,,85,157,,,118,119,,134,,139,124,136,127,180,179,,193,190,,171,152,,167,,143,131,139,,113,135,113,113,121,,131,142,121,128,132,136,131,122,120,130,118,131,128,138,122,121,128,144,135,124,103,121,121,117,144,147,153,151,150,161,137,132,136,,134,179,169,177,167,191,128,150,152,142,161,53,52,60,,59,77,67,,74,76,67,56,87,,77,55,109,,146,,151,144,158,139,143,150,151,,,,123,,122,,129,131,119,,117,116,132,134,138,,136,,92,91,84,94,118,132,,89,97,101,107,116,103,,104,,,113,54,44,50,104,94,96,111,81,80,97,84,89,100,98,88,90,103,92,70,69,87,87,74,75,137,132,125,135,142,,140,147,140,142,132,129,120,132,,,,,102,88,,87,87,121,94,102,100,87,77,84,82,88,77,170,180,96,99,99,,117,106,109,,117,111,,108,94,83,90,89,132,77,85,78,120,130,132,123,,137,141,131,151,158,159,140,86,99,,93,94,93,88,98,68,65,91,91,,100,,118,118,118,113,118,117,101,103,99,,,116,110,111,108,130,117,127,129,142,138,101,,102,121,117,96,95,98,72,77,113,,57,51,81,83,82,69,71,72,42,50,54,96,97,,62,50,,82,70,64,71,,,100,135,135,134,132,103,101,98,102,,,145,140,134,133,134,,127,123,115,126,120,122,124,,125,126,135,,,129,146,,129,120,136,,131,,228,211,,,132,122,,,125,135,111,,,130,136,126,134,133,127,137,162,134,149,137,139,132,129,126,117,138,136,130,141,116,120,110,116,,138,137,138,,136,135,147,138,139,161,126,118,136,132,137,208,,,,237,234,237,226,224,205,207,211,167,181,176,275,236,225,210,234,,,282,148,,163,204,212,,166,54,57,,57,62,53,,57,54,68,56,62,74,76,70,61,68,55,51,80,49,91,87,,88,98,94,85,80,68,,77,,80,,,,90,82,71,91,85,91,,78,,72,76,75,130,130,119,139,124,136,143,149,139,105,116,108,108,156,159,155,150,107,,110,104,92,100,93,96,106,115,106,111,100,116,100,102,,,108,118,122,122,112,151,155,147,134,149,125,110,124,118,127,,123,123,120,109,125,120,118,127,92,104,112,,152,147,138,,148,133,148,131,,140,134,116,,126,111,112,105,112,114,113,108,118,120,94,91,100,,118,118,119,85,83,,99,89,92,84,111,102,139,152,121,106,89,88,,124,118,126,,137,137,,94,90,85,91,,115,118,113,110,94,87,97,91,95,99,93,72,81,70,65,70,119,97,113,105,104,92,98,100,105,107,111,67,95,70,62,69,75,72,72,84,87,67,85,83,94,67,83,79,124,113,107,114,72,91,80,105,117,80,112,108,108,108,109,101,95,129,125,97,105,94,90,99,91,93,109,113,68,74,,72,126,120,132,125,123,130,130,133,148,158,151,145,146,148,,,127,130,122,,124,104,75,104,94,82,,101,30,100,,,,,119,125,119,121,126,113,118,115,,106,132,153,136,146,152,134,116,131,100,157,,,,,55,48,153,159,147,144,93,,90,153,153,147,140,140,135,138,146,152,135,155,143,139,,140,136,145,134,88,196,132,148,167,,144,148,,129,136,,124,131,122,,128,,122,,115,113,107,95,99,90,122,112,122,,88,92,87,110,,84,83,114,110,109,137,,131,121,78,80,129,127,,112,96,79,76,115,,102,81,144,,140,122,111,124,82,107,181,,175,153,,163,89,104,93,86,94,98,100,98,,95,90,88,101,107,144,115,118,120,,,88,89,82,77,,66,96,87,87,132,171,173,211,113,107,105,144,121,,134,148,65,54,84,130,61,,74,,66,112,130,96,158,163,129,92,60,131,130,122,70,93,,,119,175,99,100,,96,141,154,100,,77,55,,,96,68,68,75,78,76,101,92,103,75,113,134,131,153,162,,102,119,,182,212,163,159,102,106,132,96,140,136,106,89,99,107,152,114,128,112,80,119,76,105,117,140,134,141,140,128,124,123,162,113,134,120,118,152,110,107,109,151,120,146,99,121,105,56,101,138,,97,86,68,160,125,91,94,,,90,73,128,62,79,118,126,53,112,146,119,102,60,140,114,121,170,73,,141,91,85,99,101,,130,114,113,113,113,106,113,111,106,101,118,133,158,203,104,112,,71,,97,88,85,54,53,196,209,162,218,208,234,231,173,205,174,113,147,110,210,,113,180,239,182,140,90,105,108,101,65,62,73,73,102,58,90,137,136,124,112,,136,140,172,188,172,287,100,66,115,95,130,138,99,119,109,66,92,144,164,151,170,151,120,70,87,98,118,66,82,95,109,104,108,152,168,168,135,150,146,147,128,96,105,89,115,97,97,104,111,136,114,98,102,93,80,111,79,,76,99,104,156,109,66,71,72,96,78,52,89,66,70,101,71,108,48,82,99,79,82,79,83,,176,172,161,215,150,129,132,91,145,120,107,164,143,138,88,141,137,108,108,107,70,48,48,66,76,72,86,143,120,146,,145,126,118,111,174,144,60,103,,78,141,131,141,137,118,79,80,91,95,99,97,,104,,103,,145,109,107,113,112,95,105,113,150,,104,155,52,103,88,196,171,152,178,98,98,90,96,94,94,159,87,78,69,105,89,,114,,125,118,,105,143,141,157,85,83,99,83,,82,121,117,130,,,129,124,125,144,137,96,99,97,96,134,142,120,120,117,111,120,117,122,116,103,124,154,,151,,157,,133,113,122,129,125,106,94,90,105,145,86,94,108,110,96,67,142,131,129,236,161,154,176,170,221,280,93,131,130,,60,73,144,139,294,155,94,120,103,74,74,99,114,190,166,122,105,106,110,102,71,97,81,,123,178,107,135,140,165,144,137,104,120,102,117,108,134,166,109,105,152,311,104,146,98,109,102,119,110,98,96,116,119,131,70,157,126,217,127,215,85,126,49,134,128,132,96
20210423,1,O3_8h,54,24,44,28,49,50,10,30,47,29,18,,,,70,,74,77,72,,71,,66,48,,83,64,,64,57,44,45,55,66,122,,84,87,,88,84,101,106,108,,102,,72,64,83,42,9,42,42,52,32,57,,81,95,52,62,68,97,97,29,68,55,,58,62,60,62,51,50,,80,40,67,77,3,,74,55,65,49,30,8,,,80,,,32,80,60,82,55,61,64,,59,44,84,52,90,,70,111,118,132,115,124,113,115,120,121,120,27,50,39,32,34,39,31,26,68,47,63,46,55,,50,70,72,56,51,74,93,48,5,4,3,2,27,,11,45,34,19,57,59,64,53,66,58,65,51,53,8,,26,17,23,31,5,16,,1,1,,7,19,,,,59,63,,63,36,46,,,,58,,20,1,5,19,5,10,3,5,3,,,,2,4,,3,21,21,15,13,,9,36,37,30,39,34,9,26,,27,,37,28,,2,5,,2,1,2,,1,7,2,5,4,4,9,,,40,28,17,4,13,5,18,,1,,,10,,3,2,,52,60,51,48,73,58,,28,1,12,31,25,72,67,56,53,35,45,45,40,40,47,36,44,48,46,,33,35,38,40,19,72,55,32,33,59,,47,45,19,,45,86,94,91,,90,94,94,74,107,,,77,75,97,94,82,68,33,31,54,30,7,53,24,18,5,89,59,86,79,58,65,79,,87,54,45,74,51,64,66,80,73,69,67,72,34,26,,14,5,29,3,33,22,12,46,70,75,42,68,63,6,,19,28,2,59,36,42,39,75,29,38,31,39,,73,1,20,59,62,49,49,49,60,69,58,,,35,42,43,45,39,87,46,8,5,30,41,35,51,46,54,51,46,42,34,32,53,46,20,53,53,87,,5,52,6,30,34,11,23,,,60,4,34,10,5,,36,50,72,59,,,61,108,97,68,100,98,95,,89,81,100,,104,104,8,84,51,47,109,114,108,108,106,119,20,3,2,27,16,31,8,26,,50,4,14,3,,6,54,10,14,,,,77,105,,,,69,73,63,70,70,66,63,,66,61,62,64,63,62,49,35,46,48,48,110,51,51,61,42,,17,22,54,60,116,92,95,87,66,,26,60,44,96,96,93,95,91,86,55,71,60,65,47,57,52,61,46,,62,,27,31,21,24,88,,87,62,,,78,69,62,78,,55,68,70,,63,71,76,34,63,104,96,103,103,100,,,,63,,69,57,,30,29,44,23,45,41,40,112,111,107,,73,,,16,,19,19,32,107,110,101,106,85,,56,59,51,72,46,72,60,51,53,46,23,17,7,95,82,86,36,59,32,83,,57,28,56,,106,110,,111,111,108,95,33,,30,77,,,32,26,,93,,57,58,40,43,72,65,,62,72,,48,40,,43,,60,27,54,,72,103,100,100,97,,71,60,64,98,86,89,50,65,56,80,50,89,63,109,102,90,98,80,85,59,72,49,68,68,63,53,55,65,65,77,108,93,100,,94,104,112,106,89,97,100,102,106,100,96,25,27,25,,44,40,43,,48,56,54,35,54,,33,37,93,,42,,33,31,65,40,31,65,47,,,,38,,32,,87,66,85,,44,19,34,95,99,,97,,3,3,6,6,46,43,,9,5,12,50,23,44,,33,,,45,32,44,17,104,60,50,60,45,34,59,58,54,52,39,21,33,38,10,52,51,46,14,17,5,82,61,87,76,64,,84,138,104,117,17,32,26,80,,,,,38,23,,17,71,75,68,75,87,68,47,55,47,50,47,90,108,16,46,50,,53,32,26,,2,2,,6,59,17,17,24,31,9,14,12,3,7,4,3,,121,111,62,102,93,98,97,83,92,,75,73,93,88,98,60,56,86,86,,89,,72,79,79,66,70,106,96,71,82,,,90,95,77,72,99,100,109,113,133,127,22,,11,5,3,9,8,11,5,,2,,47,26,5,6,5,8,4,9,5,5,10,22,35,,13,6,,,19,4,8,,,46,74,58,60,47,35,48,58,61,,,62,113,112,102,92,,102,5,3,44,26,5,83,,65,69,120,,,112,122,,94,66,4,,22,,120,134,,,107,66,,,110,123,93,,,93,90,38,43,133,127,137,48,65,97,111,39,74,78,53,60,68,62,63,60,79,78,90,73,,91,90,82,,82,51,47,58,79,95,94,84,102,106,101,71,,,,115,97,12,67,99,82,102,91,112,119,78,24,57,71,67,82,,,70,83,,79,84,96,,84,49,41,,54,42,36,,57,49,57,49,45,73,69,65,23,40,27,25,18,26,44,50,,58,12,17,60,50,46,,77,,67,,,,90,79,71,91,44,59,,40,,37,29,30,47,38,32,61,26,19,33,12,29,86,41,37,42,4,3,2,5,11,,33,12,20,29,28,18,10,38,40,37,43,34,38,39,,,52,54,70,71,56,65,52,53,50,71,90,75,79,76,51,,58,60,55,57,77,74,70,77,39,34,11,,34,8,2,,56,56,85,62,,66,16,37,,3,52,62,63,68,90,86,81,78,75,37,33,41,,74,75,82,20,29,,24,28,86,81,85,79,58,61,64,48,38,56,,21,76,48,,72,60,,60,78,26,28,,73,77,53,40,22,56,68,58,68,67,66,53,68,68,59,58,72,62,72,44,57,54,68,73,74,70,78,47,68,49,45,50,52,49,51,57,81,53,72,,74,14,83,79,1,1,,,16,41,37,16,22,42,31,33,40,49,58,57,50,91,93,5,8,49,19,35,26,24,55,53,22,4,,28,89,98,108,107,94,100,100,100,84,106,92,87,43,33,,,90,73,77,,60,19,28,51,41,15,,22,24,42,,,,,66,69,66,64,70,28,34,26,,9,114,133,109,117,117,33,82,92,88,115,,,,,55,33,48,13,106,99,4,,82,119,125,56,46,134,127,133,82,15,103,124,117,101,,122,122,111,98,88,49,109,132,95,,84,95,,101,111,,112,118,118,,106,,103,,102,103,76,62,70,8,5,12,53,,84,82,78,72,,36,54,74,71,93,99,,106,107,56,66,90,93,,82,68,48,49,88,,23,39,99,,90,83,82,30,60,79,79,,81,83,,,77,72,72,68,76,81,79,83,,86,79,71,72,71,106,99,98,105,,,78,74,72,69,,38,74,69,71,129,61,58,39,59,74,81,37,77,,3,64,53,21,1,4,19,,63,,62,58,60,32,29,44,75,83,55,75,47,78,14,72,,,61,53,2,76,,84,88,93,58,,24,1,,,16,3,3,28,69,70,19,47,19,5,52,4,59,27,44,,76,8,,12,113,107,104,88,91,94,75,122,95,76,43,52,76,84,69,108,76,62,65,57,26,94,54,92,91,99,95,100,82,85,112,2,42,62,29,65,50,55,75,14,30,35,59,63,46,48,69,,42,44,61,88,118,5,36,,,26,48,64,50,30,101,48,50,31,106,28,44,47,82,26,13,50,39,,79,9,16,52,46,,78,17,25,3,20,23,6,10,3,34,48,94,36,128,82,97,,71,,35,11,14,38,15,17,9,11,,16,10,2,71,4,49,54,41,29,17,,47,78,29,108,65,59,51,68,74,24,52,63,51,64,31,39,77,85,40,24,,21,47,106,114,116,96,8,38,88,67,58,90,47,17,36,5,44,50,39,73,96,82,99,70,68,84,100,61,26,31,90,84,20,91,100,104,49,117,47,45,55,58,64,57,43,3,44,42,44,87,6,4,5,2,3,36,49,,68,45,34,56,95,61,28,31,3,51,37,21,4,8,9,3,21,19,14,92,68,62,67,66,,,93,41,1,44,72,12,73,36,18,78,55,14,34,88,37,47,64,62,71,44,39,18,26,69,64,48,2,40,14,,46,87,72,48,112,105,6,24,,8,91,66,18,61,21,18,12,82,86,25,74,,57,,39,,115,28,78,40,65,69,71,58,82,,91,96,52,27,43,66,42,60,37,40,51,48,14,23,43,63,66,40,49,36,39,,30,,4,75,,24,85,106,93,39,40,4,5,,23,41,48,89,,,4,11,41,1,25,86,81,67,89,47,56,44,28,16,21,37,22,51,41,40,5,42,,62,,57,,73,,23,46,34,3,10,44,6,82,86,78,103,104,3,20,63,33,114,131,20,43,92,41,33,48,37,91,73,,34,55,41,38,110,96,36,91,68,65,74,70,41,78,69,7,2,12,60,23,4,2,2,,82,87,8,106,126,25,53,127,,53,48,38,29,46,97,46,96,23,93,22,25,46,92,88,39,49,13,41,57,55,98,51,28,107,74,104,87,10,72,30,113,126,112,69
20210423,1,O3_8h_24h,54,24,44,28,49,50,10,30,47,29,18,,,,70,,74,77,72,,71,,66,48,,83,64,,64,57,44,45,55,66,122,,84,87,,88,84,101,106,108,,102,,72,64,83,42,9,42,42,52,32,57,,81,95,52,62,68,97,97,29,68,55,,58,62,60,62,51,50,,80,40,67,77,3,,74,55,65,49,30,8,,,80,,,32,80,60,82,55,61,64,,59,44,84,52,90,,70,111,118,132,115,124,113,115,120,121,120,27,50,39,32,34,39,31,26,68,47,63,46,55,,50,70,72,56,51,74,93,48,5,4,3,2,27,,11,45,34,19,57,59,64,53,66,58,65,51,53,8,,26,17,23,31,5,16,,1,1,,7,19,,,,59,63,,63,36,46,,,,58,,20,1,5,19,5,10,3,5,3,,,,2,4,,3,21,21,15,13,,9,36,37,30,39,34,9,26,,27,,37,28,,2,5,,2,1,2,,1,7,2,5,4,4,9,,,40,28,17,4,13,5,18,,1,,,10,,3,2,,52,60,51,48,73,58,,28,1,12,31,25,72,67,56,53,35,45,45,40,40,47,36,44,48,46,,33,35,38,40,19,72,55,32,33,59,,47,45,19,,45,86,94,91,,90,94,94,74,107,,,77,75,97,94,82,68,33,31,54,30,7,53,24,18,5,89,59,86,79,58,65,79,,87,54,45,74,51,64,66,80,73,69,67,72,34,26,,14,5,29,3,33,22,12,46,70,75,42,68,63,6,,19,28,2,59,36,42,39,75,29,38,31,39,,73,1,20,59,62,49,49,49,60,69,58,,,35,42,43,45,39,87,46,8,5,30,41,35,51,46,54,51,46,42,34,32,53,46,20,53,53,87,,5,52,6,30,34,11,23,,,60,4,34,10,5,,36,50,72,59,,,61,108,97,68,100,98,95,,89,81,100,,104,104,8,84,51,47,109,114,108,108,106,119,20,3,2,27,16,31,8,26,,50,4,14,3,,6,54,10,14,,,,77,105,,,,69,73,63,70,70,66,63,,66,61,62,64,63,62,49,35,46,48,48,110,51,51,61,42,,17,22,54,60,116,92,95,87,66,,26,60,44,96,96,93,95,91,86,55,71,60,65,47,57,52,61,46,,62,,27,31,21,24,88,,87,62,,,78,69,62,78,,55,68,70,,63,71,76,34,63,104,96,103,103,100,,,,63,,69,57,,30,29,44,23,45,41,40,112,111,107,,73,,,16,,19,19,32,107,110,101,106,85,,56,59,51,72,46,72,60,51,53,46,23,17,7,95,82,86,36,59,32,83,,57,28,56,,106,110,,111,111,108,95,33,,30,77,,,32,26,,93,,57,58,40,43,72,65,,62,72,,48,40,,43,,60,27,54,,72,103,100,100,97,,71,60,64,98,86,89,50,65,56,80,50,89,63,109,102,90,98,80,85,59,72,49,68,68,63,53,55,65,65,77,108,93,100,,94,104,112,106,89,97,100,102,106,100,96,25,27,25,,44,40,43,,48,56,54,35,54,,33,37,93,,42,,33,31,65,40,31,65,47,,,,38,,32,,87,66,85,,44,19,34,95,99,,97,,3,3,6,6,46,43,,9,5,12,50,23,44,,33,,,45,32,44,17,104,60,50,60,45,34,59,58,54,52,39,21,33,38,10,52,51,46,14,17,5,82,61,87,76,64,,84,138,104,117,17,32,26,80,,,,,38,23,,17,71,75,68,75,87,68,47,55,47,50,47,90,108,16,46,50,,53,32,26,,2,2,,6,59,17,17,24,31,9,14,12,3,7,4,3,,121,111,62,102,93,98,97,83,92,,75,73,93,88,98,60,56,86,86,,89,,72,79,79,66,70,106,96,71,82,,,90,95,77,72,99,100,109,113,133,127,22,,11,5,3,9,8,11,5,,2,,47,26,5,6,5,8,4,9,5,5,10,22,35,,13,6,,,19,4,8,,,46,74,58,60,47,35,48,58,61,,,62,113,112,102,92,,102,5,3,44,26,5,83,,65,69,120,,,112,122,,94,66,4,,22,,120,134,,,107,66,,,110,123,93,,,93,90,38,43,133,127,137,48,65,97,111,39,74,78,53,60,68,62,63,60,79,78,90,73,,91,90,82,,82,51,47,58,79,95,94,84,102,106,101,71,,,,115,97,12,67,99,82,102,91,112,119,78,24,57,71,67,82,,,70,83,,79,84,96,,84,49,41,,54,42,36,,57,49,57,49,45,73,69,65,23,40,27,25,18,26,44,50,,58,12,17,60,50,46,,77,,67,,,,90,79,71,91,44,59,,40,,37,29,30,47,38,32,61,26,19,33,12,29,86,41,37,42,4,3,2,5,11,,33,12,20,29,28,18,10,38,40,37,43,34,38,39,,,52,54,70,71,56,65,52,53,50,71,90,75,79,76,51,,58,60,55,57,77,74,70,77,39,34,11,,34,8,2,,56,56,85,62,,66,16,37,,3,52,62,63,68,90,86,81,78,75,37,33,41,,74,75,82,20,29,,24,28,86,81,85,79,58,61,64,48,38,56,,21,76,48,,72,60,,60,78,26,28,,73,77,53,40,22,56,68,58,68,67,66,53,68,68,59,58,72,62,72,44,57,54,68,73,74,70,78,47,68,49,45,50,52,49,51,57,81,53,72,,74,14,83,79,1,1,,,16,41,37,16,22,42,31,33,40,49,58,57,50,91,93,5,8,49,19,35,26,24,55,53,22,4,,28,89,98,108,107,94,100,100,100,84,106,92,87,43,33,,,90,73,77,,60,19,28,51,41,15,,22,24,42,,,,,66,69,66,64,70,28,34,26,,9,114,133,109,117,117,33,82,92,88,115,,,,,55,33,48,13,106,99,4,,82,119,125,56,46,134,127,133,82,15,103,124,117,101,,122,122,111,98,88,49,109,132,95,,84,95,,101,111,,112,118,118,,106,,103,,102,103,76,62,70,8,5,12,53,,84,82,78,72,,36,54,74,71,93,99,,106,107,56,66,90,93,,82,68,48,49,88,,23,39,99,,90,83,82,30,60,79,79,,81,83,,,77,72,72,68,76,81,79,83,,86,79,71,72,71,106,99,98,105,,,78,74,72,69,,38,74,69,71,129,61,58,39,59,74,81,37,77,,3,64,53,21,1,4,19,,63,,62,58,60,32,29,44,75,83,55,75,47,78,14,72,,,61,53,2,76,,84,88,93,58,,24,1,,,16,3,3,28,69,70,19,47,19,5,52,4,59,27,44,,76,8,,12,113,107,104,88,91,94,75,122,95,76,43,52,76,84,69,108,76,62,65,57,26,94,54,92,91,99,95,100,82,85,112,2,42,62,29,65,50,55,75,14,30,35,59,63,46,48,69,,42,44,61,88,118,5,36,,,26,48,64,50,30,101,48,50,31,106,28,44,47,82,26,13,50,39,,79,9,16,52,46,,78,17,25,3,20,23,6,10,3,34,48,94,36,128,82,97,,71,,35,11,14,38,15,17,9,11,,16,10,2,71,4,49,54,41,29,17,,47,78,29,108,65,59,51,68,74,24,52,63,51,64,31,39,77,85,40,24,,21,47,106,114,116,96,8,38,88,67,58,90,47,17,36,5,44,50,39,73,96,82,99,70,68,84,100,61,26,31,90,84,20,91,100,104,49,117,47,45,55,58,64,57,43,3,44,42,44,87,6,4,5,2,3,36,49,,68,45,34,56,95,61,28,31,3,51,37,21,4,8,9,3,21,19,14,92,68,62,67,66,,,93,41,1,44,72,12,73,36,18,78,55,14,34,88,37,47,64,62,71,44,39,18,26,69,64,48,2,40,14,,46,87,72,48,112,105,6,24,,8,91,66,18,61,21,18,12,82,86,25,74,,57,,39,,115,28,78,40,65,69,71,58,82,,91,96,52,27,43,66,42,60,37,40,51,48,14,23,43,63,66,40,49,36,39,,30,,4,75,,24,85,106,93,39,40,4,5,,23,41,48,89,,,4,11,41,1,25,86,81,67,89,47,56,44,28,16,21,37,22,51,41,40,5,42,,62,,57,,73,,23,46,34,3,10,44,6,82,86,78,103,104,3,20,63,33,114,131,20,43,92,41,33,48,37,91,73,,34,55,41,38,110,96,36,91,68,65,74,70,41,78,69,7,2,12,60,23,4,2,2,,82,87,8,106,126,25,53,127,,53,48,38,29,46,97,46,96,23,93,22,25,46,92,88,39,49,13,41,57,55,98,51,28,107,74,104,87,10,72,30,113,126,112,69
20210423,1,CO,0.5,0.7,0.6,0.5,0.6,0.5,0.7,0.5,0.6,0.8,0.7,,,,0.7,,0.8,0.7,0.7,,0.7,,0.8,2.9,,1,0.7,,0.6,0.7,0.5,0.7,0.4,0.6,0.9,,0.7,0.6,,0.7,0.6,0.4,0.3,0.3,,0.2,,0.6,0.4,0.6,0.6,,0.8,0.6,0.7,0.5,0.6,,0.7,0.7,0.8,0.7,0.6,0.6,0.6,0.5,0.5,0.6,,0.4,0.6,0.6,0.8,0.6,0.7,,0.5,0.6,0.5,0.2,0.8,,0.7,0.8,0.8,0.9,0.8,0.7,,,0.7,,,0.7,0.7,0.5,0.7,0.7,0.6,0.6,,0.6,0.6,0.5,0.6,0.5,,0.7,0.4,0.5,0.7,0.6,0.4,0.5,0.5,0.4,0.4,0.5,0.6,0.7,0.6,0.7,0.5,0.6,0.7,0.6,0.5,0.5,0.6,0.6,0.7,,0.4,1,0.5,0.2,0.4,0.6,0.5,0.6,0.9,0.6,0.7,0.6,0.5,,0.8,0.5,0.5,0.7,1.2,0.7,0.3,0.9,0.8,0.6,0.8,0.7,0.7,0.5,,0.9,0.9,0.6,0.6,0.9,0.8,0.5,0.7,0.7,0.8,0.8,0.7,,,,0.7,0.6,,0.9,0.8,0.9,,,,0.7,,0.9,0.8,1.1,0.7,1,1,1,1.2,1.1,,,,0.8,1,,0.9,0.6,0.7,0.7,0.8,,1.1,0.8,1,0.9,0.9,0.8,0.6,0.6,,0.7,,1.1,1.1,,0.7,0.4,,0.7,0.8,0.9,,0.7,0.9,0.7,0.6,0.5,0.6,0.5,,,0.4,1.2,0.8,0.7,0.6,0.5,0.6,,0.8,,,0.7,,0.7,0.8,,0.5,0.4,0.3,0.5,0.4,0.4,,0.7,0.6,0.8,0.5,0.6,0.4,0.5,0.5,1.1,0.8,0.8,0.8,0.8,0.7,0.6,0.7,0.7,0.9,0.5,,0.8,0.8,0.7,0.7,0.5,0.3,0.4,1.2,1.1,0.9,,1,1.4,1.2,,1,0.3,0.3,0.4,,0.2,0.3,0.4,0.5,0.5,,,0.1,0.4,0.4,0.3,0.2,0.5,0.8,0.9,0.8,0.9,0.6,0.6,1.1,0.8,0.6,0.6,0.7,0.6,0.8,0.9,0.8,0.7,,0.6,0.7,0.9,1,0.8,0.8,0.8,0.7,0.7,0.7,1,0.8,1,0.9,,0.8,1,1,1.2,0.8,0.8,0.8,1,0.6,0.7,0.6,0.6,0.5,0.8,,0.6,0.6,0.6,0.7,0.7,0.9,0.4,0.6,0.7,0.8,0.6,0.6,,0.6,1.4,0.6,0.7,0.7,0.4,0.6,0.8,0.6,0.3,0.5,,,0.7,0.7,0.8,0.6,0.8,0.7,0.7,0.5,0.8,0.7,0.4,0.5,0.6,0.9,0.6,0.7,0.7,0.8,0.6,0.6,0.4,0.6,1,0.5,0.4,0.6,,0.7,0.6,1.2,0.9,0.8,0.6,0.3,,,0.7,0.8,0.3,0.8,1.4,,0.9,0.8,0.8,0.7,,,0.7,0.5,0.5,,0.6,0.6,0.6,,0.6,0.6,0.6,,0.6,1.4,1.1,0.7,1.3,1.7,0.4,0.5,0.5,0.4,0.6,0.3,0.7,1.2,1,0.7,0.9,0.8,0.8,0.8,,0.5,0.8,0.8,1,,0.8,0.6,0.7,0.5,,,,0.7,0.6,,,,0.3,0.5,0.5,1,0.5,0.7,0.4,,0.4,0.9,0.7,1.1,0.8,0.8,0.6,0.8,0.7,0.6,0.8,0.6,0.6,0.8,0.4,1.3,,0.9,1.2,1.1,1,0.8,0.6,0.7,0.7,0.5,,1,1.1,1.5,0.8,0.6,0.6,0.6,0.8,0.7,0.7,0.6,0.5,0.6,0.5,0.5,0.5,0.4,0.4,,0.8,,0.7,1,0.9,1,0.7,,0.8,0.4,,,0.8,0.8,1.3,0.4,,0.7,0.9,0.9,,0.7,0.3,0.6,0.8,0.7,0.6,0.3,0.7,0.6,0.2,,,,0.8,,0.4,0.9,,1,0.6,0.6,0.8,1,0.9,0.8,0.3,0.4,0.5,,0.8,,,1,,1.4,0.6,0.6,0.2,0.4,0.4,0.5,0.8,,0.7,0.5,0.6,0.8,0.5,0.5,0.4,0.6,0.6,0.3,0.6,0.7,0.7,0.6,0.5,0.5,0.8,1,0.6,0.6,,0.5,0.9,1,,0.6,0.7,,0.7,0.5,0.7,0.6,0.5,,0.7,1.2,,,0.5,0.9,,0.7,,1.2,1,1,0.8,0.7,1.4,,1.2,1.4,,1.4,0.7,,0.9,,0.8,0.7,0.6,,1,0.8,0.5,0.2,0.4,,0.4,0.5,0.6,0.5,0.5,0.4,0.4,0.8,0.8,0.7,0.8,0.7,0.8,0.5,0.3,0.7,0.5,0.4,0.3,0.8,0.8,0.8,0.8,0.9,0.8,0.6,0.7,0.7,0.6,0.5,0.6,0.5,0.4,,0.3,0.6,0.5,0.6,0.5,0.6,0.4,0.4,0.4,0.3,0.3,0.7,0.6,0.8,,1.4,0.9,0.8,,0.6,1,0.9,1,1,,0.7,0.7,0.7,,1.1,,1.1,1,0.6,1.1,0.6,0.4,0.9,,,,0.7,,0.6,,0.7,0.7,0.7,,0.6,1,0.9,1,0.9,,0.9,,0.9,1.1,0.6,0.9,0.8,0.9,,1.1,1,1,0.5,0.7,0.8,,1,,,0.8,0.5,0.8,0.9,0.5,0.9,1.4,0.7,0.9,0.6,0.4,0.5,0.5,,1.1,0.8,1,1.1,0.6,0.5,0.4,0.8,0.8,1.1,0.7,0.7,0.9,0.8,0.8,0.7,,3.1,0.1,1.6,0.8,0.8,1.5,0.8,0.9,,,,,0.8,0.7,,0.7,1,0.8,0.6,0.5,0.5,0.8,0.7,0.6,0.5,0.7,0.4,0.5,0.6,0.7,0.8,0.8,,0.9,1,0.9,,0.7,0.9,,1,0.5,0.5,0.8,0.6,0.7,0.7,0.6,0.6,1,0.8,0.9,0.9,,0.6,0.7,1.3,0.6,0.6,0.5,0.5,0.2,0.4,,0.4,0.4,0.1,0.1,0.3,0.6,0.7,0.3,0.3,,0.5,,0.4,0.3,0.3,0.5,0.4,0.4,0.2,0.3,0.3,,,0.3,0.3,0.5,0.5,0.4,0.5,0.5,0.4,0.7,0.6,0.5,,0.7,0.6,0.7,0.8,0.7,1,1.1,1.2,0.6,,0.8,1,1.1,0.9,1,1.2,1,1.1,1.1,1.3,1.3,0.9,0.5,,0.8,0.7,,0.7,0.4,0.6,0.9,,,0.8,0.3,0.3,0.4,0.2,0.9,0.6,0.8,0.9,,,0.3,1,1.1,1.2,1.1,,1.2,0.8,0.7,0.8,1.1,0.7,0.6,,0.7,0.8,0.7,,,0.7,0.7,,0.8,0.7,0.8,,0.5,,0.7,0.7,,,,0.4,,,0.8,0.6,0.4,,,0.2,0.3,0.4,0.1,0.6,0.4,0.4,0.6,0.7,0.5,0.8,0.5,0.5,0.5,0.4,0.5,0.8,0.6,0.6,0.4,0.5,0.5,0.6,0.5,,0.4,0.4,0.7,,0.7,0.5,0.6,0.8,0.6,0.4,0.3,0.1,0.3,0.5,0.4,0.9,,,,1.4,1.5,2.1,1.2,0.9,0.9,0.6,0.4,0.7,0.7,0.6,3.2,1.9,1.6,1.3,1.1,,,0.8,0.3,,0.3,0.4,0.4,,0.3,0.5,0.8,,0.7,0.7,0.6,,0.7,0.9,0.6,0.7,0.7,0.6,0.8,0.7,0.9,0.7,0.8,0.9,0.6,0.9,0.6,0.5,,0.6,0.6,0.5,0.9,0.9,0.9,,0.6,,0.6,,,,0.7,0.5,0.7,0.8,0.7,0.7,,0.9,,0.7,0.9,0.7,0.9,0.8,0.8,0.6,1,0.5,0.5,0.6,0.4,0.3,0.5,0.5,0.5,0.6,0.6,0.5,0.6,0.5,,0.3,0.3,0.7,0.5,0.6,0.6,1,1.3,1.3,1.3,1.2,0.6,0.5,0.5,,,0.4,0.4,0.3,0.3,0.4,1,0.9,0.5,1.5,1.1,0.7,0.8,0.8,0.5,1,,0.9,0.8,1.1,0.7,0.5,0.6,0.7,0.7,0.6,0.8,0.7,,0.7,0.8,0.6,,0.6,0.8,0.6,0.9,,0.9,0.8,0.8,,0.7,0.8,0.8,0.7,0.8,0.8,0.9,0.8,0.7,0.8,0.7,0.7,0.7,,0.5,0.4,0.5,1.5,1.4,,1.4,1.3,0.8,0.7,0.9,0.7,0.7,0.6,0.8,0.8,0.8,0.8,,0.5,0.5,0.7,,0.9,0.9,,0.7,0.7,0.6,0.7,,0.7,0.6,0.5,0.4,1.2,0.9,1.1,1.4,0.9,1.3,1,0.8,0.9,0.6,0.7,0.9,1.3,0.9,1.5,1,0.8,1,0.7,0.9,0.8,0.7,0.9,0.9,0.8,1.1,1,0.7,0.5,0.7,0.8,0.7,0.8,0.5,0.6,0.7,0.6,0.5,0.7,0.4,1.3,0.8,0.8,0.8,0.8,0.6,0.6,0.8,1.1,0.6,0.5,0.4,0.6,0.7,0.6,0.7,0.5,1.1,1.1,0.6,0.6,0.7,0.6,0.6,0.9,0.7,0.5,0.5,0.4,0.8,,0.7,0.5,0.5,0.4,0.4,0.5,0.8,0.8,0.8,1.3,0.8,0.8,0.9,0.8,0.9,,,0.7,0.5,0.6,,0.8,0.3,0.6,0.6,1,1,,0.6,0.8,0.6,,,,,0.6,0.6,0.7,0.5,0.6,0.6,0.7,0.4,,0.5,0.5,0.5,1.2,1,1.1,0.6,0.6,0.5,0.7,0.4,,,,,0.1,0.4,0.8,0.9,0.3,0.5,0.8,,0.9,0.4,0.5,0.5,0.6,0.5,0.5,0.5,0.4,,0.6,0.8,0.6,0.8,,0.6,0.6,0.4,0.7,1.1,0.6,0.7,0.4,0.8,,1.2,0.9,,0.8,0.5,,0.4,0.3,0.5,,0.7,,0.4,,0.3,0.4,0.5,0.6,0.6,0.6,0.8,0.8,0.8,,0.5,0.5,0.5,0.5,,0.6,0.6,0.3,0.5,0.7,0.6,,0.4,0.6,0.4,0.6,0.3,0.3,,0.8,0.7,0.2,0.3,0.4,,1,0.7,0.5,,0.4,0.5,0.6,0.6,0.6,0.5,0.6,,0.5,0.5,,0.4,0.5,0.7,0.6,0.5,0.4,0.2,0.3,0.4,,0.3,0.2,0.2,0.3,0.2,1.4,0.5,0.5,0.4,,,0.4,0.3,0.7,0.5,,0.6,0.3,0.4,0.4,0.4,0.2,1.2,0.8,1,0.7,0.7,0.6,0.7,,0.6,0.7,0.6,0.6,0.5,0.7,0.8,,0.6,,0.6,0.4,0.8,0.7,6.3,1,0.5,0.4,0.7,0.4,0.9,0.7,0.7,0.5,,,0.5,0.1,0.9,0.5,,0.6,0.8,0.7,0.6,,1,1,,,1.2,0.9,0.9,0.7,0.8,0.7,1.1,0.8,0.8,0.8,0.5,0.8,0.7,0.7,1,,0.9,1,,1.4,0.6,0.4,0.5,0.3,0.4,0.4,0.5,0.7,1.2,0.6,1,0.6,0.7,0.4,0.7,0.4,0.3,0.6,0.4,0.8,0.5,0.6,0.7,0.3,0.7,0.5,0.5,0.6,0.3,0.8,0.1,1.3,0.9,0.8,1.1,0.9,0.8,1,0.8,0.9,0.9,1.7,0.8,0.9,1,0.6,1,,0.7,0.9,0.6,0.5,0.6,0.8,0.4,,,0.6,0.7,0.7,1,0.8,0.3,0.8,0.7,0.5,0.4,0.8,0.6,0.9,0.8,0.4,0.8,0.5,0.8,,0.8,0.6,0.5,0.8,0.6,,0.3,0.4,0.6,0.6,0.4,0.6,0.5,0.5,0.6,0.5,0.8,0.7,0.8,0.7,0.4,0.9,,1.1,,0.8,0.9,0.8,0.9,0.8,0.9,1,1,0.8,0.9,1,0.9,0.7,0.6,0.7,0.6,0.5,0.7,0.6,,0.5,0.8,0.9,0.4,0.2,0.5,0.6,0.7,0.6,0.7,0.6,0.7,0.8,0.5,0.8,0.9,0.7,0.7,0.8,0.7,,0.8,1,0.9,0.8,0.7,0.6,0.6,0.7,0.7,0.6,0.9,0.5,0.6,1,0.4,0.7,0.5,0.8,1.1,0.7,0.6,1.3,0.3,0.6,0.2,0.5,0.2,0.7,1.2,1.1,0.6,0.7,0.6,0.5,0.5,0.6,1.3,0.4,0.6,0.8,0.7,0.7,1,0.7,0.8,1,0.9,0.6,0.7,1.1,0.8,0.5,0.9,0.6,0.6,0.9,1.2,,0.5,0.5,0.6,0.8,0.4,0.7,0.9,0.7,0.7,0.8,0.6,0.7,1.3,1,0.8,0.7,1,1.1,0.4,0.3,0.2,0.5,0.5,0.4,,0.8,0.4,0.7,0.9,0.5,0.5,0.6,0.4,0.6,0.3,0.5,0.7,0.8,0.8,,0.5,0.4,0.5,0.8,1,0.5,0.8,0.8,0.8,0.6,0.8,0.8,0.6,0.5,0.7,,0.3,0.7,0.8,0.8,0.7,0.5,0.9,0.8,,0.6,0.4,0.9,0.8,0.9,1.2,0.7,0.9,0.8,0.4,0.9,0.5,,0.6,,0.5,,0.1,0.9,0.8,0.5,0.7,1.2,0.7,1,0.6,,0.6,0.4,0.6,0.7,0.8,0.4,0.5,0.4,0.1,0.6,0.7,0.6,0.7,0.7,0.5,0.5,1,0.5,0.4,0.6,0.5,,0.6,,1,0.6,,1.2,0.7,0.6,0.7,0.6,0.9,0.9,0.4,,0.5,0.7,0.7,0.6,,,1.7,0.7,0.7,1.2,0.6,0.6,0.3,0.7,0.6,0.5,0.4,0.5,0.6,0.5,0.5,0.4,0.5,0.4,0.7,0.4,0.7,0.8,,1,,0.5,,0.7,1.2,1,0.9,0.8,1,0.5,0.7,0.9,0.6,0.2,0.5,0.4,0.5,0.8,0.6,0.6,0.8,1.2,0.6,0.5,0.4,0.7,0.8,0.7,0.6,0.7,1.7,0.7,,2.2,0.6,1,0.9,0.6,0.4,0.6,0.5,0.1,1.1,0.6,0.9,0.6,0.6,0.5,1.1,0.6,0.7,0.7,0.4,,0.7,0.7,,0.7,0.3,1,0.2,0.8,0.8,0.4,0.8,0.7,0.7,0.2,0.6,0.6,0.8,0.8,0.9,0.4,1.1,0.7,0.6,0.5,1.1,0.7,0.6,0.8,0.6,0.8,0.5,0.5,0.4,0.6,0.6,0.6,0.1,0.8,0.2,0.7,0.8,0.4,0.7,0.5,0.4,0.7,0.7
20210423,1,CO_24h,0.6,0.7,0.7,0.6,0.7,0.7,0.6,0.7,0.6,0.7,0.7,,,,0.8,,0.9,1.1,0.7,,0.9,,0.8,1.2,,0.9,0.7,,0.7,0.6,0.5,0.7,0.5,0.5,0.6,,0.9,1,,1,0.9,0.4,0.3,0.3,,0.2,,0.6,0.6,0.7,0.3,0.5,0.5,0.4,0.4,0.4,0.5,,0.7,0.7,0.7,0.9,0.8,0.9,0.7,0.6,0.4,0.5,,0.4,0.5,0.6,0.7,0.6,0.6,,0.4,0.5,0.4,0.2,0.9,,0.7,0.9,0.7,0.9,0.8,0.7,,,0.6,,,0.7,0.6,0.6,0.7,0.8,0.9,0.9,,0.9,0.7,0.8,0.9,0.9,,1,0.4,0.6,0.7,0.6,0.4,0.6,0.5,0.4,0.4,0.6,0.6,0.6,0.6,0.7,0.4,0.5,0.6,0.5,0.4,0.4,0.6,0.7,0.9,,0.6,0.6,0.7,0.5,0.3,0.4,0.7,0.7,0.6,0.5,0.5,0.6,0.4,,0.6,0.5,0.4,0.6,0.8,0.7,0.4,0.9,0.9,0.7,0.6,0.8,0.9,0.4,,0.9,0.8,0.5,0.6,0.8,0.7,0.5,0.7,0.7,0.8,0.7,0.6,,,,0.9,0.8,,0.9,0.9,1,,,,0.7,,0.7,0.5,0.6,0.5,0.6,0.6,0.7,0.7,0.8,,,,0.6,0.8,,0.6,0.6,0.7,0.6,0.8,,1,0.4,0.7,0.6,0.6,0.5,0.5,0.4,,0.6,,0.8,0.7,,0.5,0.3,,0.5,0.7,0.6,,0.6,0.7,0.4,0.4,0.6,0.6,0.4,,,0.4,0.6,0.6,0.5,0.5,0.4,0.4,,0.5,,,0.6,,0.6,0.6,,0.6,0.4,0.3,0.5,0.4,0.4,,0.6,0.5,0.7,0.6,0.6,0.4,0.4,0.5,1.1,0.7,0.9,0.8,0.8,0.8,0.7,0.7,0.7,0.9,0.5,,0.7,0.7,0.7,0.6,0.4,0.6,0.4,1,0.9,0.6,,0.7,1.2,0.9,,1.1,0.7,0.7,0.9,,0.7,0.7,0.9,0.8,0.6,,,0.1,0.5,0.4,0.3,0.2,0.5,0.9,1,0.9,1,0.8,0.5,1.1,0.9,0.7,0.7,0.8,0.7,0.9,0.9,0.9,0.8,,0.7,0.7,0.9,1,0.9,0.9,0.8,0.8,0.8,0.8,1,1,0.9,0.9,,0.7,0.8,0.8,0.8,0.8,0.7,0.7,0.8,0.5,0.6,0.6,0.6,0.4,0.7,,0.5,0.6,0.5,0.6,0.4,0.6,0.3,0.6,0.7,0.7,0.6,0.6,,0.6,0.7,0.6,0.6,0.6,0.4,0.4,0.7,0.6,0.5,0.5,,,0.7,0.7,0.8,0.5,0.6,0.5,0.5,0.4,0.6,0.6,0.4,0.5,0.7,0.7,0.5,0.6,0.6,0.7,0.6,0.5,0.4,0.5,0.6,0.5,0.4,0.8,,0.6,0.7,1.1,1,0.9,0.7,0.4,,,0.7,0.8,0.5,0.8,1.1,,1.2,1,0.9,1,,,1.2,0.6,0.6,0.4,0.7,0.6,0.7,,0.6,0.6,0.7,,0.6,0.6,0.9,0.7,1,1.1,0.5,0.6,0.5,0.5,0.6,0.4,0.7,1,0.8,0.7,0.8,0.8,0.7,0.8,,0.6,0.6,0.9,0.8,,0.7,0.6,0.7,0.5,,,,0.3,1,,,,0.7,1,0.6,0.9,0.5,0.6,0.2,,0.5,0.9,0.7,0.8,0.9,0.9,0.7,0.8,0.8,0.7,0.8,0.6,0.7,0.9,0.7,1.2,,1,1,1,0.9,0.8,0.7,0.8,0.8,0.7,,1,1.1,0.8,0.7,0.7,0.7,0.7,0.7,0.7,0.7,0.5,0.7,0.6,0.5,0.5,0.5,0.4,0.4,,0.9,,0.6,1,1,0.9,0.7,,0.7,0.5,,,0.9,0.9,1.4,0.6,,0.7,1,1,,0.7,0.4,0.6,0.7,0.7,0.6,0.4,0.7,0.6,0.3,,,,0.8,,0.5,1.1,,1,0.9,0.8,1,0.7,0.5,0.4,0.4,0.4,0.5,,0.8,,,0.6,,0.5,0.8,0.7,0.3,0.6,0.5,0.6,0.9,,0.6,0.5,0.6,0.7,0.5,0.5,0.4,0.6,0.6,0.4,0.7,0.7,0.6,0.7,0.5,0.5,0.7,0.8,0.5,0.5,,0.5,0.9,1,,0.7,0.8,,0.8,0.6,0.8,0.7,0.6,,0.6,1.1,,,0.6,0.6,,0.7,,0.7,0.5,0.8,0.6,1,1.6,,1.3,1.4,,1.2,0.7,,0.9,,0.8,0.8,0.8,,1,0.9,0.6,0.3,0.4,,0.7,0.8,0.9,0.8,0.7,0.6,0.4,1.1,0.8,0.7,0.8,0.6,1.1,0.6,0.6,1.5,0.6,0.5,0.4,0.6,0.8,0.7,0.8,0.7,0.7,0.7,0.7,0.7,0.7,0.5,0.6,0.6,0.4,,0.3,1.1,1.2,0.9,1.2,0.8,0.4,0.4,0.4,0.4,0.5,0.8,0.7,0.8,,1.2,0.7,0.9,,0.7,1.2,1,1.1,0.9,,0.7,0.7,0.7,,0.8,,0.8,0.8,0.5,0.9,0.6,0.7,1.1,,,,0.8,,0.6,,1,0.9,0.9,,0.7,0.8,0.8,0.9,0.6,,0.7,,0.9,1,0.8,0.8,0.8,0.8,,0.9,0.8,0.8,0.6,0.9,0.8,,1,,,0.9,0.6,0.9,0.8,0.5,0.8,1.1,0.9,1,0.5,0.6,0.6,0.5,0.6,0.9,0.6,0.8,0.9,0.6,0.5,0.4,0.9,0.7,1.1,0.8,0.8,0.8,0.9,0.8,0.8,,1.4,0.9,1.1,0.7,0.6,0.9,0.8,0.7,,,,,0.8,0.8,,0.8,1,0.9,0.7,0.7,0.8,0.8,0.9,0.6,0.5,0.7,0.7,0.6,0.7,0.6,0.8,0.7,,0.7,0.9,0.9,,0.6,0.7,,0.7,0.6,0.6,0.7,0.7,0.8,0.8,0.6,0.6,0.7,0.7,0.7,0.6,,0.5,0.7,0.5,1.3,0.7,0.5,0.6,0.2,0.3,,0.3,0.4,0.2,0.4,0.4,0.6,0.8,0.7,0.7,,0.5,,0.4,0.3,0.3,0.5,0.3,0.4,0.2,0.3,0.4,,,0.3,0.3,0.5,0.5,0.4,0.4,0.5,0.2,0.7,0.6,0.6,,0.6,0.5,0.5,0.6,0.5,0.7,0.7,0.8,0.5,,0.8,0.9,0.8,0.7,0.8,0.8,0.7,0.9,0.8,1.1,1,0.8,0.5,,0.8,0.7,,0.5,0.4,0.5,0.7,,,0.8,0.5,0.4,0.5,0.3,0.8,0.7,0.8,0.9,,,0.3,1.2,1.2,1.3,1.2,,1.5,0.7,0.6,0.8,0.6,0.6,0.6,,0.5,0.7,0.7,,,0.7,0.6,,0.8,0.6,1,,0.8,,1.1,1,,,0.4,0.5,,,0.8,0.7,0.5,,,0.2,0.4,0.4,0.2,0.5,0.4,0.4,0.5,0.6,0.4,0.7,0.5,0.7,0.8,0.7,0.8,0.8,0.7,0.7,0.6,0.5,0.4,0.6,0.4,,0.3,0.5,0.6,,0.9,0.7,0.6,0.8,0.7,0.5,0.3,0.1,0.4,0.6,0.4,1.1,,,,1.4,1.4,1.5,1.3,1.2,0.8,0.9,0.6,1.3,1,0.7,3.2,2.9,3.6,3.1,3,,,1.4,0.6,,0.5,0.8,0.7,,0.7,0.4,0.8,,0.7,0.7,0.6,,0.6,0.9,0.7,0.8,0.7,0.7,0.7,0.7,0.9,0.8,0.8,0.8,0.6,0.9,0.8,0.6,,0.7,0.6,0.5,0.7,0.8,0.9,,0.7,,0.6,,,,0.7,0.6,0.8,0.9,0.7,0.7,,0.9,,0.7,0.9,0.7,0.6,0.5,0.5,0.5,0.6,0.6,0.6,0.7,0.5,0.2,0.5,0.5,0.5,0.5,0.6,0.5,0.5,0.5,,0.4,0.4,0.6,0.5,0.6,0.5,1,1.9,1.2,1.3,1.1,0.5,0.5,0.5,,,0.4,0.4,0.3,0.3,0.4,1,0.9,0.7,1.2,1,0.6,0.8,0.8,0.6,1.2,,1.1,1.1,1.1,0.6,0.6,0.6,0.5,0.7,0.5,0.7,0.8,,1.2,0.9,0.9,,0.9,0.9,1,0.7,,0.8,0.6,0.9,,0.9,0.7,0.7,0.8,0.8,0.8,0.9,0.8,0.7,0.8,0.7,0.8,0.7,,0.5,0.4,0.5,1.3,1.4,,1.1,1.2,0.8,0.8,0.9,0.7,0.8,0.7,0.9,0.9,1.1,1.1,,0.5,0.5,0.6,,1,0.9,,0.7,0.7,0.6,0.7,,0.7,0.7,0.8,0.9,0.8,0.8,0.8,1.1,0.7,1,1,0.9,1,0.7,0.8,1,1.4,0.9,1.5,1.1,0.7,0.8,0.6,0.8,0.6,0.6,0.8,0.8,0.8,0.9,1,0.8,0.6,0.9,0.8,1.2,0.8,0.5,0.6,1,0.6,0.5,0.8,0.5,1.2,0.7,0.9,0.8,0.7,0.7,0.5,0.7,0.7,0.9,0.4,0.6,0.8,0.8,0.6,0.7,0.7,0.9,1,0.6,0.7,0.5,0.6,0.6,0.7,0.6,0.5,0.5,0.5,1,,0.7,0.6,0.7,0.5,0.6,0.6,1,0.9,0.9,0.9,0.8,0.8,0.8,0.7,0.8,,,0.8,0.6,0.7,,0.8,0.4,0.7,0.7,0.8,0.9,,0.6,0.6,0.5,,,,,0.6,0.6,0.7,0.6,0.7,0.5,0.6,0.6,,0.4,0.6,0.6,0.6,0.6,0.7,0.6,0.6,0.5,0.6,0.4,,,,,0.3,0.5,0.6,0.5,0.4,0.5,0.7,,0.9,0.4,0.4,0.5,0.5,0.5,0.5,0.5,0.4,0.4,0.6,0.8,0.6,0.7,,0.5,0.5,0.6,0.6,1.3,0.7,0.7,0.5,0.7,,1.7,0.8,,0.7,0.5,,0.5,0.3,0.5,,0.7,,0.4,,0.4,0.4,0.5,0.7,0.6,0.6,0.8,0.9,0.8,,0.5,0.6,0.6,0.6,,0.8,0.7,0.2,0.4,0.6,0.5,,0.4,0.4,0.3,0.7,0.5,0.4,,0.8,0.6,0.2,0.2,0.4,,0.8,0.6,0.5,,0.5,0.5,0.7,0.5,0.6,0.5,0.6,,0.5,0.5,,0.4,0.6,0.7,0.6,0.5,0.5,0.3,0.3,0.5,,0.4,0.2,0.2,0.4,0.4,0.4,0.5,0.5,0.4,,,0.3,0.3,0.5,0.5,,0.6,0.4,0.4,0.5,0.7,0.3,1.3,0.8,0.7,0.8,1,0.4,0.6,,0.9,0.8,0.7,0.5,0.4,0.5,0.6,,0.6,,0.5,0.5,1.3,0.5,2,1.2,0.6,0.4,0.8,0.9,1,0.7,0.4,0.5,,,0.5,0.2,0.6,0.8,,1.1,1,1.2,0.7,,0.7,1,,,0.9,0.7,0.9,0.6,1,0.8,1,0.8,0.8,0.6,0.6,0.9,0.8,0.8,1,,0.9,0.8,,0.8,0.8,0.5,0.6,0.3,0.5,0.3,0.4,0.6,0.9,0.6,0.8,0.6,0.7,0.8,1,0.6,0.3,0.6,0.4,0.8,0.4,0.6,0.7,0.4,0.6,0.6,0.5,0.6,0.5,0.7,0.2,1.3,0.9,0.8,0.9,0.9,0.8,1,1,0.9,0.9,1.5,0.9,0.9,1,0.6,1.2,,0.7,1,0.7,0.7,0.9,0.7,0.4,,,0.7,0.5,0.5,1.1,0.6,0.3,0.7,0.8,0.5,0.4,0.7,0.7,0.8,0.7,0.5,0.7,0.6,0.8,,0.7,0.6,0.4,0.8,0.7,,0.4,0.3,0.6,0.4,0.4,0.6,0.5,0.4,0.5,0.5,0.6,0.7,0.9,0.9,0.5,0.9,,1,,0.7,0.6,0.6,0.9,0.8,0.8,0.8,0.8,0.7,0.7,0.8,0.6,0.7,0.5,0.6,0.5,0.5,0.6,0.4,,0.4,0.8,0.8,0.6,0.3,0.5,0.6,0.8,0.8,0.8,0.6,0.7,0.8,0.6,0.8,0.9,0.9,1,0.8,0.8,,0.6,0.8,1,0.8,1.1,1.3,0.7,0.7,0.8,0.6,0.8,0.6,0.6,0.8,0.4,0.5,0.6,1.2,1.1,1,0.7,0.8,0.3,0.7,0.4,0.5,0.3,0.7,1.2,1.1,0.6,0.7,0.7,0.4,0.6,0.6,2,0.5,0.5,0.8,0.9,0.7,0.9,0.7,0.6,0.8,1,0.7,0.8,1,0.6,0.4,0.6,0.4,0.5,0.5,0.9,,0.6,0.6,0.6,0.9,0.5,0.9,0.7,0.6,0.6,0.4,0.7,0.5,0.7,0.7,0.7,0.7,0.8,1.1,0.2,0.4,0.3,0.6,0.4,0.4,,0.7,0.4,0.7,0.7,0.4,0.5,0.5,0.4,0.6,0.4,0.5,0.6,0.9,0.7,0.1,0.5,0.6,0.9,0.9,0.8,0.4,0.8,0.8,0.8,0.6,0.8,0.7,0.9,0.6,0.8,,0.6,1,0.8,0.8,1.7,0.5,0.8,0.4,,0.7,0.4,1,0.7,0.8,1,0.7,0.8,0.8,0.8,0.9,0.5,,0.7,,0.7,,0.2,0.5,0.8,0.5,0.7,1.1,0.6,0.8,0.8,,0.6,0.5,0.7,0.6,0.6,0.5,0.5,0.4,0.2,0.6,0.7,0.6,0.7,0.7,0.6,0.4,1.1,0.5,0.5,0.6,0.6,,0.5,,0.9,0.7,,1.3,0.7,0.4,0.8,0.5,0.8,0.7,0.4,,0.5,0.6,0.6,0.5,,,1.6,0.7,0.4,0.6,0.5,0.8,0.8,0.7,1,0.5,1.2,0.4,0.4,0.3,0.6,0.4,0.5,0.5,0.6,0.5,0.7,0.9,,0.8,,1.1,,0.5,0.9,0.9,0.9,0.7,0.8,0.5,0.7,0.8,0.7,0.2,0.5,0.5,0.6,0.7,0.7,0.7,0.8,1.5,0.9,0.5,0.4,0.7,0.7,0.7,0.6,0.7,1.8,1.3,,1.1,0.5,0.8,0.7,1.4,0.6,0.7,0.5,0.2,1.1,0.8,0.8,0.5,0.6,0.5,0.8,0.5,0.9,0.8,0.4,0.6,0.6,0.6,,0.7,0.7,1,0.2,0.7,0.7,0.4,0.7,0.6,0.7,0.5,0.6,0.6,0.6,0.8,1,0.8,0.9,1.5,0.5,0.7,0.9,0.9,0.9,0.6,0.6,0.7,0.6,0.6,0.4,0.6,0.5,0.9,0.2,1.1,0.3,0.9,0.6,0.5,0.7,0.5,0.4,0.7,0.6
20210423,2,AQI,52,83,59,39,42,64,58,58,58,79,53,,,,32,,39,40,32,,33,,69,33,,33,28,,114,65,85,72,,70,92,,29,30,,,36,32,33,39,,33,,80,69,68,80,69,78,80,67,63,65,,53,60,59,29,20,25,30,52,48,47,,44,70,48,60,60,68,,82,80,89,70,92,,57,100,103,89,95,77,,,25,,,34,26,26,25,60,70,54,,52,53,46,59,54,,49,34,38,42,36,40,36,35,38,38,36,77,58,69,57,53,67,88,65,60,68,38,53,51,,40,48,48,40,52,77,40,58,67,69,65,62,72,,72,54,73,64,39,28,39,28,41,36,44,,45,186,,64,77,137,70,70,175,67,89,64,87,,70,,,,79,58,,67,64,64,,,,57,,79,85,85,67,70,79,73,92,132,,,,132,98,,52,97,89,85,89,,77,92,89,98,49,60,83,49,,55,,68,69,,68,70,,82,58,74,,95,84,82,48,32,44,39,,,13,64,62,48,44,56,63,,61,,,64,,91,79,,14,16,15,16,23,22,,62,62,65,60,57,37,57,35,56,64,55,48,55,56,56,67,67,52,30,,52,22,51,72,29,23,15,38,46,26,,41,40,34,,58,41,37,32,,49,42,37,46,33,,,26,24,29,28,25,21,70,63,60,71,72,69,85,71,73,38,32,37,26,42,36,33,,34,42,38,25,28,29,25,24,30,22,22,22,59,57,,59,78,58,79,56,80,59,65,50,51,53,52,53,65,,38,52,57,66,52,57,47,40,57,51,54,53,,38,70,58,53,48,36,35,51,38,40,46,,,68,58,66,77,80,100,74,68,58,58,45,59,43,52,45,42,44,41,49,51,29,17,35,17,18,33,,54,33,43,47,41,42,47,,,33,66,41,58,61,,118,130,89,113,,,115,82,44,60,56,51,56,60,53,58,53,,58,53,133,65,73,79,34,36,34,34,34,37,64,73,88,71,75,68,66,80,,75,72,74,78,,67,32,46,40,,,,35,33,,,,46,50,44,52,38,43,40,,43,25,23,26,26,23,26,25,26,29,32,49,33,28,23,65,,63,70,61,65,41,41,53,44,64,,60,69,94,36,42,49,47,46,45,49,139,57,65,68,19,20,23,26,,31,,54,51,45,55,41,,48,43,,,59,,69,84,,83,70,90,,67,61,67,63,64,30,31,32,32,31,,,,94,,87,94,,107,58,63,70,85,103,89,37,36,37,,67,,,72,,60,69,57,55,43,38,36,54,,32,36,38,35,41,31,29,54,41,47,51,53,59,50,56,55,61,68,60,40,,55,71,63,,40,45,,49,47,48,39,30,,46,62,,,84,85,,45,,36,50,62,46,119,,,117,89,,79,88,,82,,110,84,90,,92,99,32,31,32,,38,40,51,51,50,29,22,70,63,64,67,58,79,36,48,49,42,27,31,104,72,60,83,79,62,59,57,57,52,53,46,45,39,,47,75,98,128,110,76,48,47,49,43,46,25,29,25,,46,42,55,,45,54,57,49,58,,64,54,32,,102,,114,148,115,114,72,85,72,,,,65,,62,,79,97,78,,114,105,84,78,70,,75,,51,55,47,79,45,47,,50,63,52,33,35,25,,36,,,23,43,28,26,35,40,38,42,46,26,39,29,34,,54,54,63,60,52,24,31,39,63,77,73,77,67,68,63,72,,65,44,48,55,52,77,68,75,,,,,77,63,,64,34,53,37,47,30,40,28,33,31,30,32,53,52,64,57,57,,59,61,70,,57,58,,118,52,44,68,53,60,82,67,74,93,92,86,98,,92,97,500,56,50,45,67,27,29,,27,30,41,59,54,98,100,46,46,,27,,57,27,27,28,33,33,,27,26,,,28,29,56,33,33,35,37,,41,40,74,,80,76,63,74,74,75,93,79,57,,51,64,88,87,95,74,87,60,67,59,57,51,52,,59,60,,60,62,37,58,,,43,55,43,54,55,56,45,56,52,,,53,73,85,77,114,,77,91,98,60,,102,67,,62,73,75,,,67,71,,60,52,61,,46,,53,46,,,52,46,,,64,58,31,,,51,54,34,33,55,60,46,52,40,44,48,40,29,33,37,34,65,66,55,53,55,48,57,43,,48,48,82,,47,54,63,44,33,32,52,44,40,41,42,99,,,,242,225,295,195,211,175,149,145,125,94,58,480,416,295,262,264,,,122,29,,25,69,58,,27,68,53,,52,51,58,,82,63,53,69,40,52,54,70,56,58,40,52,65,45,52,43,,48,38,30,44,130,60,,43,,52,,,,51,52,40,58,63,59,,48,,36,43,41,45,46,72,38,30,39,36,89,20,,30,39,23,51,69,68,49,22,,30,25,28,23,33,38,19,49,35,45,44,36,39,54,,,15,19,19,20,18,41,44,47,50,48,52,47,43,65,34,,45,48,39,30,23,24,23,23,47,58,52,,88,112,95,,92,89,78,84,,89,69,54,,97,56,55,53,54,74,83,70,72,70,73,68,70,,59,73,43,52,47,,65,62,53,35,35,38,73,84,82,89,40,40,,43,52,40,,38,35,,40,29,42,36,,32,25,33,32,60,33,,,41,50,,35,45,35,48,52,22,15,37,33,27,35,40,38,42,49,36,43,34,53,,18,22,22,30,26,26,43,43,,39,13,19,24,87,78,74,69,51,41,39,44,42,54,64,50,54,54,56,52,53,61,48,57,60,46,52,70,65,60,46,38,32,36,,34,42,29,33,32,27,37,35,39,75,65,63,60,53,87,,,29,35,31,,45,47,47,43,70,59,,59,74,58,,,,,49,53,60,54,56,32,29,51,,51,32,42,50,51,55,47,60,60,,58,,,,,30,22,72,77,55,54,45,,34,72,62,57,67,42,40,42,70,70,88,62,53,56,,63,70,69,63,,83,50,42,67,,69,57,,36,35,,35,37,,,35,,32,,31,32,26,32,26,34,63,65,44,,28,27,28,28,,31,24,25,30,30,82,,59,78,38,40,500,500,,40,45,19,18,25,,69,85,53,,25,40,32,24,20,27,65,,62,35,,,46,39,48,125,155,482,305,27,,27,25,23,69,51,31,33,49,34,,,57,43,59,25,,30,23,29,38,51,18,100,61,22,40,26,73,68,,79,103,62,70,43,,62,,53,,108,50,124,39,82,65,500,24,68,48,56,28,75,24,,,52,19,88,43,,51,37,49,46,,75,79,,,42,113,108,69,57,52,56,45,49,122,29,54,29,38,90,,32,64,,68,40,44,40,39,28,53,79,65,67,25,33,70,30,73,40,33,28,50,42,39,28,38,49,48,48,40,48,33,48,68,34,48,56,109,76,38,42,40,67,71,100,58,36,44,46,54,95,,63,48,92,,32,39,25,,,39,83,73,45,50,32,51,62,57,96,96,46,73,57,32,70,24,39,,84,42,56,59,52,,460,69,50,58,42,60,57,67,62,38,78,40,62,62,58,30,,64,,64,64,54,43,58,82,93,75,78,66,71,65,38,55,60,50,58,50,95,,48,62,69,58,36,49,74,60,22,35,75,59,100,63,36,49,80,99,42,49,,117,143,114,90,112,87,55,87,29,33,62,34,38,49,25,43,28,70,91,77,50,53,28,57,83,67,32,98,59,58,55,54,89,68,55,52,45,37,37,55,83,29,44,31,51,63,36,39,48,53,66,54,79,56,60,77,54,,94,48,63,48,35,43,48,45,103,74,37,82,59,60,78,55,30,63,67,57,30,54,31,20,,67,53,45,73,71,46,53,31,37,53,48,46,63,87,28,107,57,29,20,35,57,48,27,47,46,40,48,83,60,73,,85,94,60,58,92,37,62,18,,49,62,72,75,87,94,44,67,46,35,58,34,,59,,35,,40,73,59,64,43,73,80,87,50,,36,60,65,52,53,23,39,32,30,35,40,53,54,60,48,79,36,26,34,32,27,,53,,53,34,,32,61,63,66,,73,139,22,,22,47,46,50,,,127,70,57,60,90,28,42,24,27,87,109,62,,77,63,76,64,65,63,59,61,72,,86,,122,48,79,99,56,57,55,104,65,59,110,47,29,27,500,500,53,42,66,107,75,71,62,56,50,53,65,67,47,23,37,,49,55,132,113,94,48,67,27,20,79,80,79,99,62,53,98,63,51,48,36,,68,61,,39,27,54,34,60,79,97,69,75,60,60,65,59,32,83,98,46,60,83,55,80,40,43,32,85,67,57,62,26,29,82,59,76,38,100,35,94,51,46,62,37,40,60,79
20210423,2,PM2.5,36,61,42,27,29,46,41,41,41,58,35,,,,22,,27,28,22,,18,,16,23,,23,18,,86,47,63,52,52,51,68,,20,21,,,24,16,17,27,,14,,59,49,48,54,48,57,51,48,45,39,,34,39,37,20,10,14,12,36,31,27,,26,51,33,43,43,49,,60,59,66,51,68,,40,75,77,66,71,56,,,17,,,11,9,16,13,43,51,38,,36,29,25,33,31,,34,18,8,8,11,7,7,9,12,16,15,56,36,45,40,35,48,65,47,43,49,24,28,20,,28,33,33,28,36,56,28,41,48,50,47,42,52,,52,38,53,46,22,19,27,19,17,25,19,,31,140,,46,56,104,51,51,132,48,66,46,64,,51,,,,58,41,,48,46,32,,,,40,,58,63,63,48,51,58,53,68,100,,,,100,73,,36,72,66,63,66,,56,68,66,73,34,43,61,34,,39,,45,50,,45,51,,51,36,52,,50,61,60,33,15,26,27,,,8,46,34,27,19,28,31,,40,,,39,,52,58,,4,7,8,8,6,7,,44,38,43,34,35,25,28,24,22,46,39,27,39,36,39,48,48,36,21,,36,13,29,52,10,15,6,26,28,18,,22,11,13,,41,17,17,19,,34,29,20,20,12,,,7,12,7,5,5,7,44,39,40,44,42,38,48,40,31,22,16,20,18,29,25,18,,21,22,26,17,19,20,17,15,21,15,15,10,30,30,,31,32,28,51,25,59,31,36,20,18,22,19,29,26,,18,27,26,31,24,21,17,21,24,28,27,31,,21,42,27,28,27,25,21,17,21,13,15,,,35,26,29,52,48,55,45,35,37,32,25,30,22,25,25,20,23,27,22,21,8,11,7,6,11,23,,29,21,27,16,16,23,20,,,18,26,21,40,31,,89,99,66,85,,,87,60,27,24,24,31,29,31,34,36,27,,41,31,80,47,51,50,1,1,3,4,3,5,39,43,49,35,47,49,47,38,,40,51,40,45,,28,22,23,27,,,,23,17,,,,29,30,15,,10,11,6,,30,13,16,18,18,16,18,17,16,15,22,34,23,17,8,47,,45,51,33,47,14,24,19,12,17,,43,50,70,16,18,17,13,32,31,34,106,40,47,49,13,14,16,18,,17,,37,28,31,39,27,,31,30,,,42,,50,62,,61,51,67,,48,39,48,44,46,9,10,2,12,9,,,,70,,64,70,,80,39,45,51,63,77,66,22,17,21,,48,,,52,,43,50,40,39,30,26,25,24,,17,18,16,16,13,18,12,31,13,9,30,35,42,17,23,26,30,42,37,23,,17,48,42,,28,31,,34,31,33,24,21,,27,44,,,62,63,,20,,24,26,26,30,90,,,88,66,,58,65,,60,,83,62,67,,68,74,2,9,2,,14,11,26,14,12,7,7,51,45,46,48,41,58,12,18,24,29,12,12,78,52,43,61,58,44,28,40,38,31,35,26,23,24,,26,48,73,97,83,49,33,23,24,30,26,17,20,17,,17,22,35,,31,27,40,34,41,,46,33,8,,76,,86,113,87,86,52,63,52,,,,41,,35,,58,72,57,,86,79,62,57,51,,55,,27,39,31,58,10,23,,35,28,26,23,16,17,,25,,,14,28,14,18,2,28,26,29,32,14,7,10,15,42,38,32,45,43,35,12,12,22,26,56,53,56,48,48,45,52,,47,20,33,34,36,56,49,55,,,,,56,43,,38,22,37,18,16,14,28,19,12,15,13,17,27,21,39,35,40,,38,41,49,,26,35,,42,26,25,41,32,33,39,31,52,68,68,61,73,,43,51,134,33,35,28,48,12,9,,7,16,12,42,3,73,75,27,27,,8,,40,12,12,19,23,7,,10,12,,,4,7,13,23,13,13,17,,8,5,54,,59,45,45,54,54,55,69,58,40,,31,32,65,64,71,54,64,43,48,37,37,24,29,,38,28,,26,36,23,36,,,30,31,30,38,30,26,28,24,23,,,17,53,63,56,86,,56,36,45,22,,31,48,,44,53,55,,,48,50,,43,36,13,,15,,31,19,,,36,15,,,40,38,20,,,18,24,13,17,25,29,32,36,22,21,33,27,20,23,16,20,47,33,39,37,39,33,40,30,,28,17,60,,21,28,22,21,10,18,16,19,28,26,29,74,,,,192,175,186,146,161,132,114,111,95,70,41,470,374,245,212,214,,,92,18,,16,50,41,,13,49,37,,36,34,41,,60,45,36,50,28,36,38,51,27,41,25,28,47,19,36,30,,33,15,21,30,99,42,,30,,36,,,,22,26,25,41,45,42,,16,,25,30,28,31,32,52,26,21,27,24,66,14,11,21,27,16,33,50,30,29,14,,13,13,12,6,10,10,13,31,24,9,26,24,21,24,,,5,9,5,7,12,26,21,26,35,27,27,32,30,31,22,,27,33,23,21,11,13,16,9,29,32,25,,65,84,68,,68,66,57,62,,66,50,36,,30,39,39,31,38,54,61,51,52,51,53,49,51,,42,53,26,34,26,,47,33,14,19,24,26,53,62,60,66,28,23,,27,36,20,,26,24,,27,20,29,25,,22,12,19,22,18,20,,,25,35,,21,21,24,27,36,14,10,23,23,12,19,28,23,29,34,25,26,23,37,,10,13,7,8,16,17,30,30,26,27,8,8,11,47,33,44,32,23,18,9,9,22,21,36,31,29,27,31,27,35,31,22,32,36,32,33,34,47,39,17,20,22,25,,7,14,18,17,18,12,18,24,23,55,47,45,43,36,64,,,14,24,19,,23,24,15,27,25,37,,41,54,41,,,,,33,32,39,38,32,17,20,23,,12,19,23,22,23,21,24,43,43,,39,,,,,9,7,52,56,28,34,29,,19,52,44,40,46,9,20,9,51,31,65,43,34,39,,39,51,50,45,,42,28,29,40,,50,40,,25,,,,6,,,9,,4,,10,4,9,14,9,18,18,21,19,,10,12,10,19,,20,9,7,21,19,45,,41,57,26,17,127,137,,28,31,13,9,10,,49,63,31,,15,26,22,12,9,10,20,,24,24,,37,32,27,33,52,118,79,58,6,,12,2,10,15,17,10,4,8,8,,,40,26,20,12,,8,6,10,9,22,12,75,31,8,28,17,53,49,,20,77,44,51,30,59,44,,37,,81,33,94,27,56,45,180,6,49,27,33,19,40,12,,,34,9,54,30,,22,24,25,32,,55,58,,,29,85,79,50,40,33,28,31,34,92,20,23,17,26,67,,22,37,,49,22,30,28,14,19,33,58,47,48,15,23,51,21,53,15,6,19,30,17,27,9,24,22,33,32,27,33,4,33,44,13,20,34,82,50,26,29,28,48,34,75,37,18,24,32,36,71,,36,33,68,,7,21,12,,,20,61,53,31,35,11,20,44,33,42,70,22,53,40,22,42,6,27,,62,18,31,22,22,,118,50,20,39,29,43,40,48,44,26,57,24,38,27,41,14,,46,,46,46,38,30,41,60,68,37,36,26,40,33,17,23,26,18,29,24,56,,11,36,30,26,23,34,54,43,15,24,55,42,75,42,25,34,59,74,29,34,,88,109,86,67,84,64,26,64,10,23,44,22,22,34,12,30,18,51,58,56,33,34,4,40,61,48,7,73,42,41,39,38,66,35,30,32,28,7,20,39,61,20,29,12,16,39,19,18,23,36,45,38,52,36,43,56,38,,70,33,45,28,24,30,29,31,77,44,22,60,40,43,57,39,21,45,48,34,8,22,15,3,,45,25,31,40,35,26,22,17,24,16,24,19,45,64,11,80,40,8,13,24,37,33,18,31,32,28,33,45,43,32,,58,70,43,41,68,21,20,12,,34,44,52,37,64,70,23,48,32,24,41,22,,42,,24,,11,53,42,46,30,53,59,64,35,,21,25,37,34,37,12,19,16,9,24,23,21,22,36,27,58,24,10,12,14,12,,37,,35,12,,22,38,45,41,,49,106,13,,11,32,32,20,,,96,38,37,43,57,4,29,5,14,64,67,30,,56,41,44,39,35,36,42,36,41,,48,,92,33,58,74,27,40,39,68,36,42,83,28,6,5,604,760,24,26,38,80,51,37,44,23,28,27,32,28,22,16,24,,25,39,100,85,70,20,46,10,5,58,59,58,74,31,25,53,38,35,33,23,64,24,40,,8,18,38,5,41,58,72,50,55,43,43,47,42,22,61,73,32,35,61,38,53,28,30,22,63,48,40,44,18,8,60,42,53,26,75,24,70,28,19,44,5,2,43,58
20210423,2,PM2.5_24h,30,41,33,27,29,36,31,28,28,40,28,,,,31,,35,33,31,,28,,33,31,,31,19,,46,40,46,44,40,48,42,,34,33,,,29,21,29,29,,21,,40,39,40,37,35,34,38,32,37,28,,30,37,31,23,16,20,20,32,29,28,,31,39,35,38,40,49,,40,39,43,43,50,,35,49,47,46,40,43,,,24,,,20,16,23,19,46,61,46,,42,38,49,50,51,,47,30,26,18,25,14,18,15,23,28,23,38,32,32,30,25,31,35,33,32,36,53,52,67,,59,57,76,54,60,76,60,72,25,23,23,23,26,,24,20,24,26,28,27,32,28,32,22,26,39,29,49,,24,23,39,27,22,48,32,32,29,42,40,25,,,,45,43,,41,40,30,,,,31,,23,26,26,21,28,30,24,29,47,,,,48,45,,30,62,58,37,40,,37,54,51,49,22,36,38,22,,25,,26,26,,31,36,,31,29,29,,34,31,34,24,14,19,19,,,15,28,20,25,20,22,21,,32,,,28,,30,33,,19,21,28,14,13,14,,36,33,34,28,27,24,21,20,26,35,33,24,30,31,36,33,28,33,14,,22,11,17,17,8,21,18,17,17,10,,11,9,8,,26,38,39,41,,49,53,37,44,17,,,17,15,13,12,13,12,38,32,32,36,35,33,36,34,30,20,12,18,17,22,20,15,,17,17,21,30,17,17,14,16,19,16,24,8,39,40,,34,33,32,42,38,46,38,33,23,22,21,20,20,28,,14,16,18,33,22,21,21,25,29,33,36,30,,31,45,33,25,27,25,22,25,26,22,26,,,36,33,41,35,37,37,27,19,28,26,23,28,22,24,24,21,24,25,24,23,10,13,15,12,12,20,,24,26,30,29,19,29,27,,,24,28,18,29,31,,97,87,67,68,,,96,49,28,30,34,36,33,35,36,35,28,,32,26,53,47,47,41,11,11,14,10,20,6,31,32,38,30,36,37,29,32,,36,34,34,32,,30,17,21,25,,,,21,22,,,,34,27,10,11,11,12,11,,21,18,20,22,24,24,18,15,14,17,19,35,16,25,14,35,,50,42,37,36,17,22,24,29,21,,45,37,45,37,26,27,28,34,33,30,45,28,36,34,17,18,16,16,,23,,17,20,20,20,42,,40,47,,,32,36,35,74,,77,56,50,,33,38,33,34,36,24,16,18,23,22,,,,40,,32,45,,52,36,33,44,19,19,20,25,27,28,,34,,,48,,36,38,48,29,23,22,33,25,,16,14,14,14,18,18,20,24,17,16,30,32,33,15,18,17,29,33,29,22,,17,44,38,,28,30,,35,30,30,26,20,,29,34,,,39,38,,23,,19,24,19,29,87,70,,88,66,,42,45,,39,,55,38,51,,41,53,18,19,12,,23,25,25,31,32,22,16,47,45,41,46,40,50,15,24,28,27,9,29,48,37,33,40,38,30,32,40,36,36,28,26,25,19,,30,125,129,113,142,82,31,23,21,33,20,31,36,31,,32,36,38,,36,36,34,35,30,,31,25,6,,62,,52,75,63,65,32,48,35,,,,33,,27,,59,62,75,,67,64,61,40,37,,33,,39,39,36,38,22,23,,20,19,19,20,18,18,,23,,,16,21,9,9,5,27,38,34,32,12,8,10,13,24,25,21,26,30,27,11,11,26,36,51,54,54,50,55,54,46,,34,26,31,28,35,40,34,31,,,,,44,40,,41,24,31,20,25,26,28,15,11,13,10,14,25,25,29,25,22,,30,36,45,,21,24,,24,30,28,34,36,31,34,35,45,34,37,34,42,,39,40,49,29,40,23,38,12,16,,10,7,26,43,16,41,39,40,40,,10,,13,10,10,15,13,16,18,13,17,,,12,13,10,14,14,12,26,,14,21,26,,29,28,24,26,25,28,28,27,27,,37,35,30,33,34,29,33,31,34,36,37,15,16,,41,27,,23,25,24,29,,,24,38,28,34,33,18,21,18,18,,,23,50,48,48,67,,47,25,27,18,19,16,33,,33,39,37,,,32,34,,31,24,20,,18,,37,34,,,34,28,,,36,37,22,,,28,30,31,27,22,25,24,33,35,26,31,31,22,28,28,34,51,33,42,44,23,19,20,22,,25,29,37,,24,27,27,23,26,26,23,19,29,30,29,92,,,,193,248,178,201,192,135,128,113,167,127,78,747,483,724,547,365,,,236,63,,74,115,99,,86,38,32,,38,37,44,,54,53,32,47,25,34,31,38,30,37,26,24,44,27,28,25,,22,16,27,21,55,35,,25,,30,,,,21,19,20,30,28,30,,30,,34,35,35,19,14,21,22,21,26,24,31,23,10,17,19,17,29,35,29,27,17,,16,14,19,17,17,19,9,29,16,10,17,29,20,24,,,8,15,12,14,15,25,32,28,35,29,22,25,22,23,23,,23,25,22,25,20,22,22,17,30,30,20,,58,65,59,,61,69,62,44,,38,30,36,,31,32,35,37,31,31,36,36,32,32,28,30,31,,49,46,44,22,25,,29,23,10,23,23,25,43,52,53,51,19,17,,33,32,28,,21,19,,20,14,17,20,,17,9,14,17,11,23,,,16,24,,24,21,22,23,26,22,27,27,26,21,20,31,25,31,32,27,24,25,31,30,7,10,16,11,15,11,17,14,11,12,6,8,8,30,25,35,23,18,19,8,14,19,18,31,33,30,23,29,30,32,32,32,38,33,31,29,31,31,28,29,31,15,18,,12,18,23,20,24,26,31,37,32,52,54,48,52,35,41,,,18,24,20,,21,20,17,21,31,33,,42,26,33,,,,,27,21,26,32,22,14,15,19,,8,21,21,23,22,26,35,38,40,25,39,,,,,7,6,40,40,34,30,20,,19,50,33,33,32,9,16,10,40,25,43,40,28,28,,39,41,41,41,63,43,25,18,37,,37,34,,21,2,,12,14,,,24,,5,,14,9,12,11,12,16,20,27,26,,11,21,13,14,,18,12,8,14,16,35,,35,40,15,12,40,44,,19,18,13,12,7,,33,37,17,,18,20,23,20,13,10,26,,26,29,,33,16,15,18,176,168,64,48,6,,13,8,10,22,20,22,10,12,20,,,9,13,10,14,,11,9,10,12,25,20,72,35,16,37,26,46,36,,18,49,37,81,20,35,28,,27,,38,46,99,19,39,41,57,10,38,52,39,20,30,11,,,26,22,30,36,,31,29,33,19,,39,33,,,20,41,42,28,38,37,21,17,20,47,23,35,24,27,47,,30,32,,45,27,44,47,3,23,29,33,43,33,12,13,21,30,64,31,20,22,29,23,33,6,35,27,38,38,35,39,12,23,37,21,29,29,61,37,20,23,21,36,27,44,28,20,18,29,26,53,,26,26,36,,5,16,13,,,21,42,46,31,26,10,23,34,43,41,66,21,31,33,19,32,25,27,,38,20,20,33,22,,42,24,15,22,19,22,22,24,25,18,47,22,34,28,30,22,,38,,25,20,18,29,25,41,42,40,34,33,35,31,21,25,24,19,32,22,31,,12,36,33,29,21,29,46,48,13,32,51,36,45,24,28,28,58,69,27,28,,65,64,104,79,137,238,13,44,25,19,34,28,19,37,14,30,16,67,68,53,50,49,8,47,43,23,21,38,31,21,48,54,40,34,26,34,39,24,8,30,48,16,21,10,23,26,24,19,20,35,28,33,27,24,33,29,26,,36,24,30,34,22,37,32,36,31,31,31,29,30,33,29,23,14,27,25,19,8,11,10,13,,36,22,32,39,20,22,25,16,23,15,22,22,43,46,40,53,37,21,28,30,29,27,33,30,25,20,36,37,34,30,,66,71,42,39,162,26,20,15,,41,29,50,39,53,43,33,42,36,46,20,21,,31,,30,,17,16,40,48,50,38,40,33,27,,16,26,40,23,17,17,16,16,29,25,27,25,27,24,23,39,19,14,12,16,17,,18,,32,19,,20,32,31,34,,47,39,19,,22,34,27,20,,,82,24,39,38,38,21,37,18,27,45,48,26,,36,41,33,36,41,27,34,35,36,,33,,93,31,37,43,31,42,19,40,21,28,36,35,8,5,429,457,17,22,41,47,50,45,34,23,33,30,33,32,22,29,35,,33,29,71,65,240,40,39,14,16,54,71,30,41,34,29,34,22,40,27,18,36,19,29,,19,73,22,6,25,39,50,30,41,35,28,35,30,21,50,46,52,36,211,31,50,15,33,28,46,29,32,28,27,17,37,29,40,33,178,27,98,19,31,44,6,5,48,30
20210423,2,PM10,29,35,47,25,39,39,57,43,33,44,55,,,,28,,27,34,31,,33,,88,32,,23,28,,88,69,73,75,96,62,93,,19,17,,,36,21,20,25,,22,,79,88,86,109,87,72,109,81,64,80,,56,70,68,7,5,20,7,9,48,47,,44,59,45,61,53,63,,84,90,69,69,112,,50,111,96,98,104,92,,,22,,,34,22,26,23,67,65,55,,42,56,46,68,58,,36,30,38,28,23,25,34,23,21,35,23,84,65,88,63,55,68,103,69,60,74,38,55,52,,34,39,43,35,38,47,27,42,73,70,66,74,67,,74,45,63,50,39,24,34,24,41,9,44,,29,68,,58,77,62,61,77,64,62,64,66,74,93,48,,,,48,42,,61,75,78,,,,46,,92,100,86,70,88,75,66,92,145,,,,143,115,,50,36,82,78,85,,60,56,48,56,47,44,55,40,,54,,85,63,,86,67,,114,65,98,,139,117,93,42,31,44,35,,,13,49,73,48,44,61,76,,71,,,77,,131,97,,14,12,14,12,4,7,,58,73,80,70,64,37,64,32,61,68,32,48,58,61,61,66,68,48,18,,47,22,51,49,29,18,14,38,46,16,,41,40,34,,32,41,37,32,,39,37,37,46,12,,,17,2,9,17,12,7,89,76,70,91,94,88,120,91,95,38,32,37,20,30,34,33,,34,42,26,15,21,12,18,16,11,19,19,22,67,64,,67,105,66,107,62,58,67,80,50,52,56,54,56,79,,38,54,64,82,54,63,47,40,64,51,58,56,,38,90,66,56,48,34,35,51,38,40,46,,,85,65,82,104,110,149,97,86,66,65,45,67,43,54,45,42,44,41,49,52,29,9,35,15,16,22,,57,33,43,47,41,42,47,,,33,81,41,66,72,,114,128,75,116,,,115,78,44,70,61,51,61,70,56,66,56,,56,55,216,69,96,107,6,13,15,24,14,11,78,95,125,92,99,62,82,110,,100,93,97,106,,84,28,46,40,,,,35,27,,,,46,50,44,53,38,43,40,,42,25,20,23,26,20,19,19,26,29,29,48,19,28,23,68,,75,73,72,73,41,41,56,44,78,,63,75,104,36,42,49,47,36,38,29,97,59,27,47,14,11,13,9,,31,,58,51,44,51,41,,48,42,,,68,50,57,70,,67,67,70,,83,71,80,75,51,14,9,7,19,12,,,,88,,73,110,,99,66,61,78,61,73,79,12,27,37,,36,,,85,,68,62,51,43,40,35,36,58,,32,36,38,35,41,31,29,58,41,47,52,55,63,50,61,59,72,85,70,40,,60,91,76,,35,42,,49,47,46,39,29,,46,58,,,72,100,,45,,36,50,73,46,73,68,,81,98,,65,73,,74,,105,86,96,,97,80,10,12,9,,38,40,52,51,50,29,22,51,58,66,36,52,74,30,48,49,26,27,31,45,58,52,45,75,69,68,62,63,54,56,46,45,39,,47,99,80,117,116,102,32,47,49,40,46,20,23,18,,46,42,60,,41,57,51,41,54,,72,58,5,,112,,105,154,114,123,94,86,84,,,,80,,74,,90,116,86,,110,140,115,87,76,,63,,51,46,47,55,45,47,,48,76,53,32,35,22,,34,,,23,43,28,23,20,33,26,39,42,26,39,29,34,56,57,58,66,65,54,24,31,39,76,64,72,79,77,85,66,83,,58,44,45,59,52,81,86,79,,,,,85,76,,77,34,35,37,47,30,13,28,33,31,30,32,55,53,78,64,57,,67,72,90,,63,66,,186,53,44,85,56,69,114,84,97,136,110,122,117,,133,144,652,62,50,45,51,15,21,,27,30,41,35,57,88,84,46,46,,7,,48,27,27,16,19,10,7,9,18,,,6,6,62,31,16,35,9,25,13,21,63,,79,102,67,74,84,58,108,105,61,,51,77,97,109,112,85,92,62,59,68,64,52,54,,68,70,,70,73,37,66,,,19,59,39,46,59,61,45,62,53,,,55,69,72,102,99,,98,132,145,69,85,153,65,,66,76,78,,,76,92,,55,50,71,,46,,55,46,,,31,46,,,77,65,31,,,51,58,34,33,60,69,40,41,40,44,48,40,24,25,37,34,41,81,56,41,56,32,34,32,,48,48,76,,47,57,76,44,33,31,54,44,40,41,35,106,,,,259,225,416,173,177,166,157,120,70,95,54,516,425,266,229,204,,,119,29,,19,55,60,,27,48,47,,44,51,58,,56,68,56,59,40,38,48,54,61,57,40,54,57,45,29,28,,32,38,23,44,96,69,,35,,48,,,,51,53,40,51,64,64,,48,,36,43,41,42,39,57,29,20,35,36,94,16,13,24,24,20,51,58,86,49,22,,30,25,28,23,33,38,12,49,29,45,44,36,39,58,,,15,19,16,18,15,41,44,47,46,48,54,47,42,79,34,,45,40,39,28,22,24,21,20,47,66,53,,114,114,140,,93,80,72,86,,81,81,58,,144,61,58,56,49,75,72,65,73,68,89,85,80,,48,55,43,53,47,,65,73,56,35,23,37,49,53,47,49,31,40,,43,33,40,,30,32,,40,21,34,31,,27,25,33,28,70,33,46,45,41,43,37,35,45,34,48,44,22,13,37,22,27,35,32,38,37,36,36,43,34,44,35,18,22,22,30,26,16,27,35,43,30,13,19,14,124,106,97,87,51,41,39,44,42,58,78,50,57,58,62,53,56,72,48,63,69,44,53,90,78,69,46,38,22,35,,34,42,22,25,25,20,37,35,39,73,66,58,69,56,111,,,29,32,31,,45,47,47,43,89,68,,68,67,57,,,,,49,55,69,56,62,32,29,51,,52,30,42,50,51,59,47,54,58,57,65,,,,,30,22,83,93,60,58,45,,34,60,53,53,84,12,40,29,84,90,25,74,55,61,,76,64,73,62,62,115,50,36,83,,77,60,,32,2,,11,9,,,17,,4,,11,6,26,32,26,34,76,79,44,,16,24,28,17,,31,24,25,27,30,113,,68,91,33,40,898,871,,36,43,13,14,18,,88,77,56,,25,40,20,24,20,27,80,,73,26,,42,40,38,40,199,181,582,424,23,,25,23,17,87,51,19,29,49,29,,,60,43,68,25,,30,18,29,38,52,11,88,71,19,35,26,94,64,,108,125,27,38,35,,72,,34,,90,50,100,36,114,79,827,17,66,48,61,27,99,24,,,53,19,126,33,,52,37,49,40,,84,52,,,27,133,166,65,56,53,61,34,41,154,28,57,29,35,49,,32,77,,84,40,44,32,39,22,55,50,72,81,20,25,31,29,70,40,7,23,50,42,39,28,38,49,40,48,40,40,16,47,85,34,48,61,116,102,34,30,32,82,91,120,66,36,44,45,58,93,,76,30,75,,19,39,25,,,39,60,46,41,49,5,52,46,64,142,142,46,68,56,30,90,24,36,,77,42,61,67,53,,560,80,50,66,35,52,62,60,69,28,46,40,74,73,30,16,,60,,69,56,51,42,61,97,136,100,106,81,91,79,38,59,70,50,66,50,139,,48,74,88,65,36,48,17,16,19,21,67,55,81,75,32,42,102,93,42,47,,156,137,103,89,105,99,59,57,26,33,59,34,38,37,25,42,28,73,132,70,50,56,5,53,81,53,7,97,48,46,48,39,105,85,59,53,45,16,37,41,44,26,44,31,51,75,36,39,48,56,82,47,107,62,70,73,58,,90,29,28,48,33,27,48,37,87,98,37,85,67,60,83,58,20,59,66,64,30,57,31,15,,83,55,42,95,91,46,55,31,37,56,48,46,73,90,17,94,43,,5,12,63,43,27,47,40,36,43,115,61,95,,119,82,54,58,95,37,74,15,,30,71,78,100,99,101,44,63,46,32,56,34,,57,,34,,19,70,47,75,36,68,85,74,50,,36,70,80,53,54,23,39,32,30,31,40,56,58,69,48,83,36,26,34,32,27,,37,,56,34,,30,72,59,81,,96,180,22,,22,47,37,50,,,125,90,63,64,129,11,6,22,22,87,167,73,,95,76,101,77,79,75,64,71,93,,122,,108,48,107,86,62,50,56,157,80,59,145,47,14,27,2253,1942,56,42,81,149,99,92,73,61,50,56,79,83,47,17,37,,49,56,136,131,99,48,84,6,7,39,47,74,92,73,55,146,76,52,42,36,69,86,72,,39,21,48,18,70,86,124,73,52,41,40,50,49,32,72,87,37,69,101,60,110,36,15,18,36,39,62,56,13,29,73,49,102,37,112,30,103,52,46,52,7,5,66,70
20210423,2,PM10_24h,33,44,38,36,35,33,40,42,34,44,39,,,,44,,47,46,50,,50,,54,48,,42,37,,66,59,69,66,65,63,70,,36,41,,,50,38,42,42,,40,,68,58,75,60,60,60,68,58,63,63,,66,67,75,31,26,35,23,25,55,47,,48,51,50,51,55,56,,57,70,56,61,72,,50,71,59,65,53,57,,,33,,,32,30,32,35,71,103,86,,83,75,88,97,92,,84,56,73,40,33,35,46,33,48,48,34,85,65,77,61,56,54,77,59,58,72,99,103,114,,118,109,116,96,94,116,113,105,59,49,51,53,52,,55,43,52,45,64,53,52,55,72,37,58,66,53,51,,49,57,57,46,50,49,42,42,45,46,45,28,,,,60,38,,52,59,54,,,,60,,51,55,67,42,53,50,41,54,80,,,,86,74,,51,55,74,51,58,,50,56,45,40,42,36,46,33,,35,,43,45,,62,55,,72,55,61,,78,76,70,38,44,38,37,,,27,39,47,50,51,68,39,,57,,,58,,85,67,,48,41,54,36,36,38,,60,58,66,65,56,42,53,33,47,55,37,38,53,56,59,53,44,45,32,,50,45,51,52,35,38,47,29,33,13,,32,29,22,,24,60,70,69,,70,69,67,69,22,,,25,23,23,28,22,22,59,65,53,64,61,60,68,63,52,26,28,31,30,28,27,28,,28,29,24,18,23,22,21,21,16,24,22,18,84,77,,72,83,70,91,78,110,78,70,53,56,54,57,45,75,,35,42,48,82,54,54,48,52,71,70,73,62,,47,90,74,54,60,53,47,57,57,55,59,,,80,73,81,85,81,84,63,62,58,58,51,67,44,44,44,39,42,46,53,51,25,28,30,30,30,24,,49,35,60,57,48,56,53,,,30,55,52,52,58,,124,128,96,103,,,140,62,55,70,78,60,80,78,67,72,71,,54,48,104,76,88,86,21,39,55,27,50,30,69,64,104,68,73,61,58,100,,56,58,94,71,,63,35,54,47,,,,48,48,,,,66,67,41,33,31,40,35,,42,26,21,28,30,25,20,22,27,29,27,52,20,26,19,46,,53,43,48,45,41,44,43,43,50,,85,70,76,68,63,62,71,58,44,37,49,57,40,40,44,43,45,34,,38,,33,32,29,30,50,,65,68,,,49,37,35,65,,64,88,57,,49,54,51,49,35,46,30,30,40,43,,,,52,,43,59,,53,62,57,58,20,22,31,34,39,47,,29,,,72,,70,65,69,59,56,54,59,66,,32,30,31,32,37,36,41,52,47,53,61,58,66,44,46,48,64,65,64,44,,49,81,76,,66,68,,69,66,71,65,39,,58,56,,,53,64,,51,,37,49,55,52,83,83,,83,99,,44,46,,46,,74,51,67,,56,51,43,40,40,,55,67,60,86,76,60,33,104,79,81,79,70,110,46,75,71,49,22,64,41,58,46,44,60,63,85,72,75,68,51,118,116,119,,115,176,205,166,213,129,66,58,47,68,55,45,49,46,,54,50,56,,52,48,49,45,40,,48,48,7,,71,,69,105,82,79,57,62,61,,,,56,,51,,97,90,90,,85,81,83,61,54,,46,,52,48,55,47,45,44,,25,29,26,25,25,20,,29,,,24,26,26,17,8,38,63,52,54,30,36,27,34,39,42,41,46,52,46,28,28,42,64,80,81,73,73,98,77,71,,48,64,49,52,47,56,53,51,,,,,68,78,,96,36,48,48,58,43,36,25,29,35,30,37,66,62,50,49,40,,53,65,77,,37,38,,58,52,52,67,54,62,69,67,73,50,54,55,63,,131,136,234,72,48,39,43,20,23,,51,38,96,113,118,50,39,61,61,,21,,20,19,19,23,20,24,22,18,21,,,23,19,40,17,28,34,27,28,27,29,52,,61,56,54,48,49,45,55,55,56,,68,84,57,62,62,53,53,54,52,68,67,34,36,,77,77,,57,54,39,56,,,21,49,33,41,47,30,27,29,30,,,79,80,89,92,86,,89,50,52,40,50,63,44,,43,49,50,,,49,52,,43,43,48,,44,,63,54,,,46,61,,,61,61,38,,,71,74,39,36,52,54,44,48,66,41,48,40,43,54,55,70,79,81,79,76,31,26,31,29,,62,53,64,,68,68,77,65,57,44,71,62,56,65,52,129,,,,258,304,337,240,235,184,174,124,161,168,95,827,527,713,535,513,,,278,110,,105,166,145,,84,50,51,,49,53,50,,55,60,55,56,37,36,43,36,58,64,58,58,56,50,37,36,,26,35,38,32,66,60,,33,,37,,,,47,43,37,46,36,40,,43,,46,44,47,39,33,41,49,30,46,45,59,36,13,27,28,29,63,63,75,53,39,,38,30,34,34,33,35,10,45,28,31,33,33,40,43,,,23,27,27,26,23,45,58,52,52,58,53,44,37,45,39,,40,45,37,41,39,37,39,34,52,58,56,,94,82,87,,81,71,78,55,,56,54,44,,53,54,56,57,54,48,45,47,45,43,40,41,46,,60,60,58,31,44,,42,46,49,33,26,32,36,41,43,40,34,35,,35,32,36,,30,24,,29,16,25,21,,27,20,24,28,38,34,31,31,26,30,35,31,37,30,40,38,36,29,38,32,32,40,41,43,45,43,41,46,40,42,50,11,18,16,25,30,14,20,21,24,23,11,18,14,62,52,73,64,54,40,47,36,36,49,66,68,72,58,48,50,48,68,57,57,59,41,51,82,50,44,59,49,28,35,,29,56,45,34,44,38,55,52,52,69,74,74,69,47,85,,,34,31,34,,43,44,42,37,59,58,,52,34,50,,,,,40,47,52,54,45,23,27,40,,23,30,39,50,47,68,50,55,64,59,71,,,,,23,16,68,67,54,53,34,,37,64,58,54,58,22,43,32,71,70,60,72,46,49,,64,67,61,61,111,81,52,48,96,,66,67,,29,4,,33,44,,,44,,10,,22,17,21,32,26,32,38,46,36,,15,25,23,22,,38,33,16,28,33,113,,126,114,27,30,227,240,,31,29,22,25,13,,79,71,40,,37,40,35,28,39,26,84,,58,73,,82,30,26,26,805,636,314,272,14,,30,32,30,70,80,232,106,124,104,,,30,31,29,26,,11,36,36,40,57,39,78,76,35,54,43,79,48,,53,95,47,47,35,62,61,,24,,45,55,130,29,75,72,279,10,61,117,85,38,75,16,,,51,58,76,47,,68,68,83,34,,50,45,,,27,77,90,39,45,58,50,26,25,81,28,60,47,53,38,,49,46,,86,75,71,63,11,32,74,38,65,58,25,24,25,44,78,77,39,38,44,60,40,27,53,53,55,59,52,52,20,38,71,52,53,44,87,70,28,31,32,60,53,86,40,39,33,52,51,97,,38,37,43,,30,31,23,,,55,56,60,43,34,17,39,67,68,145,91,41,53,43,41,55,64,37,,79,53,44,74,71,,190,58,33,46,42,46,49,46,63,37,50,45,48,66,47,38,,55,,49,34,36,50,45,75,97,98,81,92,81,72,48,61,67,54,75,48,87,,51,83,81,71,48,49,26,27,39,45,70,43,71,42,36,38,87,96,43,46,,108,85,134,98,178,299,35,53,42,27,59,35,32,45,24,38,31,106,108,75,74,68,17,56,52,28,36,51,28,19,67,55,59,80,51,66,75,59,24,37,37,22,28,24,41,49,58,39,52,67,60,40,57,47,56,46,45,,50,32,38,50,39,52,64,47,63,77,58,51,56,52,54,44,15,42,42,35,39,42,28,32,,77,62,53,86,57,51,55,46,42,49,47,55,83,64,17,76,53,34,34,26,54,48,48,44,34,24,46,63,51,62,,99,99,56,53,183,60,40,18,,50,60,80,83,81,68,63,71,47,51,30,30,,39,,39,,26,26,52,68,59,48,54,40,43,,26,56,82,39,33,39,38,39,61,36,50,49,58,47,41,61,38,27,32,39,34,,41,,36,33,,31,65,45,69,,84,75,50,,45,62,47,33,,,92,54,57,73,68,34,37,39,43,60,87,46,,58,95,86,61,67,60,55,57,70,,60,,85,49,83,58,56,56,23,63,39,51,57,70,18,27,1352,1273,42,44,61,71,82,90,65,60,62,67,77,84,45,64,73,,52,45,96,80,301,77,76,20,19,51,46,26,55,58,83,71,39,57,36,24,59,48,56,,100,105,27,84,45,42,82,49,51,42,32,46,34,34,81,45,73,47,255,59,99,19,45,38,47,36,41,35,38,34,60,43,75,73,226,51,136,41,53,61,10,19,67,39
20210423,2,SO2,3,3,3,3,3,2,3,3,1,4,1,,,,5,,5,6,6,,5,,4,4,,6,2,,6,10,3,6,4,8,8,,5,14,,,12,6,10,3,,3,,35,8,7,25,18,9,9,24,32,5,,6,7,5,4,6,8,5,6,5,6,,5,3,6,3,12,11,,2,3,4,3,8,,6,10,6,8,7,4,,,5,,,6,6,8,6,7,14,16,,12,9,12,10,6,,11,4,5,4,9,4,8,8,7,4,5,8,5,6,8,7,6,6,7,10,6,20,25,22,,16,14,12,17,16,24,17,14,5,6,4,8,6,,3,8,8,8,11,3,9,4,5,1,5,3,1,7,,2,5,4,6,5,15,4,5,13,15,9,7,,,,8,6,,8,13,6,,,,3,,10,6,4,8,8,8,9,4,7,,,,3,7,,5,1,3,4,4,,5,4,3,12,4,3,3,3,,5,,5,4,,5,5,,5,6,3,,5,4,6,6,10,4,9,,,4,8,9,5,3,6,5,,4,,,3,,11,12,,3,3,4,4,4,5,,6,4,4,3,5,6,5,5,5,5,5,4,6,5,8,9,3,5,2,,5,6,4,4,2,4,6,3,2,2,,5,2,4,,12,6,6,5,,5,4,5,5,5,,,4,4,5,6,4,4,7,7,5,5,4,5,11,6,6,6,6,5,4,6,7,4,,5,6,8,3,4,6,5,6,5,8,5,10,8,10,,11,11,12,7,8,5,6,6,4,6,6,5,6,5,,5,5,6,9,13,19,7,6,6,5,6,9,,6,13,15,7,6,4,5,5,8,6,7,,,11,8,7,12,11,12,9,19,17,15,8,14,5,5,8,6,4,8,5,7,4,3,4,3,5,10,,16,7,9,9,12,10,5,,,8,5,4,4,5,,14,9,7,7,,,10,16,7,7,9,10,7,5,6,7,7,,10,17,14,16,25,24,3,4,4,5,4,5,9,5,4,8,6,7,5,7,,6,7,5,6,,7,4,6,7,,,,9,4,,,,10,8,5,5,3,5,4,,5,6,2,5,6,5,4,5,5,5,8,5,5,5,2,7,,9,7,12,15,6,9,8,8,9,,4,7,6,10,10,7,6,9,8,8,72,8,10,8,4,4,3,4,,2,,5,5,4,5,2,,4,5,,,11,5,6,10,,2,7,6,,49,21,20,6,4,8,5,5,8,10,,,,8,,6,10,,8,6,6,9,6,7,4,3,3,4,,5,,,13,,24,8,5,4,7,7,10,9,,5,6,6,8,5,7,5,5,6,5,4,5,22,9,8,9,6,6,7,5,,5,3,6,,11,12,,5,7,9,8,6,,6,13,,,5,4,,8,,20,20,12,21,9,8,,9,10,,3,6,,4,,7,8,5,,16,9,7,15,6,,6,6,7,6,7,5,6,16,17,12,13,7,16,12,10,13,4,9,11,9,7,13,16,5,17,16,15,13,12,5,4,8,5,,4,6,8,9,8,6,2,5,6,11,5,5,3,3,,11,6,16,,12,8,6,6,9,,8,4,4,,3,,5,3,3,2,9,44,32,,,,6,,5,,6,5,5,,8,5,8,5,4,,5,,6,7,5,6,6,6,,11,8,14,6,5,11,,7,,,5,3,3,1,1,4,4,4,6,15,7,6,5,5,5,4,6,6,5,3,4,6,11,14,3,8,8,5,5,6,,32,9,26,8,6,14,16,16,,,,,4,5,,5,4,8,5,3,1,17,7,6,6,7,5,4,4,6,6,6,,4,39,9,,3,2,,9,5,4,5,4,4,5,4,3,18,24,7,6,,10,18,54,37,9,14,8,1,4,,5,3,4,4,2,33,9,4,4,,5,,8,6,6,4,4,7,6,9,4,,,5,10,12,12,6,4,3,3,4,4,6,,7,6,6,7,10,9,7,8,7,,3,4,12,9,9,9,6,8,7,5,5,7,7,,4,5,,2,4,6,6,,,4,4,6,4,5,6,6,6,5,,,10,6,3,5,4,,4,10,10,11,9,14,7,,7,6,4,,,3,4,,11,8,13,,9,,10,10,,,5,5,,,12,7,16,,,2,4,6,8,5,6,5,11,12,16,35,10,12,8,10,8,3,4,4,5,8,9,7,7,,5,6,9,,15,11,22,12,4,3,10,8,7,8,10,8,,,,15,16,14,11,17,15,9,8,12,8,6,14,14,14,16,20,,,8,3,,4,7,8,,9,9,6,,5,9,10,,5,5,3,6,4,1,1,6,4,13,5,22,10,9,7,13,,4,3,3,6,5,5,,3,,6,,,,5,7,6,6,5,4,,11,,14,7,6,6,4,6,2,3,2,6,5,4,,5,2,5,4,7,9,3,4,,3,4,7,8,5,10,11,12,13,11,7,11,15,28,,,5,8,7,5,7,3,5,8,7,12,14,14,16,22,10,,6,8,7,5,7,5,5,3,25,63,22,,4,8,6,,10,7,7,5,,3,5,8,,5,14,18,7,25,9,8,8,8,8,3,4,3,,5,7,5,11,8,,12,14,7,4,4,5,6,7,4,10,4,3,,4,5,4,,4,3,,6,8,8,7,,6,6,5,5,8,6,12,11,12,13,8,8,12,6,8,10,1,2,2,1,1,5,5,5,5,4,8,14,5,13,14,3,7,6,5,1,3,3,4,3,3,6,11,7,44,11,9,8,9,8,8,5,10,9,3,3,9,5,2,7,11,29,19,6,6,8,6,7,15,10,10,6,6,18,,5,2,8,9,6,4,8,5,8,4,6,4,7,10,11,,,5,9,6,,5,18,12,12,6,6,,5,5,7,,,,,5,5,7,6,6,13,15,12,,5,6,17,14,19,10,2,2,5,5,5,,,,,4,5,7,9,5,10,4,,4,5,5,7,7,4,6,8,5,6,10,11,8,12,,14,10,5,4,10,11,5,7,4,,12,8,,18,9,,8,4,,,3,,8,,11,8,5,7,6,9,7,15,13,,5,5,20,9,,6,18,8,8,4,9,,4,8,4,2,4,3,,5,5,4,13,19,,5,6,2,,11,3,16,16,10,15,8,,5,11,,9,3,3,5,5,5,2,2,5,,5,2,10,4,5,5,3,5,3,,,9,4,6,5,,3,4,4,3,6,3,9,10,5,2,3,6,6,,13,17,9,4,7,10,2,,7,,7,5,10,8,35,20,56,12,8,8,10,5,4,4,,,4,5,5,4,,3,10,8,8,,3,4,,,8,12,4,7,10,6,8,7,8,7,3,5,10,7,4,,6,4,,6,7,11,7,2,12,4,3,6,5,9,6,2,3,9,16,7,13,4,2,3,8,2,9,6,6,5,3,6,15,5,7,9,5,7,10,8,9,7,35,6,13,15,9,6,7,8,6,,4,4,3,,14,3,3,,,7,6,10,6,5,8,7,3,7,8,7,16,7,9,3,5,2,3,,10,8,10,12,12,,80,2,5,4,2,5,4,2,4,6,2,13,12,14,9,9,,11,,4,2,4,4,7,6,7,6,7,14,14,8,5,5,5,8,9,7,11,,8,9,7,11,5,2,5,2,10,8,7,2,7,4,2,4,6,5,5,6,,4,2,7,7,17,17,17,35,7,8,8,10,10,9,6,10,8,10,10,9,7,5,4,6,11,4,5,7,4,5,1,3,9,11,4,11,7,4,4,6,5,9,5,7,9,8,7,5,2,28,12,4,5,8,6,36,2,,5,3,3,12,20,3,6,2,6,5,3,10,6,5,6,5,9,4,3,3,4,8,4,5,,9,7,6,10,5,7,6,6,5,6,7,6,4,7,10,24,5,2,5,8,7,6,6,3,4,4,4,5,6,5,,2,5,19,16,6,9,12,8,,7,10,7,7,10,17,8,8,6,4,2,8,,11,,7,,5,7,5,6,6,11,23,6,9,,8,13,5,8,6,8,3,6,6,6,16,4,9,12,11,10,6,2,5,9,7,,5,,6,2,,6,10,10,16,,5,6,4,,7,33,6,9,,,6,8,4,11,2,4,3,2,10,7,3,6,,4,5,8,3,6,6,8,9,7,,27,,17,4,2,7,24,13,5,5,8,6,8,4,7,6,8,6,3,11,6,11,3,18,6,8,7,8,10,8,6,8,9,,23,4,3,2,19,7,6,4,6,13,13,8,9,8,11,10,4,6,6,8,5,7,8,,3,5,9,2,4,2,17,3,3,3,3,1,3,17,4,9,4,9,14,23,6,6,8,9,2,3,3,3,6,5,7,5,7,4,5,10,7,7,9,9,8,5,6,8
20210423,2,SO2_24h,2,2,2,2,3,3,2,3,2,3,2,,,,5,,6,7,6,,5,,4,3,,6,2,,5,8,3,6,2,8,7,,5,10,,,12,6,10,5,,3,,8,3,5,8,11,6,8,9,11,6,,8,8,6,6,8,11,7,7,6,6,,6,6,8,3,11,8,,4,5,5,5,7,,6,8,6,6,5,6,,,6,,,6,8,8,7,15,26,25,,21,14,20,18,14,,21,5,5,4,10,5,8,8,7,4,5,10,6,7,10,8,7,8,8,12,8,19,23,19,,21,15,17,21,14,24,17,16,5,5,4,9,6,,3,8,8,7,11,5,8,4,6,1,3,5,2,7,,3,6,4,6,7,7,2,5,10,11,9,7,,,,8,6,,6,10,4,,,,6,,6,4,4,5,6,5,6,4,6,,,,9,7,,5,5,7,3,4,,7,4,12,6,4,9,2,2,,5,,4,4,,5,5,,5,6,3,,5,3,5,6,9,4,6,,,4,8,8,5,4,6,6,,4,,,4,,9,8,,4,4,4,4,4,6,,6,4,6,6,6,6,5,6,4,5,5,3,6,5,8,9,3,5,3,,6,6,4,4,3,4,12,3,7,2,,5,2,4,,5,7,7,7,,7,6,7,8,5,,,5,4,5,6,4,4,7,7,6,5,5,6,8,6,7,6,6,5,5,6,7,6,,4,6,8,3,3,5,4,6,4,7,5,7,9,11,,8,9,9,8,10,7,7,7,4,6,8,6,7,5,,6,5,5,8,7,8,7,6,8,6,7,8,,7,13,12,6,5,5,5,6,9,6,8,,,11,9,8,10,12,11,10,12,15,15,12,14,5,4,8,5,3,8,5,9,4,2,3,3,4,10,,6,7,9,10,9,11,5,,,7,5,4,3,7,,10,9,7,7,,,14,8,6,7,9,10,6,7,5,7,7,,10,15,12,10,21,17,3,4,5,4,5,5,12,7,6,10,8,8,6,8,,9,6,6,7,,7,4,6,7,,,,10,16,,,,14,15,5,4,3,6,4,,4,6,2,5,3,5,4,5,5,5,4,2,4,4,5,9,,16,10,13,15,9,9,7,6,7,,12,9,7,12,12,9,9,11,11,8,37,6,9,8,5,5,4,5,,3,,5,4,4,5,3,,5,7,,,11,5,5,7,,3,7,7,,16,11,15,8,5,9,7,5,10,12,,,,6,,7,8,,6,8,7,10,5,4,3,4,3,5,,6,,,11,,12,9,6,9,11,10,16,12,,4,5,6,6,4,6,6,5,7,5,6,7,9,9,8,9,7,7,8,5,,5,6,8,,16,15,,8,11,12,7,9,,18,10,,,5,3,,7,,16,12,14,14,9,9,,10,10,,3,6,,5,,7,8,9,,12,10,9,15,8,,9,8,11,10,10,8,6,22,16,14,15,12,23,11,13,36,6,8,12,14,10,12,17,10,12,14,10,12,10,5,3,7,5,,4,9,14,10,24,6,3,5,7,10,6,6,4,4,,11,4,14,,8,7,6,6,7,,6,5,4,,3,,4,3,3,2,5,9,9,,,,7,,6,,5,4,6,,8,6,8,4,2,,4,,6,7,5,7,5,5,,9,8,11,6,5,8,,7,,,5,3,2,1,2,4,5,4,7,10,6,5,4,4,5,4,5,7,5,4,5,6,12,16,11,13,13,9,11,8,,25,27,17,8,11,15,13,14,,,,,6,6,,7,6,6,7,3,2,11,10,6,6,7,7,6,8,6,6,7,,5,16,6,,3,2,,5,5,4,5,4,4,5,4,4,8,11,7,5,,30,108,16,25,20,15,9,1,4,,5,3,3,5,1,16,7,5,5,,5,,8,5,5,4,4,8,6,9,5,,,5,10,8,10,7,5,4,3,6,6,7,,8,6,5,7,8,8,5,5,7,,4,5,10,8,8,9,7,8,7,7,6,5,7,,6,5,,3,5,13,21,,,4,4,5,4,5,6,4,6,5,,,6,6,4,5,4,,4,5,7,9,7,9,7,,6,6,8,,,4,5,,10,8,12,,12,,14,17,,,8,4,,,12,9,18,,,3,5,6,8,7,8,6,17,17,10,26,14,12,14,13,14,6,8,8,10,8,9,7,10,,6,9,14,,20,19,14,12,5,5,11,9,7,8,10,14,,,,21,21,15,14,20,12,11,8,21,18,8,23,17,22,23,26,,,22,5,,5,13,13,,9,8,7,,9,7,11,,6,5,3,6,3,1,2,6,8,13,5,13,11,9,5,8,,5,3,3,6,6,6,,4,,7,,,,5,4,6,6,4,4,,8,,9,7,6,5,4,6,4,3,6,8,7,6,3,5,4,7,7,9,9,5,4,,4,4,7,8,18,8,15,14,12,12,7,8,10,13,,,3,12,10,7,8,4,8,6,3,16,8,9,11,7,15,,9,12,10,11,9,9,8,7,26,27,27,,11,13,9,,12,9,10,5,,3,5,8,,6,7,8,5,9,8,7,8,7,8,2,3,3,,5,6,5,10,10,,8,12,7,3,4,8,6,6,7,8,5,6,,4,4,3,,5,4,,9,6,7,6,,7,5,6,6,7,7,12,6,6,9,15,12,11,8,11,11,2,2,2,6,1,6,7,7,7,6,9,10,6,6,10,3,6,6,5,2,3,3,4,2,3,6,10,8,13,9,8,8,10,9,10,7,7,8,5,5,9,5,4,16,14,22,18,8,8,10,6,8,22,8,13,8,11,10,,14,8,12,12,10,8,11,9,11,6,9,6,9,10,12,,,8,13,10,,7,17,16,13,6,7,,6,6,9,,,,,6,5,8,7,6,12,13,11,,8,9,14,12,11,11,3,3,5,4,5,,,,,4,7,11,12,6,10,3,,5,7,6,8,9,5,6,8,6,6,11,10,13,14,,11,9,10,4,9,10,5,8,7,,29,8,,13,8,,10,6,,,4,,8,,11,8,6,7,7,8,4,10,9,,5,9,11,10,,21,18,8,9,9,8,,4,6,3,5,6,5,,5,5,4,14,16,,6,6,13,,13,6,17,22,12,18,11,,9,12,,12,5,3,5,4,6,11,11,5,,6,4,10,5,5,5,3,5,5,,,6,4,4,4,,1,4,5,3,9,5,9,9,5,3,6,5,7,,12,22,11,6,6,10,4,,5,,8,6,16,8,16,13,23,9,7,18,18,10,6,4,,,5,6,6,5,,9,15,14,8,,3,6,,,8,11,5,7,8,6,6,8,6,7,3,6,13,9,6,,7,4,,7,16,5,11,3,15,4,4,6,4,9,4,4,3,12,25,9,14,4,3,3,8,4,7,7,8,6,6,5,14,7,8,10,5,8,10,6,9,5,6,6,12,16,13,4,7,9,5,,4,5,4,,13,3,4,,,7,5,9,6,4,8,5,5,8,7,8,9,7,9,5,5,7,4,,14,7,9,17,19,,25,2,5,4,2,5,4,3,5,6,2,14,11,18,11,9,,8,,3,2,3,6,6,7,8,7,7,12,10,8,6,4,5,8,8,9,8,,8,8,7,10,6,4,6,3,12,9,6,2,8,4,3,5,7,6,6,7,,5,2,9,8,34,25,11,12,11,8,9,11,10,9,7,8,8,7,7,10,10,8,4,4,7,4,8,8,4,5,2,3,6,8,8,10,30,6,17,7,5,8,5,6,7,6,7,5,4,19,7,5,4,7,5,17,2,,6,2,2,12,23,3,7,3,7,5,3,7,7,5,6,3,8,5,3,2,4,8,4,5,,7,9,6,9,4,6,8,10,7,6,5,6,5,8,12,12,4,5,6,8,7,6,6,4,3,4,4,6,6,8,,5,7,7,7,47,11,10,6,,9,12,8,8,8,15,8,8,10,6,2,10,,7,,7,,6,4,7,8,6,10,13,7,15,,7,24,6,8,7,7,4,6,10,6,12,4,9,10,15,12,6,2,5,12,9,,5,,6,2,,6,9,6,14,,6,6,4,,7,24,15,6,,,7,8,2,8,2,3,7,8,7,8,8,8,,5,6,9,5,10,6,9,6,7,,5,,14,5,2,6,20,10,5,4,9,8,8,5,7,6,6,8,3,10,5,13,3,21,5,8,10,8,11,8,12,17,22,,15,4,2,2,20,9,8,4,6,9,7,8,6,11,13,8,3,6,4,8,4,7,7,,4,9,9,3,5,2,4,5,2,3,2,2,3,12,6,6,6,10,38,23,7,6,6,7,2,2,2,3,7,5,8,5,6,7,10,10,10,6,11,7,8,6,10,8
20210423,2,NO2,27,14,56,19,58,39,61,60,15,37,79,,,,16,,20,14,17,,15,,19,19,,21,14,,32,20,38,22,25,25,15,,12,22,,,14,9,6,14,,13,,25,25,21,61,57,46,54,39,62,54,,18,20,50,21,10,17,10,10,30,36,,31,18,13,18,47,66,,27,23,45,24,94,,11,42,32,74,51,48,,,32,,,22,22,24,22,13,28,30,,18,20,15,28,16,,25,15,17,5,8,9,10,12,6,6,10,30,24,27,20,17,43,25,21,19,28,39,54,18,,28,29,41,29,45,41,13,44,68,76,64,76,55,,72,20,40,39,31,27,7,25,4,19,13,17,9,23,,38,38,28,27,45,42,71,76,63,74,47,21,,,,19,16,,15,32,23,,,,17,,48,70,51,50,67,55,56,72,51,,,,55,54,,8,17,13,26,22,,27,19,26,37,18,35,17,25,,20,,16,16,,74,33,,88,22,82,,53,88,66,14,63,49,71,,,10,52,60,44,45,55,43,,42,,,73,,74,66,,14,11,11,8,5,6,,29,49,37,51,38,17,32,32,17,19,20,13,17,15,19,17,28,14,12,,29,19,30,30,17,7,17,26,21,6,,20,19,6,,12,12,11,6,,15,7,11,12,8,,,10,14,6,12,49,20,77,86,56,66,74,46,73,84,33,19,28,22,40,39,24,20,,15,18,38,23,26,20,11,21,15,22,22,10,50,39,,70,76,48,117,46,72,60,55,13,21,24,26,27,86,,27,34,82,40,26,40,17,6,39,28,36,31,,7,55,44,22,20,14,14,11,14,10,15,,,55,45,42,43,51,60,60,68,61,37,17,37,13,10,11,9,14,19,33,20,15,9,36,7,4,10,,48,21,63,64,56,62,37,,,25,80,48,58,66,,36,36,28,33,,,32,4,9,40,6,9,8,16,20,19,5,,25,17,92,38,52,97,4,3,4,3,9,2,43,55,53,59,59,46,74,46,,21,64,51,46,,61,17,52,48,,,,18,8,,,,24,13,21,23,13,16,13,,16,10,30,17,19,17,33,37,22,33,37,5,14,33,6,24,,29,49,22,31,16,28,25,33,22,,37,36,35,8,5,7,4,20,16,22,31,25,31,31,16,8,14,11,,11,,38,44,45,37,24,,13,15,,,13,15,21,16,,15,17,14,,22,17,16,25,9,12,8,9,9,6,,,,17,,16,26,,41,35,24,38,20,18,17,9,11,16,,16,,,48,,41,32,54,14,11,12,15,13,,15,17,24,14,10,9,10,22,18,16,30,36,48,14,13,13,75,48,44,13,,27,41,31,,16,17,,11,10,10,15,12,,31,25,,,36,35,,19,,36,36,41,34,14,9,,18,12,,37,40,,26,,34,39,36,,38,25,5,6,6,,30,11,46,10,14,5,5,18,26,14,30,10,53,10,18,19,14,11,12,23,19,21,22,18,34,40,31,20,38,14,9,14,11,,6,16,13,22,36,23,10,11,13,9,10,18,13,23,,26,30,35,,12,21,24,17,26,,44,38,2,,55,,38,42,22,42,43,30,30,,,,34,,36,,15,24,5,,37,58,26,16,18,,18,,31,26,17,22,39,27,,51,57,54,34,29,32,,23,,,6,16,10,8,9,12,15,10,13,11,7,6,6,47,40,36,48,44,41,3,4,21,43,34,46,28,46,38,32,48,,48,9,27,11,18,43,31,29,,,,,36,55,,44,8,18,14,19,7,12,10,5,11,5,8,13,12,56,38,41,,20,28,49,,49,50,,69,5,20,48,34,31,49,42,54,64,61,70,66,,13,15,31,18,15,11,15,4,7,,17,6,3,8,4,14,18,13,13,,7,,19,24,24,18,12,4,3,10,6,,,5,11,11,13,16,16,11,8,6,7,30,,45,69,62,72,74,79,69,78,78,,11,22,72,69,66,41,47,35,35,28,31,37,41,,35,29,,36,42,12,38,,,34,20,21,16,20,39,15,56,21,,,27,11,11,12,18,,12,80,60,60,72,82,19,,29,34,9,,,15,9,,15,20,83,,51,,8,12,,,14,10,,,7,10,8,,,10,11,28,31,5,5,5,74,11,9,8,35,14,22,33,24,34,49,46,22,11,7,10,10,,8,10,13,,8,30,29,26,9,9,4,18,6,4,6,25,,,,29,29,63,36,23,26,22,20,18,16,10,52,29,53,42,50,,,19,8,,9,10,14,,7,16,39,,25,48,19,,15,11,13,14,23,4,11,12,32,19,28,27,44,28,8,9,,4,10,11,10,16,16,,14,,19,,,,6,24,18,13,28,15,,16,,21,22,28,27,17,32,11,16,31,23,34,14,2,19,18,16,25,39,41,37,17,,23,6,22,22,24,14,8,17,24,34,18,18,21,31,,,13,13,15,13,20,5,13,10,9,5,10,11,11,7,15,,18,14,16,5,7,7,9,5,29,28,44,,28,62,64,,38,21,22,25,,38,40,31,,47,23,25,17,22,15,16,15,21,20,34,35,29,,13,15,13,39,19,,49,40,7,8,11,10,20,22,17,17,26,20,,54,44,68,,10,20,,13,10,20,25,,14,10,30,7,33,16,12,28,8,15,11,8,9,10,5,10,4,18,44,25,48,16,16,11,10,7,8,9,8,12,11,4,3,12,6,4,4,11,9,9,12,1,6,4,40,47,47,38,46,10,29,18,29,24,37,20,25,22,11,11,10,10,12,25,35,14,25,40,48,42,8,12,36,52,,28,17,10,7,8,13,14,11,38,17,19,18,16,32,55,,,8,12,4,,24,45,40,40,52,48,,50,22,63,,,,,11,20,17,22,18,21,8,42,,80,6,12,7,14,9,5,9,5,5,5,,,,,1,3,18,29,7,12,28,,2,7,8,24,27,4,6,6,21,73,12,15,11,20,,5,5,8,8,20,56,16,7,24,,25,28,,12,2,,4,19,,,5,,4,,4,5,5,12,7,24,72,87,36,,5,5,5,16,,27,15,10,23,16,41,,17,16,17,26,6,6,,11,8,14,18,20,,37,46,21,,15,5,7,21,16,12,18,,18,17,,,14,13,16,12,15,5,4,4,,7,3,5,17,26,8,2,1,2,,,17,9,14,5,,8,14,17,5,12,18,17,56,25,15,13,50,22,,79,35,9,16,62,80,42,,14,,16,16,23,12,71,48,41,11,14,18,18,16,38,9,,,30,19,52,12,,17,17,13,12,,25,35,,,32,54,57,20,21,14,40,21,21,60,30,66,19,43,21,,17,23,,75,8,8,12,4,23,10,17,5,16,12,13,17,14,12,14,16,18,11,12,8,45,18,8,5,6,4,4,7,48,23,5,82,45,24,48,18,16,22,29,55,50,37,13,37,13,51,24,,41,4,16,,8,34,23,,,56,18,23,20,29,2,32,21,42,22,54,28,15,26,7,45,15,19,,16,55,23,32,51,,37,76,53,70,23,23,56,50,58,28,18,18,83,10,16,10,,18,,12,58,28,10,34,56,94,61,84,36,62,58,12,69,34,20,28,28,102,,40,24,57,14,21,20,24,18,20,34,12,15,14,19,13,14,29,18,39,46,,46,39,11,10,16,26,26,29,10,10,30,6,25,61,10,49,23,30,34,25,8,18,8,17,21,19,16,18,33,31,15,17,57,26,17,21,39,5,22,28,20,8,9,5,16,58,11,14,21,23,68,32,57,47,43,48,14,,16,24,15,23,11,16,32,19,42,22,20,41,48,44,54,69,26,27,38,7,19,21,18,5,,41,12,17,74,65,10,36,6,9,31,11,16,42,46,12,22,40,4,18,13,21,24,34,14,10,12,30,75,71,57,,30,28,17,24,17,6,26,21,,28,31,23,53,25,60,45,33,15,11,43,14,,19,,26,,5,22,15,29,28,18,15,34,19,,15,11,25,46,33,8,17,16,27,9,8,11,29,30,6,11,3,17,3,12,9,,26,,38,9,,6,20,19,89,,29,38,24,,42,32,16,1,,,67,50,22,63,67,10,22,48,23,23,75,54,,67,39,34,80,63,36,36,61,35,,33,,29,17,32,63,48,23,34,62,59,42,80,24,5,4,2,3,40,43,54,62,6,9,23,40,15,34,48,62,26,14,31,,34,22,42,45,22,15,57,18,10,10,21,15,54,18,21,64,52,18,10,16,80,79,48,,5,6,45,2,9,68,47,8,30,30,57,15,70,44,18,30,9,42,26,36,39,22,9,14,20,11,50,56,22,48,10,19,55,11,33,8,22,55,14,31,3,2,18,11
20210423,2,NO2_24h,25,21,28,26,37,26,36,29,19,28,35,,,,28,,28,26,26,,28,,39,26,,26,22,,26,20,28,19,18,25,15,,30,39,,,38,27,29,38,,33,,28,20,26,27,33,27,27,22,32,24,,22,22,28,31,22,28,14,18,26,29,,29,27,20,26,22,24,,19,24,27,25,44,,18,32,31,37,33,31,,,20,,,22,18,23,16,23,39,39,,28,34,34,42,43,,38,36,46,19,23,21,31,23,11,27,16,47,33,43,34,37,18,22,36,28,35,28,31,26,,31,35,44,34,38,27,24,39,33,43,36,41,34,,36,19,27,28,41,40,23,43,36,32,31,37,33,31,,47,47,43,38,50,45,40,56,41,40,45,16,,,,27,21,,18,31,25,,,,42,,21,51,44,18,49,43,30,63,46,,,,44,46,,12,32,31,36,32,,38,18,27,24,18,28,21,26,,19,,20,20,,44,33,,60,24,44,,51,60,46,28,41,32,43,,,14,32,29,40,32,47,30,,27,,,57,,43,41,,23,24,33,22,14,22,,30,37,28,38,32,13,19,21,26,32,29,17,25,24,32,30,37,22,13,,24,21,19,21,13,20,27,26,45,16,,22,23,6,,16,35,30,32,,34,30,36,26,10,,,20,19,12,14,15,16,28,25,21,27,28,25,27,36,19,23,25,26,36,32,28,27,,18,14,26,18,22,12,11,20,17,14,20,10,43,38,,53,58,39,56,44,70,49,33,15,26,34,28,26,41,,12,19,30,30,19,24,14,15,33,28,30,30,,12,51,37,17,19,17,13,17,22,21,19,,,43,36,47,28,28,34,25,27,42,33,22,25,12,13,14,9,10,22,25,24,10,12,14,7,8,13,,38,30,44,46,35,45,35,,,30,55,50,38,47,,45,51,51,43,,,68,17,13,30,11,11,15,23,24,26,13,,24,12,45,43,45,48,9,6,11,9,19,6,35,48,39,47,45,46,41,45,,28,34,47,36,,45,12,36,39,,,,20,15,,,,30,27,24,26,10,19,15,,12,13,26,19,16,18,21,22,18,22,22,4,18,27,7,28,,26,31,20,28,19,18,20,17,16,,44,44,38,23,20,18,28,32,33,24,32,35,33,38,19,13,14,12,,16,,27,28,32,27,23,,17,19,,,18,20,25,31,,28,35,27,,22,16,14,22,9,21,14,14,17,16,,,,28,,28,13,,26,25,27,31,21,16,15,19,23,31,,14,,,34,,35,19,31,22,20,16,22,18,,10,8,11,7,11,5,10,13,13,9,24,28,36,8,8,9,27,24,19,10,,11,43,41,,18,19,,14,18,18,19,16,,29,21,,,28,23,,23,,22,22,25,27,26,23,,26,24,,30,34,,26,,29,29,25,,27,25,16,15,17,,23,19,33,27,22,19,9,28,34,27,29,20,41,16,28,40,22,23,19,33,40,33,36,30,26,36,28,27,32,11,12,15,12,,7,44,50,36,48,29,15,18,14,16,13,35,36,39,,35,36,39,,21,26,31,37,24,,36,29,6,,25,,23,23,18,23,24,22,30,,,,23,,20,,17,25,11,,27,30,17,14,18,,17,,33,29,23,27,21,22,,26,26,24,15,21,14,,19,,,8,15,17,11,7,12,29,15,22,7,10,7,6,11,17,17,19,25,22,5,9,20,39,41,39,33,45,43,42,36,,30,29,49,19,18,35,30,31,,,,,29,45,,42,17,23,22,19,21,20,14,11,15,10,18,19,25,32,31,30,,22,30,36,,23,21,,29,12,22,28,29,27,23,26,28,29,35,32,34,,14,16,23,24,23,16,25,5,7,,15,7,6,12,7,17,23,32,32,,15,,11,17,17,24,19,7,6,18,12,,,9,13,15,15,20,20,19,18,13,13,40,,43,38,30,39,26,39,43,44,36,,30,35,53,48,54,35,34,34,34,33,30,17,19,,49,43,,33,37,14,33,,,23,20,14,16,24,14,8,14,8,,,29,17,18,18,20,,16,28,28,23,27,31,22,,24,27,11,,,15,15,,20,26,43,,37,,18,22,,,21,13,,,10,14,13,,,12,13,11,13,8,8,7,29,22,13,26,20,15,24,28,26,24,28,30,26,16,12,17,17,,20,26,30,,27,35,28,25,17,15,8,23,12,15,11,36,,,,56,52,76,50,36,30,31,20,36,32,14,94,74,116,104,99,,,53,18,,14,26,27,,16,18,38,,38,38,33,,24,17,20,22,27,10,12,16,38,27,33,47,36,24,14,16,,5,17,15,19,29,33,,19,,20,,,,11,22,18,18,17,16,,24,,26,19,30,16,12,20,11,10,26,27,30,12,2,11,11,9,30,34,38,24,13,,16,7,17,17,21,18,7,15,18,22,13,11,16,19,,,12,11,16,17,16,8,20,20,21,17,12,11,11,11,18,,19,18,16,10,10,12,13,9,22,22,27,,19,36,35,,26,23,28,22,,22,23,19,,23,13,17,13,11,14,14,14,14,12,25,23,24,,13,15,14,28,22,,30,26,7,14,15,15,19,24,22,20,24,23,,29,27,24,,10,15,,13,10,17,17,,11,15,15,10,17,12,11,16,6,12,12,11,13,15,13,17,4,14,13,12,19,16,18,14,13,13,12,11,15,10,18,5,7,7,8,7,5,10,11,11,12,5,10,12,30,34,32,30,26,13,19,15,14,19,24,23,27,27,11,12,13,10,14,24,23,13,14,25,15,12,12,16,24,35,,33,23,24,17,26,26,25,20,33,20,25,28,26,19,42,,,10,17,13,,26,33,27,27,39,35,,37,13,28,,,,,14,25,27,34,28,13,11,23,,29,7,13,11,13,27,7,11,7,9,10,,,,,10,12,19,22,13,16,22,,5,11,11,15,17,5,9,9,23,37,14,15,25,20,,8,9,10,9,41,36,13,11,33,,11,19,,11,4,,9,25,,,10,,5,,8,7,8,12,13,25,18,29,24,,4,8,10,17,,22,19,6,22,15,24,,16,17,24,31,20,20,,13,12,13,18,11,,30,36,23,,14,9,21,17,15,13,23,,20,24,,28,19,14,14,13,15,17,16,4,,12,6,10,19,28,3,5,3,2,,,10,8,10,6,,8,13,16,6,29,22,24,45,27,26,23,21,24,,50,37,35,36,31,47,47,,16,,29,18,56,10,35,31,24,13,23,36,30,23,46,8,,,24,25,38,21,,35,29,27,14,,18,45,,,42,44,54,17,22,21,46,34,22,47,20,53,37,35,29,,31,24,,46,20,26,21,4,20,11,14,8,15,15,15,9,25,13,40,25,15,14,12,14,21,22,18,7,9,6,6,11,22,23,27,58,23,33,39,18,16,16,21,25,44,34,16,30,40,37,18,,21,9,31,,7,23,22,,,36,18,23,28,21,3,17,39,22,21,24,17,31,22,13,19,23,26,,30,39,18,22,30,,21,34,29,40,20,19,28,32,35,21,21,25,28,19,16,18,,21,,14,20,23,36,36,39,54,49,51,44,52,40,19,36,34,16,26,21,34,,14,30,43,20,18,26,26,29,23,34,18,14,30,14,22,20,25,18,23,22,,23,22,24,16,36,61,21,30,22,15,26,12,18,38,8,35,23,55,45,40,27,27,9,37,12,14,25,25,30,25,20,23,23,34,11,24,56,29,18,21,22,11,7,5,13,24,21,13,28,18,44,26,44,29,33,28,16,,26,21,18,27,17,37,31,28,39,18,35,25,39,42,40,39,16,39,22,9,20,17,21,6,,39,14,19,45,21,9,26,6,12,18,9,12,42,32,25,24,23,29,28,23,22,27,37,28,12,13,26,29,24,27,,22,16,10,12,36,8,25,12,,24,27,31,35,26,40,33,28,20,31,27,17,,16,,31,,11,17,19,24,19,17,18,23,23,,18,19,34,25,12,22,15,21,24,18,15,12,21,15,11,11,8,13,7,9,9,,19,,15,9,,18,22,12,39,,37,32,32,,41,21,16,5,,,36,26,24,23,34,30,39,45,40,26,33,30,,41,50,37,23,21,22,29,26,19,,23,,21,16,21,26,35,27,25,31,27,32,34,27,4,8,5,12,22,31,35,29,14,23,22,35,16,30,36,42,28,31,49,,33,26,26,22,58,29,42,19,16,28,35,21,23,19,30,40,28,26,15,18,58,43,33,,8,16,35,2,12,36,25,11,30,29,30,22,29,26,21,14,29,30,68,23,30,17,30,32,22,20,31,22,26,21,13,19,32,17,49,17,37,34,30,36,5,4,29,13
20210423,2,O3,44,24,22,12,24,32,5,10,39,22,,,,,68,,70,74,70,,68,,71,66,,69,60,,44,63,42,48,49,63,116,,88,84,,,88,102,103,103,,104,,70,69,82,32,24,46,27,34,26,41,,102,99,26,76,63,78,96,21,56,46,,54,65,60,64,30,10,,56,56,34,70,3,,68,38,62,17,34,11,,,71,,,70,81,70,77,68,58,49,,52,59,81,48,84,,69,108,111,134,115,127,113,110,121,119,114,55,68,77,76,92,38,47,79,79,52,62,34,56,,67,84,71,80,59,53,104,44,,3,2,3,14,,6,39,24,17,44,47,55,47,63,50,56,,40,25,,26,26,30,28,22,20,,2,4,1,12,21,,,,60,62,,66,48,48,,,,65,,1,,1,4,2,7,4,11,8,,,,2,4,,24,31,35,20,19,,18,35,32,16,34,26,18,32,,31,,31,28,,2,5,,1,2,1,,15,5,2,5,4,14,7,,,34,11,6,4,6,4,6,,1,,,3,,8,14,,42,50,48,50,71,68,,27,3,10,22,9,54,38,45,56,41,46,44,40,42,43,43,44,52,58,,38,38,35,34,12,72,47,33,45,65,,46,47,28,,55,95,97,90,,91,100,96,87,103,,,83,75,91,89,26,67,14,6,25,21,1,32,12,8,3,84,68,76,55,52,65,75,,80,68,42,72,56,64,77,76,77,68,68,70,30,32,,8,4,33,1,35,19,13,27,63,70,54,51,44,10,,18,26,2,53,37,39,32,72,31,33,30,35,,73,11,25,52,50,52,42,58,54,68,55,,,28,22,36,56,51,71,36,6,7,34,37,27,49,49,53,52,43,45,29,40,53,54,19,54,57,85,,29,54,6,10,24,8,23,,,61,4,28,9,4,,35,47,74,57,,,52,101,97,62,100,100,94,78,86,87,103,,110,123,8,92,66,23,106,114,108,107,108,118,24,3,3,9,6,22,6,12,,49,4,2,3,,6,58,8,18,,,,61,103,,,,68,81,67,62,61,67,65,,65,74,67,74,60,69,38,37,50,35,34,108,55,57,55,67,,54,40,70,68,115,94,85,76,91,,35,50,47,106,98,95,106,84,88,55,61,69,55,56,58,56,57,52,,69,,23,20,14,15,79,,85,71,,,72,64,58,70,,72,81,70,,60,64,65,42,58,95,98,101,102,99,,,,63,,68,41,,29,31,38,35,36,40,43,117,114,112,,70,,,27,,27,12,10,105,108,94,102,81,,55,53,51,61,57,58,61,51,48,39,20,2,11,82,71,81,16,46,33,66,,39,30,53,,96,96,,107,108,103,89,29,,21,71,,,42,42,,70,,39,35,35,40,71,61,,64,76,,54,50,,60,,57,10,38,,72,80,102,99,101,,39,58,47,86,74,84,48,69,65,92,44,86,47,113,81,58,91,77,77,62,68,54,68,69,53,46,54,62,50,64,105,93,94,,92,105,108,96,71,86,97,105,114,103,113,31,38,28,,38,41,35,,47,48,48,40,46,,25,30,101,,34,,38,36,51,32,41,73,68,,,,38,,24,,76,61,90,,58,12,64,90,97,,92,,2,2,4,11,39,53,,24,10,10,5,58,38,,38,,,48,42,48,10,111,58,50,58,44,34,56,53,53,10,29,24,14,22,8,53,52,26,14,26,6,52,51,55,70,29,,89,134,104,111,13,40,26,65,,,,,31,18,,17,69,68,60,77,75,64,45,57,42,50,49,115,118,12,36,35,,86,41,48,,2,2,,4,58,17,14,18,26,7,10,6,7,10,4,3,,110,100,60,99,111,99,117,85,92,,76,79,98,89,100,47,44,94,94,,85,,39,42,42,60,56,104,95,84,82,,,88,91,67,63,105,99,117,119,131,125,40,,23,6,3,1,,1,5,,2,,43,31,5,5,6,13,4,11,4,11,10,24,21,,17,1,,2,15,4,4,,,44,67,53,60,58,19,32,15,39,,,50,122,126,114,101,,102,3,17,28,13,4,79,,60,60,112,,,106,121,,94,79,1,,32,,127,133,,,106,66,,,95,107,88,,,90,85,40,42,129,121,136,22,73,83,112,32,57,59,45,45,56,25,28,53,87,87,84,79,,90,94,92,,116,77,52,46,79,101,93,87,103,106,98,84,,,,140,125,52,112,100,86,99,97,107,112,91,34,64,53,52,55,,,70,82,,80,78,84,,85,52,33,,52,37,46,,62,50,57,50,55,76,74,63,23,38,27,25,21,18,48,59,,57,12,9,57,53,47,,72,,62,,,,79,64,62,94,36,62,,39,,40,30,33,36,28,31,59,23,16,32,12,25,72,40,32,33,4,3,2,3,14,,14,6,20,26,22,38,12,35,32,31,30,39,41,38,,,36,47,58,62,44,56,50,48,53,67,82,66,69,72,47,,52,52,51,49,72,69,67,71,27,21,16,,40,22,8,,45,50,68,68,,55,40,21,,2,45,51,47,56,78,79,74,68,69,31,33,38,,81,82,81,17,22,,14,13,88,81,85,84,49,53,58,46,42,47,,8,36,6,,65,57,,52,62,29,16,,66,72,29,34,23,58,66,54,64,63,62,52,60,63,58,58,67,44,35,35,20,51,57,63,67,68,83,44,71,44,44,54,54,49,44,54,81,54,70,,72,15,51,76,1,1,,,21,36,33,36,28,36,27,46,47,45,51,53,48,83,87,8,3,35,14,17,7,9,50,51,26,2,,20,77,90,103,101,84,94,88,68,88,98,88,91,44,19,,,80,73,75,,63,22,26,44,32,19,,7,27,13,,,,,64,69,63,59,68,31,43,27,,5,102,126,112,115,121,28,83,91,88,113,,,,,57,42,49,37,105,99,4,,83,111,128,62,50,134,128,133,90,22,90,110,119,103,,128,132,110,102,80,46,110,132,89,,86,74,,97,110,,111,117,,,112,,101,,99,101,74,53,66,35,5,8,63,,87,84,82,78,,43,58,72,77,89,56,,96,94,65,63,88,91,,74,68,58,57,77,,15,20,73,,67,78,86,36,51,85,73,,73,67,,62,69,70,63,67,73,83,83,84,,84,77,73,63,56,99,103,100,106,,,71,72,68,62,,44,72,69,68,123,54,63,25,70,75,78,19,75,,1,42,59,36,2,8,13,,68,,62,71,58,30,27,59,54,76,56,73,59,72,22,68,,,50,45,2,74,,77,76,97,55,,17,6,,,26,5,6,31,63,68,15,44,28,4,40,13,65,24,65,,74,24,,3,117,100,99,90,79,91,76,131,92,80,52,41,74,74,72,105,66,62,63,59,21,90,52,93,97,99,101,103,36,104,108,2,10,52,33,59,55,38,68,2,29,32,52,48,52,23,70,,24,50,62,,102,6,33,,,8,58,69,47,19,100,44,50,18,83,25,42,45,86,22,4,52,34,,92,7,39,35,20,,53,6,9,1,29,25,5,6,2,32,45,89,9,127,80,96,,76,,39,3,19,52,21,4,2,15,,37,15,4,58,9,54,48,46,28,11,,20,64,24,101,60,62,55,75,61,15,55,66,53,60,34,36,73,85,28,,,15,33,102,108,104,98,18,38,90,74,48,89,36,18,39,9,48,44,41,73,104,89,89,72,54,70,100,60,21,26,94,89,18,107,87,99,58,116,42,36,47,52,66,54,42,4,48,37,50,70,14,4,6,2,3,27,50,,68,33,36,72,92,60,34,37,24,43,38,10,4,10,7,4,34,24,13,92,70,63,72,62,,,91,35,1,11,50,28,70,30,8,61,53,11,50,89,51,40,92,64,77,51,38,8,24,73,71,46,1,4,6,,44,56,69,47,114,111,6,18,,18,74,62,7,52,11,8,13,76,93,18,70,,49,,52,,125,38,74,42,54,57,66,45,103,,78,94,45,18,25,64,35,58,26,46,59,49,3,26,45,61,65,44,55,29,32,,29,,10,56,,31,97,97,28,,42,8,21,,30,36,44,82,,,12,15,48,7,3,88,75,56,85,49,18,29,,11,38,39,8,31,39,44,8,44,,55,,62,47,71,,19,34,28,3,7,23,5,66,90,80,101,105,5,4,31,6,128,134,25,45,89,35,24,29,26,72,65,,39,56,35,33,134,93,11,84,62,72,66,66,24,73,65,31,2,9,59,24,7,2,2,,78,86,16,106,118,13,42,118,7,37,24,37,3,29,91,48,98,53,116,9,29,41,89,87,35,49,9,1,80,36,70,56,40,99,54,99,80,12,81,40,116,126,88,68
20210423,2,O3_24h,105,109,102,101,93,95,105,88,106,114,96,,,,99,,103,108,102,,100,,78,108,,103,82,,141,142,138,136,142,150,144,,102,104,,,95,114,106,108,,111,,142,145,144,122,114,130,120,121,113,155,,153,157,154,94,100,104,112,102,119,115,,114,107,101,105,134,129,,140,137,138,135,137,,123,136,139,142,146,139,,,116,,,116,120,102,119,130,128,119,,124,128,133,117,116,,121,118,122,141,121,140,123,125,161,131,142,137,143,144,153,152,160,151,152,139,150,202,205,215,,247,211,243,226,184,232,231,209,114,111,109,118,107,,115,103,102,98,58,62,66,53,66,59,68,57,62,103,,95,79,84,99,100,97,59,59,65,52,61,97,,,,62,74,,76,75,74,,,,65,,82,69,82,90,81,89,93,77,67,,,,71,63,,54,53,52,49,42,,49,70,67,70,64,75,76,83,,80,,75,73,,86,75,,96,65,85,,70,88,91,74,83,80,78,,,79,73,74,90,88,98,76,,103,,,58,,117,118,,81,91,69,77,97,86,,81,75,74,85,74,104,99,106,60,41,46,54,40,47,47,44,51,66,134,,140,139,144,157,214,156,140,94,78,77,,83,87,72,,97,95,106,92,,102,108,100,119,122,,,108,115,124,117,101,98,137,141,138,146,124,134,147,138,137,116,112,113,102,118,110,83,,117,131,81,82,83,75,92,84,83,95,85,81,208,215,,230,240,254,169,222,200,193,226,154,167,136,168,111,261,,106,109,103,237,115,144,146,133,195,226,204,170,,148,142,157,160,154,160,163,170,145,136,152,,,238,266,257,242,213,265,178,135,105,125,124,129,113,104,113,113,111,111,99,108,84,66,76,84,79,114,,102,94,118,137,128,150,106,,,108,126,113,112,134,,153,142,143,120,,,134,138,123,106,124,127,115,101,119,125,120,,152,155,165,134,159,147,118,136,113,117,121,129,103,92,100,84,94,82,108,81,,100,87,67,103,,93,91,79,84,,,,136,135,,,,146,136,72,70,83,76,70,,86,94,101,103,97,94,89,90,91,88,85,121,96,102,91,157,,152,153,158,154,151,148,144,152,148,,134,119,128,140,140,135,132,129,122,138,124,115,112,109,153,145,143,154,,87,,89,95,86,83,113,,108,115,,,112,100,94,78,,81,81,70,,92,81,92,77,80,117,134,136,120,116,,,,70,,76,104,,100,110,102,100,110,114,116,130,124,119,,86,,,175,,178,150,156,156,160,152,185,147,,84,79,82,82,84,89,91,104,99,92,163,174,175,147,134,147,182,179,202,115,,111,197,172,,204,216,,164,164,168,171,100,,85,157,,,118,119,,134,,139,124,136,127,180,179,,193,190,,171,152,,167,,143,131,139,,113,135,113,113,121,,131,142,121,128,132,136,131,122,120,130,118,131,128,138,122,121,128,144,135,124,103,121,121,117,144,147,153,151,150,161,137,132,136,,134,179,169,177,167,191,128,150,152,142,152,53,52,57,,59,77,67,,74,76,67,56,87,,77,55,109,,146,,151,144,158,139,143,150,151,,,,123,,122,,129,131,119,,117,116,132,134,138,,136,,92,91,84,94,118,132,,89,97,101,107,116,103,,104,,,113,54,48,50,111,94,96,111,81,80,97,84,89,100,98,88,90,103,92,70,69,87,87,74,75,137,132,125,135,142,,140,147,140,142,132,129,120,132,,,,,102,88,,87,87,121,94,102,100,87,77,84,82,88,77,170,180,96,99,99,,117,106,109,,117,111,,108,94,83,90,89,132,77,85,78,120,130,132,123,,137,141,131,151,158,159,140,86,99,,90,94,98,89,100,68,65,94,94,,100,,118,118,118,113,112,117,101,101,99,,,116,110,110,107,130,117,127,129,142,138,101,,102,121,117,96,95,98,72,77,113,,57,51,81,83,82,69,71,72,39,48,54,96,97,,62,50,,82,66,64,71,,,100,135,135,134,132,103,101,98,102,,,145,140,134,133,134,,127,123,115,126,120,122,124,,125,126,135,,,129,146,,129,120,136,,131,,228,211,,,132,122,,,125,135,111,,,130,136,126,134,133,127,137,162,134,149,137,139,132,129,126,117,138,136,130,141,116,120,110,116,,138,137,138,,136,135,147,138,139,161,126,118,136,132,137,208,,,,237,234,237,226,224,205,207,211,167,181,176,199,236,225,210,234,,,282,144,,148,204,212,,162,54,57,,57,62,53,,62,54,68,56,62,76,76,70,61,68,55,51,80,49,91,87,,88,98,94,85,80,68,,77,,80,,,,90,82,71,94,85,91,,78,,72,76,75,130,130,119,139,124,136,143,149,139,105,116,108,108,156,159,155,150,107,,110,104,92,100,93,96,106,115,106,111,100,116,100,102,,,108,118,122,122,112,151,155,147,134,149,125,110,124,118,127,,123,123,120,109,125,120,118,127,92,104,112,,152,147,138,,148,133,148,131,,140,134,116,,126,111,112,105,112,114,113,108,118,120,94,91,100,,118,118,119,85,83,,99,89,92,84,111,102,139,152,121,106,89,88,,124,118,126,,137,137,,94,90,85,91,,115,118,113,110,94,87,97,91,95,99,93,72,81,70,65,70,119,97,113,105,104,92,98,100,105,107,111,67,95,70,62,69,75,72,72,84,87,67,85,83,94,67,83,79,124,113,107,114,72,91,80,105,117,80,112,108,108,108,109,101,95,129,125,97,105,94,90,99,91,93,109,113,68,74,,72,126,120,132,125,123,130,130,133,148,158,151,145,146,148,,,127,130,122,,124,104,75,104,94,82,,101,27,100,,,,,119,125,119,121,126,113,118,115,,106,132,153,136,146,152,134,116,131,100,157,,,,,57,48,153,159,147,144,93,,90,153,153,147,140,140,135,138,146,152,135,155,143,139,,140,136,145,134,88,196,132,148,167,,144,148,,129,136,,124,131,,,128,,122,,115,113,107,95,99,90,122,112,122,,88,92,87,110,,74,83,114,110,109,137,,131,121,78,80,129,127,,112,96,79,76,115,,102,81,144,,140,122,111,124,82,107,181,,175,153,,163,89,104,93,86,94,98,100,98,,95,90,88,101,107,144,115,118,120,,,88,89,82,77,,66,96,87,87,132,171,173,211,113,107,105,144,121,,134,148,65,52,84,130,61,,74,,66,112,130,96,158,163,129,92,60,131,130,122,70,93,,,119,175,99,100,,96,141,154,100,,76,55,,,83,65,65,75,78,76,86,85,95,75,113,134,131,153,162,,102,119,,182,212,163,159,102,106,132,96,140,136,106,89,99,107,152,114,128,112,80,119,76,105,117,140,134,141,140,128,124,123,162,113,134,120,118,152,110,107,109,151,120,146,99,121,105,56,101,138,,97,86,68,,125,91,94,,,90,73,128,62,77,118,126,53,112,146,119,102,60,140,114,121,170,73,,141,91,85,99,101,,130,114,113,113,113,106,113,111,106,101,118,133,158,203,104,112,,76,,97,88,83,54,53,196,209,162,218,208,234,231,173,205,174,113,147,110,210,,113,180,239,182,140,90,105,108,101,56,62,73,73,102,58,90,137,136,124,112,,136,140,172,188,172,287,100,66,115,95,130,138,99,119,109,66,92,144,164,151,170,151,120,72,86,98,118,64,82,93,109,104,108,152,168,168,135,150,146,147,128,96,105,89,115,97,97,104,111,136,114,98,102,93,80,111,79,,76,99,104,156,109,66,71,72,96,78,52,89,66,68,101,71,102,48,82,99,79,82,79,83,,176,172,161,215,150,129,132,91,145,120,107,164,143,138,89,141,137,108,108,107,70,48,48,66,76,72,86,143,120,146,,145,126,118,111,174,144,60,103,,78,141,131,141,137,118,79,80,91,95,80,97,,104,,103,,145,106,107,113,112,95,105,113,150,,104,155,52,103,88,196,171,152,178,98,98,90,96,94,94,159,87,78,69,105,89,,114,,125,118,,105,143,141,157,,83,99,83,,82,121,117,130,,,129,124,125,144,137,96,99,97,96,134,142,120,,117,111,120,117,122,116,103,124,154,,151,,157,128,133,113,122,129,118,106,94,90,105,145,90,94,108,110,96,67,142,131,129,236,161,154,176,170,221,280,93,131,130,,60,73,144,139,294,155,94,118,101,74,74,99,114,190,166,122,105,106,110,102,71,97,80,,123,170,99,135,140,165,144,137,104,120,102,117,108,134,166,109,105,152,311,104,146,98,109,102,119,110,98,96,116,119,131,70,157,126,217,127,215,83,126,49,134,126,132,96
20210423,2,O3_8h,49,24,33,20,36,41,8,20,43,26,9,,,,69,,72,76,71,,70,,68,57,,76,62,,54,60,43,46,52,64,119,,86,86,,,86,102,104,106,,103,,71,66,82,37,16,44,34,43,29,49,,92,97,39,69,66,88,96,25,62,50,,56,64,60,63,40,30,,68,48,50,74,3,,71,46,64,33,32,10,,,76,,,51,80,65,80,62,60,56,,56,52,82,50,87,,70,110,114,133,115,126,113,112,120,120,117,41,59,58,54,63,38,39,52,74,50,62,40,56,,58,77,72,68,55,64,98,46,2,4,2,2,20,,8,42,29,18,50,53,60,50,64,54,60,51,46,16,,26,22,26,30,14,18,,2,2,,10,20,,,,60,62,,64,42,47,,,,62,,10,,3,12,4,8,4,8,6,,,,2,4,,14,26,28,18,16,,14,36,34,23,36,30,14,29,,29,,34,28,,2,5,,2,2,2,,8,6,2,5,4,9,8,,,37,20,12,4,10,4,12,,1,,,6,,6,8,,47,55,50,49,72,63,,28,2,11,26,17,63,52,50,54,38,46,44,40,41,45,40,44,50,52,,36,36,36,37,16,72,51,32,39,62,,46,46,24,,50,90,96,90,,90,97,95,80,105,,,80,75,94,92,54,68,24,18,40,26,4,42,18,13,4,86,64,81,67,55,65,77,,84,61,44,73,54,64,72,78,75,68,68,71,32,29,,11,4,31,2,34,20,12,36,66,72,48,60,54,8,,18,27,2,56,36,40,36,74,30,36,30,37,,73,6,22,56,56,50,46,54,57,68,56,,,32,32,40,50,45,79,41,7,6,32,39,31,50,48,54,52,44,44,32,36,53,50,20,54,55,86,,17,53,6,20,29,10,23,,,60,4,31,10,4,,36,48,73,58,,,56,104,97,65,100,99,94,80,88,84,102,,107,114,8,88,58,35,108,114,108,108,107,118,22,3,2,18,11,26,7,19,,50,4,8,3,,6,56,9,16,,,,69,104,,,,68,77,65,66,66,66,64,,66,68,64,69,62,66,44,36,48,42,41,109,53,54,58,54,,36,31,62,64,116,93,90,82,78,,30,55,46,101,97,94,100,88,87,55,66,64,60,52,58,54,59,49,,66,,25,26,18,20,84,,86,66,,,75,66,60,74,,64,74,70,,62,68,70,38,60,100,97,102,102,100,,,,63,,68,49,,30,30,41,29,40,40,42,114,112,110,,72,,,22,,23,16,21,106,109,98,104,83,,56,56,51,66,52,65,60,51,50,42,22,10,9,88,76,84,26,52,32,74,,48,29,54,,101,103,,109,110,106,92,31,,26,74,,,37,34,,82,,48,46,38,42,72,63,,63,74,,51,45,,52,,58,18,46,,72,92,101,100,99,,55,59,56,92,80,86,49,67,60,86,47,88,55,111,92,74,94,78,81,60,70,52,68,68,58,50,54,64,58,70,106,93,97,,93,104,110,101,80,92,98,104,110,102,104,28,32,26,,41,40,39,,48,52,51,38,50,,29,34,97,,38,,36,34,58,36,36,69,58,,,,38,,28,,82,64,88,,51,16,49,92,98,,94,,2,2,5,8,42,48,,16,8,11,28,40,41,,36,,,46,37,46,14,108,59,50,59,44,34,58,56,54,31,34,22,24,30,9,52,52,36,14,22,6,67,56,71,73,46,,86,136,104,114,15,36,26,72,,,,,34,20,,17,70,72,64,76,81,66,46,56,44,50,48,102,113,14,41,42,,70,36,37,,2,2,,5,58,17,16,21,28,8,12,9,5,8,4,3,,116,106,61,100,102,98,107,84,92,,76,76,96,88,99,54,50,90,90,,87,,56,60,60,63,63,105,96,78,82,,,89,93,72,68,102,100,113,116,132,126,31,,17,6,3,5,4,6,5,,2,,45,28,5,6,6,10,4,10,4,8,10,23,28,,15,4,,1,17,4,6,,,45,70,56,60,52,27,40,36,50,,,56,118,119,108,96,,102,4,10,36,20,4,81,,62,64,116,,,109,122,,94,72,2,,27,,124,134,,,106,66,,,102,115,90,,,92,88,39,42,131,124,136,35,69,90,112,36,66,68,49,52,62,44,46,56,83,82,87,76,,90,92,87,,99,64,50,52,79,98,94,86,102,106,100,78,,,,128,111,32,90,100,84,100,94,110,116,84,29,60,62,60,68,,,70,82,,80,81,90,,84,50,37,,53,40,41,,60,50,57,50,50,74,72,64,23,39,27,25,20,22,46,54,,58,12,13,58,52,46,,74,,64,,,,84,72,66,92,40,60,,40,,38,30,32,42,33,32,60,24,18,32,12,27,79,40,34,38,4,3,2,4,12,,24,9,20,28,25,28,11,36,36,34,36,36,40,38,,,44,50,64,66,50,60,51,50,52,69,86,70,74,74,49,,55,56,53,53,74,72,68,74,33,28,14,,37,15,5,,50,53,76,65,,60,28,29,,2,48,56,55,62,84,82,78,73,72,34,33,40,,78,78,82,18,26,,19,20,87,81,85,82,54,57,61,47,40,52,,14,56,27,,68,58,,56,70,28,22,,70,74,41,37,22,57,67,56,66,65,64,52,64,66,58,58,70,53,54,40,38,52,62,68,70,69,80,46,70,46,44,52,53,49,48,56,81,54,71,,73,14,67,78,1,1,,,18,38,35,26,25,39,29,40,44,47,54,55,49,87,90,6,6,42,16,26,16,16,52,52,24,3,,24,83,94,106,104,89,97,94,84,86,102,90,89,44,26,,,85,73,76,,62,20,27,48,36,17,,14,26,28,,,,,65,69,64,62,69,30,38,26,,7,108,130,110,116,119,30,82,92,88,114,,,,,56,38,48,25,106,99,4,,82,115,126,59,48,134,128,133,86,18,96,117,118,102,,125,127,110,100,84,48,110,132,92,,85,84,,99,110,,112,118,,,109,,102,,100,102,75,58,68,22,5,10,58,,86,83,80,75,,40,56,73,74,91,78,,101,100,60,64,89,92,,78,68,53,53,82,,19,30,86,,78,80,84,33,56,82,76,,77,75,,62,73,71,68,68,74,82,81,84,,85,78,72,68,64,102,101,99,106,,,74,73,70,66,,41,73,69,70,126,58,60,32,64,74,80,28,76,,2,53,56,28,2,6,16,,66,,62,64,59,31,28,52,64,80,56,74,53,75,18,70,,,56,49,2,75,,80,82,95,56,,20,4,,,21,4,4,30,66,69,17,46,24,4,46,8,62,26,54,,75,16,,8,115,104,102,89,85,92,76,126,94,78,48,46,75,79,70,106,71,62,64,58,24,92,53,92,94,99,98,102,59,94,110,2,26,57,31,62,52,46,72,8,30,34,56,56,49,36,70,,33,47,62,,110,6,34,,,17,53,66,48,24,100,46,50,24,94,26,43,46,84,24,8,51,36,,86,8,28,44,33,,66,12,17,2,24,24,6,8,2,33,46,92,22,128,81,96,,74,,37,7,16,45,18,10,6,13,,26,12,3,64,6,52,51,44,28,14,,34,71,26,104,62,60,53,72,68,20,54,64,52,62,32,38,75,85,34,12,,18,40,104,111,110,97,13,38,89,70,53,90,42,18,38,7,46,47,40,73,100,86,94,71,61,77,100,60,24,28,92,86,19,99,94,102,54,116,44,40,51,55,65,56,42,4,46,40,47,78,10,4,6,2,3,32,50,,68,39,35,64,94,60,31,34,14,47,38,16,4,9,8,4,28,22,14,92,69,62,70,64,,,92,38,1,28,61,20,72,33,13,70,54,12,42,88,44,44,78,63,74,48,38,13,25,71,68,47,2,22,10,,45,72,70,48,113,108,6,21,,13,82,64,12,56,16,13,12,79,90,22,72,,53,,46,,120,33,76,41,60,63,68,52,92,,84,95,48,22,34,65,38,59,32,43,55,48,8,24,44,62,66,42,52,32,36,,30,,7,66,,28,91,102,60,,41,6,13,,26,38,46,86,,,8,13,44,4,14,87,78,62,87,48,37,36,,14,30,38,15,41,40,42,6,43,,58,,60,46,72,,21,40,31,3,8,34,6,74,88,79,102,104,4,12,47,20,121,132,22,44,90,38,28,38,32,82,69,,36,56,38,36,122,94,24,88,65,68,70,68,32,76,67,19,2,10,60,24,6,2,2,,80,86,12,106,122,19,48,122,4,45,36,38,16,38,94,47,97,38,104,16,27,44,90,88,37,49,11,21,68,46,84,54,34,103,64,102,84,11,76,35,114,126,100,68
20210423,2,O3_8h_24h,54,24,44,28,49,50,10,30,47,29,18,,,,70,,74,77,72,,71,,68,57,,83,64,,64,60,44,46,55,66,122,,86,87,,,86,102,106,108,,103,,72,66,83,42,16,44,42,52,32,57,,92,97,52,69,68,97,97,29,68,55,,58,64,60,63,51,50,,80,48,67,77,3,,74,55,65,49,32,10,,,80,,,51,80,65,82,62,61,64,,59,52,84,52,90,,70,111,118,133,115,126,113,115,120,121,120,41,59,58,54,63,39,39,52,74,50,63,46,56,,58,77,72,68,55,74,98,48,5,4,3,2,27,,11,45,34,19,57,59,64,53,66,58,65,51,53,16,,26,22,26,31,14,18,,2,2,,10,20,,,,60,63,,64,42,47,,,,62,,20,1,5,19,5,10,4,8,6,,,,2,4,,14,26,28,18,16,,14,36,37,30,39,34,14,29,,29,,37,28,,2,5,,2,2,2,,8,7,2,5,4,9,9,,,40,28,17,4,13,5,18,,1,,,10,,6,8,,52,60,51,49,73,63,,28,2,12,31,25,72,67,56,54,38,46,45,40,41,47,40,44,50,52,,36,36,38,40,19,72,55,32,39,62,,47,46,24,,50,90,96,91,,90,97,95,80,107,,,80,75,97,94,82,68,33,31,54,30,7,53,24,18,5,89,64,86,79,58,65,79,,87,61,45,74,54,64,72,80,75,69,68,72,34,29,,14,5,31,3,34,22,12,46,70,75,48,68,63,8,,19,28,2,59,36,42,39,75,30,38,31,39,,73,6,22,59,62,50,49,54,60,69,58,,,35,42,43,50,45,87,46,8,6,32,41,35,51,48,54,52,46,44,34,36,53,50,20,54,55,87,,17,53,6,30,34,11,23,,,60,4,34,10,5,,36,50,73,59,,,61,108,97,68,100,99,95,82,89,84,102,,107,114,8,88,58,47,109,114,108,108,107,119,22,3,2,27,16,31,8,26,,50,4,14,3,,6,56,10,16,,,,77,105,,,,69,77,65,70,70,66,64,,66,68,64,69,63,66,49,36,48,48,48,110,53,54,61,54,,36,31,62,64,116,93,95,87,78,,30,60,46,101,97,94,100,91,87,55,71,64,65,52,58,54,61,49,,66,,27,31,21,24,88,,87,66,,,78,69,62,78,,64,74,70,,63,71,76,38,63,104,97,103,103,100,,,,63,,69,57,,30,30,44,29,45,41,42,114,112,110,,73,,,22,,23,19,32,107,110,101,106,85,,56,59,51,72,52,72,60,51,53,46,23,17,9,95,82,86,36,59,32,83,,57,29,56,,106,110,,111,111,108,95,33,,30,77,,,37,34,,93,,57,58,40,43,72,65,,63,74,,51,45,,52,,60,27,54,,72,103,101,100,99,,71,60,64,98,86,89,50,67,60,86,50,89,63,111,102,90,98,80,85,60,72,52,68,68,63,53,55,65,65,77,108,93,100,,94,104,112,106,89,97,100,104,110,102,104,28,32,26,,44,40,43,,48,56,54,38,54,,33,37,97,,42,,36,34,65,40,36,69,58,,,,38,,32,,87,66,88,,51,19,49,95,99,,97,,3,3,6,8,46,48,,16,8,12,50,40,44,,36,,,46,37,46,17,108,60,50,60,45,34,59,58,54,52,39,22,33,38,10,52,52,46,14,22,6,82,61,87,76,64,,86,138,104,117,17,36,26,80,,,,,38,23,,17,71,75,68,76,87,68,47,56,47,50,48,102,113,16,46,50,,70,36,37,,2,2,,6,59,17,17,24,31,9,14,12,5,8,4,3,,121,111,62,102,102,98,107,84,92,,76,76,96,88,99,60,56,90,90,,89,,72,79,79,66,70,106,96,78,82,,,90,95,77,72,102,100,113,116,133,127,31,,17,6,3,9,8,11,5,,2,,47,28,5,6,6,10,4,10,5,8,10,23,35,,15,6,,1,19,4,8,,,46,74,58,60,52,35,48,58,61,,,62,118,119,108,96,,102,5,10,44,26,5,83,,65,69,120,,,112,122,,94,72,4,,27,,124,134,,,107,66,,,110,123,93,,,93,90,39,43,133,127,137,48,69,97,112,39,74,78,53,60,68,62,63,60,83,82,90,76,,91,92,87,,99,64,50,58,79,98,94,86,102,106,101,78,,,,128,111,32,90,100,84,102,94,112,119,84,29,60,71,67,82,,,70,83,,80,84,96,,84,50,41,,54,42,41,,60,50,57,50,50,74,72,65,23,40,27,25,20,26,46,54,,58,12,17,60,52,46,,77,,67,,,,90,79,71,92,44,60,,40,,38,30,32,47,38,32,61,26,19,33,12,29,86,41,37,42,4,3,2,5,12,,33,12,20,29,28,28,11,38,40,37,43,36,40,39,,,52,54,70,71,56,65,52,53,52,71,90,75,79,76,51,,58,60,55,57,77,74,70,77,39,34,14,,37,15,5,,56,56,85,65,,66,28,37,,3,52,62,63,68,90,86,81,78,75,37,33,41,,78,78,82,20,29,,24,28,87,81,85,82,58,61,64,48,40,56,,21,76,48,,72,60,,60,78,28,28,,73,77,53,40,22,57,68,58,68,67,66,53,68,68,59,58,72,62,72,44,57,54,68,73,74,70,80,47,70,49,45,52,53,49,51,57,81,54,72,,74,14,83,79,1,1,,,18,41,37,26,25,42,31,40,44,49,58,57,50,91,93,6,8,49,19,35,26,24,55,53,24,4,,28,89,98,108,107,94,100,100,100,86,106,92,89,44,33,,,90,73,77,,62,20,28,51,41,17,,22,26,42,,,,,66,69,66,64,70,30,38,26,,9,114,133,110,117,119,33,82,92,88,115,,,,,56,38,48,25,106,99,4,,82,119,126,59,48,134,128,133,86,18,103,124,118,102,,125,127,111,100,88,49,110,132,95,,85,95,,101,111,,112,118,,,109,,103,,102,103,76,62,70,22,5,12,58,,86,83,80,75,,40,56,74,74,93,99,,106,107,60,66,90,93,,82,68,53,53,88,,23,39,99,,90,83,84,33,60,82,79,,81,83,,62,77,72,72,68,76,82,81,84,,86,79,72,72,71,106,101,99,106,,,78,74,72,69,,41,74,69,71,129,61,60,39,64,74,81,37,77,,3,64,56,28,2,6,19,,66,,62,64,60,32,29,52,75,83,56,75,53,78,18,72,,,61,53,2,76,,84,88,95,58,,24,4,,,21,4,4,30,69,70,19,47,24,5,52,8,62,27,54,,76,16,,12,115,107,104,89,91,94,76,126,95,78,48,52,76,84,70,108,76,62,65,58,26,94,54,92,94,99,98,102,82,94,112,2,42,62,31,65,52,55,75,14,30,35,59,63,49,48,70,,42,47,62,,118,6,36,,,26,53,66,50,30,101,48,50,31,106,28,44,47,84,26,13,51,39,,86,9,28,52,46,,78,17,25,3,24,24,6,10,3,34,48,94,36,128,82,97,,74,,37,11,16,45,18,17,9,13,,26,12,3,71,6,52,54,44,29,17,,47,78,29,108,65,60,53,72,74,24,54,64,52,64,32,39,77,85,40,24,,21,47,106,114,116,97,13,38,89,70,58,90,47,18,38,7,46,50,40,73,100,86,99,71,68,84,100,61,26,31,92,86,20,99,100,104,54,117,47,45,55,58,65,57,43,4,46,42,47,87,10,4,6,2,3,36,50,,68,45,35,64,95,61,31,34,14,51,38,21,4,9,9,4,28,22,14,92,69,62,70,66,,,93,41,1,44,72,20,73,36,18,78,55,14,42,88,44,47,78,63,74,48,39,18,26,71,68,48,2,40,14,,46,87,72,48,113,108,6,24,,13,91,66,18,61,21,18,12,82,90,25,74,,57,,46,,120,33,78,41,65,69,71,58,92,,91,96,52,27,43,66,42,60,37,43,55,48,14,24,44,63,66,42,52,36,39,,30,,7,75,,28,91,106,93,,41,6,13,,26,41,48,89,,,8,13,44,4,25,87,81,67,89,48,56,44,,16,30,38,22,51,41,42,6,43,,62,,60,46,73,,23,46,34,3,10,44,6,82,88,79,103,104,4,20,63,33,121,132,22,44,92,41,33,48,37,91,73,,36,56,41,38,122,96,36,91,68,68,74,70,41,78,69,19,2,12,60,24,6,2,2,,82,87,12,106,126,25,53,127,4,53,48,38,29,46,97,47,97,38,104,22,27,46,92,88,39,49,13,41,68,55,98,54,34,107,74,104,87,11,76,35,114,126,112,69
20210423,2,CO,0.5,0.7,0.7,0.5,0.6,0.6,0.7,0.6,0.6,0.8,0.7,,,,0.8,,0.8,0.7,0.7,,0.7,,0.7,1.4,,1,0.7,,0.6,0.7,0.5,0.7,,0.6,0.7,,0.8,1,,,0.8,0.4,0.3,0.2,,0.2,,0.6,0.5,0.6,0.6,0.6,0.8,0.7,0.7,0.5,0.6,,0.7,0.7,0.7,0.7,0.6,0.6,0.6,0.5,0.5,0.5,,0.4,0.5,0.6,0.7,0.6,0.7,,0.5,0.6,0.5,0.2,0.8,,0.7,0.8,0.7,1,0.8,0.7,,,0.5,,,0.5,0.5,0.4,0.6,0.8,0.7,0.7,,0.9,0.6,0.5,0.6,0.6,,0.7,0.5,0.5,0.7,0.5,0.3,0.5,0.4,0.3,0.3,0.5,0.5,0.6,0.5,0.6,0.4,0.6,0.7,0.5,0.4,0.4,0.6,0.6,0.7,,0.4,0.5,0.5,0.2,0.7,0.6,0.5,0.7,0.9,0.6,0.7,0.6,0.5,,0.8,0.5,0.5,0.7,1.2,0.7,0.3,0.9,0.8,0.6,0.9,,0.7,0.5,,1,0.9,0.6,0.7,0.9,0.8,0.6,0.9,0.9,0.9,0.9,0.6,,,,0.7,0.6,,0.9,0.7,0.9,,,,0.6,,1,1,1.1,0.8,1,1.1,1.1,1.1,1.2,,,,0.8,1.1,,0.9,0.7,0.9,0.7,0.9,,1.1,0.7,0.9,0.9,0.9,0.8,0.6,0.5,,0.7,,1.2,1.1,,0.7,0.4,,0.8,0.8,0.8,,0.6,0.9,0.7,0.6,0.5,0.7,0.5,,,0.4,0.6,0.7,0.7,0.6,0.5,0.7,,0.8,,,0.8,,0.7,0.7,,0.5,0.4,0.3,0.5,0.4,0.4,,0.8,0.7,0.8,0.6,0.6,0.5,0.5,0.5,1,0.7,0.8,0.8,0.8,0.7,0.6,0.7,0.7,0.8,0.6,,0.8,0.8,0.7,0.7,0.5,0.3,0.4,1.2,1.1,0.9,,1,1.4,1.2,,0.9,0.3,0.4,0.4,,0.3,0.3,0.4,0.6,0.5,,,0.1,0.4,0.5,0.3,0.3,0.5,0.8,0.9,0.8,0.9,0.7,0.6,1.1,0.9,0.6,0.6,0.7,0.6,0.8,0.9,0.8,0.7,,0.6,0.6,0.9,1,0.8,0.7,0.7,0.7,0.7,0.7,0.9,0.8,1,0.9,,0.8,1,0.9,1.1,0.8,0.8,0.7,1,0.5,0.6,0.6,0.6,0.5,0.8,,0.6,0.7,0.6,0.7,0.7,0.8,0.4,0.6,0.7,0.7,0.6,0.6,,0.6,1,0.5,0.6,0.7,0.4,0.5,0.7,0.6,0.3,0.5,,,0.7,0.7,0.8,0.6,0.7,0.7,0.7,0.6,0.8,0.6,0.4,0.5,0.6,0.7,0.5,0.7,0.7,0.7,0.6,0.5,0.4,0.6,1,0.5,0.4,0.6,,0.7,0.6,1.1,0.9,0.8,0.6,0.3,,,0.7,0.7,0.2,0.8,1.2,,0.8,0.8,0.7,0.7,,,0.7,0.8,0.5,0.5,0.6,0.6,0.6,0.5,0.5,0.6,0.6,,0.8,0.7,1.1,0.7,1.3,1.6,0.4,0.5,0.5,0.4,0.6,0.3,0.7,1.1,0.8,0.7,0.9,0.8,0.9,0.8,,0.5,0.8,0.9,0.8,,0.7,0.7,0.7,0.5,,,,0.6,0.6,,,,0.4,0.5,0.5,1,0.5,0.5,0.4,,0.4,0.8,0.8,1.4,0.9,0.8,0.5,0.8,0.7,0.7,0.8,0.6,0.6,0.8,0.4,0.9,,0.8,0.8,1,0.8,0.8,0.7,0.7,0.7,0.6,,0.9,1.3,1.5,0.4,0.6,0.6,0.5,0.8,0.7,0.7,0.6,0.6,0.6,0.6,0.5,0.4,0.4,0.3,,0.8,,0.8,1.1,0.9,1.1,0.8,,0.9,0.4,,,1,0.9,1.5,0.5,,0.4,0.8,0.8,,0.9,0.3,0.6,0.7,0.6,0.5,0.3,0.7,0.6,0.2,,,,0.9,,0.4,1,,1.1,0.6,0.6,0.8,1,0.9,0.8,0.3,0.4,0.4,,0.8,,,0.9,,1.3,0.6,0.7,0.2,0.4,0.4,0.5,0.8,,0.6,0.5,0.6,0.8,0.5,0.7,0.3,0.6,0.6,0.4,0.6,0.7,0.6,0.6,0.5,0.5,0.7,0.9,0.7,0.6,,0.5,0.9,0.9,,0.6,0.7,,0.6,0.5,0.6,0.6,0.6,,0.7,1.2,,,0.5,0.7,,1,,1,1.1,1,0.8,0.8,1.4,,1,1.3,,1.3,0.7,,0.9,,0.9,0.8,0.7,,1,0.8,0.4,0.2,0.3,,0.4,0.5,0.6,0.5,0.5,0.4,0.4,0.7,0.7,0.6,0.7,0.6,2.1,0.5,0.4,0.7,0.5,0.4,0.3,0.8,0.9,0.8,1.2,0.9,0.7,0.7,0.7,0.7,0.7,0.5,0.6,0.5,0.4,,0.3,0.6,0.5,0.6,0.6,0.6,0.4,0.4,0.3,0.3,0.2,0.7,0.6,0.7,,1,0.9,0.9,,0.6,1.1,0.9,0.9,1,,0.7,0.6,0.6,,1,,1.1,1,0.6,1.1,0.6,0.4,0.8,,,,0.7,,0.6,,0.8,0.7,0.6,,0.6,1,0.8,1,0.9,,0.9,,0.9,1.1,0.6,0.8,0.7,0.8,,0.8,0.8,0.9,0.5,0.6,0.8,,1,,,0.8,0.5,0.8,0.9,0.5,0.9,1.5,0.8,0.9,0.6,0.5,0.5,0.5,,1.1,0.8,1.1,1.1,0.6,0.5,0.4,0.9,0.7,1,0.7,0.8,0.8,0.8,0.8,0.8,,2.3,0.1,1.1,0.8,0.8,1.5,0.8,0.8,,,,,0.8,0.7,,0.7,1,0.8,0.7,0.5,0.5,0.8,0.7,0.5,0.5,0.7,0.3,0.4,0.5,0.7,0.8,0.8,,0.9,1,1,,0.6,0.9,,1,0.5,0.5,0.8,0.6,0.6,0.7,0.6,0.6,0.9,0.9,0.9,0.9,,0.6,0.7,0.8,0.9,0.5,0.7,0.5,0.2,0.4,,0.5,0.5,0.1,0.1,0.3,0.8,1,0.4,0.4,,0.5,,0.8,0.6,0.6,0.7,0.6,0.4,0.2,0.3,0.4,,,0.3,0.3,0.4,0.5,0.4,0.4,0.5,0.4,0.7,0.6,0.6,,0.8,0.7,0.8,0.9,0.9,1.2,1.1,1.2,0.6,,0.8,0.9,1,0.9,1,1.2,1,1.2,1.1,1.2,1.2,1,0.6,,0.8,0.7,,0.6,0.4,0.5,0.9,,,0.8,0.3,0.3,0.4,0.2,1,0.7,0.9,0.9,,,0.3,1,1.1,1.2,1.1,,1.2,0.8,0.7,0.8,1,0.7,0.6,,0.6,0.8,0.7,,,0.7,0.7,,0.9,0.7,0.8,,0.5,,0.7,0.7,,,,0.4,,,0.8,0.6,0.4,,,0.2,0.3,0.4,0.2,0.6,0.4,0.4,0.6,0.6,0.5,0.9,0.5,0.5,0.5,0.4,0.5,0.7,0.5,0.6,0.5,0.5,0.5,0.6,0.5,,0.4,0.4,0.6,,0.6,0.5,0.7,0.8,0.6,0.4,0.3,0.1,0.3,0.5,0.4,0.8,,,,1,1.1,1.8,1,0.9,0.7,0.6,0.3,0.6,0.6,0.6,1.6,1.4,1.4,1.5,1.9,,,0.7,0.3,,0.3,0.5,0.4,,0.3,0.5,0.8,,0.7,0.7,0.6,,0.7,0.9,0.6,0.7,0.7,0.6,0.7,0.7,0.8,0.7,0.9,0.8,0.6,0.9,0.7,0.5,,0.6,0.6,0.5,0.9,1,1,,0.6,,0.6,,,,0.7,0.6,0.7,0.8,0.7,0.7,,0.9,,0.7,0.9,0.7,0.9,0.8,0.9,0.5,0.9,0.5,0.5,0.6,0.4,0.2,0.5,0.5,0.5,0.6,0.5,0.5,0.6,0.4,,0.3,0.3,0.7,0.6,0.6,0.5,1,1.2,1.2,1.1,1.2,0.7,0.6,0.6,,,0.4,0.4,0.3,0.3,0.4,1,0.9,0.6,1.5,1.1,0.6,0.8,0.8,0.5,1,,0.9,0.8,1,0.7,0.6,0.6,0.7,0.7,0.6,0.8,0.8,,0.7,0.5,0.5,,0.6,0.7,0.6,0.8,,0.8,0.7,0.9,,0.8,0.8,0.8,0.8,0.9,0.9,0.9,0.9,0.7,0.8,1.2,0.6,0.7,,0.4,0.4,0.4,1.5,1.5,,1.1,1.4,0.8,0.7,0.9,0.7,0.7,0.7,0.8,0.9,0.8,0.7,,0.4,0.6,0.8,,0.9,0.8,,0.7,0.7,0.6,0.7,,0.7,0.6,0.5,0.5,1.2,0.9,1,1.2,0.9,1.4,1,0.7,0.9,0.6,0.6,0.8,1.3,0.9,1.6,1.1,0.8,1,0.7,0.9,0.8,0.8,0.9,0.8,0.8,1,0.9,0.7,0.5,0.6,0.8,0.7,0.8,0.6,0.6,1,0.6,0.5,0.8,0.3,1.2,0.8,0.7,0.8,0.7,0.6,0.6,0.6,1.1,1.6,0.5,0.4,0.6,0.8,0.5,0.7,0.5,1,0.9,0.5,0.6,0.8,0.6,0.6,0.9,0.7,0.5,0.5,0.4,1,,0.7,0.5,0.5,0.4,0.4,0.5,0.8,0.8,0.8,1.1,0.7,0.7,0.7,0.8,0.9,,,0.7,0.5,0.6,,0.7,0.3,0.7,0.7,0.9,0.9,,0.6,0.8,0.6,,,,,0.5,0.6,0.7,0.5,0.6,0.6,0.6,0.4,,0.4,0.5,0.8,1,1.4,0.5,0.6,0.6,0.5,0.7,0.4,,,,,0.1,0.4,0.7,0.7,0.3,0.5,0.8,,0.9,0.4,0.5,0.4,0.5,0.5,0.5,0.4,0.4,0.4,0.6,0.8,0.6,0.8,,0.6,0.6,0.4,0.7,1.1,0.7,0.7,0.4,0.7,,1.3,0.9,,0.7,0.5,,0.4,0.3,,,0.6,,0.4,,0.3,0.4,0.5,0.6,0.6,0.6,0.7,0.8,0.7,,0.5,0.5,0.6,0.6,,0.6,0.6,0.3,0.4,0.7,0.6,,0.4,0.6,0.3,0.6,0.3,0.3,,0.8,0.7,0.2,0.3,0.4,,0.9,0.7,0.5,,0.5,0.5,0.6,0.7,0.7,0.5,0.5,,0.5,0.6,,0.4,0.6,0.7,0.7,0.5,0.4,0.3,0.4,0.4,,0.3,0.2,0.2,0.3,0.3,1.5,0.5,0.5,0.4,,,0.4,0.3,0.6,0.5,,0.6,0.3,0.4,0.4,0.4,0.2,1.3,0.9,0.8,0.8,0.7,0.7,0.7,,0.7,0.8,0.6,0.6,0.6,0.7,0.7,,0.6,,0.6,0.3,0.8,0.7,5,1.5,0.5,0.4,0.8,0.5,0.9,0.6,0.6,0.5,,,0.5,0.1,0.8,0.5,,0.6,0.8,0.7,0.6,,1.1,1,,,1.2,1,0.9,0.7,0.8,0.6,1.2,0.7,0.7,0.9,0.5,0.7,0.6,0.7,1.1,,0.9,0.9,,0.9,0.6,0.4,0.5,0.3,0.5,0.3,0.5,0.7,1.1,0.6,1,0.6,0.7,0.5,0.6,0.4,0.3,0.7,0.4,0.8,0.5,0.7,0.7,0.3,0.7,0.5,0.4,0.5,0.3,0.8,0.1,1.2,1,0.8,1,0.9,0.8,1,0.7,0.9,0.9,1.6,0.8,1.3,0.9,0.6,1,,0.6,0.9,0.5,,0.5,0.7,0.4,,,0.7,0.6,0.7,0.9,1,0.3,0.8,0.8,0.5,0.4,0.9,0.8,0.9,0.8,0.4,0.9,0.5,0.8,,0.7,0.6,0.4,0.8,0.6,,0.7,0.4,0.6,0.5,0.4,0.6,0.5,0.5,0.7,0.6,0.7,0.8,0.9,0.8,0.4,0.9,,0.9,,0.9,1,0.8,0.8,0.8,0.9,1,1,0.9,0.7,1,0.9,0.7,0.6,0.7,0.6,0.5,0.7,0.6,,0.5,0.8,0.9,0.4,0.3,0.5,0.5,0.7,0.6,0.7,0.6,0.7,0.9,0.5,0.8,0.9,0.7,0.7,0.9,0.8,,0.8,1,0.8,0.7,0.7,0.6,0.6,0.7,0.7,0.5,0.9,0.5,0.7,0.8,0.4,0.5,0.4,0.8,1,0.7,0.5,0.8,0.3,0.6,0.2,0.6,0.2,0.8,1.4,1.2,0.7,0.8,0.7,0.5,0.5,0.6,1.2,0.4,0.5,0.7,0.6,0.7,1,0.7,0.8,1,0.9,0.6,0.7,1.1,0.7,0.4,0.8,0.6,0.6,1.3,1.1,,0.7,0.5,0.6,0.8,0.4,0.7,0.8,0.6,0.8,0.8,0.6,0.9,1.2,1,0.9,0.8,1,1,0.4,0.3,0.2,0.5,0.4,0.4,,0.8,0.3,0.6,0.9,0.5,0.6,0.6,0.4,0.6,0.3,0.6,0.6,0.8,0.8,,0.5,0.6,0.4,0.7,0.8,0.5,0.8,0.8,0.8,0.6,0.8,0.8,0.6,0.5,0.6,,0.4,0.7,0.8,0.8,0.7,0.5,0.8,1.2,,0.5,0.4,0.9,0.9,0.8,1.2,0.7,0.9,0.8,0.4,0.9,0.6,,0.7,,0.5,,0.1,0.8,0.9,0.4,0.7,1.3,0.8,1.1,0.8,,0.7,0.5,0.6,0.8,0.8,0.4,0.5,0.4,0.2,0.7,0.7,0.6,0.7,0.7,0.4,0.5,1,0.5,0.4,0.6,0.5,,0.6,,1,0.6,,1.2,0.6,1,0.9,,0.9,0.9,0.4,,0.4,0.8,0.7,0.6,,,1.7,0.6,0.8,0.8,0.8,0.6,0.3,0.6,1,0.5,0.6,0.6,,0.5,0.6,0.6,0.6,0.6,0.6,0.5,0.7,0.8,,1,,0.6,0.8,0.7,1,0.8,0.8,0.9,1.1,0.6,0.7,1,0.6,0.2,0.5,0.4,0.5,0.7,0.7,0.6,0.9,1.2,0.6,0.4,0.4,0.6,0.8,0.8,0.6,0.7,1.7,0.7,,1.4,0.6,1,0.8,0.6,0.4,0.7,0.5,0.1,1,0.5,1.3,0.7,0.6,0.5,1,0.6,0.7,0.7,0.4,,0.8,0.8,,0.7,0.3,1.2,0.2,0.8,0.8,0.4,0.8,0.7,0.7,0.2,0.6,0.6,0.8,0.9,1,0.5,0.8,0.8,0.6,0.4,1.2,1,0.9,0.7,0.7,0.8,0.6,0.4,0.5,0.7,0.6,0.5,0.2,0.8,0.3,0.7,0.6,0.4,0.7,0.5,0.4,0.7,0.9
20210423,2,CO_24h,0.6,0.7,0.7,0.6,0.7,0.7,0.6,0.7,0.6,0.7,0.7,,,,0.8,,0.9,1.1,0.7,,0.9,,0.8,1.2,,0.9,0.7,,0.7,0.6,0.5,0.7,0.5,0.5,0.6,,0.9,1,,,0.9,0.4,0.3,0.3,,0.2,,0.6,0.6,0.7,0.4,0.5,0.5,0.4,0.4,0.4,0.6,,0.7,0.7,0.7,0.9,0.8,0.9,0.7,0.6,0.4,0.5,,0.4,0.5,0.6,0.7,0.6,0.6,,0.4,0.5,0.4,0.2,0.9,,0.7,0.9,0.7,0.9,0.8,0.7,,,0.6,,,0.7,0.6,0.6,0.7,0.8,0.9,0.9,,0.9,0.7,0.8,0.9,0.9,,1,0.4,0.6,0.7,0.6,0.4,0.6,0.5,0.4,0.4,0.6,0.6,0.6,0.6,0.7,0.4,0.5,0.6,0.5,0.4,0.4,0.6,0.7,0.9,,0.5,0.6,0.7,0.5,0.3,0.4,0.7,0.7,0.7,0.5,0.5,0.6,0.4,,0.7,0.5,0.4,0.6,0.8,0.8,0.4,0.9,0.9,0.7,0.6,0.8,0.9,0.4,,0.9,0.8,0.5,0.6,0.8,0.7,0.5,0.7,0.7,0.8,0.7,0.6,,,,0.9,0.8,,0.9,0.9,1,,,,0.7,,0.7,0.6,0.7,0.5,0.6,0.6,0.7,0.8,0.9,,,,0.7,0.8,,0.6,0.7,0.7,0.6,0.8,,1,0.5,0.7,0.7,0.6,0.5,0.5,0.4,,0.6,,0.9,0.8,,0.5,0.3,,0.5,0.7,0.6,,0.6,0.7,0.5,0.5,0.6,0.6,0.4,,,0.4,0.6,0.6,0.5,0.5,0.4,0.5,,0.5,,,0.6,,0.6,0.6,,0.6,0.4,0.3,0.5,0.4,0.4,,0.6,0.5,0.7,0.6,0.6,0.4,0.4,0.5,1.1,0.8,0.9,0.8,0.8,0.8,0.7,0.7,0.7,0.9,0.5,,0.7,0.7,0.7,0.7,0.4,0.6,0.4,1,0.9,0.6,,0.7,1.2,0.9,,1.1,0.7,0.7,0.9,,0.6,0.7,0.9,0.8,0.6,,,0.1,0.5,0.4,0.3,0.2,0.5,0.9,1,0.9,1,0.8,0.5,1.1,0.9,0.7,0.7,0.8,0.7,0.9,0.9,0.8,0.8,,0.7,0.7,0.9,1,0.9,0.9,0.8,0.8,0.8,0.8,1,1,0.9,0.9,,0.7,0.8,0.8,0.8,0.8,0.7,0.7,0.8,0.5,0.6,0.6,0.6,0.4,0.7,,0.5,0.6,0.5,0.6,0.4,0.6,0.3,0.6,0.7,0.7,0.6,0.6,,0.6,0.7,0.6,0.6,0.6,0.4,0.4,0.8,0.6,0.5,0.5,,,0.7,0.7,0.8,0.5,0.6,0.5,0.6,0.4,0.7,0.6,0.4,0.5,0.7,0.7,0.6,0.6,0.6,0.7,0.6,0.5,0.4,0.5,0.6,0.5,0.4,0.8,,0.6,0.6,1.1,1,0.9,0.7,0.4,,,0.7,0.8,0.5,0.8,1.1,,1.1,1,0.9,1,,,1.1,0.6,0.6,0.4,0.6,0.6,0.7,0.7,0.6,0.6,0.7,,0.6,0.6,0.9,0.7,1,1.1,0.5,0.6,0.5,0.5,0.6,0.4,0.7,1,0.8,0.7,0.8,0.8,0.7,0.8,,0.6,0.6,0.9,0.8,,0.7,0.6,0.7,0.5,,,,0.4,1,,,,0.7,1,0.6,0.9,0.5,0.6,0.2,,0.5,0.9,0.7,0.9,0.9,0.9,0.7,0.9,0.8,0.7,0.8,0.6,0.7,0.8,0.6,1.2,,1,1,1,0.9,0.8,0.7,0.8,0.8,0.7,,1,1.1,0.9,0.7,0.7,0.7,0.7,0.7,0.7,0.7,0.5,0.7,0.6,0.5,0.5,0.5,0.4,0.4,,0.9,,0.7,1,1,0.9,0.7,,0.7,0.5,,,0.9,0.9,1.4,0.6,,0.7,1,1,,0.7,0.4,0.6,0.8,0.7,0.6,0.4,0.7,0.6,0.3,,,,0.8,,0.5,1.1,,1,0.8,0.8,1,0.7,0.5,0.4,0.4,0.4,0.5,,0.8,,,0.6,,0.6,0.8,0.7,0.3,0.6,0.5,0.6,0.9,,0.6,0.5,0.6,0.7,0.5,0.5,0.4,0.6,0.6,0.4,0.7,0.7,0.6,0.7,0.5,0.5,0.7,0.8,0.6,0.5,,0.5,0.9,1,,0.7,0.8,,0.8,0.6,0.8,0.7,0.6,,0.6,1.1,,,0.6,0.7,,0.7,,0.8,0.6,0.8,0.6,1,1.6,,1.3,1.4,,1.2,0.7,,0.9,,0.8,0.8,0.7,,1,0.9,0.5,0.3,0.4,,0.6,0.7,0.8,0.8,0.7,0.6,0.4,1,0.7,0.7,0.7,0.6,1.1,0.6,0.6,1.4,0.6,0.5,0.4,0.6,0.8,0.7,0.8,0.8,0.7,0.7,0.7,0.7,0.7,0.5,0.6,0.6,0.4,,0.3,1.1,1.2,0.9,1.1,0.8,0.4,0.4,0.4,0.3,0.5,0.8,0.7,0.8,,1.2,0.7,0.9,,0.7,1.2,1,1.1,0.9,,0.7,0.7,0.7,,0.8,,0.8,0.8,0.5,0.9,0.6,0.7,1.1,,,,0.8,,0.6,,1,0.9,0.9,,0.7,0.8,0.8,0.9,0.6,,0.7,,0.9,1.1,0.8,0.8,0.8,0.8,,0.9,0.8,0.8,0.6,0.9,0.8,,1,,,0.8,0.6,0.8,0.8,0.5,0.8,1.1,0.9,1,0.5,0.6,0.6,0.5,0.6,0.9,0.6,0.8,0.9,0.6,0.5,0.4,0.9,0.7,1.1,0.8,0.8,0.8,0.9,0.8,0.8,,1.5,0.8,1,0.7,0.7,0.9,0.8,0.7,,,,,0.8,0.8,,0.8,1,0.9,0.7,0.7,0.7,0.8,0.9,0.6,0.5,0.7,0.6,0.6,0.7,0.6,0.8,0.7,,0.7,0.9,0.9,,0.6,0.7,,0.7,0.6,0.6,0.7,0.7,0.8,0.8,0.6,0.6,0.7,0.7,0.7,0.7,,0.6,0.7,0.5,1.3,0.8,0.5,0.6,0.2,0.3,,0.4,0.4,0.2,0.4,0.4,0.6,0.8,0.7,0.7,,0.5,,0.4,0.3,0.3,0.5,0.4,0.4,0.2,0.3,0.4,,,0.3,0.3,0.5,0.5,0.4,0.4,0.5,0.3,0.7,0.6,0.6,,0.6,0.5,0.6,0.6,0.6,0.7,0.7,0.8,0.5,,0.8,0.9,0.9,0.7,0.8,0.8,0.7,1,0.8,1.1,1.1,0.8,0.5,,0.8,0.7,,0.5,0.4,0.5,0.7,,,0.8,0.5,0.4,0.5,0.3,0.8,0.7,0.7,0.9,,,0.3,1.2,1.2,1.4,1.2,,1.5,0.7,0.6,0.8,0.7,0.6,0.6,,0.5,0.7,0.7,,,0.7,0.6,,0.8,0.6,1,,0.8,,1.1,1,,,0.3,0.5,,,0.8,0.7,0.5,,,0.2,0.4,0.4,0.2,0.6,0.4,0.4,0.6,0.6,0.4,0.7,0.5,0.7,0.8,0.7,0.7,0.8,0.7,0.7,0.6,0.5,0.4,0.6,0.4,,0.3,0.5,0.6,,0.9,0.7,0.6,0.8,0.7,0.5,0.3,0.1,0.4,0.6,0.4,1.1,,,,1.3,1.4,1.5,1.3,1.2,0.8,0.8,0.6,1.2,0.9,0.7,3.2,2.8,3.5,3.1,3,,,1.4,0.6,,0.5,0.7,0.7,,0.7,0.4,0.8,,0.7,0.7,0.6,,0.6,0.9,0.7,0.7,0.7,0.7,0.7,0.7,0.9,0.8,0.8,0.8,0.6,0.9,0.8,0.6,,0.7,0.6,0.5,0.7,0.8,0.9,,0.7,,0.6,,,,0.7,0.6,0.8,0.9,0.7,0.7,,0.9,,0.7,0.9,0.7,0.6,0.6,0.6,0.5,0.6,0.6,0.6,0.7,0.5,0.2,0.5,0.5,0.5,0.5,0.6,0.5,0.5,0.5,,0.4,0.4,0.6,0.5,0.6,0.5,1,1.8,1.2,1.3,1.1,0.5,0.5,0.5,,,0.4,0.4,0.3,0.3,0.4,1,0.9,0.7,1.2,1,0.6,0.8,0.8,0.6,1.2,,1.1,1.1,1.1,0.6,0.6,0.6,0.5,0.7,0.5,0.7,0.8,,1.1,0.9,0.9,,0.9,0.9,1,0.8,,0.8,0.6,0.9,,0.9,0.7,0.7,0.8,0.8,0.8,0.9,0.8,0.7,0.8,0.7,0.8,0.7,,0.5,0.4,0.5,1.3,1.4,,1.1,1.2,0.8,0.8,0.9,0.7,0.8,0.7,0.9,0.9,1,1.1,,0.5,0.5,0.6,,1,0.9,,0.7,0.7,0.6,0.7,,0.7,0.7,0.7,0.9,0.9,0.8,0.8,1.1,0.8,1,1,0.9,1,0.7,0.8,1,1.4,0.9,1.5,1.1,0.7,0.8,0.6,0.8,0.7,0.6,0.8,0.8,0.8,1,1,0.8,0.6,0.9,0.8,1.2,0.8,0.6,0.6,1,0.6,0.5,0.7,0.5,1.2,0.7,0.9,0.8,0.7,0.7,0.5,0.7,0.7,0.9,0.4,0.6,0.8,0.8,0.6,0.7,0.7,0.9,1,0.6,0.7,0.5,0.6,0.6,0.7,0.6,0.5,0.5,0.5,1,,0.7,0.6,0.7,0.5,0.6,0.6,1,0.9,0.9,0.9,0.7,0.8,0.8,0.7,0.8,,,0.8,0.6,0.7,,0.8,0.4,0.7,0.7,0.8,0.9,,0.6,0.7,0.5,,,,,0.6,0.6,0.7,0.6,0.7,0.5,0.6,0.5,,0.4,0.6,0.6,0.6,0.6,0.7,0.6,0.6,0.5,0.6,0.4,,,,,0.3,0.5,0.6,0.5,0.4,0.5,0.7,,0.9,0.4,0.5,0.5,0.5,0.5,0.5,0.5,0.4,0.4,0.6,0.8,0.6,0.7,,0.5,0.5,0.6,0.6,1.3,0.7,0.7,0.5,0.8,,1.7,0.8,,0.7,0.5,,0.5,0.3,,,0.7,,0.4,,0.4,0.4,0.5,0.7,0.6,0.6,0.8,0.8,0.8,,0.5,0.6,0.6,0.6,,0.7,0.7,0.2,0.4,0.6,0.5,,0.4,0.4,0.3,0.7,0.5,0.4,,0.8,0.6,0.2,0.2,0.4,,0.8,0.6,0.5,,0.5,0.5,0.7,0.5,0.6,0.5,0.6,,0.5,0.5,,0.4,0.6,0.7,0.6,0.5,0.5,0.3,0.3,0.5,,0.4,0.2,0.2,0.3,0.4,0.5,0.5,0.5,0.4,,,0.3,0.3,0.5,0.5,,0.6,0.4,0.4,0.5,0.7,0.3,1.3,0.8,0.8,0.9,0.9,0.4,0.6,,0.9,0.8,0.6,0.5,0.4,0.5,0.7,,0.6,,0.5,0.4,1.3,0.5,2,1.2,0.6,0.4,0.8,0.8,1,0.7,0.4,0.5,,,0.5,0.2,0.6,0.8,,1.1,1,1.2,0.7,,0.7,1,,,0.9,0.7,0.9,0.6,1,0.8,1,0.8,0.8,0.6,0.6,0.8,0.8,0.8,1,,0.9,0.8,,0.8,0.8,0.5,0.6,0.3,0.5,0.3,0.4,0.6,0.9,0.6,0.8,0.6,0.8,0.8,1,0.6,0.3,0.7,0.4,0.8,0.4,0.6,0.7,0.4,0.6,0.6,0.5,0.6,0.5,0.7,0.2,1.2,0.9,0.8,0.9,0.9,0.8,1,0.9,0.9,0.9,1.6,0.9,0.9,1,0.6,1.2,,0.7,1,0.6,,0.8,0.7,0.4,,,0.7,0.5,0.5,1.1,0.6,0.3,0.7,0.8,0.5,0.4,0.7,0.7,0.8,0.7,0.5,0.7,0.6,0.8,,0.7,0.6,0.4,0.8,0.7,,0.4,0.3,0.6,0.4,0.4,0.6,0.5,0.4,0.5,0.5,0.6,0.7,0.8,0.9,0.5,0.9,,1,,0.7,0.7,0.7,0.8,0.8,0.8,0.8,0.8,0.7,0.7,0.8,0.7,0.7,0.5,0.7,0.6,0.5,0.6,0.4,,0.4,0.8,0.8,0.5,0.3,0.6,0.5,0.9,0.8,0.8,0.6,0.7,0.8,0.6,0.8,0.9,0.9,1,0.8,0.8,,0.7,0.8,1,0.8,1,1.2,0.7,0.7,0.7,0.6,0.8,0.6,0.6,0.8,0.4,0.5,0.6,1.1,1.1,0.9,0.7,0.8,0.3,0.7,0.4,0.5,0.3,0.7,1.2,1.2,0.6,0.7,0.7,0.4,0.6,0.6,1.9,0.5,0.5,0.8,0.9,0.7,0.9,0.7,0.6,0.8,1,0.7,0.8,1,0.6,0.4,0.6,0.4,0.5,0.5,0.9,,0.6,0.6,0.6,0.9,0.5,0.9,0.8,0.6,0.6,0.5,0.7,0.6,0.8,0.8,0.7,0.7,0.8,1.1,0.2,0.3,0.3,0.6,0.4,0.4,,0.8,0.4,0.7,0.7,0.4,0.5,0.5,0.4,0.6,0.4,0.5,0.6,0.8,0.8,0.1,0.5,0.6,0.9,0.9,0.8,0.4,0.8,0.8,0.8,0.6,0.8,0.7,0.9,0.6,0.8,,0.6,1,0.8,0.8,1.7,0.5,0.8,0.5,,0.7,0.4,1,0.7,0.9,1,0.7,0.8,0.8,0.7,0.9,0.5,,0.7,,0.7,,0.2,0.5,0.8,0.5,0.7,1.2,0.6,0.8,0.8,,0.6,0.5,0.7,0.6,0.7,0.5,0.5,0.4,0.2,0.6,0.7,0.6,0.7,0.7,0.6,0.4,1.1,0.5,0.5,0.6,0.6,,0.5,,0.9,0.7,,1.3,0.7,0.4,0.8,,0.8,0.7,0.4,,0.5,0.6,0.6,0.5,,,1.7,0.7,0.4,0.6,0.5,0.8,0.7,0.7,1,0.5,1.2,0.4,,0.3,0.6,0.4,0.5,0.5,0.6,0.5,0.7,0.9,,0.8,,1.1,0.9,0.5,0.9,0.9,0.9,0.7,0.8,0.5,0.7,0.8,0.7,0.2,0.5,0.5,0.6,0.7,0.7,0.7,0.8,1.5,0.9,0.5,0.4,0.7,0.7,0.7,0.6,0.7,1.8,1.3,,1.2,0.5,0.8,0.7,1.3,0.5,0.7,0.5,0.1,1.1,0.8,0.8,0.6,0.6,0.5,0.8,0.5,0.9,0.8,0.4,0.6,0.6,0.6,,0.7,0.7,1,0.2,0.7,0.7,0.4,0.7,0.7,0.7,0.5,0.6,0.6,0.6,0.8,1,0.8,0.9,1.5,0.5,0.7,0.9,0.9,0.9,0.6,0.6,0.7,0.6,0.6,0.5,0.6,0.5,0.9,0.2,1.1,0.3,0.9,0.6,0.5,0.7,0.5,0.4,0.7,0.6
20210423,3,AQI,69,88,74,46,59,72,60,67,64,80,61,72,,,26,,30,30,29,,26,,80,28,,28,26,,56,68,73,72,,63,65,,29,28,,40,33,31,32,34,,29,,84,72,72,75,69,76,76,67,66,86,,56,68,65,26,15,19,26,53,52,46,,42,65,52,57,64,70,,79,70,92,73,92,,60,104,107,85,94,79,,29,34,,,30,28,29,32,65,65,63,,55,56,55,63,55,,60,36,36,42,37,40,37,37,39,39,37,57,53,57,46,43,54,64,46,49,53,42,44,36,,45,38,52,40,50,127,49,55,64,72,72,60,79,,65,62,73,75,35,32,45,29,38,36,46,46,45,165,,77,62,140,68,60,140,94,107,99,117,,58,,,,85,64,,72,69,58,,,,68,,78,83,85,73,79,83,79,,130,,,,152,87,,43,82,100,89,94,,77,102,90,102,45,60,75,43,,53,,67,57,,72,70,,91,57,69,,88,84,79,45,30,56,30,,,15,68,71,57,49,56,62,,62,,,63,,96,82,,20,22,15,17,23,22,,64,59,62,61,61,57,56,33,44,55,55,39,54,51,58,55,64,42,29,,48,21,54,79,27,23,16,38,42,22,,42,35,38,,54,29,39,39,,42,55,37,46,31,,,24,23,23,25,22,21,65,65,59,63,77,68,79,74,60,29,31,32,29,32,29,29,,29,45,43,32,30,36,32,27,40,23,22,24,56,56,,60,73,59,69,53,72,57,61,51,52,53,52,50,62,,39,52,56,67,52,58,48,46,53,51,46,56,,40,64,60,49,53,43,32,40,36,37,45,,,69,57,69,76,86,87,67,62,57,57,45,61,39,47,33,29,34,38,49,42,30,19,37,18,24,29,,61,37,40,52,51,41,46,,,33,53,42,61,58,,118,128,87,112,,,83,83,44,64,53,48,56,53,54,55,51,,58,53,129,65,69,91,34,34,34,33,33,37,72,67,82,72,91,70,76,85,,97,72,81,67,,65,36,42,38,,,,33,39,,,,49,51,31,25,28,32,51,,43,25,25,33,26,25,29,23,26,31,35,52,38,29,21,55,,66,57,58,56,37,52,54,51,59,,46,56,80,32,38,40,40,43,45,46,122,52,64,65,29,30,30,28,,28,,59,61,63,53,40,,53,40,,,70,64,70,74,,73,73,78,,83,64,77,64,77,31,31,33,32,30,,,,103,,77,92,,94,62,62,67,90,98,87,38,34,34,,70,,,67,,62,59,57,63,48,46,39,54,,35,32,34,32,33,34,34,57,44,46,42,54,58,51,53,50,60,69,51,45,,50,79,72,,35,39,,60,55,54,48,34,,47,60,,,85,79,,43,,37,52,83,53,119,,,110,89,,87,87,,85,,118,103,100,,85,85,31,30,32,,32,35,30,48,47,28,22,69,55,59,68,58,70,33,45,51,36,28,34,102,70,60,79,77,105,71,100,92,84,48,51,44,39,,46,69,82,77,64,94,46,43,41,48,45,30,43,28,,43,40,56,,54,45,49,39,53,,55,37,33,,123,,119,143,122,109,75,82,72,,,,59,,57,,94,94,80,,103,90,100,79,65,,68,,62,53,53,62,43,36,,43,68,47,35,27,31,,38,,,22,46,41,30,34,36,33,39,43,20,33,27,31,59,57,54,64,58,51,24,25,36,59,73,69,84,75,80,70,83,,63,46,52,56,69,78,75,72,,,,,74,59,,63,33,43,31,40,26,40,28,37,34,31,33,50,44,69,61,60,,50,57,74,,57,60,,115,51,43,69,46,55,76,61,69,89,94,89,107,,84,86,500,51,37,39,69,43,30,,23,39,32,46,67,100,103,49,49,,32,,77,58,58,40,36,34,31,24,24,,,23,25,57,26,35,36,37,,43,41,68,,79,76,69,82,70,75,83,78,59,,54,68,87,84,84,74,84,55,62,55,51,55,53,,59,62,,59,59,36,51,,,40,55,49,57,53,55,43,55,52,,,52,77,75,70,110,,92,92,71,82,76,102,68,,65,75,78,,,69,82,,67,54,63,,58,,63,51,,,57,41,,,66,60,38,,,48,51,54,36,49,42,39,43,41,42,46,48,29,42,35,35,70,59,54,52,50,43,53,50,,37,36,74,,36,42,61,52,38,34,50,41,46,44,42,97,,,,183,118,145,123,189,145,139,132,105,58,60,438,370,305,290,339,,,112,30,,27,68,63,,26,57,52,,52,52,62,,78,89,60,74,42,49,49,67,54,56,44,50,74,59,57,48,,45,28,27,43,100,72,,38,,51,,,,55,52,52,54,67,70,,50,,30,40,36,47,37,68,52,18,38,33,80,20,,29,38,23,48,68,65,54,20,,29,21,31,33,35,38,15,46,38,28,33,36,44,51,,,18,20,18,20,19,34,47,38,53,40,53,46,46,45,34,,40,35,36,31,24,23,24,22,46,61,54,,93,110,104,,98,94,94,83,,90,69,54,,60,53,57,53,55,69,84,72,65,64,73,67,60,,57,63,60,51,54,,59,65,56,38,36,42,67,77,79,85,37,31,,43,43,54,,31,38,,37,30,43,35,,35,32,39,32,56,30,,,37,55,,33,37,35,39,42,22,35,46,45,30,35,60,39,38,43,42,33,39,57,35,17,25,19,39,25,19,52,38,40,32,12,22,20,87,67,62,58,41,38,37,31,28,47,57,74,54,57,53,49,53,55,59,54,51,43,56,75,54,53,32,28,38,36,,38,28,25,28,28,29,31,38,37,70,79,74,64,51,90,,,27,32,27,,41,50,46,39,58,61,,59,64,50,,,,,46,43,55,56,55,31,33,44,,51,32,43,52,52,54,53,54,60,,60,,,,,26,18,68,77,52,47,39,,34,70,60,52,64,42,40,42,75,78,68,58,53,59,,63,64,69,67,,82,47,41,67,,60,60,,32,28,,35,36,,,38,,31,,29,30,23,27,25,27,59,78,57,,28,28,27,46,,29,33,25,27,28,102,,38,60,38,34,500,500,,43,48,16,18,26,,75,80,52,,33,40,25,22,23,27,58,,63,42,,,48,49,55,144,133,447,402,27,,25,24,23,69,51,30,36,51,47,,,,34,39,22,,18,22,20,31,51,22,107,56,24,33,25,73,73,,70,122,73,87,54,,54,,43,,102,41,124,38,80,65,493,23,65,52,56,22,80,24,,,52,22,77,35,,47,41,47,39,,82,,,,39,103,109,69,67,56,55,45,55,132,36,56,31,42,102,,28,59,,64,38,36,38,29,28,55,67,83,63,33,33,54,26,79,34,32,30,36,38,40,41,46,40,48,46,39,49,33,48,60,35,51,59,104,84,35,42,38,69,66,109,56,36,43,44,61,95,,58,52,78,51,30,26,23,,,46,84,78,45,52,32,42,68,53,132,108,39,77,69,29,65,20,42,,75,41,47,98,65,,272,80,46,79,50,63,65,69,62,45,80,35,64,73,60,28,,69,,63,77,53,46,53,78,98,71,79,67,66,59,38,57,60,50,55,47,103,,48,62,71,62,50,53,57,54,23,40,73,64,75,64,38,46,84,92,42,56,,105,129,62,94,99,84,53,67,29,35,62,33,33,43,28,38,28,70,79,67,51,55,23,59,77,94,32,99,65,64,62,60,98,61,55,52,42,36,32,59,75,25,40,25,30,65,31,39,47,57,70,57,72,56,57,63,63,,92,50,78,51,38,52,48,43,97,71,42,79,58,52,83,65,38,59,70,52,30,32,29,22,,64,50,46,70,73,43,50,53,37,52,52,48,78,88,27,105,48,24,21,25,59,45,32,40,43,40,40,80,63,67,,99,85,68,65,69,35,52,20,,32,54,74,75,82,89,45,58,62,53,67,32,,62,,30,,39,62,52,70,54,77,84,87,43,,44,56,66,59,54,34,36,36,36,39,38,51,50,61,48,77,34,22,39,37,30,,60,,55,41,,27,66,68,71,64,64,125,26,,21,53,52,47,,,139,59,64,88,92,28,42,33,28,107,99,60,,77,64,69,66,64,60,67,56,58,,75,,118,51,77,84,47,43,80,78,72,59,97,48,28,25,500,500,38,41,70,117,94,65,63,56,53,58,62,65,51,30,43,,48,59,133,104,89,45,67,21,19,46,70,92,98,55,53,80,65,49,39,38,,73,65,,41,27,48,34,69,80,102,67,87,67,74,63,60,36,87,98,42,56,85,57,84,53,30,28,85,74,58,63,27,34,59,63,77,48,102,32,102,57,28,73,35,39,62,73
20210423,3,PM2.5,50,65,54,32,42,52,43,48,46,59,41,52,,,18,,21,21,20,,15,,19,19,,19,17,,36,49,53,52,52,43,43,,13,16,,28,23,12,22,23,,14,,62,52,48,55,50,53,52,47,45,41,,27,49,33,18,7,13,13,37,32,28,,22,47,36,40,46,51,,58,51,68,53,68,,43,78,80,63,70,58,,15,14,,,16,9,13,22,47,47,45,,39,33,34,40,34,,43,16,6,8,10,7,7,9,11,15,14,40,29,36,27,26,34,46,32,33,35,29,28,22,,31,26,36,28,35,96,34,39,46,52,52,43,58,,47,44,53,55,19,22,31,19,24,25,27,29,31,125,,56,44,107,49,43,107,70,80,74,88,,41,,,,63,46,,52,50,30,,,,49,,56,61,63,53,58,61,58,,99,,,,116,64,,29,60,75,66,70,,56,76,67,76,31,43,55,30,,37,,42,39,,50,51,,64,35,47,,46,47,58,31,13,36,21,,,9,49,40,32,22,26,33,,42,,,45,,57,60,,7,14,7,7,6,7,,46,33,44,37,39,40,31,23,22,39,39,27,34,34,34,39,46,29,20,,33,14,25,58,10,16,7,26,29,15,,19,11,11,,38,20,22,25,,29,39,20,29,12,,,12,9,10,7,15,7,45,36,42,42,42,39,46,39,31,20,17,17,15,22,20,17,,19,14,30,22,21,25,22,18,28,16,14,10,28,28,,33,30,29,39,23,52,29,32,22,20,22,19,26,25,,19,27,26,33,27,22,14,24,23,25,26,27,,21,39,34,29,26,24,20,16,20,14,14,,,36,26,33,43,52,45,48,37,35,31,25,32,21,21,23,17,19,22,19,22,9,10,7,7,11,20,,34,22,23,19,16,21,21,,,16,27,13,32,29,,89,97,64,84,,,61,61,22,24,27,31,27,29,31,39,22,,41,35,73,47,50,49,2,,1,,3,2,40,43,44,37,48,51,47,40,,40,49,40,44,,33,25,18,24,,,,22,11,,,,27,19,,7,13,9,12,,30,14,17,23,18,17,19,16,18,15,24,36,26,20,4,39,,40,36,34,39,22,22,24,24,22,,32,39,59,14,16,10,8,30,31,32,92,36,46,47,20,21,21,19,,19,,42,37,45,30,28,,28,28,,,51,46,51,54,,53,53,57,,61,46,56,46,56,12,13,2,11,5,,,,77,,56,68,,70,40,44,48,67,73,64,19,20,21,,51,,,48,,44,42,36,45,33,32,27,29,,16,19,16,14,12,16,17,29,17,14,29,38,38,19,26,24,33,42,31,27,,19,57,52,,23,27,,43,39,38,33,21,,27,43,,,63,58,,24,,22,30,30,36,90,,,83,66,,64,64,,63,,89,77,75,,63,63,4,10,2,,10,8,9,12,11,7,8,50,34,42,49,41,51,11,17,28,25,13,14,76,51,43,58,56,79,44,75,68,62,31,18,22,24,,27,50,60,56,35,70,32,19,22,33,21,21,30,19,,20,26,38,,29,31,34,27,37,,39,9,2,,93,,90,109,92,82,55,60,52,,,,42,,34,,70,70,59,,77,67,75,58,47,,49,,44,36,29,44,22,23,,30,29,24,24,17,19,,26,,,10,24,11,21,4,25,23,27,30,14,7,7,12,42,39,35,46,41,33,12,12,22,26,53,50,62,55,59,51,61,,45,22,36,34,50,57,52,52,,,,,54,41,,37,23,30,15,18,18,28,19,19,16,21,10,27,24,42,37,43,,34,40,54,,27,34,,45,32,24,44,31,32,43,30,46,66,70,66,80,,37,42,153,32,22,27,50,30,11,,8,20,7,32,5,75,77,27,27,,22,,56,41,41,28,25,12,6,10,9,,,4,6,12,18,21,13,17,,8,6,49,,58,51,50,60,51,55,61,52,42,,33,35,64,62,62,54,62,39,44,34,32,32,35,,38,28,,24,34,23,27,,,28,26,34,40,28,28,27,28,23,,,17,53,48,51,83,,68,38,43,24,34,36,49,,47,55,57,,,50,60,,48,38,15,,15,,30,21,,,40,14,,,39,39,20,,,30,25,19,22,19,24,25,30,28,24,32,27,20,23,18,24,51,37,38,36,35,30,37,35,,21,12,54,,16,21,36,27,7,9,25,13,30,24,29,72,,,,138,89,111,93,142,111,106,100,79,31,43,407,320,255,240,289,,,84,19,,13,49,45,,13,40,36,,36,36,44,,57,66,43,54,28,34,34,48,25,36,29,25,54,42,40,33,,31,15,17,5,75,52,,25,,31,,,,30,30,36,38,48,51,,21,,20,28,25,27,25,49,36,12,26,23,59,14,13,20,26,16,33,49,30,28,14,,15,10,16,12,12,13,10,32,12,12,23,23,20,22,,,4,9,5,9,12,21,15,22,37,16,25,31,32,28,20,,25,24,22,21,13,13,14,10,32,40,27,,69,83,78,,73,70,70,61,,67,50,38,,33,33,40,36,35,50,62,52,47,46,53,48,43,,40,45,39,29,25,,37,33,18,21,25,25,48,56,58,63,20,20,,30,30,28,,21,25,,22,21,30,24,,24,14,22,22,16,21,,,21,39,,20,19,24,26,29,15,21,31,31,15,22,43,25,26,30,29,23,24,40,24,11,10,13,9,17,10,36,26,28,22,7,12,12,49,30,38,34,18,18,14,14,15,18,38,32,30,24,28,27,30,28,21,17,29,30,34,35,28,27,17,15,26,18,,8,11,16,5,17,10,19,26,20,51,58,54,46,29,67,,,12,22,17,,21,25,28,24,31,38,,41,46,35,,,,,32,25,32,29,25,19,15,15,,12,18,25,24,25,23,37,38,43,,43,,,,,5,10,49,56,26,29,25,,22,51,43,36,46,7,20,10,55,34,49,39,34,42,,45,45,50,48,11,45,26,25,39,,43,43,,22,3,,1,5,,,10,,3,,8,5,9,10,8,13,18,26,23,,11,10,9,32,,18,7,15,18,13,52,,26,43,26,17,106,91,,30,33,9,7,7,,55,59,27,,13,24,17,9,10,11,18,,20,29,,41,33,34,39,58,75,75,62,11,,13,6,9,10,20,8,6,7,8,,,,17,27,13,,12,4,9,9,22,15,80,27,7,23,14,53,53,,28,92,53,64,38,66,38,,30,,76,25,94,26,56,44,141,4,47,31,35,12,48,11,,,31,15,44,24,,15,26,26,27,,60,,,,27,77,82,50,48,34,26,31,39,100,24,23,15,23,76,,19,42,,46,19,25,26,5,19,28,48,61,45,23,22,38,18,58,18,9,21,25,19,28,13,30,18,33,32,27,34,6,33,43,15,22,36,78,50,24,29,26,47,35,82,34,16,15,26,38,71,,35,36,57,34,7,14,12,,,15,62,57,31,36,4,19,49,31,61,81,22,56,50,20,40,6,29,,55,20,24,28,17,,73,59,23,58,35,45,47,50,44,31,59,20,46,26,43,17,,50,,45,56,37,32,37,57,73,35,37,28,36,37,18,22,24,35,31,26,61,,11,37,30,28,23,34,40,38,14,28,53,46,55,45,26,32,62,68,29,35,,79,98,44,70,74,62,13,48,13,24,44,23,22,30,15,26,19,51,55,48,30,39,8,42,56,70,7,74,47,46,44,43,73,37,31,36,29,6,15,42,55,16,28,15,15,40,17,18,23,33,51,40,45,36,39,45,45,,68,35,57,24,19,36,28,30,72,40,28,58,41,36,61,46,26,42,51,22,7,8,9,10,,44,31,32,38,37,16,23,19,24,16,30,14,57,65,2,79,33,1,9,16,42,31,22,28,30,28,28,47,45,34,,74,63,49,47,50,19,24,14,,22,35,54,38,60,66,24,30,44,37,48,22,,44,,21,,17,44,36,46,38,56,62,64,30,,27,25,37,36,38,18,18,18,9,27,26,22,18,34,28,56,22,8,12,13,12,,43,,36,21,,18,45,49,48,40,42,95,14,,11,31,36,21,,,106,42,46,65,60,4,29,9,9,80,74,39,,56,40,50,46,46,43,48,39,36,,47,,89,32,56,62,32,26,59,46,38,42,62,24,19,5,472,760,18,26,51,88,70,26,42,24,37,29,28,28,24,21,30,,33,42,101,78,66,18,47,11,8,32,51,68,73,39,30,59,39,29,27,24,56,32,38,,12,15,33,5,50,59,76,48,64,48,54,45,43,21,64,73,29,22,63,38,62,37,20,18,63,54,41,45,15,15,42,45,56,33,76,21,76,34,19,53,4,2,44,53
20210423,3,PM2.5_24h,29,42,33,27,29,36,30,29,29,41,28,33,,,31,,35,33,31,,28,,32,31,,31,19,,45,40,46,45,41,48,42,,33,32,,40,29,21,29,29,,20,,41,41,41,38,36,35,39,33,38,28,,30,38,31,23,16,20,20,33,28,28,,30,40,35,38,40,49,,41,41,45,44,52,,36,51,49,48,41,43,,21,24,,,19,16,23,19,44,61,46,,41,38,49,50,51,,47,30,26,18,24,14,18,15,22,27,23,38,31,32,30,25,31,35,33,30,35,52,51,64,,56,55,72,52,59,75,59,69,26,25,25,25,27,,26,21,25,27,28,27,32,28,32,22,26,39,29,54,,26,25,43,28,24,52,34,35,31,44,41,26,,,,45,43,,42,40,30,,,,32,,25,28,29,23,30,31,26,30,50,,,,53,47,,30,63,59,38,42,,38,56,52,50,23,36,40,23,,26,,27,27,,32,38,,33,29,30,,35,32,35,24,14,20,19,,,15,30,21,25,20,22,22,,34,,,29,,31,35,,18,21,26,14,13,14,,37,34,34,28,27,25,22,20,26,34,32,24,30,30,36,33,29,32,15,,22,11,18,19,8,20,18,17,16,10,,11,8,8,,26,37,38,40,,47,52,36,43,17,,,17,15,13,12,13,12,38,33,33,37,35,34,36,35,30,20,12,18,17,22,20,15,,17,16,21,30,17,18,15,16,20,16,24,8,39,40,,34,33,32,42,37,47,38,33,23,22,21,21,20,28,,14,17,19,33,22,21,21,25,29,33,36,30,,31,45,34,25,28,25,22,24,26,22,25,,,36,33,40,36,38,38,28,20,29,27,24,28,22,24,24,21,24,25,24,23,10,13,15,12,12,19,,24,25,30,29,18,28,27,,,23,28,17,29,30,,97,88,67,69,,,94,50,29,30,34,36,33,35,36,36,29,,32,26,53,46,45,41,11,11,13,10,19,6,32,33,38,30,37,39,30,33,,36,34,34,32,,30,17,21,25,,,,21,22,,,,34,26,9,10,12,12,11,,22,18,20,22,24,24,18,15,14,16,19,35,16,25,14,35,,49,42,37,37,17,23,25,29,21,,45,37,47,35,25,26,27,34,33,31,48,29,37,35,16,18,16,16,,22,,18,20,20,20,40,,39,47,,,33,36,35,74,,76,56,51,,35,39,34,35,37,23,16,17,22,21,,,,42,,34,46,,52,36,33,44,21,21,22,24,26,27,,34,,,48,,37,39,48,30,24,22,33,25,,16,15,15,14,18,18,20,24,18,16,30,32,34,15,18,17,29,33,29,22,,17,46,39,,28,30,,36,30,30,27,21,,29,34,,,40,39,,23,,20,25,20,29,88,71,,89,67,,43,46,,40,,57,40,52,,43,54,17,18,11,,22,24,24,31,31,22,16,47,44,39,46,39,49,13,22,26,24,9,26,50,38,34,41,40,32,31,40,37,36,28,25,24,19,,29,116,122,109,131,80,31,23,21,32,20,31,36,31,,32,36,38,,36,36,34,35,31,,32,25,5,,63,,55,76,64,65,33,49,36,,,,33,,27,,61,63,75,,67,64,62,40,37,,34,,40,40,36,39,22,23,,21,20,20,20,18,18,,23,,,16,22,9,10,5,27,37,33,31,12,8,10,13,25,25,21,27,30,28,11,11,26,35,51,54,54,50,54,54,46,,35,25,30,28,36,40,34,31,,,,,45,41,,41,24,31,19,25,26,27,15,11,13,10,14,25,24,30,25,23,,30,36,45,,21,24,,25,30,28,35,35,31,34,34,45,36,38,36,44,,40,41,55,29,40,23,39,13,16,,11,7,26,44,15,42,41,40,40,,10,,15,11,11,15,13,15,17,12,16,,,12,12,10,14,14,12,24,,14,20,27,,31,30,25,28,27,29,30,28,28,,38,36,32,35,36,31,35,32,36,37,37,15,17,,40,27,,23,25,24,29,,,24,38,28,34,33,18,21,18,18,,,22,50,49,49,68,,48,26,28,19,20,17,34,,34,40,39,,,33,35,,32,24,19,,18,,38,34,,,35,28,,,36,37,22,,,27,30,30,24,22,25,24,33,34,26,31,31,21,27,27,33,52,33,42,44,24,20,22,23,,24,28,37,,24,27,27,23,25,25,23,18,29,29,29,91,,,,191,241,173,192,188,125,125,109,149,110,75,732,473,708,539,361,,,228,58,,68,107,96,,79,38,32,,37,36,43,,53,53,32,47,24,34,31,39,29,37,26,24,44,27,28,25,,22,16,26,21,56,35,,26,,31,,,,22,19,21,31,29,31,,28,,34,35,34,20,15,23,23,21,26,24,32,22,10,16,19,16,29,35,29,27,17,,16,14,19,17,16,18,9,30,16,9,17,28,20,23,,,8,14,11,13,14,25,31,28,35,29,22,25,22,23,23,,23,25,22,24,19,21,22,16,30,31,20,,59,65,60,,61,68,62,45,,40,32,35,,31,32,35,37,31,31,37,36,33,32,30,32,32,,48,46,44,23,25,,30,24,11,24,23,25,43,52,53,51,19,17,,32,31,28,,21,20,,20,14,18,20,,17,9,14,17,11,22,,,16,25,,24,20,21,23,26,22,26,27,27,21,20,32,25,31,31,28,24,25,32,30,7,10,16,11,15,11,17,15,12,13,6,9,8,31,25,35,23,18,19,9,14,19,17,31,33,31,23,29,30,33,32,32,38,33,31,29,31,31,28,29,30,16,18,,12,18,22,19,23,24,31,36,32,52,54,48,51,35,43,,,18,23,20,,21,21,18,22,32,34,,42,30,34,,,,,26,21,26,32,22,14,15,19,,8,21,21,24,22,26,35,38,40,25,39,,,,,7,6,41,41,32,29,20,,20,50,33,33,32,9,17,10,41,25,42,39,28,28,,39,42,41,41,59,43,25,18,37,,37,35,,21,2,,12,13,,,24,,5,,14,9,12,11,12,16,20,27,25,,11,21,13,15,,18,12,8,14,16,36,,35,41,15,12,44,48,,19,19,12,11,7,,34,37,18,,18,21,23,19,13,10,26,,26,29,,34,17,15,18,176,169,65,48,6,,13,8,9,20,19,21,10,12,20,,,,14,11,15,,11,9,10,12,25,19,73,35,14,37,26,46,36,,18,51,38,79,21,37,29,,28,,39,46,100,20,39,42,63,10,38,51,39,20,32,11,,,26,21,31,37,,30,29,33,20,,40,33,,,21,44,44,29,39,37,21,18,21,50,23,34,23,27,48,,30,33,,46,27,44,45,3,23,29,34,44,33,13,13,21,30,63,30,19,22,29,23,33,7,34,27,37,37,35,39,12,24,38,21,28,29,62,38,20,23,21,37,27,46,29,20,18,29,27,55,,27,26,36,23,6,16,13,,,20,43,46,31,26,10,23,35,42,42,67,21,31,34,19,33,24,26,,38,19,20,32,21,,45,26,15,24,20,23,24,26,26,18,48,22,34,29,31,21,,39,,26,22,19,30,26,43,44,40,35,33,35,31,21,25,25,20,32,23,33,,12,36,33,29,21,30,46,47,13,33,51,36,45,25,27,28,59,69,27,28,,66,66,92,79,121,226,13,43,25,19,34,28,19,36,14,29,16,67,69,53,49,49,8,48,43,24,20,40,31,22,48,53,42,34,26,34,38,24,9,32,49,16,21,10,23,27,24,19,21,35,30,34,29,25,34,30,26,,38,25,32,34,22,38,32,36,33,31,31,31,31,33,31,25,15,28,27,20,8,11,10,12,,37,22,32,39,21,22,25,16,23,14,22,22,44,47,37,54,36,20,27,29,30,27,33,30,26,21,36,37,35,30,,67,72,41,39,149,26,20,16,,41,29,51,40,54,44,33,41,36,46,20,21,,31,,29,,17,18,40,48,49,39,41,34,27,,16,26,40,24,18,17,16,16,28,25,27,25,26,25,23,40,20,14,12,16,17,,20,,33,18,,20,32,32,34,33,47,43,19,,21,34,28,20,,,84,25,40,40,40,20,37,18,26,47,49,27,,37,41,34,36,41,27,34,35,35,,34,,93,31,38,44,31,41,20,41,22,29,38,34,8,5,380,453,17,23,42,49,52,45,35,23,33,30,33,32,22,28,35,,34,30,72,66,227,38,40,14,15,54,71,32,43,35,29,35,23,40,27,18,38,20,31,,18,68,23,6,26,40,51,30,42,35,29,36,29,22,51,47,50,36,200,32,50,15,32,27,47,30,31,30,26,17,38,30,40,34,166,26,96,20,31,44,6,5,48,31
20210423,3,PM10,45,40,61,24,58,55,52,53,36,42,72,60,,,23,,27,26,27,,26,,110,26,,18,26,,62,67,79,62,86,76,80,,12,14,,6,29,21,20,22,,16,,80,83,93,94,73,101,102,83,82,122,,61,66,80,5,2,16,2,7,54,46,,42,56,50,59,48,49,,97,72,107,69,116,,53,114,100,97,103,94,,29,34,,,30,28,29,25,66,71,72,,49,62,59,75,59,,47,27,34,26,21,24,33,23,20,34,26,54,55,63,46,43,58,65,44,49,56,38,44,36,,40,35,33,30,41,75,30,47,71,58,59,69,72,,68,48,56,54,35,31,34,29,38,22,46,46,41,73,,61,70,60,76,68,70,90,73,94,80,97,44,,,,66,41,,59,66,66,,,,51,,105,102,93,90,90,83,75,92,154,,,,138,112,,43,43,88,83,90,,50,58,53,51,42,48,61,37,,50,,84,63,,94,69,,132,64,87,,125,117,90,42,28,62,30,,,15,56,92,63,49,61,73,,74,,,72,,142,102,,20,22,12,12,5,9,,69,68,73,72,72,51,62,24,44,51,32,38,58,51,66,51,58,39,19,,45,21,58,52,27,20,16,32,42,15,,42,35,38,,31,29,39,39,,39,46,37,46,12,,,14,14,12,,22,19,79,80,59,76,104,85,107,97,69,26,31,32,29,28,28,29,,29,45,21,18,21,14,19,14,14,22,16,24,61,61,,69,96,68,88,56,57,63,71,52,54,55,53,50,74,,39,53,62,84,54,65,48,46,55,51,46,61,,40,78,70,49,56,43,32,40,36,37,45,,,87,64,87,101,122,124,82,73,63,63,45,72,39,47,26,29,34,38,49,42,30,11,37,18,24,23,,72,37,40,54,52,41,46,,,33,55,42,71,65,,111,125,74,112,,,82,79,44,78,56,48,61,56,58,53,51,,59,56,208,62,74,131,6,10,8,3,10,7,94,83,114,94,131,75,102,119,,144,93,112,84,,79,28,42,38,,,,33,39,,,,49,52,31,25,28,32,51,,29,20,12,20,21,21,29,17,22,31,29,48,24,27,21,54,,81,63,66,62,37,53,58,51,68,,46,62,88,32,38,40,40,43,28,29,102,39,27,41,17,15,17,15,,27,,66,71,66,56,39,,56,39,,,80,42,60,63,,56,70,66,,78,76,85,70,56,7,12,5,17,9,,,,97,,80,110,,77,73,63,66,73,83,83,19,32,29,,46,,,80,,71,65,64,41,36,41,37,58,,35,32,34,32,33,34,34,63,44,46,39,45,66,52,55,50,69,88,51,45,,50,108,91,,35,39,,54,46,53,47,34,,47,55,,,85,102,,43,,37,54,115,56,71,84,,98,83,,64,59,,62,,104,100,124,,107,71,15,14,9,,32,35,30,48,47,28,22,52,60,50,50,42,72,25,45,51,26,28,34,36,41,47,38,68,113,92,98,103,98,48,52,44,39,,46,68,76,89,77,104,39,43,38,42,45,18,27,17,,43,40,62,,57,44,34,37,46,,58,37,6,,112,,116,148,114,124,86,76,82,,,,67,,64,,99,102,61,,103,101,100,74,65,,64,,46,55,56,53,43,36,,41,86,47,34,27,31,,35,,,22,46,41,22,23,31,30,39,35,19,33,27,31,65,64,58,76,60,51,24,25,36,68,67,68,88,85,98,73,92,,53,46,40,61,49,66,99,50,,,,,82,67,,75,29,34,31,40,22,34,23,37,34,31,33,50,44,87,72,64,,50,54,92,,63,70,,179,51,43,88,46,59,102,71,88,107,105,112,116,,118,122,610,52,31,36,44,13,17,,23,39,29,43,83,95,86,49,49,,15,,74,58,58,34,20,7,6,14,15,,,8,5,64,26,34,36,12,22,7,8,67,,78,101,72,84,83,65,86,105,66,,57,86,96,108,103,79,85,59,54,60,52,60,55,,68,73,,68,68,36,52,,,29,60,44,46,55,60,43,59,54,,,53,104,99,77,89,,113,134,92,114,101,153,64,,56,71,75,,,85,89,,53,54,76,,65,,76,52,,,34,41,,,81,69,38,,,48,52,58,36,49,42,31,38,41,42,32,48,24,42,35,30,45,68,52,44,45,33,47,44,,37,36,73,,36,42,72,54,38,34,50,41,46,44,42,104,,,,193,109,177,108,163,156,124,117,60,65,54,461,350,288,243,293,,,107,30,,25,55,64,,22,57,49,,39,51,56,,36,59,65,52,42,41,44,52,58,61,44,50,59,58,33,39,,33,28,27,43,68,80,,38,,51,,,,59,54,37,52,71,76,,50,,30,36,29,47,37,55,32,18,29,30,90,18,8,22,30,23,46,53,80,57,19,,29,21,31,33,35,38,14,46,38,28,33,36,44,52,,,18,20,18,20,19,34,47,38,39,40,55,46,46,45,34,,40,34,36,31,21,23,24,20,40,72,57,,113,105,113,,124,64,90,76,,75,68,50,,69,56,63,56,59,76,67,65,68,63,85,76,70,,57,46,70,52,58,,68,80,61,38,24,42,48,58,40,49,37,31,,43,36,58,,31,38,,37,28,34,35,,32,32,39,30,62,28,42,37,37,40,37,33,37,27,39,37,21,35,46,30,30,35,36,39,37,30,39,30,39,34,32,17,25,17,39,22,19,28,35,36,26,12,22,13,124,84,74,65,41,38,37,31,28,47,63,98,57,63,56,49,56,60,68,57,51,43,62,100,58,56,32,28,35,36,,38,28,24,20,21,20,24,28,37,68,79,68,71,51,116,,,27,29,27,,41,50,46,39,66,71,,67,57,49,,,,,46,43,60,62,59,31,33,44,,51,29,43,53,53,58,49,50,59,54,61,,,,,26,18,75,88,53,47,39,,34,62,56,53,67,22,39,32,77,106,32,66,55,62,,58,78,69,60,66,113,47,37,84,,69,62,,28,3,,8,8,,,18,,5,,11,7,17,27,25,27,67,105,64,,18,24,22,22,,29,33,25,27,28,153,,38,55,34,34,649,642,,41,42,16,10,18,,83,86,53,,33,40,20,22,23,25,65,,76,42,,65,39,38,49,237,215,547,502,23,,24,18,19,87,51,28,36,52,47,,,,34,37,22,,11,19,15,31,52,18,87,61,15,31,21,90,56,,90,139,32,35,44,,53,,33,,83,41,96,35,109,80,593,14,62,54,62,22,110,22,,,53,18,104,26,,47,41,47,37,,92,52,,,24,122,160,61,58,61,59,44,53,132,36,61,31,42,55,,28,63,,78,31,36,30,27,24,59,46,77,68,23,33,25,24,76,34,9,27,33,38,24,41,46,40,40,46,39,42,15,42,70,27,52,67,109,117,31,37,35,88,82,128,61,36,43,44,72,129,,66,38,70,52,25,26,23,,,46,67,55,34,50,5,42,63,55,213,142,39,78,51,26,79,20,38,,79,41,47,146,80,,400,72,46,61,44,46,67,69,71,32,50,35,76,96,34,19,,72,,71,70,47,32,52,92,141,92,108,83,82,67,38,63,70,50,59,47,156,,48,74,91,74,50,56,17,14,23,23,73,53,83,77,35,37,109,98,39,62,,146,132,56,71,80,98,55,59,22,32,69,33,33,39,28,26,24,70,107,66,51,60,21,52,88,85,12,97,58,58,62,46,110,72,59,51,41,16,32,41,40,25,33,25,30,80,31,39,47,64,90,49,93,61,63,76,57,,85,29,51,51,38,28,48,31,90,91,42,81,64,49,86,80,26,50,68,54,30,32,29,22,,78,50,44,90,96,43,50,56,37,53,53,48,91,75,19,90,40,4,5,17,65,42,30,39,36,35,37,110,69,84,,124,85,61,65,63,33,53,13,,27,58,80,100,87,98,45,65,51,32,70,29,,60,,29,,14,63,51,89,56,77,89,73,42,,44,61,82,68,55,34,36,36,36,31,35,51,50,71,48,78,34,22,39,37,30,,41,,59,41,,27,81,54,92,78,77,162,26,,18,55,46,47,,,127,67,66,80,134,6,19,23,22,94,135,70,,91,77,80,81,60,64,68,61,65,,100,,96,52,98,61,47,43,66,106,94,67,143,48,23,19,1557,1207,38,41,84,153,93,79,76,62,44,66,73,79,51,18,39,,45,49,142,113,94,45,83,11,17,38,36,48,90,60,56,91,79,49,36,38,61,95,80,,41,22,40,6,70,59,118,69,48,51,47,39,53,36,79,105,37,61,93,63,112,39,23,10,43,44,60,50,22,34,64,52,93,41,109,32,105,64,28,53,5,8,67,75
20210423,3,PM10_24h,33,44,39,36,37,33,39,43,35,44,40,52,,,43,,46,45,48,,49,,58,47,,41,36,,66,60,70,66,67,64,71,,35,39,,37,49,38,41,42,,39,,69,60,76,62,61,62,69,60,64,66,,66,68,76,29,24,33,22,24,54,46,,47,51,50,51,54,55,,59,70,59,62,75,,50,74,61,67,55,59,,34,34,,,31,30,33,34,70,102,87,,80,74,88,97,92,,83,56,72,40,33,34,45,32,46,47,35,80,64,75,61,56,54,76,58,56,72,95,99,110,,112,104,109,92,90,112,109,101,61,50,52,54,54,,56,43,53,46,62,52,51,54,71,36,58,65,52,53,,50,58,58,48,52,50,44,44,47,48,47,28,,,,59,37,,52,59,54,,,,60,,53,58,69,44,55,52,44,56,85,,,,90,76,,51,54,76,52,59,,50,56,45,41,42,36,48,34,,35,,45,46,,64,57,,76,56,63,,82,79,72,38,43,39,37,,,26,40,49,49,50,67,40,,59,,,59,,88,69,,46,40,51,34,35,37,,61,59,67,65,57,43,54,33,47,54,37,37,52,55,59,52,45,44,32,,50,44,51,53,34,36,46,29,31,13,,31,28,22,,23,58,68,66,,67,66,64,67,21,,,24,22,22,27,22,20,60,66,54,65,63,61,69,64,53,27,28,31,30,28,27,28,,29,30,24,18,23,22,22,21,17,25,22,18,82,76,,72,84,70,91,77,108,77,70,53,56,54,57,46,75,,35,43,49,83,54,55,48,52,70,69,72,62,,46,89,74,54,61,53,47,56,56,54,58,,,80,73,81,86,84,87,64,63,59,58,51,68,44,44,43,38,42,46,52,50,25,28,30,30,30,23,,49,34,56,56,47,54,53,,,30,55,50,52,58,,125,129,95,105,,,138,63,55,71,78,61,80,78,68,72,71,,54,48,105,73,86,87,20,38,54,27,50,30,71,66,106,70,76,63,61,102,,60,61,97,72,,61,34,51,44,,,,49,49,,,,65,66,37,30,29,37,33,,41,26,21,28,29,25,21,22,27,29,27,51,21,26,20,47,,54,45,50,45,40,45,45,45,52,,84,70,78,66,60,60,69,58,43,37,52,56,39,41,42,42,44,33,,37,,33,33,30,30,49,,63,67,,,49,36,34,65,,65,87,57,,50,55,53,50,36,44,28,29,38,41,,,,53,,44,61,,54,62,58,59,22,25,33,32,37,45,,28,,,73,,70,66,69,59,56,54,58,66,,33,30,32,33,37,37,41,52,46,52,60,58,65,44,47,49,65,66,64,44,,49,83,77,,66,67,,70,66,70,65,39,,58,55,,,56,68,,52,,37,50,59,53,83,84,,84,100,,46,47,,47,,76,54,70,,61,52,40,37,37,,54,65,58,84,74,58,32,102,78,79,78,68,107,43,69,68,46,21,59,41,57,46,45,61,64,82,71,76,68,51,112,111,114,,110,166,193,162,201,127,64,57,46,65,53,44,48,44,,54,50,55,,53,48,49,45,40,,49,47,7,,72,,71,107,83,80,58,62,61,,,,57,,51,,98,91,90,,86,82,84,62,55,,47,,52,49,56,48,45,44,,26,31,28,25,24,21,,30,,,24,28,28,17,9,38,61,50,53,30,36,27,35,41,43,42,48,53,46,28,28,42,65,79,81,73,74,96,77,72,,48,62,48,53,47,56,54,50,,,,,70,78,,95,35,47,47,57,42,36,25,29,34,30,38,65,61,52,51,42,,54,65,78,,39,40,,64,52,52,68,54,62,71,67,74,53,57,58,66,,134,140,258,72,48,40,45,19,22,,52,37,97,114,120,52,40,60,60,,20,,22,20,20,23,19,22,20,16,20,,,22,18,40,16,28,33,26,27,26,28,54,,63,59,55,50,50,46,57,58,57,,69,85,59,65,65,54,55,55,52,69,67,35,37,,77,76,,58,56,40,56,,,21,50,33,42,49,31,28,30,31,,,78,82,89,91,87,,90,54,54,44,53,68,45,,44,50,52,,,52,54,,43,44,49,,45,,65,55,,,45,60,,,62,62,38,,,69,72,39,36,52,55,44,48,64,40,47,39,41,53,52,68,78,80,78,74,32,27,32,30,,60,52,62,,66,67,75,64,56,44,70,60,57,64,52,127,,,,256,297,321,231,230,172,170,121,143,149,92,811,521,700,531,510,,,271,103,,99,155,140,,76,50,50,,48,52,49,,53,58,54,55,36,36,43,37,58,64,55,57,56,50,36,35,,26,34,37,32,66,61,,34,,38,,,,48,44,37,48,38,42,,42,,45,43,46,40,34,42,49,29,45,44,60,36,13,27,28,28,62,62,75,53,38,,38,29,33,32,32,34,10,46,29,31,33,33,39,42,,,22,26,26,26,23,45,58,52,51,58,51,44,38,46,38,,40,44,36,40,36,35,38,32,52,58,56,,96,83,88,,82,71,78,57,,58,56,45,,54,54,56,57,54,49,46,48,46,44,42,44,48,,60,58,57,32,45,,44,48,49,33,26,32,37,42,43,41,35,36,,35,32,37,,31,24,,30,17,25,22,,27,20,24,28,40,34,31,31,27,30,35,31,37,30,39,37,36,30,38,33,32,40,40,42,45,43,41,45,40,42,49,12,18,16,26,30,14,21,22,25,23,11,18,14,65,54,74,65,54,40,47,36,36,49,66,69,72,59,49,50,49,69,59,57,58,42,51,83,50,44,58,47,29,36,,30,54,44,33,43,37,52,51,52,69,74,74,69,48,87,,,34,30,34,,43,45,43,38,59,58,,54,38,51,,,,,40,47,52,54,45,23,27,40,,24,31,40,51,48,68,50,55,63,59,71,,,,,24,16,69,69,51,51,34,,37,65,58,54,59,22,43,33,72,70,59,71,46,49,,64,68,61,61,105,82,52,47,96,,66,67,,29,4,,32,43,,,43,,10,,22,16,21,31,26,32,40,49,37,,16,25,23,23,,36,32,16,28,33,117,,126,114,28,31,252,268,,32,29,21,24,13,,78,72,40,,38,40,35,28,39,26,84,,59,73,,81,31,26,27,777,608,327,283,13,,27,31,29,70,79,221,106,125,104,,,,32,30,25,,11,36,36,38,57,37,79,75,31,54,42,80,48,,56,96,46,46,36,63,62,,25,,45,54,130,30,75,72,302,10,59,115,83,37,78,17,,,50,56,78,46,,67,67,82,35,,51,45,,,27,80,94,41,45,57,51,26,26,85,28,59,45,52,39,,48,47,,87,74,69,60,12,31,73,37,66,59,25,23,25,42,76,75,37,37,43,60,39,27,51,53,55,59,52,52,20,38,72,51,52,45,89,72,28,32,32,61,54,88,42,38,33,51,53,100,,40,36,43,75,29,32,23,,,53,57,59,43,34,17,39,67,67,151,94,40,54,44,40,56,62,36,,78,52,44,73,71,,205,59,34,47,43,47,50,48,64,37,50,46,50,69,47,35,,55,,51,36,37,48,46,76,99,97,82,91,82,72,48,61,68,54,74,47,91,,51,82,81,72,48,49,25,26,37,44,69,43,71,44,35,37,90,97,43,46,,110,87,122,97,160,288,36,53,42,27,60,34,32,45,25,37,31,105,110,75,72,67,17,56,54,29,34,53,28,20,66,54,62,78,52,64,72,58,24,38,38,23,27,24,41,51,57,39,52,68,62,41,60,48,57,46,44,,51,32,38,50,39,51,64,46,65,77,57,52,57,53,56,46,15,42,43,37,37,39,27,30,,77,62,52,87,58,51,55,46,42,49,47,55,83,65,17,76,52,33,33,25,54,47,47,43,35,25,45,66,52,63,,100,100,56,53,171,58,41,18,,49,59,81,85,81,70,61,70,46,49,30,29,,40,,38,,25,27,51,70,59,48,54,40,44,,27,56,83,40,34,38,37,39,59,36,49,49,57,48,41,62,38,27,32,39,34,,41,,38,34,,31,65,46,69,67,84,81,49,,44,62,48,35,,,94,55,57,75,72,31,36,37,41,61,90,48,,60,92,87,62,66,61,55,57,70,,62,,86,49,82,58,55,56,25,66,42,52,62,68,15,26,1360,1166,42,44,63,74,84,92,66,61,62,67,76,84,46,61,71,,51,45,97,81,288,75,78,20,18,50,46,25,58,58,82,73,41,58,36,25,59,51,57,,96,100,28,82,46,44,83,51,49,41,34,45,34,35,81,46,70,49,236,59,100,19,43,36,46,37,40,36,37,34,61,43,75,72,213,50,135,42,52,60,9,19,66,39
20210423,3,SO2,3,3,3,3,3,2,3,3,1,4,1,3,,,5,,5,6,6,,4,,4,4,,6,2,,7,9,3,7,4,11,8,,6,15,,8,15,6,10,3,,3,,24,13,9,10,12,5,11,10,15,5,,7,6,5,4,6,8,5,6,5,5,,5,3,5,3,11,10,,2,3,4,2,8,,6,11,7,8,6,5,,8,5,,,6,5,7,6,7,12,15,,12,9,11,9,5,,12,4,5,4,9,4,8,8,8,4,5,8,5,6,8,6,6,6,7,10,5,22,27,22,,16,15,12,18,17,27,18,14,5,7,4,7,6,,3,9,10,8,11,3,9,4,5,1,6,3,1,6,,5,6,5,6,6,9,2,5,13,15,8,7,,,,8,6,,8,12,6,,,,4,,7,5,4,6,6,6,9,4,6,,,,3,7,,5,2,3,4,4,,5,4,4,17,4,5,3,3,,5,,5,5,,4,6,,7,6,3,,5,5,5,6,10,5,7,,,4,7,10,5,3,5,5,,4,,,3,,9,9,,4,3,4,4,4,5,,6,4,5,7,5,6,5,5,5,5,5,3,5,5,7,9,4,5,2,,5,6,4,4,2,4,6,3,3,2,,6,3,4,,12,6,6,5,,5,4,5,7,5,,,5,4,5,6,5,4,10,10,6,5,6,5,10,8,6,6,6,5,4,6,7,4,,4,6,10,4,5,6,5,6,5,8,5,9,8,9,,10,11,10,7,8,5,6,6,4,6,8,6,6,5,,5,5,5,9,13,15,7,5,5,5,6,7,,7,14,26,9,7,4,4,5,8,6,7,,,12,7,7,10,11,11,10,15,23,13,8,16,5,5,7,6,5,7,5,7,4,3,4,4,4,10,,16,6,9,8,15,10,5,,,7,5,4,4,6,,11,9,6,7,,,20,32,7,7,9,9,7,5,6,8,7,,17,21,13,16,24,24,3,4,4,4,4,5,9,5,4,8,6,7,5,7,,6,8,5,5,,8,4,6,7,,,,8,4,,,,11,11,4,4,3,5,4,,5,6,2,5,6,5,4,5,4,5,6,5,5,5,3,7,,14,6,13,10,8,10,9,9,9,,3,6,6,8,11,7,5,8,9,7,39,7,10,8,4,5,4,4,,2,,5,7,5,5,2,,4,5,,,11,5,6,5,,2,9,6,,24,17,27,6,4,8,6,5,8,10,,,,7,,5,14,,8,6,6,9,6,5,4,3,2,4,,5,,,8,,9,7,5,4,7,7,10,8,,4,5,5,7,4,8,5,5,15,10,4,5,20,9,8,9,6,7,6,5,,6,4,6,,10,10,,6,7,12,8,6,,7,12,,,6,7,,8,,21,20,12,16,10,9,,10,9,,3,5,,3,,7,11,7,,14,9,6,14,5,,6,6,7,7,6,5,6,16,18,12,12,7,14,11,10,11,4,9,11,9,7,15,15,6,34,25,28,20,22,6,4,7,5,,5,8,9,7,6,6,2,4,6,10,5,5,3,3,,8,5,16,,6,6,5,4,7,,7,4,4,,3,,4,3,3,2,14,21,25,,,,7,,5,,6,4,5,,11,8,9,5,4,,5,,6,7,5,7,6,6,,12,8,13,6,5,10,,8,,,5,3,3,1,2,4,4,4,6,12,6,6,5,8,5,5,6,7,5,3,4,5,11,15,3,18,8,6,5,13,,11,9,22,8,5,14,20,15,,,,,4,5,,5,3,8,5,2,1,13,7,6,6,7,5,4,5,6,5,6,,4,23,8,,3,2,,15,5,4,7,4,4,8,4,4,14,21,16,7,,8,16,38,21,12,30,8,2,4,,4,3,3,4,2,23,21,4,4,,5,,8,5,5,4,4,7,6,8,4,,,5,10,8,10,7,4,4,3,4,4,6,,8,6,6,8,11,10,6,6,6,,2,4,9,9,9,10,8,8,7,4,5,6,8,,4,5,,2,4,6,7,,,4,4,6,4,5,7,5,6,5,,,6,6,3,5,4,,4,14,14,15,10,15,7,,7,6,4,,,3,4,,10,8,11,,10,,12,14,,,6,5,,,6,6,15,,,2,4,6,9,5,6,5,11,11,9,29,10,12,8,10,9,3,3,3,5,9,8,7,7,,5,9,10,,15,9,20,15,4,3,10,8,7,8,9,10,,,,10,11,12,11,26,12,10,8,10,6,6,12,13,16,18,18,,,7,3,,4,7,8,,8,10,6,,6,7,10,,5,6,2,6,3,2,1,6,6,12,5,15,2,8,7,9,,4,3,2,6,5,5,,4,,6,,,,5,5,6,5,5,5,,8,,10,12,6,6,3,6,2,3,2,6,5,4,,4,4,4,4,8,11,3,4,,3,5,6,8,6,7,11,15,14,11,9,11,18,22,,,4,8,7,5,7,4,12,13,13,14,14,11,12,26,11,,6,7,8,5,7,7,5,4,17,25,51,,14,9,6,,12,8,7,5,,3,5,8,,5,12,20,6,19,8,8,8,8,8,3,4,2,,5,6,5,10,10,,13,12,7,3,4,7,6,8,4,10,4,4,,4,5,4,,4,3,,6,8,8,7,,7,5,5,5,8,7,15,7,6,11,11,7,8,6,10,9,1,2,2,1,1,5,4,5,4,3,7,8,5,12,8,4,7,6,5,1,3,3,4,3,3,6,12,7,28,9,7,8,7,14,7,5,6,9,4,3,10,4,2,9,10,20,16,7,6,8,6,7,11,8,10,6,6,5,,5,3,8,7,6,4,8,5,8,4,14,10,8,11,15,,,5,10,6,,6,17,18,13,7,6,,5,4,7,,,,,5,5,7,6,8,13,15,13,,7,6,26,15,19,10,3,3,5,4,5,,,,,4,5,7,9,6,10,3,,4,6,5,6,6,5,6,8,5,6,12,10,9,11,,11,8,5,4,,12,5,7,5,,13,8,,16,7,,8,4,,,3,,9,,11,8,5,6,7,8,6,13,12,,5,5,5,16,,13,17,9,9,9,9,,5,9,4,2,5,6,,5,5,4,14,20,,4,5,2,,11,2,16,14,10,16,9,,5,9,,10,5,3,5,4,5,2,2,5,,5,2,10,4,4,5,3,5,3,,,,4,5,5,,2,4,4,3,7,4,10,9,5,2,4,6,6,,12,21,9,4,7,11,2,,7,,7,5,9,8,24,14,24,14,8,8,10,6,4,4,,,4,5,6,4,,4,10,10,8,,3,4,,,8,12,3,7,10,6,7,7,8,6,4,5,10,7,4,,6,4,,6,7,4,15,2,11,3,4,6,6,16,5,2,3,9,15,7,18,4,2,3,9,2,9,6,5,4,3,5,13,5,7,9,5,6,10,7,9,6,20,6,15,13,9,5,6,8,6,,4,3,3,8,14,3,3,,,7,6,10,5,5,8,11,3,7,7,11,15,7,9,3,5,2,3,,10,8,10,11,11,,40,2,6,5,2,5,4,2,4,6,2,24,9,15,8,9,,11,,5,3,4,4,6,6,8,6,7,13,10,8,6,5,4,12,8,9,11,,8,8,8,13,6,2,5,1,11,7,8,3,7,4,2,4,6,5,5,6,,4,2,5,6,12,12,24,34,7,8,8,10,11,8,7,10,8,8,8,9,7,7,3,5,11,6,3,7,5,6,3,3,13,21,4,9,5,3,4,6,6,8,6,7,10,8,6,6,2,27,7,4,5,8,5,36,3,,4,3,3,16,21,3,7,2,6,6,3,8,8,5,6,3,10,4,3,3,4,8,4,5,,8,7,6,8,4,8,7,7,5,6,5,6,4,8,10,20,4,2,5,8,7,5,6,4,3,5,4,6,6,4,,4,5,22,18,5,9,11,8,,7,11,7,6,8,16,8,7,6,5,3,8,,11,,7,,5,6,5,6,6,11,28,6,8,,8,14,5,8,6,7,3,7,5,5,13,3,9,14,12,8,6,2,5,11,3,,5,,6,2,,6,10,16,16,3,5,6,4,,8,24,15,9,,,6,6,4,12,2,6,2,2,8,7,4,5,,4,6,9,3,6,6,8,10,9,,5,,13,4,3,6,24,13,5,4,8,6,8,4,6,6,8,6,3,9,4,11,3,20,6,8,7,6,10,9,7,10,10,,16,4,3,1,8,9,6,4,7,11,1,8,8,7,11,6,3,6,4,8,4,7,9,,3,5,10,3,4,3,26,3,3,3,3,3,3,17,4,12,4,8,12,29,5,8,9,11,2,3,3,1,6,6,7,5,14,4,6,9,8,7,10,13,8,7,6,8
20210423,3,SO2_24h,2,2,2,2,3,3,2,3,2,3,2,2,,,5,,5,7,6,,5,,4,3,,6,2,,5,8,3,6,2,8,8,,5,11,,7,12,6,10,5,,3,,8,3,5,8,11,6,8,9,11,6,,8,8,6,6,8,11,7,7,6,6,,6,5,7,3,11,9,,4,5,5,5,7,,6,8,6,7,5,6,,7,6,,,6,8,8,7,14,24,23,,20,14,20,18,14,,21,5,5,4,10,5,8,8,7,4,5,10,6,7,10,8,7,8,8,12,8,19,22,19,,20,15,17,21,14,24,17,16,5,5,4,9,6,,3,8,8,7,11,5,8,4,6,1,3,4,2,7,,3,6,4,6,6,7,2,5,10,11,9,7,,,,8,6,,6,10,4,,,,5,,6,4,4,5,6,5,6,4,6,,,,9,7,,5,5,6,3,4,,6,4,13,7,4,8,2,2,,5,,4,4,,5,5,,5,6,3,,5,3,5,6,9,4,6,,,4,8,8,5,4,6,6,,4,,,4,,9,8,,4,4,4,4,4,6,,6,4,6,6,6,6,5,6,4,5,5,3,5,5,8,9,3,5,3,,6,6,4,4,3,4,12,3,6,2,,5,2,4,,5,7,7,7,,7,6,7,7,5,,,5,4,5,6,4,4,7,7,6,5,5,6,8,6,7,6,6,5,5,6,7,5,,4,6,8,3,3,5,4,6,5,7,5,7,9,11,,8,9,9,8,10,7,7,7,4,6,8,6,7,5,,6,5,5,9,7,9,7,6,8,6,7,8,,7,13,13,6,5,5,5,6,9,6,8,,,11,9,8,10,12,11,10,12,15,15,12,14,5,4,8,5,3,8,5,9,4,3,3,3,4,10,,7,7,9,10,9,11,5,,,6,5,4,3,7,,10,9,7,7,,,15,9,6,7,9,10,6,7,5,7,7,,10,15,12,10,21,17,3,4,4,4,5,5,12,7,6,10,8,8,6,8,,9,6,6,7,,7,4,6,7,,,,11,16,,,,14,15,5,4,3,6,4,,4,6,2,5,3,5,4,5,5,5,4,2,5,5,5,9,,16,10,13,15,9,9,7,6,7,,11,8,7,12,12,9,9,11,11,8,38,6,9,8,5,5,4,5,,3,,5,4,4,5,3,,5,7,,,10,5,5,7,,3,7,7,,16,12,16,8,5,9,7,5,10,12,,,,6,,7,8,,6,7,7,10,5,4,3,4,3,5,,6,,,11,,12,9,6,9,11,10,16,12,,4,5,6,6,4,6,6,5,7,6,6,7,10,9,8,9,7,7,8,5,,5,6,8,,16,15,,8,10,12,7,9,,18,11,,,5,3,,7,,16,13,14,14,9,9,,10,9,,3,6,,4,,7,8,9,,12,10,9,15,7,,9,8,10,9,9,8,6,21,16,14,15,12,22,11,12,35,5,8,12,14,10,12,17,10,13,14,10,13,10,5,3,7,5,,4,9,13,10,11,6,3,5,7,10,6,6,4,4,,11,4,15,,8,7,6,6,7,,7,5,4,,3,,4,3,3,2,5,9,10,,,,7,,6,,5,4,6,,8,6,8,4,2,,4,,6,7,5,7,5,5,,9,8,12,6,5,8,,7,,,5,3,2,1,2,4,5,4,7,9,6,5,4,5,5,4,5,7,5,4,5,6,12,16,10,14,13,9,11,8,,25,21,17,8,11,15,14,14,,,,,5,6,,7,6,6,7,3,2,11,10,6,6,7,6,6,8,6,6,7,,5,16,7,,3,2,,6,5,4,5,4,4,5,4,4,9,12,8,5,,23,109,18,26,20,16,9,1,4,,5,3,3,5,1,17,8,5,5,,5,,8,5,5,4,4,8,6,9,5,,,5,10,8,10,7,5,4,3,6,5,7,,8,6,5,7,8,8,5,5,7,,4,5,10,8,8,9,7,8,7,7,6,5,7,,5,5,,2,5,13,21,,,4,4,5,4,5,6,4,6,5,,,6,6,4,5,4,,4,6,8,9,8,9,7,,6,6,8,,,4,5,,10,8,12,,12,,13,17,,,8,4,,,12,9,18,,,3,5,6,8,7,8,6,17,16,10,26,13,11,13,13,13,6,8,8,10,8,9,7,10,,6,9,14,,20,19,14,12,5,5,11,9,7,8,10,13,,,,21,21,16,14,20,12,11,8,20,16,8,20,17,20,22,25,,,22,4,,5,13,13,,9,8,7,,9,7,11,,6,5,3,6,3,1,2,6,8,13,5,14,11,9,5,8,,5,3,3,6,6,6,,4,,7,,,,5,4,6,6,4,4,,8,,9,8,6,6,4,6,4,3,6,8,7,6,2,5,3,6,7,9,9,5,4,,4,4,7,8,18,8,15,14,12,12,7,8,11,14,,,3,12,10,7,8,4,8,7,4,16,8,10,11,8,15,,9,12,10,11,9,9,8,7,22,25,28,,12,13,9,,12,9,9,5,,3,5,8,,6,7,9,5,10,8,7,8,7,8,2,3,3,,5,6,5,10,10,,9,12,7,3,4,8,6,6,6,8,5,6,,4,4,3,,5,4,,9,7,7,6,,7,5,6,6,7,7,12,6,6,9,14,12,10,8,11,11,2,2,2,6,1,6,6,7,7,6,9,10,6,7,9,3,6,6,5,2,3,3,4,2,3,6,10,8,14,9,8,8,10,9,9,7,7,8,5,5,9,5,4,15,14,22,19,7,8,10,6,8,22,8,13,8,11,10,,14,7,12,12,10,8,11,9,11,6,10,6,9,10,12,,,8,13,10,,8,18,16,13,6,7,,6,6,9,,,,,6,5,8,7,6,12,13,11,,8,9,15,12,11,11,3,3,5,4,5,,,,,4,7,11,12,6,10,3,,5,7,6,8,9,5,6,8,6,6,11,10,13,14,,11,9,10,4,9,10,5,8,7,,28,8,,13,8,,10,6,,,4,,8,,11,8,6,6,6,8,4,11,9,,5,9,11,10,,18,17,8,9,9,8,,4,6,3,5,6,5,,5,5,4,14,17,,6,7,13,,13,6,17,22,12,18,11,,9,12,,12,5,3,5,4,6,11,11,5,,6,3,10,5,5,5,3,5,4,,,,4,4,4,,2,4,5,3,9,5,9,9,5,3,5,5,7,,13,23,11,6,6,10,4,,6,,8,6,16,8,16,13,24,10,7,18,17,10,6,4,,,5,6,6,5,,9,15,14,8,,3,6,,,8,11,5,7,8,6,6,8,6,7,3,6,13,9,6,,7,4,,7,14,5,11,3,15,4,4,6,4,10,4,3,3,12,25,9,14,4,3,3,8,3,8,7,7,6,5,5,14,7,8,10,5,8,10,6,9,5,7,6,12,16,13,4,7,9,5,,4,5,4,8,13,3,4,,,7,5,9,6,5,8,6,5,8,7,8,10,7,9,4,5,7,4,,13,7,9,17,19,,26,2,5,4,2,5,4,3,5,6,2,15,11,18,11,9,,8,,3,2,3,6,6,7,8,7,7,12,10,8,6,4,5,8,8,9,9,,7,8,7,10,6,3,6,2,12,8,6,2,8,4,3,5,7,6,6,7,,5,2,8,8,30,25,12,13,11,8,9,11,10,9,7,8,8,7,7,10,10,8,4,4,7,4,7,8,4,5,2,3,6,9,7,9,24,6,17,7,6,8,5,6,7,6,7,5,4,20,7,5,4,7,5,18,2,,6,2,2,13,23,3,7,3,7,5,3,7,7,5,6,3,9,5,3,2,4,8,4,5,,7,9,6,9,4,6,8,9,7,6,5,6,5,8,11,12,4,5,6,8,7,6,6,4,3,4,4,6,6,8,,5,7,8,7,43,11,10,6,,8,12,8,8,8,15,8,8,9,6,2,10,,7,,7,,5,5,7,8,6,10,13,6,15,,7,24,6,8,7,7,4,6,10,6,12,4,9,10,13,12,6,2,5,12,8,,5,,6,2,,6,9,6,15,3,6,6,4,,7,24,15,6,,,7,8,2,8,2,3,6,6,7,8,8,8,,5,6,9,4,9,6,9,6,7,,5,,14,5,2,6,20,10,5,4,9,8,8,5,6,6,6,8,3,10,6,13,3,20,5,8,10,8,11,8,12,17,22,,15,4,2,2,20,9,8,4,6,9,7,8,7,11,12,8,4,6,4,8,4,7,8,,4,9,9,3,5,2,5,5,3,3,2,2,3,12,6,6,6,10,37,23,7,6,6,7,2,2,2,3,7,5,8,5,6,6,10,9,10,7,11,8,8,6,10,8
20210423,3,NO2,40,13,49,25,74,52,58,57,12,35,71,43,,,15,,17,14,16,,14,,19,19,,15,13,,41,24,40,32,28,30,15,,11,20,,19,14,10,8,10,,19,,22,19,20,61,55,72,65,48,47,36,,17,18,36,37,10,18,13,12,27,46,,38,17,12,16,56,53,,32,15,52,31,92,,13,37,39,85,63,57,,32,50,,,40,22,14,16,11,22,37,,20,28,17,25,19,,29,11,15,6,7,9,10,10,6,5,8,28,22,27,17,16,17,18,16,19,29,39,50,25,,42,28,36,40,48,65,22,56,64,74,53,68,55,,72,27,44,45,27,21,4,21,5,15,12,13,17,19,,36,45,30,28,44,51,55,50,40,62,37,22,,,,19,16,,15,25,17,,,,19,,56,68,54,53,68,64,59,65,46,,,,55,52,,9,20,13,18,16,,19,21,28,34,19,34,12,18,,17,,22,19,,70,32,,79,22,66,,53,92,62,14,60,43,57,,,15,47,48,43,41,53,31,,40,,,65,,46,36,,20,24,11,7,4,5,,46,33,41,54,46,22,28,20,15,17,20,11,15,13,15,16,20,16,7,,33,24,50,32,17,9,22,20,18,6,,18,18,6,,18,14,12,5,,14,8,9,10,8,,,12,15,12,13,27,16,78,82,75,51,74,67,63,80,29,23,24,32,25,40,27,28,,11,14,29,27,23,22,10,16,15,24,22,8,43,38,,67,72,40,96,44,68,51,58,12,21,19,34,24,84,,23,35,79,42,30,49,14,9,34,28,37,35,,10,51,47,22,18,13,12,8,14,10,13,,,60,45,43,44,50,57,72,66,57,53,18,41,15,10,11,8,16,15,32,36,13,8,16,8,4,11,,43,25,60,65,68,60,40,,,29,70,44,45,64,,32,37,41,36,,,26,7,8,39,6,8,6,9,20,18,4,,31,28,94,40,48,91,2,3,3,4,11,2,56,59,50,60,62,62,70,57,,55,57,48,47,,60,13,39,52,,,,16,8,,,,19,11,18,19,10,13,15,,14,9,32,16,21,14,26,36,24,35,32,4,16,28,5,24,,29,48,33,27,15,35,28,35,15,,24,29,25,8,4,5,2,13,13,19,28,21,36,27,18,15,14,12,,7,,43,35,39,41,23,,12,16,,,15,17,23,15,,14,17,15,,19,19,16,17,14,10,8,8,8,8,,,,19,,15,26,,45,40,29,33,20,14,14,9,12,15,,12,,,37,,24,38,59,12,11,14,13,13,,12,14,12,23,9,7,8,19,20,16,29,33,33,16,13,14,50,69,23,18,,12,32,39,,13,18,,12,10,13,15,11,,30,25,,,36,27,,36,,32,24,47,48,15,12,,15,10,,26,18,,12,,25,50,36,,40,27,5,6,5,,12,8,7,8,12,5,5,17,21,12,26,10,27,10,12,26,12,34,15,18,18,18,20,18,32,38,28,28,33,13,10,12,14,,6,15,12,14,19,23,10,13,8,10,8,15,17,17,,18,27,25,,12,23,18,39,22,,36,30,2,,41,,31,28,20,38,30,19,29,,,,35,,32,,13,28,4,,55,48,31,13,16,,16,,20,22,12,24,44,33,,35,55,62,24,13,32,,19,,,6,9,10,8,8,11,13,8,13,11,8,6,7,48,46,40,50,43,45,4,3,20,40,38,46,21,35,26,32,13,,25,11,31,11,17,33,26,27,,,,,52,39,,37,10,19,14,16,10,11,5,4,10,5,6,15,11,67,44,60,,10,14,53,,45,45,,63,9,22,36,29,22,25,28,35,51,47,52,63,,12,12,39,13,12,8,17,4,7,,14,6,1,9,6,17,20,13,13,,11,,15,22,22,15,11,3,3,11,7,,,8,13,12,14,14,16,10,7,6,7,33,,43,74,64,74,69,78,62,69,73,,10,23,70,70,63,38,48,23,24,27,33,46,53,,33,29,,32,35,10,33,,,32,15,19,14,17,32,14,29,28,,,40,14,12,11,14,,14,88,70,85,78,77,23,,30,30,8,,,14,10,,20,27,85,,75,,9,14,,,16,7,,,8,10,9,,,11,11,26,31,5,5,5,37,14,8,10,52,12,17,25,21,38,40,29,20,10,6,8,15,,7,8,12,,11,17,26,34,8,9,3,17,7,4,5,24,,,,18,18,35,22,28,21,22,18,16,13,10,40,34,57,43,41,,,18,8,,6,11,18,,8,19,33,,32,42,16,,16,9,14,16,24,5,11,8,24,21,28,33,59,24,5,11,,4,11,11,9,14,16,,13,,16,,,,7,21,20,17,23,14,,13,,18,20,30,36,15,33,15,13,26,23,31,15,2,18,19,20,22,32,42,36,14,,18,7,10,16,16,11,8,16,19,24,16,16,25,26,,,13,16,16,15,25,4,18,14,15,9,8,11,6,5,12,,15,12,15,5,4,7,9,5,33,26,46,,28,41,35,,40,19,27,31,,35,28,39,,45,26,26,19,24,16,15,14,17,21,38,29,35,,14,13,14,40,26,,37,37,7,8,11,13,19,20,18,23,27,19,,40,29,33,,8,16,,12,9,16,20,,17,9,43,7,29,18,9,15,6,10,9,8,6,7,4,9,5,19,28,17,30,13,16,11,10,9,7,4,6,8,8,4,3,14,6,5,4,9,8,9,10,2,6,2,38,41,39,38,35,9,15,9,12,35,16,22,23,28,10,14,13,10,11,23,34,14,26,39,14,18,9,11,33,44,,29,15,10,9,10,11,12,10,22,14,24,26,18,27,58,,,7,12,4,,23,44,32,32,42,48,,41,9,17,,,,,8,18,14,19,16,16,6,40,,69,6,14,8,14,8,5,8,5,4,5,,,,,2,2,8,9,8,10,17,,2,6,8,20,14,4,6,6,17,67,11,14,15,53,,5,5,8,8,36,55,11,6,39,,21,26,,11,18,,4,18,,,5,,5,,4,5,4,6,5,14,67,83,77,,4,4,4,16,,28,39,11,27,18,22,,13,14,18,26,7,7,,12,9,21,15,14,,31,37,24,,13,5,14,19,13,12,16,,14,22,,,17,13,14,13,15,6,5,4,,8,2,4,24,25,11,2,2,2,,,,9,11,4,,7,14,22,5,10,15,16,50,22,15,14,35,25,,82,36,9,14,52,48,33,,8,,19,14,29,11,70,46,17,10,15,26,15,16,19,5,,,33,16,45,13,,16,16,10,11,,25,24,,,34,43,44,18,16,12,25,34,19,56,40,73,15,46,11,,17,22,,67,6,8,14,3,36,11,12,6,14,15,14,13,14,14,36,16,15,10,8,5,57,19,6,4,5,4,4,7,41,24,5,81,50,25,53,15,25,26,27,49,49,37,14,22,13,42,22,,36,3,16,24,9,19,17,,,60,16,28,27,29,2,35,22,37,28,47,27,14,23,6,41,18,20,,23,43,24,51,54,,22,66,62,76,22,28,60,61,57,25,22,32,48,11,29,9,,22,,16,46,21,10,26,52,88,58,72,41,47,52,13,69,37,23,11,38,87,,26,23,63,13,25,19,24,19,20,28,12,12,14,19,21,13,30,15,32,39,,66,45,8,8,18,20,22,25,7,10,29,8,23,58,6,47,14,42,31,25,10,19,14,21,23,20,17,19,39,40,25,19,56,53,16,18,38,6,20,41,16,8,8,5,19,56,11,23,17,19,43,29,52,44,39,54,13,,16,24,11,40,14,20,22,16,32,18,24,50,48,33,55,49,30,20,33,7,19,19,20,5,,34,12,18,67,64,11,21,22,8,30,24,14,47,52,12,24,20,6,18,11,14,24,34,20,7,11,27,66,61,56,,37,8,27,47,14,4,24,10,,20,27,26,53,31,45,38,34,15,10,39,15,,22,,23,,6,18,15,31,30,20,15,34,15,,15,12,26,64,51,10,19,18,35,8,9,9,24,37,6,8,2,13,3,8,8,,29,,27,25,,6,30,25,98,26,24,31,28,,41,28,20,2,,,64,42,26,49,64,8,26,65,21,31,61,49,,55,30,43,59,32,29,40,50,18,,41,,28,15,26,50,42,21,27,43,61,50,59,32,5,4,1,4,23,29,54,59,9,10,15,40,14,29,47,63,39,9,41,,29,21,46,26,18,15,54,30,11,11,18,18,37,9,15,24,46,15,16,16,52,71,47,,5,6,44,2,8,21,31,8,22,31,47,11,69,40,16,34,12,41,22,39,38,22,8,13,22,11,52,53,19,63,10,16,46,10,26,8,28,52,11,34,3,3,21,13
20210423,3,NO2_24h,25,21,29,25,38,26,36,30,19,28,37,38,,,27,,28,26,25,,27,,37,26,,25,21,,26,20,28,20,18,25,15,,30,38,,38,37,26,28,37,,33,,28,20,25,28,34,30,28,24,32,25,,22,23,29,31,22,27,14,18,25,29,,28,26,20,25,23,25,,18,23,28,25,47,,17,32,31,40,34,32,,22,22,,,23,19,23,16,22,38,39,,28,34,34,42,43,,38,35,44,18,22,21,30,22,11,26,15,46,33,43,34,36,18,22,36,28,35,28,31,26,,31,35,42,34,38,29,24,39,35,45,38,43,35,,38,19,28,29,40,40,22,43,36,31,29,36,33,31,,48,48,44,39,51,46,41,57,42,41,46,16,,,,27,21,,18,31,25,,,,41,,23,53,46,20,51,45,32,65,47,,,,45,47,,12,32,31,35,32,,38,18,28,25,18,29,21,26,,20,,20,20,,46,34,,62,24,46,,52,62,48,28,43,33,44,,,14,34,30,39,31,46,29,,28,,,58,,44,42,,23,25,32,21,14,21,,31,38,29,39,33,14,20,22,25,30,27,16,24,23,30,29,36,21,13,,25,22,20,22,13,20,27,26,44,15,,22,23,6,,16,33,28,29,,31,28,34,24,10,,,20,19,12,14,16,16,31,28,24,28,31,27,28,38,19,23,25,27,36,33,29,27,,18,14,26,18,23,13,11,20,18,14,21,10,43,38,,53,59,39,56,44,70,48,33,16,26,34,29,26,44,,13,20,33,31,20,25,14,14,33,28,30,30,,12,51,37,17,19,17,13,16,21,20,19,,,44,37,46,29,29,35,27,29,43,34,22,26,12,13,14,9,10,22,25,25,10,11,15,7,8,13,,38,28,45,46,36,46,35,,,29,54,48,38,47,,45,49,49,43,,,66,16,13,32,10,11,15,23,24,26,12,,23,13,46,40,44,49,9,6,11,9,19,5,36,49,40,47,46,48,42,45,,30,35,46,37,,44,12,34,38,,,,20,15,,,,28,26,24,27,10,19,16,,12,13,27,19,17,18,21,23,19,23,23,4,18,28,7,28,,26,32,21,28,19,19,20,18,16,,43,44,38,22,20,18,27,31,32,24,32,36,34,38,19,13,15,13,,16,,29,29,32,28,23,,17,19,,,18,20,25,30,,27,33,27,,22,17,14,22,9,21,14,14,17,15,,,,28,,28,14,,27,26,28,32,21,16,15,18,22,30,,15,,,34,,34,20,32,22,20,16,21,18,,10,8,11,7,11,5,10,13,13,9,24,28,36,9,8,9,29,27,19,9,,10,42,40,,18,19,,14,18,17,19,16,,30,21,,,29,23,,23,,23,22,26,29,26,23,,26,24,,30,33,,25,,28,30,26,,28,25,15,14,16,,22,18,32,26,20,19,8,27,34,26,29,19,40,14,26,39,21,21,18,33,39,32,36,30,26,34,28,26,30,11,12,15,12,,7,41,47,35,45,28,15,18,14,16,13,34,35,39,,35,36,39,,21,26,31,38,24,,37,30,6,,26,,23,23,19,24,24,22,30,,,,24,,20,,17,26,11,,28,31,18,14,18,,17,,32,29,23,27,23,23,,27,28,26,16,21,15,,19,,,8,14,17,11,7,12,28,14,22,8,10,7,6,13,19,18,21,26,23,5,9,20,38,41,40,32,44,41,41,34,,30,28,46,19,18,35,30,30,,,,,31,45,,41,16,23,21,19,20,19,14,10,15,9,17,18,23,33,32,32,,21,30,37,,24,23,,30,12,22,28,29,27,23,26,28,30,36,34,36,,14,17,23,23,22,16,24,5,7,,16,7,6,12,7,17,23,31,31,,15,,11,17,17,23,19,7,6,18,12,,,9,13,15,16,20,20,17,17,13,12,40,,44,41,32,41,29,41,45,47,38,,29,35,56,51,56,36,36,34,34,34,30,19,20,,48,42,,34,37,14,32,,,24,20,14,16,24,15,9,15,9,,,29,17,18,18,20,,15,31,30,26,30,34,22,,25,27,11,,,15,14,,21,26,45,,38,,17,21,,,20,13,,,10,14,13,,,12,13,12,14,8,8,7,29,22,12,25,21,15,23,27,26,24,28,30,25,16,12,17,17,,19,25,28,,26,34,27,26,17,14,8,23,12,15,10,35,,,,55,51,74,49,36,30,31,19,34,29,14,86,69,107,99,97,,,51,18,,13,25,27,,16,17,38,,36,38,30,,23,17,19,22,26,10,12,16,36,25,32,46,36,24,14,16,,5,17,15,19,28,32,,19,,20,,,,11,22,18,18,17,16,,22,,25,19,29,17,12,21,12,10,27,27,29,12,2,11,11,10,29,33,37,25,13,,16,7,16,17,20,17,7,15,18,22,13,11,16,20,,,12,11,15,16,16,7,19,19,20,16,11,11,11,10,17,,19,18,16,9,10,12,12,8,23,22,28,,20,36,35,,26,23,27,23,,23,24,20,,24,14,18,14,12,14,14,14,14,13,25,23,24,,14,15,14,29,22,,30,27,7,14,15,15,19,24,22,20,24,23,,30,28,25,,10,15,,13,10,17,17,,12,15,16,10,18,12,11,16,6,12,12,11,12,15,12,17,4,15,14,13,19,16,18,14,13,13,12,11,14,10,17,5,7,8,8,7,5,10,11,11,12,5,9,11,31,34,31,31,26,13,19,15,15,20,24,23,26,28,11,12,13,10,14,24,24,13,14,25,15,12,11,15,25,36,,34,22,22,16,24,25,25,19,31,20,25,27,25,20,42,,,10,16,13,,26,33,28,28,39,36,,37,14,27,,,,,13,24,26,33,27,13,10,24,,29,7,12,11,13,26,7,10,6,9,10,,,,,9,11,19,22,12,15,23,,4,10,11,15,17,5,9,9,23,37,14,15,22,21,,8,9,10,9,40,37,13,11,34,,11,19,,11,5,,9,25,,,10,,5,,8,7,8,11,12,24,21,33,27,,4,8,10,17,,21,20,6,22,15,24,,16,17,23,31,19,19,,13,12,12,17,11,,30,36,22,,14,9,19,18,15,13,21,,19,24,,27,19,14,14,13,15,16,14,4,,12,6,10,18,27,4,5,3,2,,,,8,10,6,,8,13,16,6,27,22,23,45,27,26,22,22,24,,52,37,34,35,33,48,48,,15,,29,18,55,10,36,32,23,13,22,36,29,22,46,8,,,23,24,40,21,,33,27,25,14,,19,45,,,43,45,54,18,22,21,46,34,22,48,21,52,35,34,28,,30,25,,46,19,24,21,4,21,11,14,7,15,14,14,9,23,13,40,25,15,14,12,14,23,22,17,7,9,6,6,11,24,23,26,58,25,33,39,18,16,17,21,26,44,35,16,31,39,37,19,,22,9,31,31,8,23,22,,,35,18,23,29,22,3,18,38,23,20,26,18,30,23,13,21,23,24,,28,38,18,22,29,,20,36,30,42,20,20,30,33,36,21,21,25,29,19,17,17,,22,,15,21,24,34,36,39,55,50,52,44,51,40,19,38,35,15,25,22,37,,14,30,44,19,19,26,26,29,23,35,17,14,29,15,21,20,25,18,23,22,,24,23,22,16,33,59,21,30,21,15,26,12,19,39,8,36,23,54,44,39,26,26,9,36,13,15,24,25,31,26,20,22,25,33,12,22,53,29,18,22,22,11,7,5,13,26,20,13,28,18,45,26,46,30,35,29,16,,26,21,18,28,17,37,31,27,40,19,35,26,41,42,42,40,17,39,23,9,20,17,21,6,,38,14,19,46,23,9,25,7,12,18,9,12,42,33,24,23,22,28,28,22,22,27,37,26,12,13,26,31,26,28,,22,16,11,14,34,8,26,12,,24,27,31,36,26,41,33,28,19,30,28,17,,16,,30,,11,17,19,24,20,17,17,23,23,,18,18,34,27,13,21,15,21,24,17,15,13,21,16,11,11,7,13,6,9,9,,20,,16,10,,17,22,12,40,31,36,32,32,,40,22,16,5,,,37,27,24,24,36,29,38,46,39,26,33,31,,42,49,38,25,21,23,30,26,19,,23,,22,16,21,27,34,27,26,32,29,33,36,27,4,8,5,12,22,31,36,31,14,23,22,35,16,30,36,43,29,29,47,,33,26,27,22,56,28,42,20,16,27,33,20,24,18,27,41,29,26,15,18,59,46,35,,8,15,37,2,12,36,25,11,28,28,31,22,30,27,21,15,27,31,65,24,30,17,28,31,21,20,31,24,26,23,13,20,32,17,47,17,36,35,30,35,5,4,28,13
20210423,3,O3,25,22,18,9,6,13,8,9,35,17,,6,,,68,,72,77,69,,70,,68,68,,80,60,,36,52,38,39,43,54,103,,90,89,,90,89,98,100,107,,90,,62,64,68,34,28,10,15,15,39,54,,101,98,42,51,45,59,82,17,54,31,,42,69,63,67,14,20,,44,58,18,56,3,,59,42,55,1,19,4,,64,45,,,45,77,86,84,75,60,36,,53,33,72,55,75,,57,115,113,133,117,127,116,116,122,123,116,67,77,82,88,97,90,73,94,86,58,55,37,41,,44,83,73,64,48,22,80,26,4,3,18,2,11,,9,26,18,7,44,47,53,44,54,47,46,45,30,14,,21,17,23,24,16,6,3,10,13,1,16,18,,,,60,57,,64,57,54,,,,60,,,1,2,1,1,4,4,13,16,,,,1,4,,29,41,37,30,25,,28,27,26,15,33,21,21,33,,30,,24,25,,2,5,,2,2,4,,8,5,2,5,5,21,9,,,36,16,8,4,5,4,15,,1,,,4,,22,32,,30,25,45,52,71,69,,7,7,5,20,6,40,37,58,58,40,41,47,38,42,48,42,52,48,73,,26,33,14,28,9,64,38,40,47,62,,52,47,37,,45,88,88,85,,86,92,93,88,98,,,75,72,73,79,25,67,16,9,6,28,1,10,16,8,4,76,76,61,74,49,59,63,,88,80,55,68,63,60,77,85,74,62,68,71,31,28,,6,4,34,,30,17,11,11,60,63,51,40,51,5,,17,25,2,45,24,46,30,60,30,27,24,26,,65,9,21,47,48,50,37,61,53,66,52,,,19,9,29,40,45,59,21,7,4,15,31,19,43,48,51,51,38,46,26,21,54,58,38,51,56,83,,26,47,6,7,8,3,14,,,53,4,30,9,4,,34,36,52,47,,,49,84,95,63,97,100,96,86,84,83,105,,101,109,9,90,73,30,108,108,107,104,103,118,5,2,5,3,3,5,6,6,,14,4,2,2,,4,63,16,10,,,,54,105,,,,77,87,69,67,65,69,60,,66,78,63,76,60,72,46,40,47,35,45,107,51,63,32,67,,51,30,51,58,110,80,78,66,101,,52,57,60,102,93,96,108,95,95,62,61,68,47,59,52,46,55,45,,83,,16,39,27,8,66,,79,68,,,60,53,48,68,,73,78,64,,59,54,58,48,40,98,98,103,102,96,,,,58,,66,37,,21,26,40,38,37,47,50,120,108,106,,56,,,31,,37,4,4,106,107,81,100,81,,56,56,60,48,55,60,57,51,38,28,18,6,26,70,64,68,38,23,51,52,,56,41,37,,94,88,,98,101,93,83,30,,15,60,,,36,43,,35,,40,50,21,19,71,59,,64,78,,67,75,,82,,77,4,53,,62,77,99,96,101,,76,74,80,82,72,82,44,69,73,97,55,83,70,105,84,51,85,45,71,64,64,57,67,67,51,41,51,48,46,75,96,82,78,,86,104,110,104,87,82,100,105,129,104,118,36,29,39,,42,36,45,,40,35,42,21,38,,31,39,105,,42,,42,49,49,31,46,73,57,,,,22,,21,,74,53,83,,29,30,47,91,99,,95,,8,2,6,6,28,42,,34,20,6,22,77,33,,44,,,57,46,52,10,108,60,53,62,43,29,54,51,50,6,14,12,4,10,4,55,57,22,19,17,5,63,59,54,60,80,,104,130,89,102,8,44,32,61,,,,,17,31,,26,58,60,49,64,63,60,49,56,43,52,50,110,119,3,24,13,,92,77,40,,2,3,,3,57,11,22,22,29,28,22,15,10,15,17,8,,94,97,58,101,118,103,109,87,96,,73,81,100,88,98,41,36,92,92,,71,,55,45,45,65,59,107,97,74,75,,,72,79,63,60,110,101,116,120,137,131,29,,19,4,2,1,,,6,1,4,,45,33,7,6,7,15,2,20,6,12,10,15,12,,20,3,,11,17,4,2,,,44,72,52,62,58,19,29,39,30,,,49,121,118,116,110,,96,3,12,5,11,9,72,,55,60,114,,,106,114,,82,66,7,,3,,121,121,,,102,70,,,86,96,81,,,84,82,27,29,120,112,124,62,65,74,104,16,75,61,51,51,55,34,44,57,89,88,86,63,,94,98,89,,102,97,64,38,77,99,93,87,102,107,101,87,,,,162,154,128,153,90,91,96,98,100,106,81,53,64,50,59,68,,,67,85,,84,76,78,,83,46,44,,42,44,57,,62,57,65,51,55,70,72,67,27,33,25,19,13,18,58,61,,57,12,10,59,50,46,,82,,74,,,,72,59,51,63,54,62,,42,,34,26,36,21,23,23,48,14,19,29,9,19,75,34,26,22,4,6,2,2,9,,12,15,28,31,30,31,10,36,26,31,26,33,33,42,,,34,40,56,52,29,56,35,47,44,50,80,50,63,74,44,,50,55,49,59,74,70,67,68,13,18,9,,39,39,55,,40,49,56,47,,47,39,6,,,31,43,32,48,72,78,66,75,63,26,41,23,,80,84,80,14,18,,24,21,84,78,79,74,50,56,52,39,38,46,,30,49,43,,64,59,,53,55,29,21,,64,68,25,31,22,52,68,60,64,71,67,49,68,65,59,63,56,40,39,37,38,49,51,56,58,57,82,53,75,58,55,54,58,50,41,56,59,53,70,36,76,13,25,62,1,1,,,45,45,43,42,43,25,53,44,44,37,50,51,49,76,81,10,1,18,12,12,48,40,47,48,23,3,,12,72,80,89,87,91,98,94,85,87,88,70,83,51,10,,,73,66,69,,60,14,30,40,50,19,,11,27,31,,,,,66,72,67,63,71,36,42,26,,7,102,121,111,114,122,26,81,89,88,112,,,,,56,43,61,64,103,97,14,,80,126,126,67,70,134,128,132,94,20,84,101,102,42,,128,126,114,105,49,42,112,131,63,,81,68,,92,89,,110,115,,,119,,98,,92,94,72,58,67,45,5,6,13,,87,88,86,77,,62,24,58,71,77,91,,97,90,61,64,86,88,,70,64,49,56,82,,18,20,64,,62,65,77,36,52,86,84,,89,57,,77,54,57,54,62,67,81,82,85,,80,76,72,51,55,95,102,101,108,,,,71,69,56,,37,68,61,63,122,55,63,26,76,75,78,42,70,,3,33,57,48,7,29,21,,84,,60,76,43,30,19,42,80,71,62,60,65,68,46,74,,,44,42,2,74,,76,77,107,53,,16,19,,,28,18,18,26,70,68,32,29,27,4,30,3,68,23,79,,73,47,,2,119,86,90,92,59,86,60,128,93,72,47,48,74,58,38,102,69,73,71,71,5,80,55,94,100,102,103,103,28,101,109,3,,43,20,57,36,29,60,2,22,25,41,67,52,30,67,,26,54,52,109,93,25,35,,,6,64,59,36,16,101,36,44,21,82,35,43,37,92,21,4,44,33,,69,17,33,6,14,,67,18,,3,31,16,5,1,5,33,36,49,37,124,56,89,,63,,26,7,23,55,22,,2,10,,29,26,4,52,2,43,43,62,14,16,,33,60,16,98,49,61,54,72,55,23,56,67,52,63,25,34,60,84,23,,,6,24,92,100,90,84,22,38,91,67,45,66,34,18,41,10,64,18,42,66,98,80,73,66,49,52,100,58,11,17,74,81,21,76,82,95,57,115,50,16,48,51,64,51,38,4,51,28,53,65,25,4,8,2,2,20,52,,64,16,37,51,85,52,52,34,22,44,29,1,4,21,2,9,31,34,17,89,67,66,66,61,,,91,29,,5,42,46,31,31,12,38,50,2,36,85,40,67,76,67,80,64,36,17,20,93,79,45,2,14,12,,37,77,51,23,110,112,7,35,,32,68,52,5,39,26,13,6,73,89,26,64,,36,,60,,124,46,77,41,49,49,60,40,105,,65,87,40,4,8,57,24,51,12,47,60,51,5,21,47,62,67,46,52,29,31,,26,,19,39,,34,82,85,23,35,36,11,19,,29,35,35,87,,,13,27,36,15,5,89,66,42,89,38,24,30,,18,44,28,19,55,42,39,18,76,,39,,51,43,77,3,19,37,28,34,2,13,25,46,86,78,99,102,22,15,19,7,116,119,32,36,86,36,17,24,6,68,47,,31,67,31,49,110,88,14,65,60,70,68,51,34,92,82,72,2,5,55,23,20,2,2,,73,84,22,107,119,68,54,119,23,28,31,28,2,31,89,39,88,50,114,1,30,40,93,89,25,41,1,,86,14,97,63,46,100,72,96,80,11,82,43,112,123,74,55
20210423,3,O3_24h,105,109,102,101,93,95,105,88,106,114,96,97,,,99,,103,108,102,,100,,78,108,,103,82,,141,142,138,136,142,150,144,,102,104,,106,95,114,106,108,,111,,142,145,144,122,114,130,120,121,113,155,,153,157,154,94,100,104,112,102,119,115,,114,107,101,105,134,129,,140,137,138,135,137,,123,136,139,142,146,139,,122,116,,,116,120,102,119,130,128,119,,124,128,133,117,116,,121,118,122,141,121,140,123,125,161,131,142,137,143,144,153,152,160,151,152,139,150,202,205,215,,247,211,243,226,184,232,231,209,114,111,109,118,107,,115,103,102,98,58,62,65,53,66,58,68,54,59,103,,95,79,84,99,100,97,59,59,65,52,61,90,,,,62,74,,76,75,74,,,,65,,82,69,82,90,81,89,93,76,66,,,,70,59,,54,53,52,49,42,,49,63,61,65,59,66,75,83,,80,,73,69,,86,74,,96,64,85,,70,88,91,65,83,80,78,,,79,73,74,90,88,98,76,,103,,,58,,117,118,,81,91,69,77,97,86,,81,74,74,85,74,104,99,106,58,41,46,54,40,47,48,44,52,52,134,,140,139,144,157,214,156,140,94,78,77,,83,87,72,,97,95,106,92,,102,108,100,119,122,,,108,107,118,117,101,98,137,141,138,146,124,134,147,138,137,116,112,113,102,118,110,83,,117,131,81,82,83,75,92,85,83,95,85,81,208,215,,230,240,254,169,222,200,193,226,154,167,136,168,111,261,,106,109,103,237,115,144,146,133,195,226,204,170,,148,142,157,160,154,160,163,170,145,136,152,,,238,266,257,242,213,265,178,135,105,125,124,129,113,104,113,113,111,111,99,108,84,66,76,84,79,114,,102,94,118,137,128,150,106,,,108,126,113,112,134,,153,142,143,120,,,134,138,123,106,124,127,115,101,119,125,120,,152,155,165,134,159,147,118,136,113,117,121,129,103,92,100,84,94,82,108,81,,100,87,67,103,,93,91,79,84,,,,136,135,,,,146,136,72,70,83,76,70,,86,94,101,103,97,94,89,90,91,88,85,121,96,102,91,157,,152,153,158,154,151,148,144,152,148,,134,119,128,140,140,135,132,129,122,138,124,115,112,109,153,145,143,154,,87,,82,84,86,73,113,,108,115,,,112,100,94,78,,81,81,70,,92,81,92,77,80,114,134,136,120,116,,,,70,,76,104,,100,110,102,100,105,111,113,130,124,119,,86,,,175,,178,150,156,156,160,152,185,147,,84,79,82,82,84,89,91,104,99,92,163,174,175,147,134,147,182,179,202,115,,111,197,172,,204,216,,164,164,168,171,100,,85,157,,,118,119,,134,,139,124,136,127,180,179,,193,190,,171,152,,167,,143,131,139,,113,135,113,113,121,,131,142,121,128,132,136,131,122,120,130,118,131,128,138,122,121,128,144,135,124,103,121,121,117,144,147,153,151,150,161,137,127,136,,134,179,169,177,167,191,128,150,152,142,147,48,52,51,,59,77,67,,74,76,67,56,87,,77,55,109,,146,,151,144,158,139,143,150,151,,,,123,,122,,129,131,119,,117,116,132,134,138,,136,,92,91,84,94,118,132,,89,97,101,107,116,103,,104,,,113,54,52,50,111,94,96,111,81,80,97,84,89,100,98,88,90,103,92,70,69,87,87,74,75,137,132,125,135,142,,140,147,140,142,132,129,120,132,,,,,102,88,,87,87,121,94,102,100,87,77,84,82,88,77,170,180,96,99,99,,117,106,109,,117,111,,108,94,83,90,89,132,77,85,78,120,130,132,123,,137,141,131,151,158,159,140,87,99,,90,94,100,89,100,68,65,94,94,,100,,118,118,118,113,110,117,101,99,95,,,113,110,109,107,130,117,127,129,142,138,101,,102,121,117,96,95,98,72,77,113,,57,51,78,81,82,69,71,71,34,48,54,96,97,,62,50,,82,66,64,71,,,100,135,135,134,132,103,101,98,102,,,145,140,134,133,134,,127,123,115,126,120,122,124,,125,126,135,,,129,146,,129,120,136,,131,,228,211,,,132,120,,,125,135,111,,,130,136,126,134,133,127,137,162,134,149,137,139,132,129,126,117,138,136,130,141,116,120,110,116,,138,137,138,,136,135,147,138,139,161,126,118,136,132,137,208,,,,237,234,237,226,224,205,207,211,167,181,176,199,236,225,210,234,,,282,130,,134,204,212,,153,54,57,,57,62,57,,62,57,68,56,62,76,76,70,61,68,55,51,80,49,91,87,,88,98,94,85,80,68,,82,,80,,,,90,82,71,94,85,91,,78,,72,76,75,130,130,119,139,124,136,143,149,139,105,116,108,108,156,159,155,150,107,,110,104,92,100,93,96,106,115,106,111,100,116,100,102,,,108,118,122,122,112,151,155,147,134,149,125,110,124,118,127,,123,123,120,109,125,120,118,127,92,104,112,,152,147,138,,148,133,148,131,,140,134,116,,126,111,112,105,112,114,113,108,118,120,94,91,100,,118,118,119,85,83,,99,89,92,84,111,102,139,152,121,106,89,88,,124,118,126,,137,137,,94,90,85,91,,115,118,113,110,94,87,97,91,95,99,93,72,81,70,65,70,119,97,113,105,104,92,98,100,105,107,111,67,95,70,62,69,75,72,72,84,87,67,85,83,94,67,83,79,124,113,107,114,72,91,80,105,117,80,112,108,108,108,109,101,95,129,125,97,105,94,90,99,91,93,109,113,68,74,,72,126,120,132,125,123,130,130,133,148,158,151,145,146,148,,,127,130,122,,124,104,75,104,94,82,,101,27,100,,,,,119,125,119,121,126,113,118,115,,106,132,153,136,146,152,134,116,131,100,157,,,,,57,48,153,159,147,144,93,,90,153,153,147,140,140,135,138,146,152,135,155,143,139,,140,136,145,134,88,196,132,148,167,,144,148,,129,136,,124,131,,,128,,122,,115,113,107,95,99,90,122,112,122,,88,92,87,110,,74,83,114,110,109,137,,131,121,78,80,129,127,,112,96,79,76,115,,102,81,144,,140,122,111,124,82,107,181,,175,153,,163,89,104,93,86,94,98,100,98,,95,90,88,101,107,144,115,118,120,,,,89,82,77,,66,96,87,87,132,171,173,211,113,107,105,144,121,,134,148,65,52,84,130,61,,84,,66,112,130,96,158,163,129,92,62,131,130,122,70,93,,,119,175,99,100,,96,141,154,100,,70,55,,,72,62,62,75,78,76,78,73,88,73,113,134,131,153,162,,102,119,,182,212,163,159,102,106,132,96,140,136,106,89,99,107,152,114,128,112,80,114,76,105,117,140,134,141,140,128,124,123,162,113,134,120,118,152,110,107,109,151,120,146,99,121,105,56,101,138,,97,86,66,160,125,91,94,,,90,73,128,62,73,118,126,53,112,146,119,102,60,140,114,121,170,73,,141,91,85,99,101,,130,114,113,113,113,106,113,111,106,101,118,133,158,203,104,112,,76,,97,88,83,55,53,196,209,162,218,208,234,231,173,205,174,113,147,110,210,,113,180,239,182,140,90,105,108,101,48,62,73,73,102,58,90,137,136,124,112,,136,140,172,188,172,287,100,66,115,95,130,138,99,119,109,66,92,144,164,151,170,151,120,72,86,98,118,64,82,92,109,104,108,152,168,168,135,150,146,147,128,96,105,89,115,97,97,104,111,136,114,98,102,93,80,111,79,,73,99,104,156,109,66,71,72,96,78,52,89,66,68,101,71,99,48,82,99,79,82,79,83,,176,172,161,215,150,129,132,91,145,120,107,164,143,138,89,141,137,108,108,107,70,48,48,66,93,79,86,143,120,146,,145,126,118,111,174,144,60,103,,78,141,131,141,137,118,79,80,91,95,74,97,,104,,103,,145,102,107,113,112,95,105,113,150,,104,155,52,103,88,196,171,152,178,98,98,90,96,94,94,159,87,78,69,105,89,,114,,125,118,,105,143,141,157,85,83,99,83,,82,121,117,130,,,129,124,125,144,137,96,99,97,96,134,142,120,,117,111,120,117,122,116,103,124,154,,151,,157,128,133,113,122,129,112,106,94,90,105,145,90,94,108,110,96,67,142,131,129,236,161,154,176,170,221,280,93,131,130,,60,73,144,139,294,155,94,113,94,74,74,99,114,190,166,122,105,106,110,102,71,97,77,,123,137,99,135,140,165,144,137,104,120,102,117,108,134,166,109,105,152,311,104,146,98,109,102,119,110,98,96,116,119,131,70,157,126,217,127,215,83,126,49,134,126,132,96
20210423,3,O3_8h,41,23,28,16,26,32,8,16,40,23,6,6,,,69,,72,76,70,,70,,68,61,,77,61,,48,57,41,44,49,61,114,,87,87,,89,87,100,103,106,,99,,68,66,78,36,20,33,28,34,32,51,,95,97,40,63,59,78,92,22,59,44,,51,65,61,64,32,27,,60,51,40,68,3,,67,45,61,22,28,8,,68,65,,,49,79,72,81,66,60,50,,55,45,79,52,83,,65,111,114,133,116,126,114,114,121,121,117,50,65,66,65,74,56,50,66,78,52,60,39,51,,54,79,72,67,53,50,92,39,3,3,8,2,17,,9,37,25,14,48,51,57,48,61,52,56,48,41,16,,24,20,25,28,14,14,1,4,6,1,12,19,,,,60,61,,64,47,49,,,,61,,7,1,3,8,3,7,4,10,9,,,,2,4,,19,31,31,22,19,,18,33,32,20,35,27,16,30,,29,,31,27,,2,5,,2,2,2,,8,6,2,5,4,13,8,,,37,18,10,4,8,4,13,,1,,,6,,11,16,,41,45,48,50,72,65,,21,4,9,24,13,55,47,53,56,39,44,45,39,41,46,40,47,49,59,,32,35,29,34,13,69,47,35,42,62,,48,46,28,,48,90,93,89,,89,95,94,83,103,,,78,74,87,87,44,67,21,15,28,26,3,32,17,11,4,83,68,74,69,53,63,72,,85,67,47,71,57,63,73,80,75,66,68,71,32,29,,9,4,32,1,33,19,12,28,64,69,49,53,53,7,,18,26,2,52,32,42,34,69,30,33,28,33,,70,7,22,53,53,50,43,56,56,68,55,,,27,24,36,47,45,72,34,7,5,26,36,27,48,48,53,51,42,44,30,31,53,53,26,53,55,85,,20,51,6,16,22,7,20,,,58,4,31,9,4,,35,44,66,54,,,54,98,96,64,99,99,95,82,86,84,103,,105,112,8,89,63,33,108,112,108,106,106,118,16,3,3,13,8,19,7,15,,38,4,6,3,,5,58,11,14,,,,64,104,,,,71,80,66,66,65,67,63,,66,71,64,71,61,68,44,37,48,39,42,108,52,57,49,59,,41,31,58,62,114,89,86,76,86,,38,56,50,101,96,95,103,90,90,57,64,66,56,54,56,51,58,48,,71,,22,30,21,16,78,,84,67,,,70,62,56,72,,67,76,68,,61,63,66,41,54,99,97,102,102,98,,,,61,,68,45,,27,29,41,32,39,43,44,116,111,108,,66,,,25,,28,12,15,106,108,92,103,82,,56,56,54,60,53,63,59,51,46,38,20,8,15,82,72,78,30,43,39,67,,51,33,49,,99,98,,105,107,101,89,31,,22,69,,,37,37,,66,,45,48,32,34,71,62,,63,75,,56,55,,62,,65,14,48,,69,87,100,98,100,,62,64,64,89,77,85,47,68,65,90,50,86,60,109,89,66,91,67,78,62,68,53,68,68,56,47,53,58,54,72,103,89,91,,91,104,110,102,82,88,99,104,116,102,109,31,31,31,,41,39,41,,45,46,48,32,46,,30,35,100,,39,,38,39,55,34,39,70,57,,,,33,,26,,79,60,86,,44,20,48,92,98,,95,,4,2,5,8,38,46,,22,12,9,26,53,38,,38,,,50,40,48,12,108,59,51,60,44,32,56,54,52,23,27,19,17,23,7,53,53,31,16,20,5,66,57,65,69,58,,92,134,99,110,13,39,28,69,,,,,29,24,,20,66,68,59,72,75,64,47,56,44,51,49,105,115,10,35,33,,77,50,38,,2,2,,4,58,15,18,21,29,15,15,11,7,11,8,5,,108,103,60,101,107,100,108,85,93,,75,78,97,88,99,49,45,91,91,,82,,55,55,55,64,62,106,96,76,80,,,83,88,69,65,105,100,114,117,134,128,30,,18,5,3,4,3,4,5,,3,,45,30,6,6,6,12,3,13,5,9,10,20,23,,17,3,,4,17,4,5,,,45,71,54,61,54,24,36,37,43,,,54,119,119,111,101,,100,4,11,26,17,6,78,,60,63,115,,,108,119,,90,70,4,,19,,123,129,,,105,67,,,97,109,87,,,89,86,35,38,127,120,132,44,68,85,109,29,69,66,50,52,60,40,45,57,85,84,87,72,,92,94,88,,100,75,54,47,78,98,93,86,102,106,100,81,,,,139,125,64,111,96,86,99,95,106,112,83,37,62,58,59,68,,,69,83,,81,79,86,,84,49,39,,49,41,46,,60,52,60,50,52,73,72,65,24,37,26,23,17,21,50,57,,57,12,12,59,51,46,,77,,68,,,,80,67,61,83,45,61,,40,,37,28,33,35,30,29,56,21,18,31,11,24,78,38,32,32,4,4,2,3,11,,20,11,23,29,27,29,11,36,33,33,33,35,37,40,,,41,47,61,62,43,59,46,49,49,63,84,64,70,74,47,,53,56,52,55,74,71,68,72,26,24,12,,38,23,22,,47,52,70,59,,56,32,21,,2,43,52,47,57,80,81,74,74,69,31,36,34,,78,80,81,17,23,,21,21,86,80,83,79,52,57,58,44,39,50,,20,54,32,,67,59,,55,65,28,22,,68,72,36,35,22,55,67,57,65,67,65,51,65,65,59,60,65,49,49,39,38,51,59,64,66,65,81,48,71,50,48,53,55,49,45,56,74,53,71,36,74,14,53,72,1,1,,,27,41,38,31,31,34,37,41,44,44,53,54,49,83,87,8,4,34,15,21,27,24,51,51,24,3,,20,79,89,100,98,90,97,94,84,86,97,83,87,46,21,,,81,71,74,,61,18,28,45,41,18,,13,26,29,,,,,65,70,65,62,70,32,40,26,,7,106,127,111,115,120,29,82,91,88,113,,,,,56,39,53,38,105,98,7,,82,119,126,62,55,134,128,133,89,19,92,112,113,82,,126,127,112,102,72,46,110,132,82,,84,79,,97,103,,111,117,,,112,,101,,98,99,74,58,68,29,5,9,43,,86,85,82,76,,47,45,68,73,86,82,,100,97,61,64,88,91,,75,67,52,54,82,,19,26,79,,73,75,82,34,54,83,79,,81,69,,70,67,66,63,66,72,82,81,84,,83,77,72,62,61,100,101,100,106,,,,72,70,62,,40,71,66,67,125,57,61,30,68,75,79,33,74,,2,46,56,35,3,14,18,,72,,61,68,54,31,25,48,70,77,58,69,57,73,27,71,,,52,47,2,75,,79,80,99,55,,19,9,,,23,9,9,28,67,69,22,40,25,4,41,7,64,25,63,,74,26,,6,116,98,98,90,76,90,70,127,93,76,47,47,75,72,60,105,70,66,66,62,17,88,54,93,96,100,100,102,49,97,110,2,17,52,27,60,47,41,68,6,27,31,51,59,50,34,69,,31,49,58,98,104,12,35,,,13,57,64,44,22,101,43,48,23,90,29,43,43,87,23,7,49,35,,80,11,29,31,27,,66,14,11,2,27,21,5,6,3,33,43,77,27,126,73,94,,70,,33,7,19,48,19,7,4,12,,27,17,3,60,5,49,48,50,24,15,,33,67,23,102,58,61,53,72,63,21,54,65,52,62,30,36,70,85,30,8,,14,35,100,107,103,93,16,38,90,69,50,82,39,18,39,8,52,37,41,71,99,84,87,69,57,69,100,60,19,25,86,85,20,91,90,99,55,116,46,32,50,54,65,54,41,4,48,36,49,74,15,4,6,2,3,28,50,,67,31,36,60,91,58,38,34,16,46,35,11,4,13,6,5,29,26,15,91,68,64,68,63,,,92,35,1,20,55,29,58,32,13,59,53,9,40,87,43,51,77,64,76,53,38,14,23,78,71,46,2,19,11,,42,73,64,39,112,109,6,26,,19,78,60,10,51,19,13,10,77,89,23,69,,47,,50,,121,37,76,41,56,58,66,48,97,,78,92,46,16,25,62,34,56,25,44,57,49,7,23,45,62,66,43,52,31,34,,28,,11,57,,30,88,96,48,37,39,8,15,,27,37,42,86,,,10,18,42,8,11,88,74,55,88,45,33,34,,15,34,35,16,46,41,41,10,54,,52,,57,45,74,1,20,39,30,13,6,27,12,65,87,79,101,104,10,13,38,15,119,128,26,41,89,37,25,34,23,77,62,,35,59,36,40,118,92,20,80,63,69,69,62,33,81,72,37,2,9,58,23,10,2,2,,78,86,15,106,121,35,50,121,10,39,34,34,11,35,92,44,94,42,108,11,28,42,91,88,33,46,8,14,74,35,88,57,38,102,67,100,82,11,78,38,114,125,91,64
20210423,3,O3_8h_24h,54,24,44,28,49,50,10,30,47,29,18,7,,,70,,74,77,72,,71,,68,61,,83,64,,64,60,44,46,55,66,122,,87,87,,89,87,102,106,108,,103,,72,66,83,42,20,44,42,52,32,57,,95,97,52,69,68,97,97,29,68,55,,58,65,61,64,51,50,,80,51,67,77,3,,74,55,65,49,32,10,,80,80,,,51,80,72,82,66,61,64,,59,52,84,52,90,,70,111,118,133,116,126,114,115,121,121,120,50,65,66,65,74,56,50,66,78,52,63,46,56,,58,79,72,68,55,74,98,48,5,4,8,2,27,,11,45,34,19,57,59,64,53,66,58,65,51,53,16,,26,22,26,31,14,18,1,4,6,1,12,20,,,,60,63,,64,47,49,,,,62,,20,1,5,19,5,10,4,10,9,,,,2,4,,19,31,31,22,19,,18,36,37,30,39,34,16,30,,29,,37,28,,2,5,,2,2,2,,8,7,2,5,4,13,9,,,40,28,17,4,13,5,18,,1,,,10,,11,16,,52,60,51,50,73,65,,28,4,12,31,25,72,67,56,56,39,46,45,40,41,47,40,47,50,59,,36,36,38,40,19,72,55,35,42,62,,48,46,28,,50,90,96,91,,90,97,95,83,107,,,80,75,97,94,82,68,33,31,54,30,7,53,24,18,5,89,68,86,79,58,65,79,,87,67,47,74,57,64,73,80,75,69,68,72,34,29,,14,5,32,3,34,22,12,46,70,75,49,68,63,8,,19,28,2,59,36,42,39,75,30,38,31,39,,73,7,22,59,62,50,49,56,60,69,58,,,35,42,43,50,45,87,46,8,6,32,41,35,51,48,54,52,46,44,34,36,53,53,26,54,55,87,,20,53,6,30,34,11,23,,,60,4,34,10,5,,36,50,73,59,,,61,108,97,68,100,99,95,82,89,84,103,,107,114,8,89,63,47,109,114,108,108,107,119,22,3,3,27,16,31,8,26,,50,4,14,3,,6,58,11,16,,,,77,105,,,,71,80,66,70,70,67,64,,66,71,64,71,63,68,49,37,48,48,48,110,53,57,61,59,,41,31,62,64,116,93,95,87,86,,38,60,50,101,97,95,103,91,90,57,71,66,65,54,58,54,61,49,,71,,27,31,21,24,88,,87,67,,,78,69,62,78,,67,76,70,,63,71,76,41,63,104,97,103,103,100,,,,63,,69,57,,30,30,44,32,45,43,44,116,112,110,,73,,,25,,28,19,32,107,110,101,106,85,,56,59,54,72,53,72,60,51,53,46,23,17,15,95,82,86,36,59,39,83,,57,33,56,,106,110,,111,111,108,95,33,,30,77,,,37,37,,93,,57,58,40,43,72,65,,63,75,,56,55,,62,,65,27,54,,72,103,101,100,100,,71,64,64,98,86,89,50,68,65,90,50,89,63,111,102,90,98,80,85,62,72,53,68,68,63,53,55,65,65,77,108,93,100,,94,104,112,106,89,97,100,104,116,102,109,31,32,31,,44,40,43,,48,56,54,38,54,,33,37,100,,42,,38,39,65,40,39,70,58,,,,38,,32,,87,66,88,,51,20,49,95,99,,97,,4,3,6,8,46,48,,22,12,12,50,53,44,,38,,,50,40,48,17,108,60,51,60,45,34,59,58,54,52,39,22,33,38,10,53,53,46,16,22,6,82,61,87,76,64,,92,138,104,117,17,39,28,80,,,,,38,24,,20,71,75,68,76,87,68,47,56,47,51,49,105,115,16,46,50,,77,50,38,,2,2,,6,59,17,18,24,31,15,15,12,7,11,8,5,,121,111,62,102,107,100,108,85,93,,76,78,97,88,99,60,56,91,91,,89,,72,79,79,66,70,106,96,78,82,,,90,95,77,72,105,100,114,117,134,128,31,,18,6,3,9,8,11,5,,3,,47,30,6,6,6,12,4,13,5,9,10,23,35,,17,6,,4,19,4,8,,,46,74,58,61,54,35,48,58,61,,,62,119,119,111,101,,102,5,11,44,26,6,83,,65,69,120,,,112,122,,94,72,4,,27,,124,134,,,107,67,,,110,123,93,,,93,90,39,43,133,127,137,48,69,97,112,39,74,78,53,60,68,62,63,60,85,84,90,76,,92,94,88,,100,75,54,58,79,98,94,86,102,106,101,81,,,,139,125,64,111,100,86,102,95,112,119,84,37,62,71,67,82,,,70,83,,81,84,96,,84,50,41,,54,42,46,,60,52,60,50,52,74,72,65,24,40,27,25,20,26,50,57,,58,12,17,60,52,46,,77,,68,,,,90,79,71,92,45,61,,40,,38,30,33,47,38,32,61,26,19,33,12,29,86,41,37,42,4,4,2,5,12,,33,12,23,29,28,29,11,38,40,37,43,36,40,40,,,52,54,70,71,56,65,52,53,52,71,90,75,79,76,51,,58,60,55,57,77,74,70,77,39,34,14,,38,23,22,,56,56,85,65,,66,32,37,,3,52,62,63,68,90,86,81,78,75,37,36,41,,78,80,82,20,29,,24,28,87,81,85,82,58,61,64,48,40,56,,21,76,48,,72,60,,60,78,28,28,,73,77,53,40,22,57,68,58,68,67,66,53,68,68,59,60,72,62,72,44,57,54,68,73,74,70,81,48,71,50,48,53,55,49,51,57,81,54,72,36,74,14,83,79,1,1,,,27,41,38,31,31,42,37,41,44,49,58,57,50,91,93,8,8,49,19,35,27,24,55,53,24,4,,28,89,98,108,107,94,100,100,100,86,106,92,89,46,33,,,90,73,77,,62,20,28,51,41,18,,22,26,42,,,,,66,70,66,64,70,32,40,26,,9,114,133,111,117,120,33,82,92,88,115,,,,,56,39,53,38,106,99,7,,82,119,126,62,55,134,128,133,89,19,103,124,118,102,,126,127,112,102,88,49,110,132,95,,85,95,,101,111,,112,118,,,112,,103,,102,103,76,62,70,29,5,12,58,,86,85,82,76,,47,56,74,74,93,99,,106,107,61,66,90,93,,82,68,53,54,88,,23,39,99,,90,83,84,34,60,83,79,,81,83,,70,77,72,72,68,76,82,81,84,,86,79,72,72,71,106,101,100,106,,,,74,72,69,,41,74,69,71,129,61,61,39,68,75,81,37,77,,3,64,56,35,3,14,19,,72,,62,68,60,32,29,52,75,83,58,75,57,78,27,72,,,61,53,2,76,,84,88,99,58,,24,9,,,23,9,9,30,69,70,22,47,25,5,52,8,64,27,63,,76,26,,12,116,107,104,90,91,94,76,127,95,78,48,52,76,84,70,108,76,66,66,62,26,94,54,93,96,100,100,102,82,97,112,2,42,62,31,65,52,55,75,14,30,35,59,63,50,48,70,,42,49,62,98,118,12,36,,,26,57,66,50,30,101,48,50,31,106,29,44,47,87,26,13,51,39,,86,11,29,52,46,,78,17,25,3,27,24,6,10,3,34,48,94,36,128,82,97,,74,,37,11,19,48,19,17,9,13,,27,17,3,71,6,52,54,50,29,17,,47,78,29,108,65,61,53,72,74,24,54,65,52,64,32,39,77,85,40,24,,21,47,106,114,116,97,16,38,90,70,58,90,47,18,39,8,52,50,41,73,100,86,99,71,68,84,100,61,26,31,92,86,20,99,100,104,55,117,47,45,55,58,65,57,43,4,48,42,49,87,15,4,6,2,3,36,50,,68,45,36,64,95,61,38,34,16,51,38,21,4,13,9,5,29,26,15,92,69,64,70,66,,,93,41,1,44,72,29,73,36,18,78,55,14,42,88,44,51,78,64,76,53,39,18,26,78,71,48,2,40,14,,46,87,72,48,113,109,6,26,,19,91,66,18,61,21,18,12,82,90,25,74,,57,,50,,121,37,78,41,65,69,71,58,97,,91,96,52,27,43,66,42,60,37,44,57,49,14,24,45,63,66,43,52,36,39,,30,,11,75,,30,91,106,93,39,41,8,15,,27,41,48,89,,,10,18,44,8,25,88,81,67,89,48,56,44,,16,34,38,22,51,41,42,10,54,,62,,60,46,74,1,23,46,34,13,10,44,12,82,88,79,103,104,10,20,63,33,121,132,26,44,92,41,33,48,37,91,73,,36,59,41,40,122,96,36,91,68,69,74,70,41,81,72,37,2,12,60,24,10,2,2,,82,87,15,106,126,35,53,127,10,53,48,38,29,46,97,47,97,42,108,22,28,46,92,88,39,49,13,41,74,55,98,57,38,107,74,104,87,11,78,38,114,126,112,69
20210423,3,CO,0.6,0.7,0.7,0.6,0.7,0.7,0.6,0.6,0.7,0.8,0.7,0.7,,,0.7,,0.8,0.7,0.7,,0.7,,0.8,1.4,,1,0.7,,0.7,0.7,0.6,0.8,,0.6,0.8,,0.7,0.8,,0.8,0.7,0.4,0.3,0.2,,0.2,,0.6,0.5,0.6,0.6,0.6,0.8,0.6,0.6,0.5,0.5,,0.7,0.7,0.7,0.7,0.6,0.6,0.6,0.5,0.4,0.5,,0.4,0.5,0.5,0.7,0.6,0.7,,0.5,0.6,0.5,0.2,0.8,,0.7,0.8,0.7,1.1,0.8,0.7,,0.6,0.7,,,0.5,0.6,0.4,0.9,0.7,0.9,0.9,,1.5,0.8,0.7,0.9,0.7,,1.1,0.6,0.4,0.7,0.5,0.3,0.5,0.4,0.3,0.3,0.5,0.5,0.6,0.5,0.6,0.3,0.5,0.6,0.4,0.4,0.4,0.7,0.6,0.8,,0.4,1.7,0.6,0.3,0.4,0.8,0.6,0.7,0.9,0.6,0.7,0.6,0.5,,0.8,0.6,0.6,0.7,0.8,0.7,0.3,0.9,0.8,0.6,1,0.7,0.7,0.6,,1.1,1.1,0.8,0.8,1,0.9,0.7,1,1,1,1,0.7,,,,0.8,0.6,,0.9,0.6,0.9,,,,0.7,,1.1,1,1.1,0.9,1,1.1,1.1,1.1,1.2,,,,0.9,1.2,,0.9,0.6,0.9,0.7,0.9,,1.1,0.7,1,1,0.8,0.8,0.6,0.5,,0.7,,1.3,1.1,,0.7,0.4,,0.7,0.8,0.8,,0.6,0.9,0.7,0.6,0.5,0.7,0.5,,,0.5,0.5,0.7,0.6,0.7,0.5,0.6,,0.7,,,0.7,,0.8,0.7,,0.5,0.4,0.3,0.5,0.4,0.4,,0.8,0.6,0.8,0.6,0.7,0.5,0.5,0.5,1,0.7,0.7,0.8,0.7,0.7,0.6,0.6,0.7,0.8,0.6,,0.8,0.8,0.7,0.7,0.4,0.3,0.4,1.2,1.1,0.9,,0.9,1.4,1.2,,1,0.4,0.5,0.5,,0.4,0.5,0.6,0.5,0.6,,,0.1,0.4,0.5,0.3,0.5,0.5,0.8,1,0.9,0.9,0.7,0.7,1.1,0.9,0.6,0.6,0.7,0.6,0.8,0.9,0.8,0.7,,0.6,0.6,0.9,1,0.8,0.7,0.7,0.7,0.7,0.7,0.9,0.8,0.9,0.8,,0.8,1,0.8,1,0.7,0.7,0.7,1,0.5,0.6,0.6,0.6,0.5,0.8,,0.6,0.7,0.6,0.7,0.7,0.9,0.4,0.6,0.6,0.7,0.6,0.6,,0.6,0.8,0.5,0.6,0.6,0.3,0.5,0.7,0.5,0.3,0.4,,,0.8,0.7,0.8,0.6,0.7,0.7,0.8,0.6,0.7,0.7,0.4,0.5,0.6,0.7,0.5,0.6,0.8,0.7,0.5,0.5,0.5,0.6,0.9,0.5,0.4,0.7,,0.8,0.6,1,1,0.9,0.6,0.3,,,0.7,0.8,0.3,0.8,1.1,,0.8,0.8,0.7,0.7,,,0.5,0.9,0.4,0.4,0.6,0.6,0.6,0.5,0.5,0.6,0.6,,0.7,1,0.9,0.8,1.2,1.5,0.4,0.5,0.5,0.4,0.6,0.4,0.8,1,0.7,0.8,1,0.8,0.9,0.8,,0.6,0.8,0.9,0.9,,0.7,0.7,0.5,0.4,,,,0.6,0.6,,,,0.4,0.6,0.4,0.9,0.5,0.5,0.3,,0.5,0.9,0.7,1.5,0.9,0.9,0.5,0.8,0.7,0.6,0.8,0.6,0.6,0.8,0.4,0.9,,0.7,0.8,1,0.7,0.8,0.7,0.8,0.8,0.7,,0.9,1.1,1.6,0.4,0.6,0.5,0.4,0.8,0.8,0.7,0.7,0.6,0.7,0.6,0.5,0.5,0.5,0.4,,0.6,,0.8,1.2,1.1,1.1,0.8,,0.9,0.4,,,1.1,1.1,1.6,0.6,,0.3,0.9,0.8,,0.8,0.3,0.9,0.6,0.8,0.5,0.3,0.7,0.6,0.2,,,,1.1,,0.5,1.4,,1.2,0.6,0.6,0.8,1,0.8,0.7,0.3,0.3,0.4,,1.2,,,0.8,,1.1,0.7,0.6,0.2,0.4,0.5,0.5,0.7,,0.6,0.5,0.6,0.8,0.5,0.6,0.3,0.6,0.6,0.4,0.6,0.7,0.6,0.6,0.5,0.5,0.8,0.9,0.6,0.6,,0.5,0.8,1,,0.6,0.7,,0.6,0.5,0.6,0.6,0.5,,0.6,1.2,,,0.5,0.7,,0.9,,1.2,1.4,1.1,0.9,0.9,1.5,,1.1,1.2,,1.2,0.9,,1,,0.9,0.9,0.7,,1.1,0.9,0.4,0.1,0.2,,0.4,0.5,0.6,0.5,0.5,0.4,0.4,0.7,0.6,0.6,0.7,0.5,1.2,0.5,0.4,0.7,0.5,0.4,0.2,0.8,0.9,0.8,1.2,1.1,0.9,0.7,0.7,0.8,0.8,0.5,0.6,0.5,0.4,,0.3,0.5,0.5,0.5,0.5,0.6,0.4,0.3,0.3,0.3,0.2,0.7,0.7,0.7,,0.9,0.7,0.9,,0.6,1.1,0.9,0.9,1,,0.6,0.5,0.5,,0.9,,1.1,1,0.6,1.1,0.6,0.3,0.7,,,,0.7,,0.6,,0.8,0.7,0.6,,0.6,0.9,0.9,1,0.8,,0.8,,0.8,1,0.6,0.8,0.8,0.9,,0.8,0.7,0.8,0.5,0.6,0.8,,1,,,0.8,0.5,0.8,0.9,0.5,0.9,1.5,0.7,0.9,0.6,0.5,0.5,0.5,1,1.1,0.9,1.2,1.1,0.7,0.5,0.4,0.9,0.7,1,0.7,0.8,0.8,0.8,0.8,0.7,,0.7,0.2,0.8,0.8,0.8,1.2,0.7,0.8,,,,,0.8,0.7,,0.6,1,0.8,0.7,0.5,0.6,0.7,0.7,0.5,0.5,0.7,0.3,0.5,0.5,0.8,0.8,0.9,,0.8,1,0.9,,0.6,1,,1.1,0.6,0.5,0.7,0.6,0.6,1,0.6,0.6,0.8,0.7,0.8,0.8,,0.6,0.7,0.8,0.8,0.5,1.2,0.6,0.2,0.4,,0.3,0.5,0.1,0.1,0.3,0.8,1,0.4,0.4,,0.5,,0.8,0.7,0.7,0.8,0.7,0.4,0.2,0.3,0.4,,,0.3,0.3,0.4,0.5,0.4,0.4,0.5,0.4,0.7,0.6,0.7,,0.9,0.8,0.9,1,0.9,1.2,1,1.1,0.7,,0.7,0.9,1,0.9,1,1.2,1,1.1,1.1,1.2,1.2,1.1,0.8,,0.8,0.7,,0.5,0.5,0.5,0.8,,,0.8,0.3,0.3,0.4,0.2,1.1,0.7,0.8,0.9,,,0.3,1,1.1,1.2,1.1,,1.2,0.8,0.7,0.9,1.1,0.7,0.6,,0.6,0.7,0.7,,,0.7,0.8,,0.9,0.7,0.8,,0.6,,0.8,0.8,,,0.1,0.4,,,0.7,0.5,0.5,,,0.2,0.3,0.3,0.2,0.7,0.5,0.4,0.5,0.6,0.5,0.7,0.5,0.6,0.5,0.5,0.6,0.7,0.5,0.6,0.5,0.5,0.5,0.6,0.4,,0.3,0.5,0.5,,0.6,0.5,0.6,0.8,0.6,0.4,0.2,0.1,0.3,0.5,0.4,0.8,,,,0.7,0.8,0.9,0.8,1.1,0.6,0.7,0.2,0.5,0.4,0.6,1.4,1.5,1.6,1.6,1.6,,,0.7,0.3,,0.2,0.5,0.5,,0.3,0.5,0.8,,0.7,0.8,0.6,,0.7,0.9,0.6,0.7,0.6,0.6,0.7,0.6,0.8,0.7,0.8,0.8,0.6,0.9,0.7,0.5,,0.6,0.6,0.5,0.9,0.9,1,,0.6,,0.6,,,,0.7,0.5,0.7,0.8,0.6,0.6,,0.9,,0.7,0.8,0.7,0.9,0.7,0.8,0.5,0.8,0.4,0.5,0.6,0.4,0.2,0.5,0.5,0.5,0.6,0.5,0.5,0.6,0.4,,0.3,0.3,0.7,0.5,0.6,0.4,1,1.5,1.3,1.1,1.2,0.7,0.7,0.7,,,0.4,0.4,0.3,0.3,0.4,1,1,0.6,1.5,1.1,0.5,0.6,0.8,0.4,0.9,,0.9,0.8,1,0.9,0.6,0.6,0.8,0.8,0.6,0.8,0.8,,0.8,0.4,0.3,,0.7,0.7,0.6,0.8,,0.8,0.7,1,,0.9,0.8,0.8,0.8,0.9,0.8,0.9,0.9,0.7,0.8,0.6,0.6,0.7,,0.4,0.3,0.5,1.4,1.5,,1.1,1.2,0.8,0.7,0.9,0.7,0.7,0.7,0.8,0.8,0.8,0.7,,0.6,0.5,0.8,,0.9,0.8,,0.7,0.7,0.6,0.7,,0.7,0.6,0.5,0.5,1.1,0.9,0.9,1.1,0.8,1.1,1,0.7,0.8,0.6,0.6,0.8,1.3,0.9,1.5,1,0.8,1.1,0.8,1,0.8,0.8,0.9,0.8,0.8,1,0.9,0.7,0.5,0.6,0.8,0.8,0.8,0.6,0.5,1.3,0.5,0.5,0.8,0.3,1.2,0.8,0.6,0.7,0.7,0.6,0.5,0.6,1,3.2,0.5,0.4,0.7,0.8,0.5,0.6,0.7,0.9,0.9,0.4,0.6,0.7,0.7,0.6,0.7,0.6,0.4,0.5,0.4,0.7,,0.7,0.5,0.6,0.4,0.4,0.5,0.8,0.8,0.8,0.9,0.7,0.8,0.6,0.8,0.9,,,0.7,0.5,0.6,,0.7,0.3,0.5,0.6,0.6,0.8,,0.6,0.7,0.5,,,,,0.5,0.6,0.6,0.5,0.6,0.5,0.6,0.4,,0.4,0.5,0.9,0.8,1.1,0.3,0.6,0.6,0.5,0.7,0.4,,,,,0.1,0.4,0.6,0.6,0.3,0.5,0.7,,0.9,0.5,0.5,0.5,0.4,0.5,0.5,0.4,0.4,0.4,0.6,0.8,0.6,0.9,,0.6,0.6,0.4,0.7,1.2,0.7,0.7,0.4,0.8,,1.3,0.9,,0.7,0.5,,0.4,0.3,,,0.5,,0.4,,0.3,0.4,0.5,0.6,0.6,0.6,0.7,0.9,0.8,,0.5,0.5,0.5,0.6,,0.6,0.6,0.3,0.4,0.6,0.5,,0.4,0.5,0.3,0.6,0.3,0.4,,0.8,0.7,0.2,0.3,0.4,,0.9,0.7,0.5,,0.5,0.5,0.7,0.7,0.6,0.5,0.5,,0.4,0.6,,0.4,0.6,0.7,0.7,0.6,0.5,0.3,0.3,0.4,,0.3,0.2,0.2,0.4,0.3,1.5,0.4,0.5,0.3,,,,0.3,0.5,0.6,,0.6,0.3,0.4,0.5,0.4,0.2,1.2,0.8,0.8,0.7,0.7,0.5,0.7,,0.5,0.9,0.6,0.5,0.6,0.7,0.8,,0.6,,0.7,0.3,0.8,0.7,3.3,1.4,0.9,0.4,0.8,0.5,0.9,0.6,0.8,0.5,,,0.5,0.1,0.8,0.5,,0.6,0.8,0.7,0.6,,1.2,1,,,1.3,1,0.8,0.7,0.8,0.7,1.2,1,0.7,0.9,0.7,1.1,0.6,0.7,1.1,,0.9,0.8,,1,0.6,0.4,0.5,0.3,0.5,0.3,0.8,0.7,1.1,0.6,1,0.6,0.7,0.5,0.7,0.4,0.3,0.6,0.3,0.7,0.5,0.7,0.7,0.3,0.7,0.5,0.4,0.5,0.3,0.8,0.1,1.5,1,0.8,1,0.9,0.8,1,0.7,0.9,0.9,1.5,0.8,0.9,1,0.6,1,,0.6,0.9,0.8,0.5,0.3,0.6,0.4,,,0.7,0.6,0.7,0.9,1.1,0.3,0.8,0.8,0.5,0.4,0.7,0.9,0.9,0.8,0.4,0.9,0.5,0.8,,0.7,0.6,0.4,0.8,0.6,,0.5,0.5,0.6,0.7,0.4,0.6,0.6,0.5,0.6,0.6,0.7,1.3,0.7,0.8,0.5,0.9,,1.1,,1,1,0.8,0.8,0.9,0.9,1,0.9,0.9,0.8,1,0.9,0.7,0.6,0.7,0.7,0.4,0.7,0.6,,0.5,0.8,0.9,0.4,0.3,0.6,0.4,0.7,0.7,0.7,0.6,0.7,0.9,0.5,0.8,0.9,0.7,0.7,0.9,0.8,,0.8,1,0.6,0.7,0.7,0.7,0.5,0.7,0.7,0.6,0.8,0.5,0.7,0.8,0.4,0.5,0.3,0.8,1,0.7,0.5,0.7,0.4,1.3,0.2,1,0.2,0.9,1.6,1.3,0.8,0.8,0.7,0.6,0.5,0.6,1.2,0.4,0.5,0.7,0.6,0.6,1,0.7,0.8,0.9,0.9,0.7,0.8,1.1,0.8,0.4,0.8,0.5,0.6,1.4,1.1,,0.7,0.5,0.7,1.1,0.5,0.7,0.8,0.6,0.9,0.8,0.7,0.9,1.2,1,1.1,0.9,1,1.1,0.4,0.3,0.2,0.6,0.5,0.4,,0.8,0.3,0.7,0.9,0.5,0.8,0.5,0.4,0.6,0.3,0.6,0.6,0.8,0.8,,0.6,0.6,0.5,0.7,0.8,0.5,0.8,0.8,0.8,0.6,0.7,0.7,0.6,0.5,0.6,,0.4,0.7,0.8,0.8,0.5,0.4,0.7,1.1,,0.5,0.4,0.9,0.8,0.8,1.1,0.7,0.9,0.8,0.5,1,0.6,,0.9,,0.4,,0.2,0.8,0.9,0.4,0.7,1.3,1,1.3,0.5,,0.7,0.6,0.7,0.8,0.8,0.4,0.5,0.4,0.2,0.7,0.6,0.5,0.7,0.7,0.4,0.4,1,0.5,0.4,0.6,0.5,,0.6,,1,0.8,,1.2,0.9,1.5,1,0.6,0.9,0.9,0.5,,0.4,0.8,0.8,0.6,,,2.2,0.6,0.8,0.7,0.8,0.8,0.3,0.9,0.7,0.5,0.5,0.6,,0.4,0.7,0.6,0.6,0.6,0.6,0.6,0.7,0.8,,1,,0.5,0.8,0.7,0.8,0.8,0.8,1,0.9,0.6,0.7,0.9,0.6,0.2,0.5,0.4,0.5,0.6,0.7,0.6,1,1.3,0.7,0.4,0.4,0.6,0.7,0.7,0.6,0.8,1.7,0.7,,1,0.5,1,0.8,0.7,0.4,0.7,0.5,0.1,1,0.5,1.1,0.7,0.5,0.5,0.9,0.6,0.7,0.7,0.4,,0.7,0.8,,0.7,0.3,1.4,0.2,0.8,0.8,0.3,0.8,0.7,0.6,0.3,0.6,0.6,1,0.9,1.2,0.6,0.7,0.7,0.6,0.5,1.1,0.9,0.9,0.7,0.7,0.8,0.6,0.5,0.6,0.6,0.6,0.5,0.2,0.7,0.2,0.7,0.6,0.4,0.8,0.5,0.4,0.7,1.1
20210423,3,CO_24h,0.6,0.7,0.7,0.6,0.7,0.7,0.6,0.7,0.6,0.7,0.7,0.7,,,0.8,,0.9,1.1,0.7,,0.9,,0.8,1.2,,0.9,0.7,,0.7,0.6,0.5,0.7,0.5,0.5,0.6,,0.9,1,,1,0.9,0.4,0.3,0.3,,0.2,,0.6,0.6,0.7,0.4,0.5,0.6,0.4,0.5,0.4,0.6,,0.7,0.7,0.7,0.9,0.8,0.9,0.7,0.6,0.4,0.5,,0.4,0.5,0.6,0.7,0.6,0.6,,0.4,0.5,0.4,0.2,0.9,,0.7,0.9,0.7,0.9,0.8,0.7,,0.6,0.6,,,0.7,0.6,0.6,0.7,0.8,0.9,0.9,,1,0.7,0.8,0.9,0.9,,1,0.4,0.6,0.7,0.6,0.4,0.6,0.5,0.4,0.4,0.6,0.6,0.6,0.6,0.7,0.4,0.5,0.6,0.5,0.4,0.4,0.6,0.6,0.9,,0.5,0.7,0.7,0.5,0.3,0.5,0.7,0.7,0.7,0.5,0.5,0.6,0.4,,0.7,0.5,0.5,0.6,0.8,0.8,0.4,0.9,0.9,0.7,0.6,0.8,0.9,0.4,,0.9,0.8,0.5,0.6,0.8,0.7,0.5,0.8,0.7,0.8,0.7,0.6,,,,0.9,0.8,,0.9,0.9,1,,,,0.7,,0.7,0.6,0.7,0.5,0.6,0.7,0.7,0.8,0.9,,,,0.7,0.8,,0.7,0.7,0.7,0.6,0.8,,1,0.5,0.7,0.7,0.6,0.6,0.5,0.4,,0.6,,0.9,0.8,,0.5,0.3,,0.5,0.7,0.6,,0.6,0.7,0.5,0.5,0.6,0.6,0.4,,,0.4,0.6,0.6,0.5,0.5,0.4,0.5,,0.6,,,0.6,,0.6,0.6,,0.6,0.4,0.3,0.5,0.4,0.4,,0.6,0.5,0.7,0.6,0.6,0.4,0.4,0.5,1.1,0.8,0.9,0.8,0.8,0.8,0.7,0.7,0.7,0.9,0.6,,0.7,0.7,0.7,0.7,0.4,0.6,0.4,1,0.9,0.6,,0.7,1.2,1,,1.1,0.7,0.7,0.8,,0.6,0.6,0.9,0.8,0.6,,,0.1,0.5,0.4,0.3,0.2,0.5,0.9,1,0.9,1,0.8,0.5,1.1,0.9,0.7,0.7,0.8,0.7,0.9,0.9,0.8,0.8,,0.7,0.7,1,1,0.9,0.9,0.8,0.8,0.8,0.8,1,1,0.9,0.9,,0.7,0.8,0.8,0.8,0.8,0.7,0.7,0.8,0.5,0.6,0.6,0.6,0.4,0.7,,0.5,0.6,0.5,0.6,0.4,0.6,0.3,0.6,0.7,0.7,0.6,0.6,,0.6,0.7,0.6,0.6,0.6,0.4,0.4,0.7,0.6,0.5,0.5,,,0.7,0.7,0.8,0.5,0.6,0.6,0.6,0.4,0.7,0.6,0.4,0.5,0.7,0.7,0.5,0.6,0.6,0.7,0.6,0.5,0.4,0.5,0.6,0.5,0.4,0.7,,0.6,0.6,1.1,1,0.9,0.7,0.4,,,0.7,0.8,0.5,0.8,1.1,,1.1,1,0.9,1,,,1.1,0.6,0.6,0.4,0.6,0.6,0.7,0.7,0.6,0.6,0.7,,0.6,0.6,0.9,0.7,1,1.1,0.5,0.6,0.5,0.5,0.6,0.4,0.7,1.1,0.8,0.7,0.8,0.8,0.7,0.8,,0.6,0.7,0.9,0.8,,0.7,0.6,0.7,0.5,,,,0.4,1,,,,0.7,1,0.6,0.9,0.5,0.6,0.2,,0.5,0.9,0.7,0.9,0.9,0.9,0.7,0.8,0.8,0.7,0.8,0.6,0.7,0.9,0.6,1.2,,0.9,1,1,0.9,0.8,0.7,0.8,0.8,0.7,,0.9,1.1,0.9,0.7,0.7,0.7,0.7,0.7,0.7,0.7,0.5,0.7,0.6,0.5,0.5,0.5,0.4,0.4,,0.9,,0.7,1,1,0.9,0.7,,0.7,0.5,,,0.9,0.9,1.4,0.6,,0.7,1,1,,0.7,0.4,0.6,0.8,0.7,0.6,0.4,0.7,0.6,0.3,,,,0.8,,0.5,1.1,,1.1,0.8,0.8,1,0.7,0.5,0.4,0.4,0.4,0.5,,0.8,,,0.6,,0.6,0.8,0.7,0.3,0.6,0.5,0.6,0.9,,0.6,0.5,0.6,0.7,0.5,0.5,0.4,0.6,0.6,0.4,0.7,0.7,0.6,0.7,0.5,0.5,0.7,0.8,0.6,0.5,,0.5,0.9,1,,0.7,0.8,,0.7,0.6,0.8,0.7,0.6,,0.6,1.1,,,0.6,0.7,,0.7,,0.8,0.6,0.8,0.6,1,1.6,,1.3,1.4,,1.2,0.7,,0.9,,0.8,0.8,0.8,,1,0.9,0.5,0.2,0.3,,0.6,0.7,0.8,0.8,0.6,0.5,0.4,1,0.7,0.7,0.7,0.6,1.1,0.6,0.6,1.4,0.6,0.5,0.4,0.6,0.8,0.7,0.8,0.8,0.7,0.7,0.7,0.7,0.7,0.5,0.6,0.5,0.4,,0.3,1,1.1,0.9,1,0.8,0.4,0.4,0.4,0.3,0.5,0.8,0.7,0.8,,1.2,0.7,0.9,,0.7,1.2,1,1.1,0.9,,0.7,0.7,0.7,,0.9,,0.8,0.8,0.5,1,0.6,0.7,1.1,,,,0.8,,0.6,,1,0.9,0.9,,0.7,0.9,0.8,0.9,0.6,,0.7,,0.9,1.1,0.7,0.8,0.8,0.8,,0.9,0.8,0.8,0.6,0.9,0.8,,1,,,0.8,0.5,0.8,0.9,0.5,0.8,1.1,0.8,1,0.5,0.6,0.6,0.5,0.6,0.9,0.6,0.8,1,0.6,0.5,0.4,0.9,0.7,1.1,0.8,0.8,0.8,0.9,0.8,0.8,,1.5,0.8,1,0.7,0.7,0.9,0.8,0.7,,,,,0.8,0.8,,0.8,1,0.9,0.7,0.6,0.7,0.8,0.9,0.5,0.5,0.7,0.6,0.6,0.6,0.6,0.8,0.7,,0.7,0.9,0.9,,0.6,0.7,,0.7,0.6,0.6,0.7,0.7,0.8,0.8,0.6,0.6,0.7,0.7,0.7,0.7,,0.6,0.7,0.5,1.3,0.8,0.6,0.6,0.2,0.3,,0.4,0.4,0.2,0.4,0.4,0.6,0.8,0.7,0.7,,0.5,,0.4,0.3,0.3,0.5,0.4,0.4,0.2,0.3,0.4,,,0.3,0.3,0.5,0.5,0.4,0.4,0.5,0.3,0.7,0.6,0.6,,0.7,0.5,0.6,0.6,0.6,0.8,0.7,0.9,0.5,,0.8,0.9,0.9,0.7,0.9,0.8,0.7,1,0.9,1.1,1.1,0.8,0.5,,0.8,0.7,,0.5,0.4,0.5,0.7,,,0.8,0.5,0.4,0.5,0.3,0.8,0.7,0.7,0.9,,,0.4,1.2,1.2,1.4,1.2,,1.5,0.7,0.6,0.8,0.7,0.6,0.6,,0.6,0.7,0.7,,,0.7,0.6,,0.8,0.6,1,,0.8,,1,1,,,0.3,0.5,,,0.8,0.7,0.5,,,0.2,0.4,0.4,0.2,0.6,0.4,0.4,0.6,0.6,0.4,0.7,0.5,0.6,0.7,0.6,0.7,0.8,0.7,0.7,0.6,0.5,0.4,0.6,0.5,,0.3,0.5,0.6,,0.9,0.7,0.6,0.8,0.7,0.5,0.3,0.1,0.4,0.6,0.4,1.1,,,,1.3,1.4,1.4,1.2,1.1,0.7,0.8,0.5,1.2,0.9,0.7,2.7,2.6,3.1,2.9,3,,,1.4,0.6,,0.5,0.7,0.7,,0.6,0.5,0.8,,0.7,0.7,0.6,,0.6,0.9,0.7,0.7,0.7,0.7,0.7,0.7,0.9,0.8,0.8,0.8,0.6,0.9,0.8,0.6,,0.7,0.6,0.5,0.7,0.8,0.9,,0.7,,0.6,,,,0.7,0.6,0.8,0.9,0.7,0.7,,0.9,,0.7,0.9,0.7,0.6,0.6,0.6,0.5,0.6,0.6,0.6,0.7,0.5,0.2,0.5,0.5,0.5,0.5,0.6,0.5,0.5,0.5,,0.4,0.3,0.6,0.5,0.6,0.5,1,1.8,1.2,1.3,1.1,0.5,0.5,0.5,,,0.4,0.4,0.3,0.3,0.4,1,0.9,0.7,1.2,1.1,0.6,0.8,0.8,0.6,1.2,,1.1,1.1,1.1,0.6,0.6,0.6,0.6,0.7,0.5,0.7,0.8,,1.1,0.9,0.8,,0.9,0.9,1,0.8,,0.8,0.6,0.9,,0.9,0.7,0.7,0.8,0.8,0.9,0.9,0.8,0.7,0.8,0.7,0.8,0.7,,0.5,0.4,0.5,1.3,1.4,,1.1,1.2,0.8,0.8,0.9,0.7,0.8,0.7,0.9,0.9,1,1.1,,0.5,0.5,0.6,,1,0.9,,0.7,0.7,0.6,0.7,,0.7,0.7,0.7,0.9,0.9,0.8,0.8,1.1,0.8,1,1,0.9,0.9,0.7,0.7,0.9,1.4,1,1.5,1.1,0.7,0.8,0.6,0.8,0.7,0.6,0.8,0.8,0.8,1,1,0.8,0.6,0.8,0.8,1.1,0.8,0.6,0.6,1,0.6,0.5,0.7,0.5,1.3,0.8,0.9,0.8,0.7,0.6,0.5,0.7,0.8,1,0.4,0.6,0.8,0.8,0.6,0.7,0.7,1,1,0.6,0.7,0.5,0.6,0.6,0.7,0.6,0.5,0.5,0.5,1,,0.7,0.6,0.6,0.5,0.6,0.6,0.9,0.9,0.9,0.9,0.7,0.8,0.8,0.7,0.8,,,0.8,0.6,0.7,,0.8,0.4,0.7,0.7,0.8,0.9,,0.6,0.7,0.5,,,,,0.6,0.6,0.7,0.6,0.7,0.5,0.6,0.5,,0.4,0.6,0.6,0.7,0.7,0.7,0.6,0.6,0.5,0.6,0.4,,,,,0.3,0.5,0.6,0.5,0.4,0.5,0.7,,0.9,0.4,0.5,0.5,0.5,0.5,0.5,0.5,0.4,0.4,0.6,0.8,0.6,0.7,,0.6,0.5,0.6,0.6,1.3,0.7,0.7,0.5,0.8,,1.7,0.8,,0.7,0.5,,0.5,0.3,,,0.7,,0.4,,0.4,0.4,0.5,0.7,0.6,0.6,0.8,0.8,0.8,,0.5,0.6,0.6,0.6,,0.7,0.7,0.2,0.4,0.6,0.5,,0.4,0.5,0.3,0.7,0.5,0.4,,0.8,0.6,0.2,0.2,0.4,,0.8,0.7,0.5,,0.5,0.5,0.7,0.5,0.6,0.5,0.6,,0.5,0.5,,0.4,0.6,0.7,0.6,0.5,0.5,0.3,0.3,0.5,,0.4,0.2,0.2,0.3,0.4,0.5,0.5,0.5,0.4,,,,0.3,0.5,0.5,,0.6,0.4,0.4,0.5,0.6,0.3,1.3,0.8,0.8,0.9,0.9,0.5,0.6,,0.9,0.8,0.6,0.5,0.4,0.5,0.7,,0.6,,0.5,0.4,1.2,0.5,1.9,1.2,0.7,0.4,0.8,0.8,1,0.7,0.5,0.5,,,0.5,0.2,0.6,0.8,,1,1,1.1,0.7,,0.8,1,,,1,0.7,0.9,0.6,1,0.8,1.1,0.9,0.8,0.6,0.6,0.8,0.8,0.8,1,,0.9,0.8,,0.8,0.8,0.5,0.6,0.3,0.5,0.3,0.4,0.6,0.9,0.6,0.8,0.6,0.8,0.8,1,0.6,0.3,0.7,0.4,0.8,0.4,0.6,0.7,0.4,0.6,0.6,0.5,0.6,0.5,0.7,0.2,1.2,0.9,0.9,1,0.9,0.8,1,0.9,0.9,0.9,1.6,0.9,0.9,1,0.6,1.2,,0.7,1,0.7,0.7,0.7,0.7,0.4,,,0.7,0.5,0.6,1.1,0.7,0.3,0.7,0.8,0.5,0.4,0.7,0.7,0.8,0.7,0.5,0.7,0.6,0.8,,0.7,0.6,0.4,0.8,0.7,,0.4,0.3,0.6,0.4,0.4,0.6,0.5,0.4,0.5,0.5,0.6,0.8,0.8,0.9,0.5,0.9,,1,,0.7,0.7,0.7,0.8,0.8,0.8,0.8,0.9,0.7,0.7,0.8,0.7,0.7,0.5,0.7,0.6,0.5,0.6,0.4,,0.4,0.8,0.8,0.5,0.3,0.6,0.5,0.9,0.8,0.8,0.6,0.7,0.8,0.6,0.8,0.9,0.9,1,0.8,0.8,,0.7,0.8,0.9,0.8,0.9,1.2,0.7,0.7,0.7,0.6,0.8,0.6,0.6,0.8,0.4,0.5,0.5,1.1,1.1,0.9,0.7,0.8,0.3,0.8,0.4,0.5,0.3,0.7,1.3,1.2,0.6,0.7,0.7,0.4,0.6,0.5,1.6,0.5,0.5,0.8,0.9,0.7,0.9,0.7,0.6,0.8,1,0.7,0.8,1,0.6,0.4,0.6,0.4,0.5,0.6,0.9,,0.6,0.6,0.6,0.9,0.5,0.9,0.8,0.6,0.6,0.5,0.7,0.6,0.8,0.8,0.7,0.7,0.8,1.1,0.2,0.3,0.3,0.6,0.4,0.4,,0.8,0.4,0.7,0.7,0.4,0.5,0.5,0.4,0.6,0.4,0.5,0.6,0.8,0.7,0.1,0.5,0.6,0.8,0.9,0.8,0.4,0.8,0.8,0.8,0.6,0.8,0.7,0.9,0.5,0.8,,0.6,1,0.8,0.8,1.5,0.5,0.8,0.5,,0.7,0.4,1,0.7,0.9,1.1,0.7,0.8,0.8,0.7,0.9,0.5,,0.7,,0.7,,0.2,0.5,0.8,0.5,0.7,1.2,0.7,0.9,0.8,,0.6,0.5,0.7,0.7,0.7,0.5,0.5,0.4,0.2,0.6,0.7,0.6,0.7,0.7,0.5,0.4,1.1,0.5,0.5,0.6,0.6,,0.5,,0.9,0.7,,1.3,0.7,0.5,0.8,0.5,0.8,0.7,0.4,,0.5,0.6,0.6,0.6,,,1.7,0.7,0.4,0.6,0.6,0.8,0.7,0.7,0.9,0.5,1.1,0.4,,0.3,0.6,0.4,0.5,0.5,0.6,0.5,0.7,0.9,,0.8,,1.1,0.9,0.5,0.9,0.9,0.9,0.7,0.8,0.5,0.7,0.8,0.7,0.2,0.5,0.5,0.6,0.7,0.7,0.7,0.8,1.5,0.9,0.5,0.4,0.7,0.7,0.7,0.6,0.7,1.8,1.3,,1.2,0.5,0.8,0.7,1.3,0.5,0.7,0.5,0.1,1.2,0.8,0.8,0.6,0.6,0.5,0.9,0.5,0.9,0.8,0.4,0.6,0.6,0.6,,0.7,0.7,1,0.2,0.7,0.7,0.4,0.7,0.7,0.7,0.5,0.6,0.6,0.6,0.8,1,0.8,0.9,1.4,0.5,0.7,0.9,0.9,0.9,0.6,0.6,0.7,0.6,0.6,0.5,0.6,0.5,0.9,0.2,1.1,0.3,0.9,0.6,0.5,0.7,0.5,0.4,0.7,0.6
20210423,4,AQI,74,92,69,62,58,75,67,80,68,87,59,72,,,23,,27,26,26,,23,,90,33,,25,20,,53,70,73,77,77,102,57,,29,29,,48,30,31,32,34,,30,,79,75,77,70,72,75,79,82,70,89,,54,73,71,22,18,16,26,52,61,52,,53,62,49,54,62,72,,87,70,79,83,88,,62,107,109,84,83,80,,36,31,,,30,41,28,32,60,60,63,,54,61,54,63,55,,63,35,36,42,37,41,37,37,38,38,37,51,46,57,48,50,45,55,44,48,56,39,54,36,,46,38,50,50,50,68,48,53,103,77,114,63,102,,94,69,92,85,45,44,52,39,41,30,62,62,49,168,,85,77,140,73,64,135,90,115,122,134,,52,,,,82,70,,70,75,63,,,,74,,83,79,85,79,89,85,85,98,132,,,,147,97,,51,75,77,79,94,,82,108,83,100,49,67,53,40,,46,,62,55,,72,70,,83,56,63,,79,76,94,45,35,66,40,,,80,82,69,55,51,53,55,,60,,,74,,111,102,,20,20,16,15,21,19,,53,51,62,66,62,68,58,35,41,49,49,43,46,52,51,49,49,49,29,,46,33,56,63,26,26,18,33,39,25,,47,42,35,,55,42,53,51,,53,68,51,52,31,,,,28,22,22,46,22,64,76,70,65,72,66,74,71,60,33,29,29,29,35,29,33,,27,39,46,40,33,36,35,29,42,23,26,25,55,55,,57,69,56,67,54,74,58,56,52,53,53,52,48,,,38,51,57,66,52,55,48,45,51,46,50,51,,44,63,67,45,52,32,27,40,35,46,45,,,68,58,67,81,80,80,71,66,58,59,47,62,31,39,33,28,29,35,34,47,20,17,39,16,27,29,,53,30,42,49,52,60,46,,,35,54,50,45,60,,120,120,89,107,,,107,78,39,63,52,46,53,52,57,54,52,,57,60,110,63,70,89,32,34,31,31,33,36,84,69,86,70,96,62,78,92,,88,73,86,76,,52,35,40,39,,,,32,38,,,,52,48,29,34,31,32,36,,32,24,25,26,25,25,28,26,26,36,40,49,38,28,21,47,,64,53,54,53,47,56,46,51,53,,62,52,59,33,35,43,40,55,55,40,118,53,64,65,29,29,38,29,,28,,64,73,68,59,52,,54,45,,,70,70,73,70,,51,51,69,,73,73,73,67,77,31,31,35,31,30,,,,123,,93,92,,89,64,53,53,78,77,77,39,37,37,,89,,,63,,67,57,59,70,48,42,40,51,,33,34,31,34,30,29,29,51,51,52,44,58,53,45,60,39,56,62,46,45,,51,79,66,,40,38,,57,55,55,53,34,,44,58,,,90,78,,52,,42,50,73,57,128,,,117,93,,89,102,,98,,119,93,105,,83,93,31,31,32,,31,35,30,44,43,28,21,67,48,59,59,67,74,31,49,50,33,26,30,93,67,46,73,94,132,103,129,132,123,41,55,42,41,,45,65,73,79,62,82,44,35,39,42,40,38,54,30,,41,36,73,,41,28,42,24,42,,45,29,34,,110,,122,145,123,119,78,80,67,,,,59,,53,,94,100,94,,99,97,105,80,68,,69,,52,49,46,58,40,41,,49,52,42,33,33,35,,33,,,20,50,36,29,33,35,32,38,39,23,34,30,25,62,55,57,67,60,52,29,23,35,56,69,,79,87,80,80,78,,54,45,51,56,70,72,67,73,,,,,73,64,,61,36,36,37,38,35,35,29,32,37,32,29,56,46,74,64,64,,49,50,73,,54,60,,86,52,38,60,46,47,67,54,62,77,85,80,83,,83,81,307,40,36,46,79,28,31,,26,37,31,49,72,84,89,49,49,,36,,83,52,52,67,52,35,32,22,23,,,19,19,61,23,35,32,38,,42,40,67,,75,84,82,89,72,80,78,72,63,,49,64,78,79,,70,79,52,53,56,51,52,53,,58,61,,56,58,36,53,,,46,53,49,52,53,49,40,42,48,,,52,85,86,83,107,,79,91,75,85,74,80,67,,69,77,77,,,77,85,,65,59,63,,81,,60,53,,,49,30,,,61,54,40,,,49,47,42,41,57,48,48,48,42,38,40,43,30,39,39,42,69,57,54,48,60,38,42,49,,40,31,64,,39,38,54,55,42,31,40,44,49,43,40,94,,,,93,125,124,100,176,140,150,145,52,51,62,367,326,306,295,346,,,105,29,,26,62,47,,29,57,55,,58,55,64,,75,73,53,87,46,59,55,85,52,66,48,57,73,51,55,50,,45,29,32,38,82,69,,45,,52,,,,54,53,53,69,75,65,,55,,32,42,35,50,28,54,62,19,80,32,119,20,,29,47,26,54,70,66,44,26,,25,20,25,33,25,28,12,73,42,42,52,33,42,55,,,19,20,21,22,19,29,49,41,48,43,51,46,43,36,34,,39,34,32,33,30,27,25,27,48,63,58,,132,107,114,,107,92,92,82,,92,68,57,,64,55,57,52,57,61,75,65,59,60,57,70,56,,66,72,43,53,57,,59,64,55,40,40,48,60,70,77,84,34,28,,45,43,56,,32,35,,38,36,40,35,,33,37,47,33,52,36,,,31,36,,36,30,38,37,40,25,38,36,35,23,34,58,39,43,46,41,35,42,46,42,22,28,24,42,23,26,43,30,43,34,11,22,16,85,57,59,57,31,32,34,24,29,52,55,50,52,48,47,47,47,48,45,44,45,49,56,79,41,49,36,25,36,34,,30,24,24,25,26,32,32,84,31,82,100,89,92,55,85,,,28,35,28,,37,50,53,38,52,54,,56,62,48,,,,,45,42,53,58,49,28,27,54,,43,31,41,52,52,53,47,58,59,,59,,,,,22,15,64,73,50,40,40,,34,78,67,51,55,42,40,41,84,78,63,56,55,59,,89,83,74,68,,78,51,40,76,,59,55,,30,22,,33,35,,,38,,32,,26,26,22,20,21,19,71,68,70,,27,27,28,62,,55,49,16,28,25,115,,33,46,36,33,469,442,,43,48,19,19,25,,59,88,46,,32,41,20,23,18,29,51,,54,46,,,46,49,57,100,89,374,330,29,,26,24,24,69,50,32,33,37,36,,,,29,35,33,,21,24,30,39,51,30,113,54,23,26,25,83,75,,69,120,80,104,64,107,58,,46,,107,44,129,39,68,69,377,22,60,54,54,28,77,24,,,54,21,62,29,,49,46,61,39,,77,58,,,52,103,105,73,78,68,58,52,58,118,45,66,30,52,109,,26,59,,68,33,43,38,36,42,52,92,74,63,39,37,29,23,85,35,32,36,33,34,43,54,52,33,50,49,42,52,34,48,58,34,63,58,97,128,35,40,37,68,62,130,53,30,39,39,60,99,,54,53,97,60,30,29,24,,,48,78,77,39,57,32,41,74,51,141,84,48,65,70,26,60,24,49,,61,44,46,56,76,,181,110,47,104,64,69,97,79,98,53,80,43,57,74,54,30,,71,,69,77,54,52,51,78,95,77,80,65,61,58,39,57,61,46,53,53,93,,47,62,71,62,50,52,68,50,19,50,73,78,79,66,42,49,109,102,46,52,,108,142,50,90,83,84,51,57,28,33,70,30,32,42,23,35,26,73,80,79,51,92,23,57,77,83,32,118,68,62,58,62,100,70,56,58,40,36,33,58,74,26,38,26,30,60,34,36,44,51,78,60,66,57,59,72,52,,128,50,83,53,43,52,53,39,99,64,50,78,58,45,93,77,38,59,70,32,32,38,36,24,,65,54,46,70,87,33,47,54,36,54,52,36,82,90,28,113,54,24,19,26,58,43,39,39,43,43,39,94,62,63,,114,83,67,67,39,35,37,16,,27,55,72,77,80,78,43,60,53,49,77,39,,63,,30,,40,58,50,52,55,75,85,75,40,,44,39,66,60,49,48,36,30,48,28,45,41,50,56,46,67,32,20,28,30,40,,69,,64,33,,24,64,63,63,64,68,110,36,,19,51,57,44,,,142,57,70,63,88,29,39,22,30,87,98,72,98,79,70,74,68,74,63,71,62,59,,67,,130,51,77,83,52,49,80,62,65,57,67,50,30,25,500,500,42,43,71,117,92,60,59,56,62,48,62,64,55,28,42,,50,57,130,109,95,48,67,22,19,54,67,64,92,48,53,74,61,54,35,40,,72,57,,43,26,54,34,73,82,108,63,89,73,77,63,65,37,87,89,53,48,85,60,82,55,36,29,82,77,62,68,29,39,65,67,77,39,93,35,102,64,28,53,30,37,85,64
20210423,4,PM2.5,54,68,50,44,41,55,48,59,49,64,42,52,,,16,,18,18,18,,12,,21,23,,16,12,,36,51,53,56,56,76,36,,12,18,,33,16,12,15,20,,9,,58,55,50,51,52,55,50,50,51,34,,29,53,37,15,12,11,18,36,28,32,,22,44,33,38,44,52,,64,51,58,61,65,,44,80,82,62,61,59,,23,18,,,21,9,19,22,43,42,45,,38,38,35,41,32,,45,16,6,8,10,7,6,9,11,14,12,30,32,31,33,35,29,39,27,33,28,27,30,22,,32,26,35,35,35,49,33,37,77,56,86,45,76,,70,50,68,63,31,29,36,24,24,21,44,44,34,127,,63,56,107,53,46,103,67,87,92,102,,36,,,,60,51,,51,55,30,,,,54,,61,58,63,58,66,63,63,73,100,,,,112,72,,34,55,56,58,70,,60,81,61,75,34,48,37,28,,24,,39,34,,50,51,,57,37,41,,42,48,70,31,18,46,28,,,59,60,37,32,25,22,31,,41,,,54,,73,76,,7,12,9,7,7,7,,30,35,43,42,41,49,36,24,27,34,34,24,27,36,34,34,34,34,20,,32,13,22,45,10,18,7,23,27,17,,22,13,11,,39,29,27,32,,37,49,22,34,14,,,9,19,12,5,32,15,46,36,42,41,42,40,45,38,29,23,14,20,13,24,20,16,,17,18,32,28,23,25,24,20,29,16,18,12,27,28,,31,29,28,37,25,54,31,29,24,21,21,19,24,23,,19,28,27,32,26,21,14,22,24,25,26,29,,20,38,36,29,25,22,18,16,19,18,14,,,36,27,34,50,41,43,49,38,37,34,27,31,18,18,20,17,18,20,15,21,8,9,8,9,11,17,,36,21,27,18,20,26,22,,,21,29,22,25,28,,91,91,66,80,,,80,57,17,29,27,31,24,27,31,31,22,,40,39,65,45,48,46,3,2,5,3,8,1,41,41,44,34,47,42,41,40,,39,42,41,40,,36,24,17,23,,,,20,12,,,,31,21,,11,16,12,3,,22,14,17,18,17,17,19,18,18,15,28,34,26,19,4,23,,46,30,25,32,14,29,22,24,22,,44,33,42,13,14,16,11,39,39,28,89,37,46,47,20,20,26,20,,19,,46,35,40,42,36,,38,31,,,51,51,53,51,,32,35,50,,53,53,53,48,56,12,10,2,11,2,,,,93,,69,68,,66,39,36,37,57,56,56,19,15,16,,66,,,42,,48,40,35,51,33,29,27,33,,15,17,15,17,12,14,17,29,21,19,28,41,37,30,43,23,32,39,32,28,,19,58,47,,21,26,,40,39,35,37,21,,27,41,,,67,57,,36,,23,29,22,35,97,,,88,69,,66,76,,73,,90,69,79,,61,69,3,10,5,,11,9,9,11,9,8,8,48,33,42,42,48,54,14,20,30,23,12,12,69,48,32,53,70,100,77,98,100,93,27,21,25,22,,30,47,53,58,39,60,30,16,19,29,20,26,38,21,,26,25,53,,18,19,29,9,23,,31,14,5,,83,,92,111,93,90,57,59,48,,,,42,,34,,70,75,70,,74,72,79,59,49,,50,,36,34,31,41,28,24,,34,26,15,23,23,24,,23,,,8,35,14,18,5,24,21,26,27,14,12,10,15,44,39,39,48,43,32,12,14,23,25,50,51,58,64,59,59,57,,38,23,34,34,51,52,48,53,,,,,53,46,,36,25,25,21,20,23,24,20,12,16,13,13,25,22,34,35,37,,34,33,53,,29,36,,57,28,25,38,32,31,35,33,44,56,63,59,61,,38,35,95,28,22,32,58,5,17,,11,10,15,13,9,62,66,32,32,,25,,61,36,36,48,36,10,5,15,10,,,8,9,9,14,10,12,11,,7,7,48,,55,62,60,66,52,59,57,52,45,,34,35,57,58,,51,58,36,37,34,34,35,37,,38,28,,25,34,23,30,,,32,30,34,36,34,34,28,29,26,,,18,63,63,61,80,,58,25,44,38,34,31,48,,50,56,56,,,56,63,,47,42,15,,18,,27,26,,,34,15,,,31,32,23,,,19,32,20,26,30,28,33,33,27,26,28,25,21,27,21,29,50,37,38,32,43,26,29,34,,18,12,46,,16,18,37,35,12,10,22,13,34,24,28,70,,,,69,95,94,75,133,107,115,111,34,34,44,317,276,256,245,296,,,79,13,,14,44,32,,20,40,39,,41,39,46,,55,53,37,64,32,42,36,63,32,42,29,32,53,26,39,35,,31,18,22,26,60,50,,31,,36,,,,32,29,37,50,55,47,,29,,22,29,24,25,17,38,44,10,59,22,90,14,9,20,26,17,31,51,31,27,13,,15,7,17,14,16,19,8,51,27,15,27,22,18,27,,,4,14,5,12,12,15,26,22,33,22,27,32,30,24,18,,20,20,22,23,19,17,16,11,33,41,29,,100,80,86,,80,68,68,60,,68,49,40,,36,33,40,32,40,40,55,47,42,43,40,51,39,,39,52,30,28,29,,30,32,9,28,28,33,43,51,56,62,19,16,,28,30,34,,18,20,,21,21,25,24,,23,15,23,23,20,25,,,20,25,,21,21,26,25,28,9,23,19,24,8,21,41,27,30,32,26,21,20,32,29,15,10,11,13,15,18,30,21,30,22,7,14,10,50,30,36,30,19,14,14,12,15,20,39,32,32,24,29,28,29,27,20,14,23,34,30,36,27,31,17,15,25,13,,11,9,14,12,15,22,22,27,16,60,75,66,68,39,63,,,17,24,19,,18,25,20,23,28,31,,39,44,33,,,,,29,29,32,27,24,13,14,17,,14,18,22,24,28,23,32,41,42,,40,,,,,6,8,46,53,25,28,26,,22,57,48,35,39,9,20,15,62,34,45,39,39,37,,66,61,54,49,36,43,28,14,43,,42,39,,21,1,,5,6,,,9,,2,,7,5,9,8,9,12,19,24,21,,11,10,9,44,,19,12,9,18,13,52,,22,24,20,15,102,83,,30,33,11,12,14,,33,65,32,,15,22,13,12,7,11,18,,22,30,,43,32,34,40,37,29,75,61,20,,15,12,9,11,15,13,3,4,11,,,,12,24,23,,11,8,5,10,22,21,85,26,8,17,11,61,55,,28,91,59,78,46,80,41,,32,,80,25,98,27,46,41,92,8,43,36,34,19,46,13,,,32,14,30,20,,20,27,23,21,,56,41,,,36,77,79,53,57,49,30,36,41,89,25,26,16,22,82,,18,42,,49,18,30,26,7,29,29,68,54,45,27,24,20,16,63,20,8,25,22,20,30,11,36,23,35,34,29,36,3,33,41,16,21,36,72,97,24,28,25,49,36,99,35,17,15,27,38,74,,35,37,72,43,15,16,13,,,23,57,56,27,40,3,23,54,33,70,62,27,47,51,18,38,7,34,,40,18,21,31,24,,61,83,23,78,46,50,72,58,73,37,59,16,31,22,38,21,,50,,50,56,38,36,33,57,71,37,40,29,41,41,19,22,24,18,24,25,63,,10,40,31,30,23,29,49,35,13,35,53,57,58,45,29,34,82,76,31,36,,81,108,25,67,61,62,32,40,17,23,51,21,22,29,16,24,15,53,58,58,30,68,16,40,56,61,7,89,49,44,41,44,75,38,36,41,27,6,22,41,54,14,26,17,17,42,17,19,21,30,57,43,40,38,40,52,31,,97,35,61,25,20,36,26,27,74,35,35,57,41,31,69,56,26,42,51,17,5,9,17,12,,45,38,32,37,43,16,26,17,23,20,28,19,60,67,11,85,38,5,13,18,41,30,27,27,30,30,27,44,44,37,,86,61,48,48,27,18,19,11,,15,28,52,40,59,57,23,36,37,34,56,27,,45,,21,,13,41,35,36,39,55,63,55,28,,28,26,39,34,33,28,18,15,9,19,31,17,20,32,26,48,22,7,13,15,28,,50,,46,17,,15,42,45,43,39,48,83,17,,10,29,40,20,,,108,31,51,43,65,3,27,15,7,64,73,39,73,58,51,40,49,54,39,46,44,41,,46,,99,28,56,61,36,34,59,44,31,40,48,24,21,5,388,676,20,28,48,88,68,34,39,24,44,24,30,29,23,19,26,,35,40,99,82,71,28,48,12,10,38,48,46,68,33,29,54,42,32,24,26,50,34,24,,18,10,38,4,53,60,81,42,66,53,56,45,47,21,64,66,37,25,63,32,60,39,25,20,60,56,44,49,14,16,47,48,56,26,69,24,76,40,19,37,6,2,63,46
20210423,4,PM2.5_24h,30,43,33,27,29,36,31,31,31,42,29,33,,,31,,35,33,31,,27,,31,30,,30,18,,45,41,46,46,42,49,43,,33,32,,40,29,21,29,29,,20,,43,42,42,39,37,36,39,33,39,29,,30,39,32,23,16,20,20,33,28,28,,29,40,35,38,40,49,,43,42,46,45,53,,36,53,51,49,42,44,,22,24,,,19,16,23,20,42,60,46,,40,38,49,51,51,,48,30,25,18,24,14,18,15,22,27,23,38,31,31,30,25,30,35,32,30,34,50,49,61,,54,53,68,50,57,73,58,66,29,26,28,26,30,,28,22,27,29,28,27,33,28,32,22,28,40,30,58,,28,27,46,30,25,56,36,38,34,47,42,26,,,,45,43,,42,41,30,,,,33,,27,30,31,25,32,34,29,33,54,,,,57,49,,31,63,60,39,43,,40,57,52,52,23,37,41,23,,26,,28,27,,34,39,,34,30,31,,36,34,38,25,14,21,19,,,17,32,22,24,20,22,22,,35,,,30,,34,37,,18,21,25,14,13,13,,37,34,35,29,28,27,23,21,26,34,32,23,29,29,35,33,29,32,15,,23,11,18,20,8,20,17,17,16,10,,11,8,8,,26,36,38,39,,47,52,35,43,17,,,16,15,13,12,14,12,39,33,33,37,36,34,37,35,29,20,12,18,17,22,19,15,,17,16,21,31,18,19,15,16,20,16,24,8,39,39,,34,33,32,42,37,49,38,34,23,22,22,21,20,29,,14,17,19,33,23,21,21,25,29,33,36,30,,31,45,34,26,28,25,22,24,25,21,25,,,36,33,40,38,39,39,29,21,29,27,24,29,22,24,24,21,23,25,24,23,10,13,15,12,12,18,,24,24,30,28,18,28,27,,,22,28,17,29,30,,97,90,68,71,,,94,51,28,30,34,36,33,36,36,36,29,,32,27,53,47,43,41,10,10,13,9,18,6,32,34,39,30,38,40,31,34,,37,34,35,33,,30,17,20,25,,,,22,22,,,,34,26,9,10,12,12,11,,22,19,20,23,24,24,18,15,14,16,20,35,17,25,14,36,,50,43,37,36,17,23,25,29,21,,43,37,48,33,24,25,25,35,33,31,51,30,38,37,16,17,16,17,,22,,19,20,21,21,40,,39,47,,,33,36,36,73,,73,55,51,,36,40,35,36,38,22,15,16,22,20,,,,44,,36,47,,53,36,33,44,23,23,24,24,25,26,,35,,,49,,38,40,48,32,25,23,32,26,,16,15,15,14,18,18,20,24,18,17,30,33,34,15,19,17,30,34,30,22,,17,47,40,,28,30,,36,31,31,27,21,,29,34,,,42,41,,24,,20,25,20,30,89,73,,89,68,,45,48,,42,,59,42,54,,46,55,15,16,10,,21,23,23,30,30,21,15,46,42,39,44,39,47,12,20,25,22,8,24,52,39,34,43,42,34,32,41,39,37,28,25,24,19,,29,109,114,106,120,78,31,22,21,32,19,32,37,31,,32,36,40,,36,36,34,35,31,,34,25,6,,64,,57,78,65,66,34,49,37,,,,34,,28,,62,64,75,,66,64,63,41,37,,34,,40,40,37,40,22,24,,22,20,19,20,17,18,,23,,,16,22,9,10,5,27,36,33,31,12,9,10,13,26,26,22,28,31,28,11,11,26,35,51,54,54,51,54,53,46,,35,24,30,28,36,40,35,32,,,,,46,41,,40,24,31,19,24,25,27,15,11,13,11,14,25,24,30,26,24,,30,36,46,,21,24,,26,30,28,35,35,31,35,34,45,37,40,37,45,,40,42,58,29,41,24,42,12,16,,11,7,25,43,16,43,42,39,39,,10,,16,12,12,16,14,14,16,12,15,,,11,12,10,13,14,12,23,,13,19,29,,32,32,27,30,28,31,32,30,29,,38,36,34,37,,32,37,32,37,38,38,16,18,,40,27,,23,26,24,29,,,24,37,28,35,33,19,21,18,18,,,22,51,50,50,69,,49,26,29,20,21,18,35,,34,41,40,,,35,37,,32,25,19,,18,,38,34,,,35,27,,,36,37,22,,,27,29,29,22,23,25,25,33,33,26,31,31,20,26,26,32,52,33,42,44,26,21,23,24,,24,27,37,,23,26,27,24,25,24,22,17,29,29,29,90,,,,185,233,167,183,184,121,123,106,128,95,72,656,451,671,513,357,,,222,52,,61,100,93,,74,38,32,,37,36,42,,52,54,31,47,24,35,31,40,29,36,26,24,44,27,29,25,,22,15,26,21,56,35,,26,,31,,,,23,20,22,32,31,32,,27,,33,35,34,20,15,24,24,21,28,24,35,22,10,16,19,16,29,36,29,27,17,,15,13,18,16,16,18,9,30,17,9,17,27,20,22,,,7,14,10,13,14,25,31,27,35,29,23,26,23,24,23,,22,25,22,24,19,21,21,16,31,32,20,,60,66,61,,61,67,63,46,,42,33,35,,31,32,35,36,32,31,37,36,33,33,30,33,33,,47,46,43,24,26,,30,25,11,24,24,25,42,51,53,51,19,17,,32,31,28,,21,20,,20,15,18,21,,17,9,14,17,11,21,,,16,25,,23,20,21,23,25,21,26,27,27,20,20,33,25,31,32,28,24,25,32,30,7,11,16,12,15,12,18,15,13,13,6,9,8,32,25,36,23,19,19,9,14,19,18,32,33,31,24,29,30,33,32,32,37,33,31,29,31,31,28,28,30,16,18,,13,18,21,19,23,24,31,36,31,52,55,49,52,35,45,,,18,23,20,,21,21,18,22,32,33,,43,33,34,,,,,26,21,26,31,21,14,15,19,,8,21,22,24,22,26,35,38,40,25,39,,,,,7,6,42,42,30,29,21,,21,51,34,33,33,9,17,10,42,25,42,39,28,28,,41,43,42,42,54,42,25,18,38,,37,35,,21,2,,11,13,,,23,,5,,14,9,12,11,12,16,20,27,24,,11,20,13,16,,17,11,8,14,16,37,,36,41,16,13,47,51,,20,20,13,11,7,,34,38,19,,18,22,22,19,13,10,25,,25,29,,34,18,16,19,177,169,65,48,6,,13,8,9,19,19,21,10,12,18,,,,14,12,15,,12,9,10,11,25,19,74,35,12,36,25,47,38,,19,53,39,78,22,40,30,,28,,41,46,101,20,39,41,66,10,38,51,38,20,34,12,,,26,21,32,36,,30,29,33,20,,41,34,,,22,46,46,30,39,37,22,19,22,53,23,33,22,27,49,,29,34,,47,26,43,43,4,23,28,35,45,34,13,13,21,29,63,29,18,22,29,22,33,7,34,27,37,37,34,38,11,25,38,21,27,29,63,41,21,23,22,37,28,48,30,20,18,29,28,57,,28,26,37,23,7,16,13,,,20,43,47,32,27,10,23,36,42,43,67,21,32,35,19,33,23,26,,37,19,20,31,20,,47,29,16,26,22,25,27,28,29,19,49,23,34,29,32,20,,39,,27,24,21,30,26,44,46,40,35,33,35,32,21,25,25,19,31,23,35,,11,36,33,29,21,30,45,47,13,33,51,37,45,26,27,27,60,71,27,28,,66,68,79,76,104,216,14,43,25,19,35,27,18,36,14,29,16,66,70,54,46,49,8,47,44,25,19,42,31,22,47,52,44,33,26,34,37,23,10,32,49,16,21,11,23,28,24,19,21,35,32,35,30,27,35,30,26,,41,26,34,34,22,38,32,36,35,32,32,33,32,34,34,26,15,29,28,20,8,10,10,13,,38,22,31,40,22,22,24,16,24,14,22,22,44,48,35,55,36,19,27,29,30,27,33,30,27,21,36,38,36,31,,68,72,41,39,135,26,20,16,,40,28,52,40,54,45,33,41,36,45,21,21,,32,,29,,17,19,39,48,49,40,41,34,28,,16,26,40,24,18,17,16,16,27,24,27,25,26,25,23,41,20,14,12,16,18,,21,,34,18,,20,32,33,33,34,47,46,19,,20,35,28,20,,,86,26,41,41,41,19,36,18,25,49,50,29,44,39,42,34,36,41,28,36,35,35,,34,,94,30,38,46,31,40,22,42,22,30,39,33,8,5,352,430,17,23,43,51,53,46,36,24,34,30,33,32,22,28,34,,34,30,74,66,218,36,41,14,15,54,70,32,45,35,29,36,24,41,27,18,39,21,31,,17,64,23,6,27,41,52,31,43,34,30,37,30,22,52,48,49,36,192,32,50,16,33,27,47,32,31,31,26,17,40,31,41,34,156,26,95,21,30,43,6,5,48,31
20210423,4,PM10,57,38,70,49,59,55,51,51,34,45,64,60,,,21,,27,21,25,,22,,129,32,,16,19,,55,76,89,77,93,68,64,,12,13,,13,27,20,16,24,,17,,77,77,103,54,80,93,107,113,68,127,,58,56,92,9,2,16,2,12,71,54,,55,50,49,46,54,54,,86,65,69,75,112,,54,114,103,100,96,94,,36,31,,,28,41,24,26,63,70,72,,48,71,57,76,59,,48,27,35,26,25,24,32,22,20,33,25,52,40,63,41,38,45,57,44,42,61,38,58,36,,44,33,46,40,39,60,38,50,86,59,76,65,68,,78,54,67,55,41,44,34,39,41,24,51,53,34,66,,61,75,74,72,65,74,88,69,100,85,86,36,,,,70,38,,66,75,75,,,,56,,97,102,99,92,88,97,70,97,145,,,,144,115,,52,49,57,68,73,,46,61,46,56,35,42,47,31,,46,,74,60,,93,71,,116,62,75,,107,102,95,43,35,81,37,,,80,70,88,59,51,56,60,,70,,,71,,171,122,,20,20,16,11,7,10,,56,52,73,81,74,53,66,23,41,48,28,43,46,46,51,48,39,44,18,,46,33,61,48,26,26,18,29,38,20,,47,42,35,,35,39,56,51,,53,54,51,54,7,,,,24,19,17,41,14,77,102,90,80,94,82,98,91,69,21,29,27,29,28,26,26,,23,39,28,26,25,16,23,18,16,23,18,25,59,60,,64,87,62,83,58,67,65,61,54,56,55,53,48,72,,38,52,63,82,54,59,48,45,51,46,50,52,,44,75,83,45,53,31,27,40,35,46,45,,,86,66,84,112,109,110,91,82,66,68,47,74,31,39,33,28,29,35,34,47,20,13,39,16,27,29,,56,29,42,49,53,69,46,,,35,58,50,45,70,,110,119,79,105,,,113,77,39,75,53,46,56,53,63,58,53,,60,70,170,66,89,127,6,16,14,5,11,13,117,88,121,90,141,73,106,134,,126,96,122,102,,47,28,40,39,,,,32,38,,,,53,48,29,34,31,32,36,,30,14,12,22,21,23,22,22,26,36,24,48,24,22,21,47,,66,55,57,56,47,61,46,51,56,,65,53,66,33,35,43,40,40,39,33,79,52,28,38,19,17,26,20,,27,,75,96,85,63,46,,53,42,,,72,39,49,58,,51,52,59,,73,85,85,75,66,7,12,5,14,9,,,,119,,66,88,,67,78,56,53,58,58,67,24,22,29,,58,,,75,,68,57,67,39,35,33,40,51,,33,34,31,34,30,29,29,51,51,54,44,46,49,45,47,39,62,74,43,45,,51,108,82,,40,38,,44,50,60,36,34,,44,54,,,77,91,,44,,42,50,96,64,81,89,,115,88,,64,67,,69,,114,111,121,,101,73,19,12,10,,31,35,30,44,43,28,21,50,48,51,49,44,62,23,49,50,22,26,30,31,32,42,31,31,133,142,120,143,138,41,60,42,41,,45,70,65,58,74,83,44,35,33,34,40,21,37,20,,41,36,69,,41,28,33,24,42,,38,29,10,,103,,108,154,122,122,79,74,77,,,,60,,55,,110,118,64,,113,106,103,69,67,,58,,51,43,46,54,39,41,,43,54,42,32,30,33,,23,,,17,43,36,29,26,30,32,35,35,23,34,30,25,65,55,63,76,62,53,29,23,35,62,67,67,79,94,94,83,83,,46,45,51,62,52,63,66,44,,,,,80,66,,71,22,33,37,38,35,30,24,32,37,32,29,61,46,98,78,77,,46,50,91,,57,69,,121,54,38,69,42,47,83,58,59,95,80,100,86,,115,111,425,40,34,38,44,14,26,,5,37,24,49,94,85,78,49,49,,18,,73,53,53,47,36,9,5,15,16,,,19,11,72,23,22,32,9,18,14,7,74,,84,109,85,96,91,75,83,91,69,,48,78,86,101,,74,78,52,48,62,52,54,56,,65,72,,61,65,36,55,,,27,55,48,42,55,48,38,40,48,,,54,98,121,104,100,,99,132,100,120,98,110,83,,75,69,74,,,81,82,,58,66,75,,111,,69,55,,,33,30,,,71,58,40,,,49,47,42,41,63,48,34,34,42,33,40,43,20,30,39,37,52,63,46,48,49,30,35,38,,40,31,64,,27,34,58,59,42,20,40,44,44,43,38,102,,,,115,124,139,102,195,134,135,134,53,52,51,373,296,294,255,310,,,98,29,,24,51,47,,16,61,57,,48,53,51,,60,70,36,63,39,51,59,53,53,82,48,64,60,51,36,33,,34,29,24,36,59,67,,36,,48,,,,57,56,50,45,74,75,,59,,25,31,25,50,28,44,36,19,49,24,106,18,7,23,47,26,57,40,82,44,26,,25,20,13,33,25,24,12,95,42,42,53,33,42,59,,,19,18,21,22,19,29,49,41,36,43,52,46,43,36,34,,39,34,28,32,30,27,25,27,45,76,66,,141,119,122,,126,76,85,69,,66,56,52,,77,59,58,53,59,72,63,69,59,60,61,62,62,,82,51,39,55,64,,68,77,59,35,29,42,48,50,41,53,34,28,,45,34,62,,32,35,,38,36,40,32,,31,37,47,33,54,32,33,38,31,30,33,36,30,33,37,31,25,38,36,30,23,34,35,35,41,34,41,35,42,34,38,15,28,24,42,23,16,34,29,37,34,11,22,13,119,64,67,63,31,32,34,24,29,53,57,50,53,48,47,47,47,48,45,44,45,44,62,107,41,49,36,25,33,34,,30,24,24,13,18,30,32,118,31,82,99,82,89,39,109,,,28,35,28,,37,50,55,38,54,58,,62,56,46,,,,,45,40,55,65,49,28,27,58,,43,28,41,53,54,56,47,52,52,52,68,,,,,22,15,70,82,50,36,40,,34,62,45,51,47,24,37,32,77,105,27,62,54,67,,71,69,74,63,94,105,51,36,101,,67,55,,26,2,,7,7,,,19,,3,,10,6,20,18,21,19,91,86,89,,20,16,17,19,,59,49,16,28,25,180,,33,46,36,33,569,542,,39,45,13,9,21,,67,86,41,,32,41,19,23,18,25,52,,57,46,,63,32,35,44,149,128,479,444,23,,26,23,16,87,50,19,30,37,36,,,,29,27,11,,21,24,30,39,52,25,86,58,16,22,17,97,72,,88,134,35,33,52,,44,,33,,88,44,97,35,85,87,481,12,50,58,57,27,104,24,,,58,21,74,22,,49,46,71,39,,84,26,,,22,120,139,61,58,66,65,48,53,128,45,82,30,53,58,,25,68,,84,33,42,37,36,29,53,77,74,69,29,37,11,21,81,35,12,28,33,34,30,58,48,17,45,48,41,44,17,33,63,24,75,65,102,105,28,37,37,82,74,119,56,30,39,39,70,143,,58,37,90,70,26,29,24,,,48,77,58,29,54,4,41,63,51,232,112,48,63,62,24,70,24,44,,71,44,46,61,101,,312,88,47,68,54,67,69,71,74,36,46,43,63,97,40,22,,91,,76,78,39,33,52,90,138,104,110,80,72,64,39,63,72,46,55,55,136,,47,74,91,74,50,53,8,11,16,24,73,75,79,82,40,40,115,98,46,53,,149,136,50,53,79,95,51,54,23,32,66,18,30,38,19,27,26,75,110,73,51,82,17,50,95,73,9,124,63,61,58,42,102,89,61,63,40,11,33,50,38,26,33,26,30,70,34,36,44,52,100,59,82,63,68,73,53,,119,25,47,55,43,31,56,30,98,77,49,81,62,42,99,80,28,51,63,32,32,38,36,24,,80,57,45,89,123,33,47,58,36,57,53,36,99,83,5,83,45,3,10,13,61,40,36,29,33,33,30,137,65,76,,120,91,63,67,34,30,37,16,,27,60,77,103,82,105,43,70,44,39,70,29,,58,,22,,14,63,50,52,48,66,94,60,36,,44,39,82,69,49,48,36,30,48,27,40,41,50,62,46,65,31,20,28,30,34,,47,,54,33,,24,78,55,76,77,86,159,36,,15,52,47,44,,,116,64,65,75,122,6,12,14,9,77,109,93,134,76,88,98,85,79,75,91,56,68,,83,,120,52,104,57,49,40,63,53,80,58,67,50,24,22,1127,978,42,43,92,152,103,70,68,62,42,48,74,78,60,24,42,,42,54,134,116,100,48,82,13,17,17,33,30,84,41,55,71,71,57,35,40,58,93,64,,43,21,46,10,71,61,118,76,50,51,44,41,56,37,72,102,49,48,96,70,111,42,18,4,37,37,65,46,14,39,67,56,90,39,99,33,111,78,26,53,8,8,92,66
20210423,4,PM10_24h,33,43,41,36,38,33,39,44,35,44,41,51,,,42,,45,44,46,,47,,62,45,,39,33,,67,61,71,67,68,64,71,,34,37,,36,48,38,40,41,,38,,70,61,78,61,61,63,71,63,64,70,,66,68,78,27,23,32,21,23,55,46,,47,50,49,50,53,53,,61,70,60,63,78,,51,77,63,70,57,61,,34,34,,,31,31,33,33,69,100,86,,77,74,87,97,92,,83,55,71,39,32,34,44,32,44,46,35,77,64,74,60,55,53,76,58,54,70,91,96,106,,107,100,105,89,86,110,106,97,62,51,53,55,55,,58,44,54,46,62,52,51,53,70,36,57,65,51,54,,51,60,60,50,53,51,47,45,50,50,49,29,,,,59,37,,52,60,54,,,,60,,56,60,71,47,57,55,45,59,89,,,,95,79,,52,54,76,53,60,,50,57,44,41,42,36,49,34,,35,,46,46,,66,58,,78,57,64,,84,82,75,39,43,41,36,,,29,42,51,47,49,64,41,,60,,,60,,93,72,,44,40,48,33,34,36,,62,60,68,66,58,44,55,33,46,53,36,37,51,52,57,51,44,44,32,,50,43,51,53,34,35,44,28,31,12,,31,27,22,,23,56,66,64,,65,65,62,65,20,,,23,22,22,25,22,18,62,68,56,67,66,63,71,66,54,27,28,31,30,28,27,28,,28,30,25,19,24,23,22,21,17,25,22,19,81,75,,72,84,70,90,76,108,76,70,54,57,55,58,46,76,,36,43,50,83,54,55,48,51,70,68,72,62,,46,89,74,54,61,53,47,55,55,53,57,,,79,73,80,90,86,90,66,64,60,58,51,69,43,44,43,38,41,45,52,50,25,27,31,29,30,22,,48,33,54,55,47,54,52,,,30,54,48,52,59,,125,130,95,106,,,137,64,55,73,78,61,79,78,69,73,71,,53,49,105,72,82,88,20,38,53,26,50,29,74,68,109,72,80,65,64,104,,64,64,100,74,,58,33,47,41,,,,49,50,,,,64,66,37,30,29,37,33,,40,26,21,28,29,25,21,22,27,30,27,51,21,26,20,48,,54,46,51,46,41,46,46,46,53,,79,70,79,62,58,59,66,58,43,37,54,56,39,41,41,41,44,33,,36,,34,35,31,30,48,,62,67,,,49,36,33,65,,64,85,56,,52,57,54,52,37,42,27,27,36,38,,,,56,,44,63,,55,63,57,59,23,26,34,31,35,43,,29,,,75,,71,67,70,58,55,54,57,66,,33,31,32,33,37,37,40,52,47,52,60,57,65,45,47,49,65,66,63,43,,49,84,77,,65,67,,70,66,70,65,39,,59,55,,,58,71,,53,,38,50,61,54,84,86,,86,101,,48,48,,48,,78,57,73,,65,54,37,35,34,,52,64,56,82,72,57,31,100,77,77,76,66,104,40,63,66,42,21,55,41,56,46,45,61,66,80,71,78,68,50,108,106,109,,105,157,182,156,186,124,63,55,45,63,51,42,47,42,,53,49,56,,52,49,49,45,42,,51,47,7,,74,,74,109,85,82,59,63,62,,,,58,,52,,99,93,90,,87,84,85,62,55,,47,,53,50,56,50,45,44,,27,32,28,25,24,20,,29,,,24,30,28,18,10,38,58,50,52,30,36,27,35,42,44,43,49,54,47,28,28,41,65,77,80,73,74,92,76,72,,48,61,47,53,47,56,55,50,,,,,72,78,,92,34,47,47,56,41,35,25,30,34,31,38,65,59,55,53,44,,54,65,79,,40,42,,68,52,52,68,53,62,72,66,73,56,59,61,69,,136,143,274,71,48,41,46,16,23,,51,36,97,115,123,53,41,59,59,,19,,24,21,21,24,19,21,19,16,18,,,20,16,41,16,28,32,24,26,25,26,56,,65,62,57,52,52,48,59,60,58,,69,86,61,67,,56,56,55,53,70,67,36,38,,76,76,,59,57,40,56,,,22,51,34,42,49,32,29,31,32,,,76,82,91,93,89,,90,59,57,48,56,72,47,,45,51,54,,,54,57,,44,45,50,,48,,66,56,,,45,59,,,63,62,38,,,68,70,39,36,54,56,44,47,61,40,46,39,39,50,50,65,77,79,77,73,34,28,33,31,,60,51,60,,64,65,73,64,56,42,70,60,57,64,51,126,,,,251,289,305,221,229,167,168,119,126,134,89,743,499,668,517,508,,,265,96,,92,146,135,,69,49,49,,46,51,48,,51,58,51,54,36,36,42,37,56,63,53,56,55,49,35,34,,26,33,36,33,65,61,,35,,40,,,,48,45,38,48,40,44,,42,,44,42,44,40,34,43,48,29,46,44,62,34,12,26,29,27,61,61,76,53,37,,37,28,31,31,31,32,10,49,30,32,34,32,39,42,,,22,25,25,25,23,45,58,51,51,57,50,44,38,46,38,,39,43,36,39,34,34,37,32,51,59,56,,98,85,89,,83,71,79,59,,59,57,45,,55,54,56,57,54,50,46,49,47,45,44,46,50,,59,58,56,34,46,,46,50,50,34,26,33,38,43,44,42,35,36,,36,32,38,,30,25,,30,18,26,22,,27,20,25,28,41,34,32,31,27,31,35,31,36,29,39,37,36,30,38,33,31,41,40,42,44,43,41,44,40,41,48,12,19,17,27,31,15,22,22,26,24,12,18,13,68,55,74,65,53,40,47,36,36,49,66,69,72,60,49,50,50,69,59,56,58,42,51,84,50,45,57,46,29,36,,30,53,43,32,42,36,51,53,51,69,75,74,70,48,90,,,34,31,34,,42,45,44,38,60,58,,55,42,52,,,,,40,46,52,55,45,24,27,42,,24,31,40,52,49,68,50,55,62,59,71,,,,,24,17,70,70,50,49,35,,38,65,58,54,60,22,44,34,73,71,58,71,46,50,,65,68,62,62,97,81,52,47,97,,66,66,,28,4,,32,43,,,43,,9,,22,16,21,31,26,31,43,51,39,,16,25,23,23,,34,31,16,28,33,123,,126,113,29,32,272,291,,33,30,20,22,14,,78,73,40,,38,41,34,29,38,27,84,,60,72,,81,31,27,28,768,600,336,292,13,,26,30,27,72,77,214,106,125,105,,,,32,31,25,,11,37,36,39,57,36,80,74,27,51,41,80,49,,58,99,46,46,36,64,62,,26,,46,54,130,30,75,73,321,11,58,113,81,37,81,17,,,51,55,80,45,,66,66,81,35,,54,44,,,27,83,98,42,45,56,51,27,27,88,29,59,44,51,40,,46,49,,88,72,67,57,14,31,72,38,67,60,25,22,24,41,77,72,35,37,41,60,38,29,50,52,54,58,51,52,20,38,72,50,52,46,90,74,28,32,32,62,55,89,44,37,34,51,54,103,,41,36,44,73,29,32,24,,,51,57,58,43,35,17,39,67,67,157,95,40,54,46,40,57,60,35,,76,52,43,65,69,,217,61,35,49,44,48,52,49,66,37,48,46,51,72,47,32,,56,,52,38,38,47,46,77,101,97,84,91,82,72,47,61,69,53,73,48,95,,50,82,81,73,49,49,24,25,35,43,68,44,71,47,35,36,91,98,44,47,,112,89,109,93,141,278,37,53,41,27,60,33,32,45,25,36,30,103,112,75,70,68,17,56,56,30,32,56,30,22,65,53,65,77,52,63,67,57,25,38,38,23,28,24,40,52,56,40,52,68,64,43,61,50,58,47,45,,53,32,39,51,40,50,64,45,67,77,56,54,58,53,59,47,16,43,45,37,35,38,26,30,,78,62,51,88,62,50,54,46,43,49,46,54,83,66,16,76,51,32,32,24,54,46,46,42,35,26,45,71,53,65,,100,101,56,53,156,56,42,19,,47,58,81,87,82,72,60,69,45,48,31,28,,41,,37,,24,29,50,70,59,48,55,41,44,,27,55,84,42,34,37,37,38,58,35,49,49,57,48,41,63,39,27,31,39,34,,42,,39,34,,31,64,46,67,68,84,86,49,,42,63,48,36,,,97,56,58,75,75,29,32,34,38,63,91,50,73,62,91,86,64,66,61,56,57,71,,64,,89,50,83,59,54,55,27,68,44,53,64,67,14,26,1246,1086,43,44,65,78,86,92,67,61,62,65,76,84,47,58,70,,51,44,99,83,279,73,79,19,18,49,45,24,60,58,80,74,42,59,36,25,59,54,58,,93,94,29,81,48,45,85,52,47,40,35,45,35,36,82,49,68,50,221,59,102,19,41,34,44,38,40,37,37,35,62,44,76,71,202,50,133,43,51,58,9,19,66,39
20210423,4,SO2,3,3,3,3,3,2,3,3,1,4,1,3,,,5,,5,6,6,,5,,4,4,,6,2,,8,9,3,8,5,10,7,,6,12,,6,14,6,10,2,,3,,12,6,6,6,14,3,8,7,11,5,,7,6,5,3,6,8,5,6,5,6,,5,3,6,3,11,10,,3,3,4,3,7,,5,10,17,8,5,5,,8,5,,,6,6,8,7,7,12,14,,12,9,11,8,4,,12,4,5,4,9,4,8,8,7,4,5,8,6,6,9,7,6,6,6,10,5,19,28,20,,15,14,12,17,16,25,20,14,5,6,4,8,6,,3,10,8,8,11,3,9,4,5,1,7,2,1,6,,5,7,5,6,6,8,2,5,12,14,9,7,,,,8,6,,8,13,5,,,,4,,6,5,4,6,6,6,11,4,7,,,,3,7,,5,3,3,3,4,,5,7,3,14,5,29,3,3,,5,,6,6,,5,5,,8,6,2,,5,5,5,6,11,8,7,,,7,12,15,5,3,5,5,,4,,,3,,8,8,,4,3,4,4,4,5,,5,4,5,7,5,7,5,4,5,5,5,3,5,5,8,8,3,5,3,,5,6,4,3,2,4,8,3,3,2,,6,4,3,,7,6,6,5,,5,4,5,6,5,,,5,4,5,6,4,4,10,11,6,6,6,5,10,8,6,6,6,5,4,6,7,4,,4,6,10,5,4,6,5,6,5,8,5,9,8,9,,8,12,9,7,8,6,6,5,4,6,8,6,6,5,,5,5,6,9,10,9,6,6,6,5,6,8,,9,17,31,7,6,4,4,5,8,6,7,,,13,7,7,10,10,11,10,12,23,14,8,16,5,5,8,5,5,7,5,7,3,3,4,3,3,9,,14,7,9,7,14,10,5,,,9,9,4,4,9,,9,11,6,8,,,11,24,7,7,9,9,7,5,5,8,6,,14,28,12,13,19,22,3,4,4,4,4,5,9,5,5,8,6,7,5,8,,7,7,5,6,,6,4,5,7,,,,8,5,,,,22,22,5,4,3,5,4,,4,6,2,5,6,5,4,5,5,5,6,5,5,4,2,9,,29,6,13,13,9,9,8,8,8,,4,5,5,8,12,8,6,10,10,8,44,8,14,10,5,6,6,4,,2,,6,6,5,5,3,,4,6,,,10,5,5,6,,3,6,9,,53,14,22,14,4,7,6,5,8,11,,,,8,,5,11,,8,6,6,8,5,5,3,3,2,4,,5,,,8,,8,6,5,4,7,7,10,9,,5,5,5,7,4,7,6,6,29,11,4,5,12,9,8,8,6,6,6,6,,7,6,6,,13,9,,6,8,14,8,6,,10,11,,,6,8,,6,,20,15,13,16,9,9,,9,9,,2,5,,2,,6,10,8,,12,9,8,13,5,,6,6,7,6,6,5,6,15,18,10,12,7,13,11,10,11,3,9,11,11,7,25,16,8,17,26,15,24,15,5,4,7,5,,4,6,9,7,8,5,2,4,7,12,5,5,3,3,,9,4,7,,5,5,4,4,6,,5,4,4,,3,,5,3,3,1,31,16,22,,,,7,,5,,6,5,6,,17,8,15,5,4,,5,,6,6,5,6,6,5,,12,8,12,6,5,11,,8,,,5,1,2,1,2,5,4,4,6,10,6,5,5,8,5,5,6,7,5,3,4,5,11,15,,19,13,14,8,10,,18,9,23,8,7,14,13,16,,,,,5,7,,6,5,8,4,2,1,17,6,6,6,9,5,4,5,6,5,7,,4,11,8,,3,2,,24,5,4,5,4,5,9,4,4,10,14,11,8,,7,7,28,16,14,11,13,1,4,,5,3,3,4,2,24,17,4,4,,5,,8,6,6,4,4,7,6,8,4,,,6,10,8,9,6,4,3,3,4,4,7,,8,6,6,7,10,9,6,5,6,,2,3,11,8,,11,8,7,7,5,5,6,9,,3,5,,2,5,6,7,,,5,4,6,5,5,7,5,6,5,,,3,6,3,5,4,,4,7,8,13,10,8,7,,7,6,4,,,3,4,,10,9,9,,11,,11,12,,,5,5,,,10,7,16,,,2,4,6,8,5,7,5,12,10,11,24,10,12,10,11,10,2,3,3,5,8,8,8,7,,6,9,12,,13,9,26,15,4,3,9,8,7,9,9,9,,,,9,10,9,10,32,12,10,9,10,5,6,6,6,10,12,10,,,8,4,,2,6,16,,8,10,8,,6,9,10,,5,6,3,6,3,2,1,6,7,13,6,18,5,7,7,9,,4,3,3,6,6,5,,4,,7,,,,5,5,6,6,6,5,,10,,6,14,6,6,3,6,3,3,2,6,4,3,,7,2,5,5,9,11,3,4,,3,4,8,9,5,5,12,36,21,17,15,17,28,29,,,7,9,8,6,8,4,6,9,12,17,15,10,9,28,11,,7,8,11,5,6,7,5,4,21,22,42,,121,10,10,,12,7,8,5,,3,4,8,,5,14,16,8,19,8,8,8,8,8,8,12,3,,5,6,5,11,10,,13,12,7,4,4,7,6,6,4,9,4,3,,7,3,4,,4,3,,7,7,8,7,,7,6,5,6,7,7,6,6,6,6,10,9,9,6,15,7,1,2,2,1,3,5,4,4,4,2,6,5,5,8,8,4,6,5,5,1,3,3,4,3,3,6,11,7,17,9,6,8,5,10,7,4,5,9,4,3,7,4,5,5,3,12,12,7,6,8,6,7,12,13,11,6,5,5,,6,3,9,10,7,4,8,5,8,7,19,17,16,9,18,,,6,9,6,,5,12,14,13,6,7,,5,5,8,,,,,5,5,9,6,8,13,16,12,,6,7,15,14,19,9,2,3,5,4,5,,,,,3,5,6,8,6,10,3,,4,6,5,7,5,5,6,7,6,5,9,10,9,11,,12,8,5,4,,11,5,7,4,,12,8,,18,8,,8,4,,,3,,8,,11,8,4,5,5,7,5,15,12,,5,4,4,17,,15,15,9,9,7,9,,5,10,5,8,4,3,,5,5,4,13,20,,4,5,1,,11,3,16,14,10,16,8,,5,10,,11,6,3,5,4,5,2,2,5,,5,2,9,4,5,5,3,5,3,,,,5,6,5,,2,4,4,3,28,4,10,8,6,3,4,7,6,,12,12,9,4,10,9,3,,8,,8,5,10,9,16,30,27,15,8,8,9,6,4,4,,,4,6,6,4,,6,11,15,8,,4,4,,,8,11,3,7,10,7,10,8,11,6,11,14,10,8,4,,7,4,,6,10,5,12,2,10,3,4,6,7,14,5,1,4,9,13,8,17,4,2,2,8,4,9,6,6,5,3,5,11,5,7,13,5,6,15,7,8,5,23,6,19,12,11,5,6,8,6,,6,4,5,9,14,3,3,,,8,6,10,6,5,7,8,3,7,8,11,27,5,10,3,5,4,3,,12,8,10,10,11,,17,3,6,4,2,6,4,2,4,6,2,21,9,15,8,8,,11,,4,3,4,4,5,6,8,7,7,13,11,10,6,5,4,10,7,8,11,,9,6,9,20,5,2,5,1,11,7,7,3,7,4,2,4,7,6,6,6,,4,3,5,6,13,10,15,29,6,9,8,10,10,9,7,11,7,7,7,9,8,15,4,7,11,6,4,7,5,6,4,3,8,12,4,29,5,3,4,6,6,7,5,7,9,18,6,10,2,24,8,4,5,8,6,32,3,,5,3,3,19,22,1,7,2,7,6,3,8,7,5,6,3,9,4,3,3,4,8,4,6,,8,8,6,8,5,10,8,11,6,6,6,5,4,8,10,19,4,2,5,8,6,6,6,4,3,5,4,6,9,6,,3,5,20,16,4,9,9,8,,7,10,7,7,8,15,9,7,7,5,5,8,,10,,7,,5,5,5,6,6,10,42,5,9,,7,16,4,8,6,5,3,6,6,5,11,3,8,10,10,7,6,3,6,3,3,,6,,7,5,,6,11,8,17,2,5,6,4,,8,23,21,9,,,6,8,3,10,3,4,3,2,6,6,4,6,4,5,6,9,3,6,6,8,7,7,,6,,10,5,4,8,28,13,5,4,8,6,8,4,6,5,9,6,3,8,4,12,4,19,6,8,7,5,10,10,6,6,10,,18,5,3,2,8,8,6,4,7,10,2,8,9,6,10,6,4,6,4,8,4,9,8,,3,5,11,4,4,4,35,3,3,3,3,3,3,16,4,12,5,10,13,49,3,8,6,7,2,3,3,2,6,5,7,5,10,4,6,10,7,10,12,12,8,7,11,8
20210423,4,SO2_24h,2,2,2,2,3,3,2,3,2,3,2,2,,,5,,5,6,6,,5,,4,3,,6,2,,5,8,3,6,2,8,8,,5,11,,6,12,6,10,5,,3,,9,4,5,8,11,5,8,9,11,6,,8,8,6,5,8,11,7,7,5,6,,6,5,7,3,11,9,,4,5,5,5,7,,6,8,6,7,5,6,,7,6,,,6,8,8,7,13,21,22,,18,14,19,17,14,,21,5,5,4,10,5,8,8,7,4,5,10,6,7,10,8,7,8,8,12,7,19,22,20,,20,15,16,21,14,24,17,16,5,6,4,9,6,,3,8,8,7,11,5,9,4,6,1,3,4,2,7,,3,6,4,6,6,7,2,5,11,12,9,7,,,,8,6,,6,11,5,,,,5,,6,4,4,5,6,5,6,4,6,,,,9,7,,5,5,6,3,4,,6,4,13,7,4,9,3,2,,5,,4,4,,5,5,,5,6,3,,5,4,5,6,9,5,7,,,5,8,8,5,4,6,6,,4,,,4,,8,8,,4,4,4,4,4,6,,6,4,6,6,5,6,5,5,4,5,5,3,5,5,7,9,3,5,3,,6,6,4,4,3,4,12,3,6,2,,5,2,4,,5,7,7,6,,7,5,6,7,5,,,5,4,5,6,4,4,7,8,6,5,5,6,8,6,7,6,6,5,5,6,7,5,,4,6,8,3,3,5,4,6,5,7,5,7,9,11,,8,10,9,8,10,7,7,6,4,6,8,6,7,5,,6,5,5,9,7,9,7,6,8,6,7,8,,8,13,14,6,5,5,5,6,9,6,8,,,11,9,8,10,11,11,10,12,15,15,12,14,5,4,8,5,3,8,5,9,4,3,3,3,4,9,,7,7,9,9,9,11,5,,,6,5,4,4,7,,11,9,7,7,,,15,9,6,8,9,10,6,7,5,7,7,,10,16,12,10,21,17,3,4,4,4,5,5,12,7,6,9,8,8,6,8,,9,7,6,7,,6,4,6,7,,,,11,16,,,,14,15,5,4,3,6,4,,4,6,2,5,3,5,4,5,5,5,4,3,5,5,5,9,,17,10,13,15,9,9,7,6,7,,7,8,7,12,12,9,8,11,11,8,40,6,9,8,5,5,4,5,,3,,5,4,4,5,3,,5,7,,,10,5,5,7,,3,7,7,,18,12,17,8,5,8,7,5,10,12,,,,6,,7,8,,6,7,7,10,5,4,3,3,3,5,,6,,,11,,12,9,6,9,11,10,15,12,,4,5,6,6,4,6,6,5,8,6,5,6,10,9,8,9,7,7,8,5,,5,6,8,,16,15,,8,10,12,7,9,,18,11,,,5,3,,7,,17,13,14,15,9,9,,10,9,,3,6,,4,,7,9,8,,12,10,8,15,7,,9,8,10,9,9,7,6,21,16,14,15,11,21,11,12,34,5,8,12,14,10,13,17,11,14,15,11,13,11,5,3,7,5,,4,9,12,10,10,6,3,5,7,10,6,6,4,4,,11,4,15,,8,7,6,6,7,,7,5,4,,3,,4,3,3,2,6,10,11,,,,7,,6,,5,4,6,,8,7,9,4,2,,4,,6,7,5,7,5,5,,10,8,12,6,5,8,,7,,,5,3,2,1,2,4,5,4,7,9,6,5,4,5,5,4,5,7,5,4,5,6,12,16,10,14,13,9,10,8,,25,19,17,8,11,15,14,14,,,,,5,6,,7,6,6,7,3,2,12,10,6,6,7,6,5,8,6,6,7,,5,15,7,,3,2,,7,5,4,5,4,4,5,4,4,9,12,8,5,,17,109,19,26,20,16,9,1,4,,5,3,3,5,1,17,8,5,5,,5,,8,5,5,4,4,8,6,9,5,,,6,10,8,10,7,5,4,3,5,5,7,,8,6,5,7,8,8,5,5,6,,4,5,10,8,,9,7,8,7,6,6,5,7,,5,5,,2,5,13,21,,,4,4,5,4,5,6,4,6,5,,,5,6,4,5,4,,4,6,8,10,8,9,7,,7,6,8,,,4,5,,11,8,12,,12,,13,17,,,8,4,,,12,9,18,,,3,5,6,8,7,8,6,17,16,10,25,13,11,13,12,12,6,8,8,10,8,9,7,10,,6,9,14,,20,19,15,12,5,5,11,8,7,8,10,13,,,,21,20,16,14,20,12,11,8,18,15,8,18,16,19,21,24,,,21,4,,5,12,13,,10,8,7,,8,7,11,,6,5,3,6,3,1,2,6,8,13,5,14,11,9,5,8,,4,3,3,6,6,6,,4,,7,,,,5,4,6,6,4,4,,8,,9,8,6,6,4,6,4,4,6,8,7,6,2,5,3,7,7,8,9,5,4,,4,4,7,8,17,8,15,15,12,12,7,7,12,14,,,4,12,10,7,8,4,8,7,4,16,8,10,11,9,15,,9,12,11,11,9,9,8,7,19,22,27,,16,13,9,,12,9,9,5,,3,5,8,,6,7,9,5,10,8,8,8,7,8,3,4,3,,5,6,5,10,10,,9,12,7,3,4,7,6,6,6,8,5,6,,4,4,3,,5,4,,8,7,7,6,,7,5,6,6,7,7,9,6,6,8,13,12,10,8,11,10,1,2,2,6,1,6,6,7,7,6,9,10,6,7,9,4,6,6,5,2,3,3,4,3,3,6,10,8,15,9,8,8,9,9,9,7,7,8,5,5,9,5,4,15,14,22,18,7,8,10,6,8,22,8,13,8,11,10,,14,7,12,12,10,8,11,9,11,6,10,7,9,10,12,,,8,13,10,,8,18,16,13,6,7,,6,6,9,,,,,6,5,8,7,7,12,13,12,,8,9,15,12,12,11,3,3,5,4,5,,,,,4,7,11,12,6,10,3,,5,7,6,8,8,5,6,8,6,6,10,10,13,14,,11,9,10,4,10,10,5,8,7,,27,8,,13,8,,10,6,,,4,,8,,11,8,6,6,6,8,4,11,9,,5,9,11,11,,17,17,8,9,9,8,,4,6,3,5,5,5,,5,5,4,14,17,,6,7,13,,13,6,17,22,12,18,11,,9,12,,12,5,3,5,4,6,10,10,5,,6,3,10,5,5,5,3,5,4,,,,4,5,4,,2,4,5,3,10,5,9,9,5,3,5,5,7,,13,23,11,5,7,9,4,,6,,8,6,16,8,15,14,25,10,7,17,16,10,6,4,,,5,6,6,4,,9,15,14,8,,3,5,,,8,11,5,7,8,6,6,8,7,7,3,6,12,9,6,,6,4,,7,14,5,11,3,15,4,4,6,4,10,4,3,3,12,24,9,14,4,3,3,8,3,8,7,7,5,5,5,13,7,8,10,5,8,10,6,9,5,7,6,13,16,13,4,7,9,5,,4,5,4,8,13,3,4,,,7,5,9,6,5,8,6,5,8,7,8,10,7,9,4,5,6,4,,14,7,9,17,19,,27,2,5,4,2,5,4,3,5,6,2,15,11,18,11,9,,8,,3,2,4,6,6,7,8,7,7,12,10,8,6,4,5,8,8,8,9,,7,8,8,10,6,3,6,2,11,8,6,2,8,4,3,5,7,7,6,7,,5,2,7,8,27,24,12,14,11,8,9,11,10,9,7,8,8,7,7,10,10,8,4,5,8,4,7,8,4,5,2,3,6,9,7,9,20,6,17,7,6,8,5,6,7,7,7,6,4,20,7,5,4,7,6,18,2,,6,2,2,13,23,3,7,3,7,5,3,7,7,5,6,3,9,5,3,2,4,8,4,5,,7,9,6,9,4,6,8,9,7,6,5,6,5,8,11,12,4,4,6,8,6,6,6,4,3,4,4,6,6,8,,5,7,8,8,36,11,10,7,,8,12,8,8,8,16,8,8,8,5,2,10,,7,,7,,5,5,6,8,6,10,15,6,15,,7,24,6,8,7,7,4,6,9,6,12,4,9,10,12,12,6,2,5,11,8,,5,,6,2,,6,9,6,14,3,6,6,4,,7,25,16,7,,,7,8,2,9,2,3,6,5,7,8,7,7,4,4,6,9,4,9,6,9,6,7,,5,,15,5,3,6,21,10,5,4,9,8,8,5,6,6,6,8,3,11,6,13,3,20,5,8,10,8,11,8,12,17,22,,15,4,2,2,20,9,8,4,6,9,7,8,7,11,12,8,4,6,4,8,4,7,8,,4,9,9,3,5,2,6,5,3,3,2,2,3,12,6,6,5,10,37,23,7,6,6,7,2,2,2,3,7,5,8,5,7,6,10,9,10,7,11,8,8,6,10,8
20210423,4,NO2,43,11,65,52,75,43,62,32,11,20,71,48,,,17,,16,13,23,,14,,17,20,,15,11,,33,47,33,19,30,30,11,,10,20,,16,13,8,6,9,,15,,29,15,28,44,38,56,64,48,38,28,,21,24,37,33,14,17,18,14,33,66,,51,17,12,17,33,36,,34,13,43,37,82,,15,43,45,84,76,62,,29,48,,,59,23,14,16,10,22,21,,14,29,15,19,15,,28,17,18,6,9,10,10,9,6,6,9,39,19,28,15,16,18,17,17,17,41,53,79,26,,55,31,35,48,68,55,21,64,52,55,50,68,40,,55,43,38,48,28,19,3,20,4,16,12,12,11,18,,51,51,42,35,54,57,37,39,29,51,33,22,,,,18,15,,14,24,18,,,,20,,55,54,52,52,59,55,52,49,44,,,,55,51,,11,20,14,12,10,,14,16,25,33,22,31,13,20,,17,,22,18,,67,34,,79,19,56,,44,91,51,14,54,46,42,,,43,42,45,43,40,49,25,,34,,,68,,38,29,,17,24,13,7,5,5,,26,30,33,41,37,22,27,19,13,20,17,11,14,14,16,16,19,14,5,,32,33,47,40,16,14,15,16,18,8,,18,19,5,,16,15,15,5,,16,10,8,13,7,,,17,14,8,15,14,12,81,80,71,64,71,68,65,82,29,18,27,26,24,27,28,65,,11,17,27,28,23,24,14,15,12,18,22,8,38,45,,59,69,36,84,49,62,56,53,10,22,23,38,17,103,,22,39,80,40,27,30,12,19,26,31,25,26,,11,52,51,21,16,13,11,6,12,14,12,,,66,45,42,52,42,58,81,67,48,64,20,47,11,9,11,11,16,17,25,28,13,10,13,9,7,11,,51,26,54,59,52,60,43,,,32,64,71,37,64,,32,32,45,34,,,28,4,7,38,5,7,6,8,24,20,4,,25,33,93,33,41,68,5,2,8,6,10,5,58,63,58,64,65,63,68,58,,64,57,52,54,,47,16,29,46,,,,18,9,,,,19,14,16,16,12,14,15,,10,10,28,14,19,13,26,33,23,30,28,4,23,27,5,39,,28,49,36,22,14,33,25,53,11,,30,25,25,6,4,8,4,15,14,12,27,22,29,28,16,12,24,11,,6,,31,27,26,34,32,,19,19,,,14,16,21,17,,9,16,19,,27,23,17,19,14,9,8,8,9,9,,,,26,,21,23,,37,37,26,27,20,12,11,9,10,13,,14,,,33,,23,33,57,10,8,13,13,15,,11,12,17,23,7,8,22,20,12,14,39,30,29,16,12,14,54,42,22,12,,15,32,32,,15,19,,10,10,15,16,12,,30,23,,,36,23,,45,,28,18,33,41,18,8,,13,11,,17,17,,14,,34,49,44,,34,20,5,5,4,,8,8,15,5,8,4,5,10,22,12,13,15,28,12,19,25,8,14,9,14,16,16,21,14,27,31,23,35,25,13,11,12,14,,7,17,17,14,16,24,10,12,9,9,7,19,17,21,,22,21,21,,14,12,14,16,14,,41,25,2,,28,,29,41,27,30,24,20,18,,,,38,,37,,16,29,4,,55,44,34,13,16,,16,,21,21,13,17,37,33,,30,51,45,21,13,21,,14,,,6,14,10,7,8,12,13,8,14,11,7,7,7,35,46,42,44,43,38,3,3,20,32,45,42,16,26,17,22,12,,30,8,28,13,18,26,38,23,,,,,47,38,,33,18,13,12,16,5,11,4,4,8,12,6,20,11,56,58,60,,9,11,34,,39,41,,64,6,24,32,26,19,25,19,21,23,31,27,33,,11,7,19,12,12,7,17,3,5,,12,6,1,11,4,13,18,12,12,,10,,13,19,19,14,10,4,2,13,8,,,12,19,10,11,15,13,9,6,6,7,29,,36,71,57,68,62,69,50,59,75,,8,22,59,62,,43,49,15,15,21,19,47,48,,29,29,,34,35,8,34,,,24,14,16,11,19,34,19,29,30,,,38,16,15,19,16,,11,49,49,76,73,47,22,,37,39,7,,,15,9,,41,36,73,,74,,10,12,,,14,10,,,7,11,10,,,12,10,18,26,5,5,5,48,12,9,10,28,9,16,23,16,31,36,23,17,14,4,6,15,,11,13,10,,6,10,28,28,7,7,3,17,6,6,6,35,,,,18,18,25,22,30,20,24,18,14,13,9,17,11,26,20,20,,,18,8,,5,10,18,,7,23,31,,28,41,14,,14,11,13,14,24,6,9,8,28,18,25,32,58,20,5,8,,4,12,11,10,14,16,,9,,13,,,,5,13,17,11,19,12,,13,,16,17,23,42,14,38,18,12,33,19,24,14,2,22,18,22,20,30,38,34,14,,10,11,16,15,13,13,8,33,22,24,18,15,22,28,,,14,14,16,18,16,4,18,14,14,8,7,8,6,5,13,,14,9,14,6,4,7,9,4,30,32,44,,40,59,42,,46,19,26,24,,27,26,43,,46,23,22,22,26,14,13,35,16,20,34,26,33,,12,13,15,36,34,,30,31,7,9,13,11,17,19,18,27,19,17,,17,18,18,,8,15,,7,18,19,15,,14,12,22,6,20,16,8,13,7,9,5,8,6,10,4,8,10,13,21,8,16,13,16,12,9,7,7,3,5,7,8,4,1,13,7,4,3,7,7,9,8,3,6,2,39,36,38,37,35,9,12,8,14,36,14,20,26,31,12,7,6,11,11,26,26,18,21,33,11,13,11,13,38,42,,38,16,6,7,10,8,14,8,13,21,31,32,29,26,50,,,8,9,4,,24,41,21,16,30,45,,27,7,15,,,,,7,18,14,17,16,17,6,36,,64,6,6,8,16,9,5,6,5,5,5,,,,,2,2,7,7,7,10,21,,2,6,6,19,9,3,5,6,16,55,13,14,54,51,,5,10,7,8,32,41,13,8,37,,12,22,,12,27,,4,18,,,5,,5,,5,5,5,3,5,16,69,82,78,,5,4,3,14,,17,40,9,37,17,19,,13,12,21,28,6,6,,15,10,6,11,15,,33,29,21,,13,6,16,18,11,11,14,,11,21,,,16,12,14,9,11,4,4,4,,8,2,5,42,33,6,1,2,2,,,,10,12,4,,7,14,21,6,25,18,20,46,21,12,13,29,28,,78,30,9,18,49,31,45,,6,,24,16,37,18,63,54,20,8,14,22,12,16,20,6,,,50,31,42,12,,17,20,13,7,,25,15,,,32,41,35,15,19,14,24,28,18,55,36,76,16,37,12,,20,19,,62,9,9,15,3,29,12,14,5,14,11,14,9,15,16,27,17,11,7,10,4,50,25,8,5,5,3,3,7,42,33,4,80,46,26,51,26,32,38,17,52,48,32,16,23,14,55,38,,37,3,21,54,8,23,21,,,53,17,26,10,25,2,44,21,30,12,50,31,14,21,6,39,30,15,,17,51,23,44,54,,26,70,61,66,25,50,59,68,59,29,37,32,22,12,20,11,,26,,27,39,20,13,21,49,79,60,65,47,56,54,12,66,44,16,13,46,67,,16,22,70,15,21,20,22,17,18,20,13,14,14,16,24,17,37,21,48,39,,59,36,10,11,12,18,20,22,8,10,29,7,18,50,2,42,10,42,30,32,13,29,18,20,30,27,17,22,30,25,29,18,54,45,14,22,40,6,26,25,20,7,8,5,17,52,11,11,18,17,30,28,51,43,40,53,10,,22,24,12,52,22,16,21,12,36,14,20,52,50,22,52,33,21,15,24,7,18,17,22,5,,30,12,21,61,64,12,26,24,8,29,12,14,32,41,11,21,21,5,22,15,17,19,35,15,6,10,23,68,58,50,,55,11,22,59,13,5,26,9,,36,25,27,51,26,35,30,23,16,9,23,17,,21,,20,,5,18,16,35,24,18,15,32,16,,15,14,27,55,44,11,18,17,28,8,10,10,21,24,7,8,2,13,4,9,10,,32,,28,6,,3,28,15,41,24,22,32,40,,37,20,21,2,,,66,39,47,26,58,7,21,36,18,31,32,59,62,56,36,42,51,33,28,46,52,35,,32,,36,17,24,37,48,20,28,27,51,59,31,31,5,4,1,3,29,36,61,58,12,10,14,40,14,21,52,62,39,7,35,,33,12,35,31,18,14,57,17,11,12,19,21,42,11,13,14,39,20,10,12,56,76,23,,6,6,44,2,8,17,23,7,27,41,53,10,68,42,18,28,12,38,33,40,37,18,8,11,36,11,49,50,16,62,10,14,22,9,27,12,27,40,10,26,10,2,22,17
20210423,4,NO2_24h,26,20,30,25,39,27,37,31,19,28,38,38,,,26,,27,25,24,,27,,36,26,,25,21,,25,21,28,20,18,24,15,,29,37,,37,36,26,28,36,,33,,28,19,24,29,34,30,30,25,33,25,,22,23,30,32,22,27,14,17,25,30,,29,26,19,25,23,25,,19,22,29,25,49,,17,33,31,42,36,34,,22,23,,,24,19,23,16,21,36,37,,27,34,33,42,42,,39,34,42,17,21,20,29,21,11,25,15,46,33,42,34,35,18,22,36,26,34,29,33,27,,31,34,40,34,40,30,24,40,36,46,39,45,36,,40,20,29,30,40,40,22,42,36,31,28,36,34,31,,50,50,45,40,52,47,42,58,43,42,47,17,,,,27,21,,18,31,26,,,,40,,25,55,47,21,52,46,33,66,48,,,,47,48,,12,32,30,35,31,,38,18,28,26,19,30,21,27,,20,,21,21,,48,34,,64,24,47,,52,65,49,28,45,34,45,,,16,35,31,38,31,46,28,,29,,,60,,45,42,,22,25,30,21,14,21,,31,39,30,40,34,15,20,22,24,28,26,16,23,22,28,27,34,20,13,,25,22,20,23,13,19,25,25,44,15,,22,23,6,,16,31,26,26,,29,25,31,22,9,,,20,19,12,14,16,16,34,31,26,30,33,29,30,40,19,23,26,27,36,33,29,30,,18,14,27,19,23,13,12,20,18,14,21,10,43,38,,53,59,40,56,44,70,48,34,16,26,35,30,27,48,,14,21,36,32,20,26,13,14,33,29,30,30,,12,51,37,18,19,16,13,16,21,20,19,,,45,37,44,30,30,37,30,31,42,36,22,26,12,13,14,9,11,22,25,24,10,11,15,7,8,12,,38,28,45,46,36,46,35,,,28,54,47,38,48,,45,48,48,43,,,63,16,13,33,10,11,14,22,25,26,12,,22,14,47,39,42,49,9,5,11,9,19,5,37,50,40,48,46,49,43,46,,32,37,47,38,,41,12,32,36,,,,20,15,,,,27,25,24,27,11,19,16,,12,14,28,19,17,18,22,24,19,24,24,4,18,28,7,29,,26,33,22,27,19,20,21,20,16,,40,44,38,21,19,17,27,30,31,24,32,36,34,38,19,14,15,13,,15,,29,30,33,28,23,,17,19,,,18,20,25,29,,26,32,27,,23,17,14,22,10,21,14,14,16,15,,,,28,,28,14,,28,27,29,33,22,16,15,18,21,29,,15,,,34,,32,20,32,22,19,16,20,18,,10,8,11,8,11,6,11,13,13,10,25,28,35,9,8,9,30,27,19,8,,10,41,39,,18,19,,14,17,17,18,16,,30,20,,,29,24,,24,,24,22,27,30,26,23,,25,23,,29,32,,24,,29,31,27,,28,26,15,14,16,,22,18,31,26,20,18,8,27,33,25,28,19,40,14,24,38,20,19,16,33,37,32,36,30,26,32,27,27,29,11,12,14,12,,7,38,44,34,42,27,15,18,14,16,13,34,34,39,,35,36,39,,21,26,31,39,25,,38,30,6,,26,,24,24,19,24,24,21,30,,,,25,,22,,17,25,11,,30,32,19,14,18,,16,,32,29,23,27,24,24,,27,30,28,16,21,16,,19,,,8,14,16,11,7,12,27,13,21,8,10,7,6,14,20,20,22,28,24,5,8,20,38,41,40,30,42,39,39,32,,31,26,44,18,18,35,30,31,,,,,31,44,,40,16,22,20,18,19,18,13,10,14,9,16,18,20,35,33,33,,21,29,37,,26,24,,33,11,22,29,28,27,24,25,28,29,36,34,37,,14,17,22,23,22,15,23,5,7,,15,7,6,12,7,17,23,29,29,,15,,12,17,17,23,19,6,5,18,12,,,9,13,15,16,19,20,17,17,12,12,41,,45,43,34,44,31,44,46,49,41,,29,35,57,53,,37,38,35,34,34,30,20,22,,47,41,,35,38,14,31,,,24,20,15,16,24,16,9,16,10,,,29,17,18,18,21,,15,33,32,29,32,35,21,,25,28,11,,,15,14,,22,27,46,,40,,17,21,,,20,13,,,10,14,12,,,12,12,12,15,8,8,7,31,21,12,25,22,14,22,26,25,25,28,30,25,17,12,17,17,,19,24,26,,24,33,27,26,17,14,8,23,12,14,10,35,,,,55,50,73,48,36,29,31,19,31,28,13,79,63,96,89,90,,,50,17,,12,24,27,,15,17,37,,35,38,28,,21,16,19,21,26,10,12,16,34,22,31,46,37,23,14,16,,5,16,14,19,27,31,,18,,20,,,,11,21,18,18,17,16,,21,,24,19,28,18,12,22,12,11,27,27,29,12,2,12,11,10,27,32,36,26,13,,16,6,16,16,20,16,7,16,18,22,13,11,16,20,,,12,11,15,15,15,7,19,18,18,15,11,11,10,10,16,,18,17,16,8,10,12,12,8,23,22,28,,21,38,36,,27,22,27,24,,23,24,21,,25,14,18,14,12,15,14,15,15,13,26,24,25,,13,15,14,29,23,,30,27,7,14,15,15,19,24,21,20,24,23,,30,28,25,,10,15,,13,10,17,17,,12,15,17,10,18,13,11,16,6,12,12,10,12,15,12,16,4,15,15,13,20,15,18,13,12,12,12,10,14,10,17,5,6,8,8,6,5,10,11,11,12,5,9,10,31,34,32,31,26,12,19,15,15,21,23,22,26,28,11,12,13,10,14,23,24,13,14,25,15,12,11,14,26,36,,34,21,21,15,22,25,24,19,29,20,25,27,26,20,42,,,10,16,12,,26,33,28,28,39,36,,37,13,27,,,,,13,23,26,31,26,13,10,25,,30,7,12,11,13,24,7,10,6,9,10,,,,,8,10,19,22,12,14,23,,4,10,11,16,17,5,9,9,22,37,14,15,21,22,,7,9,10,9,37,37,13,11,34,,11,18,,11,6,,9,25,,,10,,5,,8,7,8,11,12,24,23,36,29,,4,8,10,17,,20,19,6,22,14,23,,16,16,23,31,17,17,,14,12,11,15,11,,29,36,21,,15,9,19,18,14,13,20,,19,23,,25,18,13,14,13,15,15,13,4,,12,6,11,17,27,4,5,3,2,,,,8,10,6,,8,13,17,6,26,20,23,45,27,25,22,22,24,,52,37,33,35,35,49,49,,15,,29,18,55,11,37,32,23,13,21,35,28,22,46,7,,,24,23,41,21,,32,26,24,14,,19,44,,,43,46,55,18,22,21,46,35,22,50,22,52,32,33,26,,29,25,,46,18,23,20,4,22,11,14,7,15,14,14,9,22,13,38,24,15,14,12,13,25,22,16,7,9,6,6,11,25,24,26,59,25,33,40,19,17,18,21,28,43,35,16,31,37,39,20,,23,9,31,30,8,23,22,,,35,18,22,29,23,3,19,37,23,18,27,18,29,23,13,22,22,24,,26,37,19,21,29,,20,38,31,44,20,22,32,35,38,22,21,26,29,19,17,17,,22,,15,23,24,33,36,39,56,50,53,45,51,40,19,39,36,15,25,23,40,,13,29,45,19,19,26,25,28,23,35,17,14,28,15,21,19,26,18,24,23,,26,23,21,16,31,57,22,30,21,15,26,11,19,40,8,37,22,54,43,38,25,25,9,34,14,15,24,25,32,27,20,22,26,31,12,21,51,29,18,22,22,11,7,5,13,28,19,14,27,18,46,27,47,31,36,30,16,,26,22,18,29,18,37,31,26,40,19,34,28,42,42,44,41,18,38,24,9,20,17,22,6,,38,13,18,46,25,9,25,7,12,18,8,12,41,34,23,23,21,28,28,21,22,26,37,25,12,13,25,34,27,29,,23,15,12,16,32,8,26,12,,24,26,32,37,26,42,33,28,19,28,28,17,,16,,29,,11,17,19,24,20,17,17,24,23,,17,16,34,28,14,20,16,22,24,16,15,13,21,17,10,11,7,14,6,9,9,,21,,17,10,,17,21,12,37,31,35,33,32,,40,22,17,5,,,38,28,25,25,37,27,36,45,38,26,33,31,28,42,48,36,26,22,23,30,27,19,,24,,22,16,21,28,34,26,27,32,30,35,37,27,4,8,5,12,23,31,38,32,14,22,22,35,16,29,38,44,29,27,46,,34,26,27,22,55,26,42,20,16,25,32,21,26,17,25,40,30,26,15,17,59,49,35,,8,14,38,2,12,35,25,11,28,28,31,22,32,28,21,16,25,31,62,25,30,17,26,30,21,19,32,26,26,25,13,20,31,17,44,16,36,36,29,34,5,4,27,13
20210423,4,O3,14,24,3,4,1,20,1,27,30,29,,,,,64,,75,79,61,,72,,71,66,,80,64,,42,22,44,54,41,52,104,,92,90,,92,93,99,100,108,,94,,45,64,48,55,46,28,14,20,53,56,,87,84,33,36,27,50,53,16,42,14,,27,60,54,57,40,44,,36,59,24,40,4,,49,31,43,2,4,3,,65,45,,,18,74,80,82,79,59,48,,59,44,74,60,77,,53,109,113,133,118,130,117,118,121,121,118,61,83,83,93,96,87,76,90,88,49,25,8,48,,26,66,62,44,19,24,74,16,16,24,18,4,35,,24,12,37,14,38,45,47,37,50,39,47,37,36,8,,3,13,8,14,5,2,10,16,18,1,17,21,,,,56,57,,64,53,52,,,,54,,,8,3,2,6,11,10,27,14,,,,1,4,,36,42,42,36,36,,37,29,30,16,24,21,13,24,,23,,25,30,,3,5,,1,1,3,,14,5,17,5,5,20,12,,,17,12,13,3,5,5,17,,2,,,4,,22,29,,34,22,41,46,65,59,,8,8,7,32,11,37,33,43,57,34,46,43,40,42,43,40,52,46,82,,24,21,8,17,7,57,48,45,52,61,,54,44,30,,46,84,83,85,,83,86,94,78,99,,,61,66,70,68,54,66,8,7,9,12,,5,12,5,2,77,60,63,72,64,63,25,,84,71,58,62,65,60,69,84,81,70,68,72,31,16,,11,3,35,,22,16,3,9,57,56,46,34,56,,,13,22,2,38,26,52,32,52,33,16,32,32,,57,8,10,44,46,35,24,57,51,55,48,,,13,5,26,17,39,43,11,5,4,6,27,10,49,48,51,46,38,42,34,28,51,54,41,51,49,75,,12,42,6,6,16,2,10,,,44,4,4,9,4,,22,29,33,37,,,39,84,94,61,97,99,94,85,78,73,104,,109,103,6,102,82,56,102,107,97,98,104,114,5,2,4,3,3,4,15,5,,2,13,2,4,,13,57,28,15,,,,45,102,,,,79,83,69,68,63,65,57,,70,76,66,78,66,74,47,39,49,44,49,108,36,66,18,41,,46,22,38,56,108,76,74,41,92,,44,60,61,97,88,80,102,85,81,81,61,64,51,55,51,47,38,41,,82,,51,64,56,31,41,,57,60,,,58,50,47,65,,88,78,52,,45,45,51,45,34,97,98,109,99,95,,,,41,,47,35,,29,26,44,48,44,53,57,124,116,118,,44,,,17,,37,2,2,112,116,84,97,79,,55,54,53,44,58,57,22,46,54,29,4,11,30,65,66,68,30,46,52,59,,49,43,38,,73,70,,105,97,88,84,28,,11,55,,,34,53,,18,,44,59,31,26,56,57,,63,65,,74,73,,76,,60,7,40,,66,86,98,98,102,,88,79,74,90,81,87,47,80,62,89,70,80,64,97,63,39,98,60,57,69,67,62,67,72,46,39,50,35,48,76,91,79,77,,85,97,99,102,87,64,95,107,124,105,117,28,29,33,,29,30,33,,40,59,55,48,44,,19,49,107,,52,,40,29,41,38,48,68,69,,,,14,,10,,65,46,68,,26,23,46,89,95,,93,,6,3,4,11,36,34,,33,7,11,19,72,60,,46,,,63,40,49,14,104,59,51,53,44,26,54,49,48,15,4,13,4,5,4,54,55,21,26,8,6,71,71,71,72,80,,99,126,92,96,21,49,20,61,,,,,25,29,,26,52,55,49,59,69,58,52,54,48,42,52,92,115,23,16,22,,90,78,57,,2,2,,3,78,9,26,28,35,29,35,31,38,44,48,37,,94,100,72,97,114,96,95,87,99,,81,84,98,86,98,43,37,90,90,,69,,66,68,68,74,70,109,102,70,73,,,56,60,68,64,109,102,120,124,132,127,29,,22,3,3,2,1,,12,4,2,,49,37,16,8,,8,,30,8,22,34,12,12,,20,4,,4,14,4,2,,,62,67,53,61,52,28,43,41,31,,,51,102,106,88,98,,88,33,27,9,15,30,67,,42,45,116,,,105,111,,46,46,11,,2,,111,115,,,106,67,,,81,94,72,,,81,74,38,37,122,118,130,51,62,85,98,40,77,60,48,54,66,34,49,69,78,96,91,66,,81,79,94,,124,120,64,43,76,99,92,84,101,105,102,72,,,,149,136,144,129,81,85,87,90,92,99,66,85,105,97,96,97,,,59,84,,82,75,80,,81,37,48,,48,43,59,,54,55,73,59,58,68,71,63,27,34,25,19,16,19,56,61,,59,33,26,59,46,44,,88,,77,,,,76,72,60,68,54,64,,41,,36,25,32,10,17,10,40,10,6,30,13,21,89,25,20,13,4,4,2,2,4,,20,7,20,26,28,26,12,9,22,26,23,30,33,39,,,32,34,45,40,28,46,36,40,40,53,82,48,61,76,39,,46,55,54,62,73,72,64,69,8,9,9,,43,16,40,,31,40,49,46,,46,32,,,,33,38,28,38,72,82,34,81,64,26,42,30,,80,84,79,18,16,,30,22,83,74,73,74,50,58,55,39,48,48,,67,65,66,,61,53,,59,25,34,33,,60,66,54,31,25,53,65,57,57,69,74,47,67,62,59,64,42,51,42,40,50,42,47,50,53,52,85,59,78,60,56,52,61,50,42,61,36,50,66,46,75,13,24,50,1,1,1,,31,48,50,39,38,24,53,42,37,31,45,61,58,65,76,5,,31,16,21,50,42,42,43,13,3,,6,62,76,79,81,94,93,91,91,62,69,50,56,51,17,,,62,63,62,,55,21,41,47,42,18,,26,31,28,,,,,67,68,64,63,70,33,41,29,,5,99,131,111,110,119,21,78,88,88,110,,,,,61,46,56,63,102,93,7,,79,128,127,68,75,134,128,130,93,31,74,96,57,42,,127,114,118,109,50,52,108,126,56,,83,69,,88,70,,105,111,,,119,,102,,82,82,70,62,66,41,5,10,11,,84,86,87,79,,50,16,44,54,72,92,,93,87,55,57,88,90,,58,56,59,59,78,,12,20,59,,65,63,62,39,53,92,86,,75,50,,76,51,55,49,77,86,82,82,84,,76,76,74,22,26,101,103,101,107,,,,73,71,54,,34,65,60,59,106,42,49,26,73,83,80,41,61,,2,27,55,45,2,35,14,,97,,46,66,29,28,17,29,77,70,62,61,68,66,40,66,,,27,22,2,77,,76,73,104,62,,16,33,,,29,18,29,21,63,65,28,36,26,4,47,,64,29,76,,71,48,,2,96,78,83,91,68,81,45,128,89,79,40,52,73,46,45,100,71,77,68,74,8,61,47,86,96,100,102,108,24,76,108,2,,37,20,36,25,3,70,2,22,26,38,63,48,14,42,,22,52,37,65,96,13,23,,,7,64,65,57,19,101,12,42,31,95,22,38,35,92,18,4,31,37,,81,4,30,13,12,,58,13,,11,15,2,16,1,11,21,10,52,55,114,51,89,,54,,14,7,16,51,29,,2,5,,21,14,2,48,4,30,49,57,3,27,,50,49,9,94,46,54,58,75,58,26,51,54,51,61,20,28,48,67,2,1,,3,32,82,78,88,93,19,36,89,69,37,74,42,22,51,11,69,16,29,46,86,57,65,63,37,38,100,42,37,60,63,78,17,84,84,89,50,115,26,34,44,52,63,49,42,3,50,42,46,62,27,5,8,3,,18,55,,47,13,33,28,66,49,52,45,15,48,31,,2,32,4,21,41,43,25,88,65,66,60,58,,,87,18,,2,44,37,25,23,12,51,46,22,42,87,37,62,74,56,70,63,40,12,27,102,81,47,1,6,23,,14,79,37,11,109,109,6,34,,8,56,53,8,44,36,30,8,69,88,56,62,,33,,69,,128,47,74,28,57,48,57,40,100,,52,82,30,21,8,50,27,38,26,46,59,50,6,31,46,63,65,40,51,35,36,,22,,11,67,,36,88,105,90,37,44,8,5,,32,38,31,87,,,9,22,15,42,8,92,77,67,95,42,54,20,1,16,32,21,19,43,45,26,9,26,,36,,32,44,78,11,9,30,22,41,20,9,49,37,86,77,99,103,9,8,8,2,101,112,23,27,83,40,12,20,3,55,47,,15,76,39,39,110,85,4,70,59,70,66,42,22,79,79,83,2,5,66,40,13,2,12,,77,82,21,106,117,75,54,116,5,6,23,22,1,27,74,42,86,45,84,1,26,43,93,90,3,37,2,,90,15,103,74,66,100,76,89,76,16,84,46,94,117,73,43
20210423,4,O3_24h,105,109,102,101,93,95,105,88,106,114,96,97,,,99,,103,108,102,,100,,78,108,,103,82,,141,142,138,136,142,150,144,,102,104,,106,95,114,106,108,,111,,142,145,144,122,114,130,120,121,113,155,,153,157,154,94,100,104,112,102,119,115,,114,107,101,105,134,129,,140,137,138,135,137,,123,136,139,142,146,139,,122,116,,,116,120,102,119,130,128,119,,124,128,133,117,116,,121,118,122,141,121,140,123,125,156,131,142,137,143,144,153,152,160,151,152,139,150,202,205,215,,247,211,243,226,184,232,231,209,114,111,109,118,107,,115,103,102,98,58,62,65,53,66,58,68,51,58,103,,95,79,84,99,100,97,59,59,65,52,61,85,,,,62,74,,76,75,74,,,,65,,82,68,82,90,81,89,93,71,63,,,,70,58,,54,53,52,49,42,,49,58,57,61,54,63,75,83,,79,,73,65,,86,63,,96,64,85,,70,88,91,65,83,80,78,,,79,73,74,90,88,98,76,,103,,,58,,117,118,,81,91,69,77,97,86,,81,70,74,85,74,104,99,106,58,41,46,54,40,47,48,44,52,52,134,,140,139,144,157,214,156,140,94,78,77,,83,87,72,,97,95,106,92,,102,108,100,119,122,,,108,106,118,117,101,98,137,141,138,146,124,134,147,138,137,116,112,113,102,118,110,83,,117,131,81,82,83,75,92,85,83,95,85,81,208,215,,230,240,254,169,222,200,193,226,154,167,136,168,111,261,,106,109,103,237,115,144,146,133,195,226,204,170,,148,142,157,160,154,160,163,170,145,136,152,,,238,266,257,242,213,265,178,135,105,125,124,129,113,104,113,113,111,111,99,108,84,66,76,84,79,114,,102,94,118,137,128,150,106,,,108,126,113,112,134,,153,142,143,120,,,134,138,123,106,124,127,115,101,119,125,120,,152,155,165,134,159,147,118,136,113,117,121,129,103,92,100,84,94,82,108,81,,100,87,67,103,,93,91,79,84,,,,136,135,,,,146,136,72,70,83,76,70,,86,94,101,103,97,94,89,90,91,88,85,121,96,102,91,157,,152,153,158,154,151,148,144,152,148,,134,119,128,140,140,135,132,129,122,138,124,115,112,109,153,145,143,154,,87,,72,78,82,65,113,,108,115,,,112,100,94,78,,88,81,70,,92,81,92,77,80,113,134,136,120,116,,,,70,,76,104,,100,110,102,100,104,108,106,130,124,119,,86,,,175,,178,150,156,156,160,152,185,147,,84,79,82,82,84,89,91,104,99,92,163,174,175,147,134,147,182,179,202,115,,111,197,172,,204,216,,164,164,168,171,100,,85,157,,,118,119,,134,,139,124,136,127,180,179,,193,190,,171,152,,167,,143,131,139,,113,135,113,113,121,,131,142,121,128,132,136,131,122,120,130,118,131,128,138,122,121,128,144,135,124,103,121,121,117,144,147,153,151,150,161,137,127,136,,134,179,169,177,167,191,128,150,152,142,147,48,52,43,,59,77,67,,74,76,67,56,87,,58,55,109,,146,,151,144,158,139,143,150,151,,,,123,,122,,129,131,119,,117,116,132,134,138,,136,,92,91,84,94,118,132,,89,97,101,107,116,103,,104,,,113,54,52,50,111,94,96,111,81,80,97,84,89,100,98,88,90,103,92,70,69,87,87,74,75,137,132,125,135,142,,140,147,140,142,132,129,120,132,,,,,102,88,,87,87,121,94,102,100,87,77,84,82,88,77,170,180,96,99,99,,117,106,109,,117,111,,108,94,83,90,89,132,77,85,78,120,130,132,123,,137,141,131,151,158,159,140,87,99,,87,94,100,89,100,68,65,94,94,,100,,115,118,118,113,110,117,102,99,94,,,111,107,102,101,130,117,127,129,142,138,101,,102,121,117,96,95,98,72,77,113,,57,51,72,76,,68,70,70,32,47,54,96,97,,62,50,,82,66,64,71,,,100,135,135,134,132,103,101,98,102,,,145,140,134,133,134,,127,123,115,126,120,122,124,,125,126,135,,,129,146,,129,120,136,,131,,228,211,,,132,114,,,125,135,111,,,130,136,126,134,133,127,137,162,134,149,137,139,132,129,126,117,138,136,130,141,116,120,110,116,,138,137,138,,136,135,147,138,139,161,126,118,136,132,137,208,,,,237,234,237,226,224,205,207,211,167,181,176,199,236,225,210,234,,,282,130,,131,204,212,,136,54,57,,57,62,59,,62,57,73,59,62,76,76,70,61,68,55,51,80,49,91,87,,88,98,94,85,80,68,,88,,80,,,,90,82,71,94,85,91,,78,,72,76,75,130,130,119,139,124,136,143,149,139,105,116,108,108,156,159,155,150,107,,110,104,92,100,93,96,106,115,106,111,100,116,100,102,,,108,118,122,122,112,151,155,147,134,149,125,110,124,118,127,,123,123,120,109,125,120,118,127,92,104,112,,152,147,138,,148,133,148,131,,140,134,116,,126,111,112,105,112,114,113,108,118,120,94,91,100,,118,118,119,85,83,,99,89,92,84,111,102,139,152,121,106,89,88,,124,118,126,,137,137,,94,90,85,91,,115,118,113,110,94,87,97,91,95,99,93,72,81,70,65,70,119,97,113,105,104,92,98,100,105,107,111,67,95,70,62,69,75,72,72,84,87,67,85,83,94,67,83,79,124,113,107,114,72,91,80,105,117,80,112,108,108,108,109,101,95,129,125,97,105,94,90,99,91,93,109,113,68,74,,72,126,120,132,125,123,130,130,133,148,158,151,145,146,148,,,127,130,122,,124,104,75,104,94,82,,101,31,100,,,,,119,125,119,121,126,113,118,115,,106,132,153,136,146,152,134,116,131,100,157,,,,,61,48,153,159,147,144,93,,90,153,153,147,140,140,135,138,146,152,135,155,143,139,,140,136,145,134,88,196,132,148,167,,144,148,,129,136,,124,131,,,128,,122,,115,113,107,95,99,90,122,112,122,,88,92,87,110,,74,83,114,110,109,137,,131,121,78,80,129,127,,112,96,79,76,115,,102,81,144,,140,122,111,124,82,107,181,,175,153,,163,89,104,93,81,90,98,100,98,,95,90,88,101,107,144,115,118,120,,,,89,82,77,,66,96,87,87,132,171,173,211,113,107,105,144,121,,134,148,65,52,84,130,61,,97,,66,112,130,96,158,163,129,92,62,131,130,122,70,93,,,119,175,99,100,,96,141,154,100,,63,55,,,72,62,62,74,78,76,78,73,86,70,113,134,131,153,162,,102,119,,182,212,163,159,102,106,132,96,140,136,106,89,99,107,152,114,128,112,80,111,76,105,117,140,134,141,140,128,124,123,162,113,134,120,118,152,110,107,109,151,120,146,99,121,105,56,101,138,,97,86,66,160,125,91,94,,,90,73,128,62,73,118,126,53,112,146,119,102,60,140,114,121,170,73,,141,91,85,99,101,,130,114,113,113,113,106,113,111,106,101,118,133,158,203,104,112,,76,,97,88,81,55,53,196,209,162,218,208,234,231,173,205,174,113,147,110,210,,113,180,239,182,140,90,105,108,101,48,62,73,73,102,58,90,137,136,124,112,,136,140,172,188,172,287,100,66,115,95,130,138,99,119,109,66,92,144,164,151,170,151,120,72,86,98,118,64,69,83,109,104,108,152,168,168,135,150,146,147,128,96,105,89,115,97,97,104,111,136,114,98,102,93,80,111,79,,73,99,104,156,109,66,71,72,96,78,52,89,63,65,101,71,94,48,82,99,79,82,79,83,,176,172,161,215,150,129,132,91,145,120,107,164,143,138,89,141,137,108,108,107,70,48,48,66,102,81,86,143,120,146,,145,126,118,111,174,144,60,103,,78,141,131,141,137,118,79,80,91,95,73,97,,104,,103,,145,96,107,113,112,95,105,113,150,,104,155,52,103,88,196,171,152,178,98,98,90,96,94,94,159,87,78,69,105,89,,114,,125,118,,105,143,141,157,85,83,99,83,,82,121,117,130,,,129,124,125,144,137,96,99,97,96,134,142,120,120,117,111,120,117,122,116,103,124,154,,151,,157,128,133,113,122,129,106,106,94,90,105,145,90,94,108,110,96,67,142,131,129,236,161,154,176,170,221,280,93,131,130,,60,76,144,139,294,155,94,113,86,74,74,99,114,190,166,122,105,106,110,102,71,97,77,,123,137,93,135,140,165,144,137,104,120,102,117,108,134,166,109,105,152,311,104,146,98,109,102,119,110,98,96,116,119,131,74,157,126,217,127,215,83,126,49,134,126,132,96
20210423,4,O3_8h,34,24,22,13,20,29,6,19,38,24,4,4,,,68,,73,77,68,,70,,69,62,,78,62,,46,48,42,46,47,59,111,,88,88,,90,88,100,102,106,,98,,62,65,70,41,27,32,24,30,38,52,,93,94,38,56,51,71,82,21,55,36,,45,64,59,62,34,31,,54,53,36,61,3,,62,42,56,17,22,6,,67,60,,,41,78,74,81,69,60,49,,56,45,78,54,82,,62,111,114,133,116,127,115,115,121,121,117,52,70,70,72,80,64,57,72,80,52,51,31,50,,47,76,70,61,44,43,88,34,6,8,10,3,22,,12,30,28,14,46,50,55,45,58,48,54,44,40,14,,19,18,21,24,12,11,3,7,9,1,13,20,,,,59,60,,64,48,50,,,,59,,5,2,3,6,4,8,5,14,10,,,,2,4,,23,34,34,25,23,,23,32,31,19,32,26,15,29,,28,,29,28,,2,5,,2,2,2,,10,6,6,5,4,15,9,,,32,17,11,4,7,4,14,,1,,,5,,14,19,,40,39,46,49,70,64,,18,5,8,26,13,51,44,50,56,38,44,45,40,42,45,40,48,48,65,,30,32,24,30,12,66,47,38,44,62,,50,46,28,,48,88,90,88,,88,93,94,82,102,,,74,72,83,82,47,67,18,13,24,23,2,25,16,10,4,82,66,72,70,56,63,60,,85,68,50,69,59,62,72,81,76,67,68,71,32,26,,10,4,33,1,30,18,10,23,62,66,48,48,54,7,,17,25,2,49,31,45,33,65,31,28,29,33,,67,7,19,50,52,46,38,56,54,64,53,,,24,20,34,40,44,65,28,6,5,21,34,23,48,48,52,50,41,44,31,30,53,53,30,52,54,82,,18,49,6,13,20,6,18,,,54,4,24,9,4,,32,40,58,50,,,50,94,96,64,98,99,95,83,84,81,103,,106,110,8,92,68,39,106,111,105,104,105,117,14,2,4,10,7,16,9,12,,29,6,5,3,,7,58,16,14,,,,59,104,,,,73,81,67,67,65,67,61,,67,72,64,73,62,69,45,38,48,40,44,108,48,59,42,54,,42,28,53,60,112,86,83,68,88,,39,57,53,100,94,91,103,89,88,63,64,65,54,54,54,50,53,46,,74,,29,38,30,20,68,,77,65,,,67,59,54,70,,72,76,64,,57,58,62,42,49,98,98,104,102,98,,,,56,,62,42,,27,28,42,36,40,45,48,118,112,111,,61,,,23,,30,9,12,108,110,90,101,82,,56,56,54,56,54,62,50,50,48,36,16,9,18,78,71,76,30,44,42,65,,50,36,46,,92,91,,105,104,98,88,30,,19,66,,,36,41,,54,,45,50,32,32,68,60,,63,73,,61,60,,65,,64,12,46,,68,86,100,98,100,,68,68,66,89,78,86,47,71,64,90,55,84,61,106,82,60,93,66,72,64,68,56,68,69,53,45,52,52,52,73,100,87,87,,89,102,107,102,84,82,98,105,118,103,111,30,31,31,,38,37,39,,44,50,50,36,46,,27,39,102,,42,,38,36,52,35,42,70,60,,,,28,,22,,76,56,82,,39,21,48,91,98,,94,,5,2,5,8,37,43,,25,10,10,24,58,44,,40,,,53,40,48,13,107,59,51,58,44,31,56,53,51,21,22,18,14,19,6,54,54,29,18,17,6,67,60,67,70,63,,94,132,97,106,15,41,26,67,,,,,28,25,,22,62,64,56,69,74,62,48,56,45,48,50,102,115,14,30,30,,80,57,43,,2,2,,4,63,14,20,23,30,18,20,16,14,19,18,13,,105,102,63,100,109,99,104,86,95,,76,79,97,88,98,48,43,90,90,,78,,58,58,58,66,64,106,98,75,78,,,76,81,69,65,106,100,116,119,133,128,30,,19,4,3,3,2,3,7,1,2,,46,32,8,6,,11,2,18,6,12,16,18,20,,18,4,,4,16,4,4,,,49,70,54,61,54,25,38,38,40,,,53,114,116,105,100,,97,11,15,22,16,12,75,,56,58,116,,,107,117,,79,64,6,,15,,120,126,,,105,67,,,93,105,84,,,87,83,36,38,126,120,132,46,66,85,106,32,71,64,49,52,61,39,46,60,83,87,88,70,,89,90,89,,106,86,57,46,78,98,93,86,102,106,100,78,,,,142,128,84,115,92,86,96,94,103,109,79,49,72,68,68,76,,,66,84,,81,78,84,,83,46,42,,49,42,50,,59,53,63,52,53,72,72,64,25,36,26,22,17,20,52,58,,58,17,16,59,50,46,,80,,70,,,,79,68,61,79,47,62,,40,,37,28,33,28,26,24,52,18,15,31,12,24,80,35,29,28,4,4,2,3,10,,20,10,22,28,27,28,11,30,30,31,30,34,36,40,,,38,44,57,56,39,56,43,47,47,60,84,60,68,74,45,,52,56,52,57,74,71,67,71,22,20,11,,39,21,26,,43,49,64,56,,54,32,16,,1,40,48,42,52,78,81,64,76,68,30,37,33,,79,81,80,17,21,,23,21,85,78,80,78,52,57,57,43,42,49,,32,56,41,,66,57,,56,55,30,24,,66,71,40,34,23,55,67,57,63,68,67,50,66,64,59,61,59,49,47,39,41,49,56,60,63,62,82,51,73,53,50,52,56,50,44,57,64,52,70,41,74,14,46,67,1,1,,,28,42,41,33,33,32,41,41,42,40,51,56,51,79,84,7,3,33,15,21,33,29,48,49,21,3,,16,75,86,95,94,91,96,93,86,80,90,75,79,47,20,,,76,69,71,,60,19,31,46,41,18,,16,27,28,,,,,66,70,65,62,70,32,40,27,,6,104,128,111,114,120,27,81,90,88,112,,,,,57,41,54,44,104,97,7,,81,121,126,63,60,134,128,132,90,22,88,108,99,72,,126,124,113,104,67,47,110,130,76,,84,76,,94,95,,110,115,,,114,,101,,94,95,73,59,67,32,5,9,35,,86,85,83,76,,48,38,62,68,83,84,,98,94,59,62,88,90,,71,64,54,55,81,,17,25,74,,71,72,77,35,54,86,80,,80,64,,72,63,64,60,68,76,82,82,84,,82,77,72,52,52,100,102,100,106,,,,72,70,60,,38,70,65,65,120,53,58,29,70,77,79,35,71,,2,42,56,38,3,19,17,,78,,58,68,48,30,23,44,72,75,59,67,60,71,30,70,,,46,40,2,75,,78,78,100,57,,18,15,,,25,11,14,26,66,68,24,39,25,4,42,5,64,26,66,,74,32,,5,111,93,94,90,74,88,64,127,92,77,46,48,74,66,56,104,70,68,67,65,15,81,52,91,96,100,100,104,42,92,109,2,13,48,26,54,42,31,68,5,26,30,48,60,50,29,62,,28,50,53,87,102,12,32,,,12,58,64,48,21,101,35,46,25,92,28,42,41,88,22,6,44,36,,80,9,30,26,23,,64,14,8,4,24,16,8,4,5,30,35,71,34,123,67,93,,66,,28,7,18,49,22,5,4,10,,26,16,3,57,5,44,48,52,18,18,,38,63,20,100,55,59,54,72,62,22,54,62,52,62,28,34,64,80,23,6,,11,34,96,100,100,93,17,38,90,69,47,80,40,19,42,9,56,32,38,64,96,77,82,68,52,61,100,55,24,34,80,83,19,90,88,97,54,116,41,33,48,53,64,53,41,4,48,37,48,71,18,4,7,2,2,25,52,,62,27,35,52,84,56,42,37,16,46,34,8,4,18,6,9,32,30,17,90,68,64,66,62,,,90,31,,16,52,31,50,30,12,57,51,12,40,87,41,54,76,62,74,56,38,14,24,84,74,46,2,16,14,,35,75,57,32,111,109,6,28,,16,72,58,10,49,24,17,10,75,89,31,68,,44,,55,,123,40,76,38,56,56,64,46,98,,72,90,42,18,21,59,32,52,25,45,57,50,7,25,45,62,66,42,52,32,34,,27,,11,59,,31,88,98,58,37,40,8,12,,28,38,40,86,,,10,19,35,16,10,89,75,58,90,44,38,31,18,15,34,31,17,45,42,37,10,47,,48,,50,45,75,4,18,37,28,20,10,22,21,58,87,78,100,104,10,12,30,12,115,124,25,38,88,38,22,30,18,72,58,,30,64,36,40,116,90,16,78,62,69,68,57,30,80,74,48,2,8,60,28,11,2,4,,78,85,17,106,120,45,51,120,9,31,32,31,9,33,88,44,92,43,102,8,28,42,92,88,26,44,6,10,78,30,92,61,45,102,69,97,81,12,80,40,109,123,87,59
20210423,4,O3_8h_24h,54,24,44,28,49,50,10,30,47,29,18,6,,,70,,74,77,72,,71,,69,62,,83,64,,64,60,44,46,55,66,122,,88,88,,90,88,102,106,108,,103,,72,66,83,42,27,44,42,52,38,57,,95,97,52,69,68,97,97,29,68,55,,58,65,61,64,51,50,,80,53,67,77,3,,74,55,65,49,32,10,,80,80,,,51,80,74,82,69,61,64,,59,52,84,54,90,,70,111,118,133,116,127,115,115,121,121,120,52,70,70,72,80,64,57,72,80,52,63,46,56,,58,79,72,68,55,74,98,48,6,8,10,3,27,,12,45,34,19,57,59,64,53,66,58,65,51,53,16,,26,22,26,31,14,18,3,7,9,1,13,20,,,,60,63,,64,48,50,,,,62,,20,2,5,19,5,10,5,14,10,,,,2,4,,23,34,34,25,23,,23,36,37,30,39,34,16,30,,29,,37,28,,2,5,,2,2,2,,10,7,6,5,4,15,9,,,40,28,17,4,13,5,18,,1,,,10,,14,19,,52,60,51,50,73,65,,28,5,12,31,25,72,67,56,56,39,46,45,40,42,47,40,48,50,65,,36,36,38,40,19,72,55,38,44,62,,50,46,28,,50,90,96,91,,90,97,95,83,107,,,80,75,97,94,82,68,33,31,54,30,7,53,24,18,5,89,68,86,79,58,65,79,,87,68,50,74,59,64,73,81,76,69,68,72,34,29,,14,5,33,3,34,22,12,46,70,75,49,68,63,8,,19,28,2,59,36,45,39,75,31,38,31,39,,73,7,22,59,62,50,49,56,60,69,58,,,35,42,43,50,45,87,46,8,6,32,41,35,51,48,54,52,46,44,34,36,53,53,30,54,55,87,,20,53,6,30,34,11,23,,,60,4,34,10,5,,36,50,73,59,,,61,108,97,68,100,99,95,83,89,84,103,,107,114,8,92,68,47,109,114,108,108,107,119,22,3,4,27,16,31,9,26,,50,6,14,3,,7,58,16,16,,,,77,105,,,,73,81,67,70,70,67,64,,67,72,64,73,63,69,49,38,48,48,48,110,53,59,61,59,,42,31,62,64,116,93,95,87,88,,39,60,53,101,97,95,103,91,90,63,71,66,65,54,58,54,61,49,,74,,29,38,30,24,88,,87,67,,,78,69,62,78,,72,76,70,,63,71,76,42,63,104,98,104,103,100,,,,63,,69,57,,30,30,44,36,45,45,48,118,112,111,,73,,,25,,30,19,32,108,110,101,106,85,,56,59,54,72,54,72,60,51,53,46,23,17,18,95,82,86,36,59,42,83,,57,36,56,,106,110,,111,111,108,95,33,,30,77,,,37,41,,93,,57,58,40,43,72,65,,63,75,,61,60,,65,,65,27,54,,72,103,101,100,100,,71,68,66,98,86,89,50,71,65,90,55,89,63,111,102,90,98,80,85,64,72,56,68,69,63,53,55,65,65,77,108,93,100,,94,104,112,106,89,97,100,105,118,103,111,31,32,31,,44,40,43,,48,56,54,38,54,,33,39,102,,42,,38,39,65,40,42,70,60,,,,38,,32,,87,66,88,,51,21,49,95,99,,97,,5,3,6,8,46,48,,25,12,12,50,58,44,,40,,,53,40,48,17,108,60,51,60,45,34,59,58,54,52,39,22,33,38,10,54,54,46,18,22,6,82,61,87,76,64,,94,138,104,117,17,41,28,80,,,,,38,25,,22,71,75,68,76,87,68,48,56,47,51,50,105,115,16,46,50,,80,57,43,,2,2,,6,63,17,20,24,31,18,20,16,14,19,18,13,,121,111,63,102,109,100,108,86,95,,76,79,97,88,99,60,56,91,91,,89,,72,79,79,66,70,106,98,78,82,,,90,95,77,72,106,100,116,119,134,128,31,,19,6,3,9,8,11,7,1,3,,47,32,8,6,,12,4,18,6,12,16,23,35,,18,6,,4,19,4,8,,,49,74,58,61,54,35,48,58,61,,,62,119,119,111,101,,102,11,15,44,26,12,83,,65,69,120,,,112,122,,94,72,6,,27,,124,134,,,107,67,,,110,123,93,,,93,90,39,43,133,127,137,48,69,97,112,39,74,78,53,60,68,62,63,60,85,87,90,76,,92,94,89,,106,86,57,58,79,98,94,86,102,106,101,81,,,,142,128,84,115,100,86,102,95,112,119,84,49,72,71,68,82,,,70,84,,81,84,96,,84,50,42,,54,42,50,,60,53,63,52,53,74,72,65,25,40,27,25,20,26,52,58,,58,17,17,60,52,46,,80,,70,,,,90,79,71,92,47,62,,40,,38,30,33,47,38,32,61,26,19,33,12,29,86,41,37,42,4,4,2,5,12,,33,12,23,29,28,29,11,38,40,37,43,36,40,40,,,52,54,70,71,56,65,52,53,52,71,90,75,79,76,51,,58,60,55,57,77,74,70,77,39,34,14,,39,23,26,,56,56,85,65,,66,32,37,,3,52,62,63,68,90,86,81,78,75,37,37,41,,79,81,82,20,29,,24,28,87,81,85,82,58,61,64,48,42,56,,32,76,48,,72,60,,60,78,30,28,,73,77,53,40,23,57,68,58,68,68,67,53,68,68,59,61,72,62,72,44,57,54,68,73,74,70,82,51,73,53,50,53,56,50,51,57,81,54,72,41,74,14,83,79,1,1,,,28,42,41,33,33,42,41,41,44,49,58,57,51,91,93,8,8,49,19,35,33,29,55,53,24,4,,28,89,98,108,107,94,100,100,100,86,106,92,89,47,33,,,90,73,77,,62,20,31,51,41,18,,22,27,42,,,,,66,70,66,64,70,32,40,27,,9,114,133,111,117,120,33,82,92,88,115,,,,,57,41,54,44,106,99,7,,82,121,126,63,60,134,128,133,90,22,103,124,118,102,,126,127,113,104,88,49,110,132,95,,85,95,,101,111,,112,118,,,114,,103,,102,103,76,62,70,32,5,12,58,,86,85,83,76,,48,56,74,74,93,99,,106,107,61,66,90,93,,82,68,54,55,88,,23,39,99,,90,83,84,35,60,86,80,,81,83,,72,77,72,72,68,76,82,82,84,,86,79,72,72,71,106,102,100,106,,,,74,72,69,,41,74,69,71,129,61,61,39,70,77,81,37,77,,3,64,56,38,3,19,19,,78,,62,68,60,32,29,52,75,83,59,75,60,78,30,72,,,61,53,2,76,,84,88,100,58,,24,15,,,25,11,14,30,69,70,24,47,25,5,52,8,64,27,66,,76,32,,12,116,107,104,90,91,94,76,127,95,78,48,52,76,84,70,108,76,68,67,65,26,94,54,93,96,100,100,104,82,97,112,2,42,62,31,65,52,55,75,14,30,35,59,63,50,48,70,,42,50,62,98,118,12,36,,,26,58,66,50,30,101,48,50,31,106,29,44,47,88,26,13,51,39,,86,11,30,52,46,,78,17,25,4,27,24,8,10,5,34,48,94,36,128,82,97,,74,,37,11,19,49,22,17,9,13,,27,17,3,71,6,52,54,52,29,18,,47,78,29,108,65,61,54,72,74,24,54,65,52,64,32,39,77,85,40,24,,21,47,106,114,116,97,17,38,90,70,58,90,47,19,42,9,56,50,41,73,100,86,99,71,68,84,100,61,26,34,92,86,20,99,100,104,55,117,47,45,55,58,65,57,43,4,48,42,49,87,18,4,7,2,3,36,52,,68,45,36,64,95,61,42,37,16,51,38,21,4,18,9,9,32,30,17,92,69,64,70,66,,,93,41,1,44,72,31,73,36,18,78,55,14,42,88,44,54,78,64,76,56,39,18,26,84,74,48,2,40,14,,46,87,72,48,113,109,6,28,,19,91,66,18,61,24,18,12,82,90,31,74,,57,,55,,123,40,78,41,65,69,71,58,98,,91,96,52,27,43,66,42,60,37,45,57,50,14,25,45,63,66,43,52,36,39,,30,,11,75,,31,91,106,93,39,41,8,15,,28,41,48,89,,,10,19,44,16,25,89,81,67,90,48,56,44,28,16,34,38,22,51,42,42,10,54,,62,,60,46,75,4,23,46,34,20,10,44,21,82,88,79,103,104,10,20,63,33,121,132,26,44,92,41,33,48,37,91,73,,36,64,41,40,122,96,36,91,68,69,74,70,41,81,74,48,2,12,60,28,11,2,4,,82,87,17,106,126,45,53,127,10,53,48,38,29,46,97,47,97,43,108,22,28,46,92,88,39,49,13,41,78,55,98,61,45,107,74,104,87,12,80,40,114,126,112,69
20210423,4,CO,0.6,0.7,0.8,0.7,0.7,0.6,0.6,0.7,0.7,0.8,0.7,0.7,,,0.7,,0.8,0.7,0.7,,0.7,,1,1.6,,0.8,0.6,,0.7,0.7,0.6,0.8,0.9,0.6,0.6,,0.7,0.6,,0.7,0.5,0.4,0.3,0.2,,0.2,,0.6,0.6,0.7,0.5,0.5,0.7,0.6,0.6,0.4,0.5,,0.8,0.7,0.6,0.7,0.6,0.6,0.6,0.5,0.4,0.5,,0.4,0.5,0.5,0.7,0.7,0.8,,0.6,0.5,0.5,0.3,0.8,,0.7,0.7,0.8,0.9,0.8,0.7,,0.6,0.6,,,0.6,0.8,0.5,0.9,0.7,1,1,,1.2,1,0.7,1,0.8,,1.3,0.4,0.5,0.6,0.5,0.3,0.5,0.4,0.3,0.3,0.5,0.5,0.6,0.5,0.6,0.4,0.4,0.5,0.4,0.4,0.4,0.6,0.7,0.8,,0.5,1.2,0.6,0.3,0.4,0.8,0.6,0.8,1.2,0.9,0.9,0.8,0.8,,1.1,0.7,0.8,0.9,0.9,0.7,0.4,0.9,0.8,0.6,1.1,0.8,0.7,0.7,,1.2,1.2,0.8,0.8,1.1,1.1,0.8,1.1,1.1,1.1,1,0.7,,,,0.8,0.7,,0.9,0.7,0.9,,,,0.8,,1.2,1.1,1.1,1,1,1.1,1.1,1.1,1.2,,,,0.9,1.2,,0.9,0.6,1,0.6,0.8,,1.1,0.7,0.9,0.9,0.8,0.9,0.6,0.5,,0.7,,1.2,1.1,,0.7,0.4,,0.7,0.8,0.7,,0.7,0.9,0.7,0.6,0.5,0.7,0.5,,,0.6,0.6,0.7,0.6,0.6,0.5,0.6,,0.7,,,0.8,,1,0.8,,0.5,0.4,0.4,0.5,0.4,0.4,,0.7,0.6,0.8,0.6,0.7,0.5,0.5,0.5,1,0.7,0.7,0.8,0.7,0.7,0.6,0.6,0.6,0.8,0.6,,0.8,0.8,0.7,0.7,0.4,0.3,0.4,1.1,1,0.9,,0.9,1.4,1.2,,1,0.6,0.6,0.6,,0.5,0.6,0.7,0.6,0.6,,,0.2,0.6,0.6,0.4,0.6,0.5,0.9,1,0.9,0.9,0.7,0.7,1.1,0.9,0.6,0.6,0.7,0.6,0.8,0.9,0.8,0.7,,0.6,0.6,0.9,1,0.7,0.7,0.7,0.8,0.7,0.7,0.9,0.8,0.9,0.8,,0.8,1,0.8,0.9,0.7,0.8,0.8,0.9,0.5,0.6,0.6,0.7,0.5,0.8,,0.6,0.7,0.6,0.7,0.6,0.8,0.4,0.6,0.6,0.8,0.5,0.6,,0.6,0.7,0.5,0.6,0.6,0.3,0.4,0.7,0.6,0.4,0.4,,,0.9,0.7,0.9,0.7,0.7,0.7,0.7,0.6,0.6,0.7,0.4,0.5,0.6,0.7,0.4,0.7,0.8,0.7,0.5,0.5,0.4,0.6,0.8,0.5,0.4,0.7,,0.8,0.6,0.9,1,0.9,0.6,0.3,,,0.8,0.8,0.4,0.7,1.1,,0.9,0.8,0.8,0.8,,,0.7,0.8,0.4,0.4,0.6,0.6,0.6,0.4,0.5,0.6,0.6,,0.7,0.9,0.9,0.7,1.1,1.3,0.4,0.5,0.5,0.4,0.6,0.5,0.8,1,0.8,0.8,0.9,0.9,0.8,0.8,,0.7,0.7,0.9,0.9,,0.7,0.7,0.5,0.3,,,,0.6,0.6,,,,1,0.7,0.4,0.8,0.5,0.5,0.3,,0.5,0.8,0.7,1.2,0.8,0.9,0.5,0.8,0.7,0.6,0.7,0.6,0.6,0.7,0.4,1.2,,0.9,0.8,0.9,0.7,0.7,0.6,0.8,0.8,0.5,,1.1,1,1.1,0.6,0.6,0.6,0.4,1.1,1,0.9,0.7,0.6,0.7,0.6,0.5,0.5,0.5,0.5,,0.7,,0.7,0.9,0.9,1.1,0.7,,0.8,0.4,,,1.3,1.2,1.8,0.8,,0.3,0.6,1.1,,1.3,0.4,0.5,0.7,0.7,0.5,0.3,0.7,0.6,0.2,,,,1.2,,0.9,1.3,,1.1,0.6,0.6,0.7,1,0.8,0.7,0.3,0.3,0.4,,1.1,,,0.6,,1.1,0.7,0.6,0.2,0.4,0.4,0.5,0.8,,0.6,0.5,0.6,0.8,0.5,0.6,0.4,0.6,0.6,0.4,0.6,0.6,0.6,0.6,0.6,0.5,0.7,0.8,0.6,0.6,,0.5,0.8,0.9,,0.6,0.7,,0.7,0.5,0.6,0.6,0.5,,0.6,1.3,,,0.5,0.6,,0.8,,1.3,0.7,1.2,1,1.9,1.7,,1.3,1.5,,1.2,0.9,,1,,0.9,0.9,0.8,,1.1,0.9,0.3,0.1,0.2,,0.4,0.5,0.5,0.5,0.4,0.4,0.4,0.6,0.6,0.6,0.6,0.6,1.4,0.5,0.4,0.7,0.5,0.4,0.2,0.7,0.8,0.8,0.8,0.9,0.8,0.8,0.8,0.9,0.8,0.5,0.7,0.5,0.4,,0.3,0.5,0.5,0.4,0.5,0.6,0.4,0.3,0.3,0.3,0.1,0.8,0.7,0.8,,0.9,1.1,0.9,,0.6,0.9,0.8,0.9,0.8,,0.5,0.5,0.5,,0.9,,1.2,1.1,0.6,1.1,0.6,0.3,0.7,,,,0.8,,0.7,,0.8,0.7,0.7,,0.6,0.9,0.9,1,0.9,,0.9,,0.8,1,0.6,0.7,0.7,0.9,,0.7,0.7,0.8,0.5,0.6,0.8,,1,,,0.8,0.5,0.8,0.9,0.5,0.9,1.5,0.7,0.9,0.6,0.5,0.5,0.6,0.9,1.1,0.9,1.2,1,0.6,0.5,0.4,0.9,0.7,1,0.7,0.8,0.8,0.8,0.7,0.7,,1.1,0.2,1,0.8,0.8,0.9,0.8,0.8,,,,,0.9,0.7,,0.6,1,0.7,0.6,0.5,0.5,0.8,0.7,0.5,0.5,0.7,0.3,0.6,0.6,0.7,0.8,0.9,,0.7,0.8,0.9,,0.7,0.9,,1.3,0.6,0.5,0.6,0.6,0.6,0.6,0.5,0.5,0.7,0.7,0.7,0.7,,0.6,0.6,0.9,0.6,0.5,0.6,1.1,0.2,0.3,,0.3,0.4,0.1,0.1,0.3,0.7,0.9,0.4,0.4,,0.5,,1,0.7,0.7,0.9,0.8,0.4,0.2,0.3,0.4,,,0.4,0.5,0.4,0.5,0.3,0.4,0.5,0.3,0.7,0.5,0.7,,1,1,1,1,1,1.2,1,1.1,0.9,,0.7,0.8,1,1,,1.2,1.1,1,1,1.2,1.2,1.2,0.9,,0.8,0.7,,0.5,0.5,0.5,0.8,,,0.8,0.4,0.3,0.4,0.2,0.9,0.7,0.9,0.9,,,0.3,1.1,1.2,1.3,1.1,,1.2,0.7,0.7,0.9,1.2,0.6,0.6,,0.6,0.7,0.7,,,0.7,0.8,,0.9,0.7,0.8,,0.6,,0.9,0.8,,,0.1,0.4,,,0.7,0.5,0.5,,,0.2,0.3,0.4,0.2,0.7,0.5,0.5,0.6,0.6,0.4,0.6,0.5,0.6,0.6,0.6,0.6,0.8,0.5,0.6,0.4,0.5,0.5,0.5,0.4,,0.3,0.4,0.5,,0.6,0.5,0.8,0.8,0.7,0.4,0.2,0.1,0.3,0.5,0.4,0.8,,,,0.7,0.7,0.7,0.7,1.4,0.6,0.6,0.3,0.5,0.4,0.6,0.7,0.8,0.8,1,0.7,,,0.7,0.3,,0.2,0.4,0.4,,0.3,0.5,0.9,,0.7,0.8,0.6,,0.7,0.9,0.7,0.7,0.6,0.6,0.7,0.6,0.9,0.7,0.8,0.8,0.6,0.9,0.7,0.5,,0.6,0.6,0.5,1,0.9,0.9,,0.5,,0.5,,,,0.7,0.6,0.7,0.8,0.6,0.6,,0.9,,0.7,0.9,0.6,0.8,0.7,0.8,0.6,0.8,0.6,0.4,0.6,0.5,0.3,0.5,0.5,0.5,0.5,0.5,0.6,0.6,0.4,,0.3,0.4,0.7,0.6,0.6,0.4,1,3.3,1.4,1.4,1.4,0.7,0.7,0.7,,,0.4,0.4,0.3,0.3,0.5,1,0.9,0.6,1.5,1.1,0.5,0.5,0.8,0.5,0.9,,0.8,0.8,0.9,0.9,0.7,0.7,0.9,0.9,0.6,0.8,0.8,,0.9,0.3,0.4,,0.8,0.7,0.7,0.8,,0.8,0.7,1,,0.8,0.8,0.8,0.8,1,0.8,0.9,0.9,0.7,0.8,0.6,0.6,0.6,,0.4,0.4,0.5,1.2,1.3,,1.1,1.2,0.7,0.7,0.8,0.6,0.7,0.6,0.8,0.8,0.8,0.8,,0.5,0.4,0.6,,0.9,0.8,,0.7,0.8,0.5,0.6,,0.7,0.6,0.5,0.4,1,0.9,0.8,1.1,0.8,1,0.9,0.8,0.8,0.6,0.6,0.8,1.4,0.9,1.6,0.9,0.7,1,0.8,1,0.8,0.8,0.9,0.8,0.8,1,0.9,0.7,0.5,0.6,0.8,0.8,0.7,0.6,0.6,1.6,0.5,0.5,0.7,0.3,1,0.9,0.6,0.7,0.7,0.6,0.5,0.6,1,2.6,0.5,0.4,0.8,0.7,0.5,0.6,0.5,0.8,0.8,0.4,0.6,0.8,0.6,0.6,0.8,0.8,0.5,0.5,0.4,0.7,,0.7,0.6,0.6,0.4,0.4,0.5,0.8,0.7,0.8,0.9,0.8,0.8,0.7,0.7,0.9,,,0.7,0.5,0.6,,0.7,0.3,0.5,0.5,0.6,0.7,,0.6,0.7,0.5,,,,,0.5,0.6,0.6,0.5,0.6,0.6,0.6,0.4,,0.4,0.5,0.5,0.7,1.2,0.3,0.6,0.6,0.5,0.6,0.4,,,,,0.1,0.4,0.6,0.5,0.3,0.5,0.7,,0.9,0.5,0.5,0.5,0.4,0.5,0.5,0.4,0.4,0.4,0.6,0.8,0.7,0.8,,0.6,0.6,0.4,0.7,1.2,0.6,0.7,0.4,0.8,,1.3,1,,0.7,0.5,,0.4,0.3,,,0.5,,0.4,,0.4,0.4,0.5,0.6,0.6,0.6,0.7,0.7,0.7,,0.5,0.5,0.5,0.6,,0.8,0.8,0.3,0.4,0.7,0.6,,0.4,0.5,0.4,0.6,0.3,0.3,,0.9,0.7,0.2,0.2,0.4,,0.9,0.7,0.5,,0.5,0.5,0.7,0.7,0.6,0.5,0.5,,0.4,0.7,,0.4,0.6,0.7,0.7,0.5,0.4,0.2,0.2,0.4,,0.3,0.2,0.2,0.4,0.3,1.5,0.4,0.5,0.4,,,,0.3,0.6,0.5,,0.7,0.4,0.4,0.5,1.4,0.3,1.6,0.8,0.7,0.7,0.6,0.5,0.6,,0.6,0.8,0.7,0.6,0.6,0.8,0.8,,0.5,,0.9,0.4,0.8,0.7,2.6,5.4,0.6,0.3,0.8,0.6,0.9,0.6,0.8,0.5,,,0.5,0.1,0.7,0.5,,1.1,1.4,0.8,0.6,,1.1,1,,,1.4,1,0.8,0.7,0.9,0.7,1.3,1.1,0.8,0.9,0.6,1.1,0.6,0.7,1.1,,0.9,0.8,,0.8,0.6,0.4,0.5,0.3,0.5,0.3,0.7,0.7,1.1,0.6,1.1,0.6,0.7,0.5,0.7,0.4,0.4,0.5,0.3,0.7,0.5,0.7,0.7,0.3,0.7,0.5,0.4,0.4,0.3,0.8,0.1,1.5,0.9,0.8,1,0.9,0.8,1,0.7,0.7,0.9,1.4,0.7,0.9,1.1,0.7,1,,0.6,0.9,0.9,0.7,0.2,0.6,0.4,,,0.7,0.6,0.7,0.8,1,0.3,0.8,0.9,0.5,0.4,0.8,0.8,0.9,0.8,0.4,0.9,0.5,0.8,,0.6,0.6,0.4,0.7,0.5,,0.3,0.7,0.6,1,0.4,0.7,0.8,0.6,0.8,0.6,0.8,1.3,0.5,0.8,0.5,0.8,,1.4,,1.1,1.1,0.8,0.9,0.8,0.9,1,1,0.9,0.8,1,0.9,0.7,0.6,0.7,0.6,0.5,0.7,0.7,,0.4,0.8,1.1,0.4,0.3,0.7,0.4,0.7,0.6,0.8,0.6,0.7,0.9,0.5,0.8,0.9,0.8,0.8,0.9,0.8,,0.8,1,0.6,0.7,0.7,0.7,0.6,0.7,0.7,0.6,0.9,0.5,0.6,0.8,0.4,0.5,0.3,0.8,1.2,0.7,0.6,0.8,0.4,1,0.4,1,0.2,1.2,1.3,1.1,0.7,0.8,0.6,0.5,0.6,0.7,1.2,0.4,0.5,0.7,0.6,0.6,1,0.7,0.7,1,0.9,0.7,0.7,1.1,0.9,0.5,0.7,0.5,0.6,1.2,1.1,,1,0.5,0.8,1.1,0.5,0.7,0.8,0.6,0.9,0.6,0.7,1,1.3,1,1.1,1,1,1.1,0.4,0.3,0.2,0.5,0.4,0.4,,0.8,0.5,0.7,1,0.6,0.7,0.5,0.5,0.6,0.4,0.5,0.6,0.8,0.8,,0.6,0.7,0.4,0.7,0.7,0.5,0.8,0.8,0.8,0.6,0.8,0.7,0.6,0.6,0.5,,0.3,0.6,0.8,0.8,0.5,0.5,0.7,1.1,,0.5,0.4,0.9,0.7,0.8,1.1,0.6,0.8,0.9,0.6,1,0.6,,0.9,,0.4,,0.2,0.8,0.9,0.4,0.7,1.4,1.4,1.4,0.5,,0.7,0.7,0.7,0.8,0.8,0.4,0.5,0.4,0.2,0.7,0.7,0.5,0.7,0.6,0.3,0.5,1,0.5,0.4,0.6,0.6,,0.7,,0.9,0.6,,1.2,0.9,0.7,0.8,0.6,0.9,0.9,0.5,,0.4,0.8,0.9,0.6,,,1.7,0.6,0.7,0.8,0.7,0.6,0.3,0.8,0.6,0.6,0.5,0.6,0.7,0.4,0.7,0.6,0.5,0.6,0.7,0.6,0.7,0.9,,1,,0.6,0.9,0.7,0.7,1,0.8,1,0.8,0.6,0.8,0.7,0.6,0.2,0.5,0.4,0.5,0.7,0.7,0.6,1.2,1.3,0.7,0.4,0.4,0.6,0.6,0.8,0.7,0.8,1.8,0.7,,2,0.5,1,0.9,0.7,0.4,0.7,0.7,0.2,0.8,0.5,1.3,0.7,0.5,0.5,0.8,0.5,0.7,0.7,0.4,,0.7,0.7,,0.7,0.3,1.6,0.2,0.8,0.8,0.3,0.8,0.7,0.7,0.3,0.6,0.6,1,0.9,1.2,0.7,0.9,0.8,0.6,0.5,1.1,0.7,0.6,0.8,0.7,0.8,0.6,0.5,1.1,0.6,0.6,0.4,0.2,0.7,0.2,0.7,0.7,0.4,0.8,0.5,0.4,0.7,1
20210423,4,CO_24h,0.6,0.7,0.7,0.7,0.7,0.7,0.6,0.7,0.6,0.7,0.7,0.7,,,0.8,,0.9,1.1,0.7,,0.8,,0.8,1.3,,1,0.7,,0.7,0.6,0.5,0.7,0.5,0.5,0.6,,0.9,1,,1,0.9,0.4,0.3,0.3,,0.2,,0.6,0.6,0.7,0.4,0.5,0.6,0.4,0.5,0.4,0.6,,0.7,0.7,0.7,0.9,0.7,0.8,0.7,0.6,0.4,0.5,,0.4,0.5,0.6,0.7,0.6,0.6,,0.5,0.5,0.4,0.2,0.9,,0.7,0.9,0.7,1,0.8,0.8,,0.6,0.6,,,0.7,0.6,0.6,0.7,0.8,0.9,0.9,,1,0.7,0.8,0.9,0.9,,1,0.5,0.6,0.7,0.6,0.4,0.6,0.5,0.4,0.4,0.6,0.6,0.6,0.6,0.7,0.4,0.5,0.7,0.5,0.4,0.4,0.6,0.6,0.8,,0.5,0.7,0.7,0.5,0.3,0.5,0.7,0.7,0.7,0.5,0.5,0.6,0.4,,0.7,0.5,0.5,0.6,0.8,0.8,0.4,0.9,0.9,0.7,0.7,0.8,0.9,0.4,,0.9,0.8,0.5,0.6,0.8,0.7,0.5,0.8,0.7,0.8,0.7,0.6,,,,0.9,0.8,,0.9,0.9,1,,,,0.7,,0.7,0.6,0.7,0.6,0.7,0.7,0.8,0.8,0.9,,,,0.7,0.9,,0.7,0.7,0.7,0.6,0.7,,1,0.5,0.7,0.7,0.6,0.6,0.5,0.4,,0.6,,0.9,0.8,,0.6,0.3,,0.5,0.7,0.6,,0.6,0.7,0.5,0.5,0.6,0.6,0.4,,,0.4,0.6,0.6,0.5,0.5,0.4,0.5,,0.6,,,0.6,,0.6,0.6,,0.6,0.4,0.3,0.5,0.4,0.4,,0.6,0.5,0.8,0.6,0.6,0.4,0.4,0.5,1.1,0.7,0.9,0.8,0.8,0.7,0.7,0.7,0.7,0.9,0.6,,0.7,0.7,0.7,0.7,0.4,0.5,0.4,1,0.9,0.6,,0.7,1.2,1,,1,0.7,0.7,0.8,,0.6,0.6,0.8,0.8,0.6,,,0.1,0.5,0.4,0.3,0.3,0.5,0.9,1,0.9,1,0.8,0.5,1.1,1,0.7,0.7,0.8,0.7,0.9,0.9,0.8,0.8,,0.7,0.7,1,1,0.9,0.9,0.9,0.8,0.8,0.8,1,1,0.9,0.9,,0.7,0.8,0.8,0.9,0.8,0.7,0.7,0.9,0.5,0.6,0.6,0.6,0.4,0.7,,0.5,0.6,0.5,0.6,0.4,0.6,0.3,0.6,0.7,0.7,0.6,0.6,,0.6,0.7,0.6,0.6,0.6,0.4,0.4,0.8,0.6,0.4,0.5,,,0.7,0.7,0.8,0.5,0.6,0.6,0.6,0.4,0.7,0.6,0.4,0.5,0.7,0.7,0.5,0.6,0.6,0.7,0.6,0.5,0.4,0.5,0.6,0.5,0.4,0.7,,0.6,0.6,1.1,1,0.8,0.7,0.4,,,0.7,0.7,0.4,0.8,1.1,,1.1,1,0.9,1,,,1.1,0.6,0.5,0.4,0.6,0.6,0.7,0.7,0.6,0.6,0.7,,0.6,0.6,0.9,0.7,1,1.1,0.5,0.6,0.5,0.5,0.6,0.4,0.7,1.1,0.8,0.7,0.9,0.8,0.7,0.8,,0.6,0.7,0.9,0.8,,0.7,0.6,0.7,0.5,,,,0.4,1,,,,0.7,0.9,0.5,0.9,0.5,0.6,0.2,,0.5,0.9,0.7,0.9,0.9,0.9,0.7,0.8,0.8,0.7,0.9,0.6,0.7,0.9,0.6,1.2,,0.9,1,1,0.9,0.8,0.7,0.8,0.8,0.7,,0.8,1.1,0.9,0.7,0.7,0.7,0.7,0.8,0.7,0.7,0.5,0.7,0.6,0.5,0.5,0.5,0.4,0.4,,0.9,,0.7,1,1,0.9,0.7,,0.7,0.5,,,0.9,0.9,1.4,0.7,,0.7,1,1,,0.8,0.4,0.6,0.8,0.7,0.6,0.4,0.7,0.6,0.3,,,,0.9,,0.6,1.1,,1.1,0.8,0.8,1,0.7,0.5,0.4,0.4,0.4,0.5,,0.8,,,0.6,,0.6,0.8,0.7,0.3,0.5,0.5,0.6,0.9,,0.6,0.5,0.6,0.7,0.5,0.5,0.4,0.6,0.6,0.4,0.7,0.7,0.6,0.7,0.5,0.5,0.7,0.8,0.6,0.5,,0.5,0.9,1,,0.7,0.8,,0.7,0.6,0.8,0.7,0.6,,0.6,1.1,,,0.6,0.7,,0.7,,0.8,0.6,0.8,0.7,1,1.6,,1.3,1.4,,1.2,0.7,,0.9,,0.8,0.8,0.8,,1.1,0.9,0.5,0.2,0.3,,0.6,0.7,0.8,0.7,0.6,0.5,0.4,0.9,0.7,0.7,0.7,0.6,1.1,0.6,0.6,1.4,0.5,0.5,0.4,0.6,0.8,0.7,0.8,0.8,0.7,0.7,0.7,0.7,0.7,0.5,0.6,0.5,0.4,,0.3,1,1,0.8,1,0.8,0.4,0.4,0.4,0.3,0.5,0.8,0.7,0.8,,1.3,0.8,1,,0.7,1.2,1,1.2,0.9,,0.7,0.7,0.7,,0.9,,0.9,0.9,0.5,1,0.6,0.7,1.1,,,,0.8,,0.6,,1,0.9,0.9,,0.7,0.9,0.8,0.9,0.6,,0.7,,0.9,1.1,0.7,0.8,0.8,0.8,,0.9,0.8,0.8,0.6,0.8,0.8,,1,,,0.8,0.5,0.8,0.9,0.5,0.8,1.1,0.8,1,0.5,0.6,0.6,0.5,0.6,0.9,0.6,0.8,1,0.6,0.5,0.4,0.9,0.7,1.1,0.8,0.8,0.8,0.9,0.8,0.8,,1.5,0.7,1,0.7,0.7,0.9,0.8,0.7,,,,,0.8,0.8,,0.8,1,0.9,0.7,0.6,0.7,0.8,0.8,0.5,0.5,0.7,0.6,0.6,0.6,0.6,0.8,0.8,,0.8,0.9,0.9,,0.6,0.7,,0.8,0.6,0.6,0.7,0.7,0.8,0.8,0.6,0.6,0.7,0.7,0.7,0.7,,0.6,0.7,0.5,1.3,0.8,0.6,0.6,0.2,0.3,,0.4,0.4,0.2,0.3,0.4,0.6,0.8,0.7,0.7,,0.5,,0.5,0.3,0.3,0.5,0.4,0.4,0.2,0.3,0.4,,,0.3,0.3,0.5,0.5,0.4,0.4,0.5,0.3,0.7,0.6,0.6,,0.7,0.5,0.6,0.6,0.6,0.8,0.7,0.9,0.5,,0.8,0.9,0.9,0.8,,0.9,0.7,1,0.9,1.1,1.1,0.8,0.5,,0.8,0.7,,0.5,0.4,0.5,0.7,,,0.8,0.5,0.4,0.5,0.3,0.8,0.7,0.7,0.9,,,0.4,1.2,1.2,1.4,1.2,,1.5,0.7,0.7,0.8,0.7,0.6,0.6,,0.6,0.7,0.7,,,0.7,0.6,,0.8,0.6,1,,0.8,,1,1,,,0.3,0.5,,,0.8,0.7,0.5,,,0.2,0.4,0.3,0.2,0.6,0.4,0.4,0.6,0.6,0.4,0.7,0.5,0.6,0.7,0.6,0.7,0.8,0.7,0.7,0.6,0.5,0.4,0.6,0.5,,0.4,0.5,0.6,,0.9,0.7,0.6,0.8,0.7,0.5,0.3,0.1,0.4,0.6,0.4,1.1,,,,1.3,1.4,1.4,1.2,1.2,0.7,0.8,0.5,1.1,0.8,0.7,2.3,2.1,2.6,2.5,2.8,,,1.4,0.5,,0.4,0.7,0.7,,0.6,0.5,0.8,,0.7,0.7,0.6,,0.6,0.9,0.7,0.7,0.6,0.7,0.7,0.7,0.9,0.8,0.8,0.8,0.6,0.9,0.8,0.6,,0.6,0.6,0.5,0.8,0.8,0.9,,0.7,,0.6,,,,0.7,0.6,0.8,0.8,0.7,0.7,,0.9,,0.7,0.9,0.7,0.6,0.6,0.6,0.5,0.6,0.6,0.6,0.7,0.5,0.2,0.5,0.5,0.5,0.5,0.6,0.5,0.5,0.5,,0.3,0.3,0.6,0.5,0.6,0.5,1,1.9,1.3,1.3,1.1,0.5,0.5,0.5,,,0.4,0.4,0.3,0.3,0.4,1,0.9,0.7,1.2,1.1,0.6,0.8,0.8,0.6,1.2,,1.1,1.1,1.1,0.6,0.6,0.6,0.6,0.7,0.5,0.7,0.8,,1.1,0.9,0.8,,0.9,0.9,1,0.8,,0.8,0.7,0.9,,0.9,0.7,0.7,0.8,0.8,0.9,0.9,0.8,0.7,0.8,0.7,0.8,0.7,,0.5,0.4,0.5,1.3,1.4,,1.1,1.2,0.8,0.8,0.9,0.7,0.8,0.7,0.9,0.9,1,1.1,,0.5,0.5,0.6,,1,0.9,,0.7,0.7,0.6,0.7,,0.7,0.7,0.7,0.8,0.9,0.8,0.9,1.1,0.8,1,1,0.9,0.9,0.7,0.7,0.9,1.4,0.9,1.5,1.1,0.7,0.9,0.6,0.8,0.7,0.6,0.9,0.8,0.9,1,1,0.8,0.6,0.8,0.8,1.1,0.8,0.6,0.6,1.1,0.6,0.5,0.7,0.5,1.3,0.8,0.8,0.8,0.7,0.6,0.5,0.7,0.8,1.1,0.4,0.6,0.8,0.8,0.6,0.7,0.6,0.9,1,0.6,0.7,0.6,0.6,0.6,0.7,0.6,0.5,0.5,0.5,1,,0.8,0.6,0.6,0.5,0.6,0.6,0.9,0.9,0.9,0.9,0.7,0.8,0.8,0.7,0.8,,,0.8,0.6,0.7,,0.8,0.4,0.7,0.7,0.8,0.9,,0.6,0.7,0.5,,,,,0.6,0.6,0.7,0.6,0.7,0.5,0.6,0.5,,0.4,0.6,0.6,0.7,0.7,0.7,0.6,0.6,0.5,0.6,0.4,,,,,0.3,0.5,0.6,0.5,0.4,0.5,0.7,,0.9,0.4,0.5,0.5,0.4,0.5,0.5,0.5,0.4,0.4,0.6,0.8,0.6,0.7,,0.6,0.5,0.6,0.6,1.3,0.7,0.7,0.5,0.8,,1.7,0.8,,0.7,0.5,,0.5,0.3,,,0.7,,0.4,,0.4,0.4,0.5,0.7,0.6,0.6,0.8,0.8,0.8,,0.5,0.6,0.6,0.6,,0.7,0.7,0.2,0.4,0.6,0.5,,0.4,0.5,0.3,0.7,0.4,0.4,,0.8,0.6,0.2,0.2,0.4,,0.8,0.7,0.5,,0.5,0.5,0.7,0.5,0.6,0.5,0.6,,0.5,0.5,,0.4,0.6,0.7,0.6,0.5,0.5,0.3,0.3,0.5,,0.4,0.2,0.2,0.3,0.3,0.6,0.5,0.5,0.4,,,,0.3,0.5,0.5,,0.6,0.4,0.4,0.5,0.6,0.3,1.3,0.8,0.9,0.9,0.9,0.5,0.6,,0.9,0.8,0.6,0.5,0.4,0.6,0.7,,0.6,,0.6,0.4,1.2,0.5,2,1.4,0.7,0.4,0.8,0.8,1,0.7,0.5,0.5,,,0.5,0.2,0.7,0.8,,1,1,1.1,0.7,,0.8,1,,,1,0.7,0.9,0.6,1,0.8,1.1,0.9,0.8,0.6,0.6,0.8,0.8,0.8,1,,0.9,0.8,,0.9,0.8,0.5,0.6,0.3,0.5,0.3,0.4,0.6,1,0.6,0.9,0.6,0.8,0.8,1,0.5,0.3,0.7,0.4,0.8,0.4,0.6,0.7,0.4,0.6,0.6,0.5,0.6,0.5,0.8,0.2,1.2,0.9,0.9,1,0.9,0.8,1,0.9,0.9,0.9,1.6,0.9,0.9,1,0.6,1.2,,0.7,1,0.7,0.6,0.6,0.7,0.4,,,0.7,0.5,0.6,1.1,0.7,0.3,0.7,0.8,0.5,0.4,0.7,0.7,0.8,0.7,0.5,0.8,0.6,0.8,,0.7,0.6,0.4,0.8,0.7,,0.4,0.3,0.6,0.5,0.4,0.6,0.5,0.4,0.5,0.5,0.6,0.8,0.8,0.9,0.5,0.9,,1.1,,0.7,0.7,0.7,0.8,0.8,0.8,0.8,0.9,0.7,0.7,0.8,0.7,0.7,0.6,0.7,0.6,0.5,0.6,0.4,,0.4,0.8,0.8,0.5,0.3,0.6,0.5,0.9,0.8,0.8,0.6,0.7,0.8,0.6,0.8,0.9,0.9,1,0.8,0.8,,0.7,0.8,0.9,0.8,0.9,1.2,0.7,0.7,0.7,0.6,0.9,0.6,0.6,0.8,0.4,0.5,0.5,1.1,1.1,0.9,0.7,0.8,0.3,0.8,0.4,0.5,0.3,0.7,1.3,1.2,0.6,0.7,0.7,0.4,0.6,0.5,1.6,0.5,0.5,0.8,0.9,0.7,0.9,0.7,0.6,0.8,0.9,0.7,0.8,1,0.7,0.4,0.6,0.4,0.5,0.6,0.9,,0.6,0.6,0.6,0.9,0.5,0.9,0.8,0.6,0.6,0.5,0.7,0.6,0.8,0.8,0.7,0.7,0.8,1.1,0.3,0.3,0.3,0.6,0.4,0.4,,0.8,0.4,0.7,0.7,0.4,0.5,0.5,0.4,0.6,0.4,0.5,0.6,0.8,0.7,0.1,0.5,0.6,0.8,0.9,0.8,0.4,0.8,0.8,0.9,0.6,0.8,0.7,0.9,0.5,0.8,,0.6,0.9,0.8,0.8,1.4,0.5,0.8,0.5,,0.7,0.4,1,0.7,0.9,1.1,0.7,0.8,0.8,0.7,0.9,0.5,,0.7,,0.7,,0.2,0.5,0.8,0.5,0.7,1.2,0.7,0.9,0.8,,0.6,0.5,0.7,0.7,0.7,0.5,0.5,0.4,0.2,0.6,0.7,0.6,0.7,0.7,0.5,0.4,1.1,0.5,0.5,0.6,0.6,,0.6,,0.9,0.7,,1.3,0.7,0.5,0.8,0.5,0.9,0.8,0.4,,0.5,0.6,0.6,0.6,,,1.7,0.7,0.5,0.6,0.6,0.8,0.7,0.7,0.9,0.5,1.1,0.4,0.5,0.3,0.6,0.4,0.5,0.5,0.6,0.5,0.7,0.9,,0.8,,1.1,0.9,0.5,0.9,0.9,0.9,0.7,0.8,0.5,0.7,0.8,0.7,0.2,0.5,0.5,0.6,0.7,0.7,0.7,0.8,1.5,0.9,0.5,0.4,0.7,0.7,0.7,0.6,0.7,1.8,1.3,,1.3,0.5,0.8,0.7,1.3,0.5,0.7,0.5,0.2,1.2,0.8,0.8,0.6,0.6,0.5,0.9,0.5,0.9,0.8,0.4,0.6,0.6,0.6,,0.7,0.7,1,0.2,0.7,0.7,0.4,0.7,0.7,0.7,0.5,0.6,0.6,0.6,0.8,1,0.8,0.9,1.4,0.5,0.7,0.9,0.9,0.9,0.6,0.6,0.7,0.6,0.6,0.5,0.6,0.5,0.9,0.2,1,0.3,0.9,0.6,0.5,0.7,0.5,0.4,0.7,0.7
20210423,5,AQI,74,89,68,58,63,82,67,84,70,85,65,77,,,20,,27,23,22,,22,,78,23,,26,21,,113,80,82,84,78,79,59,,33,40,,48,30,32,31,30,,33,,88,63,69,63,69,72,72,74,58,61,,63,74,60,26,22,16,20,54,62,56,,54,58,48,53,69,78,,79,68,77,77,94,,63,94,105,89,84,79,,36,34,,,30,50,26,42,59,64,59,,54,66,63,68,55,,58,35,37,42,38,41,37,38,38,39,38,61,56,54,50,42,39,53,42,45,59,48,56,40,,47,50,50,62,59,67,53,59,133,115,128,110,139,,129,82,124,107,49,52,67,49,50,39,67,77,62,202,,92,83,145,,79,135,90,117,125,152,,62,,,,85,83,,77,73,67,,,,77,,79,79,89,85,89,92,85,92,102,,,,117,78,,55,64,69,85,83,,87,103,85,107,54,65,64,32,,36,,60,54,,69,62,,81,57,59,,73,79,82,45,53,57,40,,,75,68,63,52,46,52,42,,63,,,77,,109,105,,18,20,22,13,22,15,,46,58,64,62,58,64,63,43,44,51,49,43,52,48,55,46,44,52,30,,49,16,48,24,28,42,18,42,49,31,,36,43,37,,57,44,52,53,,53,64,42,55,24,,,25,28,25,24,53,23,63,73,70,70,71,65,80,68,58,28,28,26,23,28,29,25,,28,38,50,40,36,33,32,32,45,25,35,28,55,55,,55,73,54,85,54,58,55,54,52,53,53,53,49,,,37,50,56,67,52,55,47,54,53,46,40,43,,50,64,64,45,48,39,26,33,40,41,44,,,68,57,68,82,73,78,80,66,56,62,50,62,32,34,33,28,33,41,39,46,20,17,43,17,25,39,,54,28,41,49,63,52,52,,,30,67,53,48,64,,124,114,99,103,,,127,73,39,58,56,45,51,51,53,57,41,,57,62,79,64,61,79,32,34,30,31,34,36,98,64,79,71,86,69,66,91,,80,55,85,64,,60,31,37,42,,,,32,36,,,,54,46,29,32,34,31,24,,36,24,26,30,25,24,32,26,36,31,42,52,36,28,21,42,,62,50,53,41,34,48,44,54,51,,62,59,108,38,40,40,42,53,62,59,85,51,70,63,28,26,38,32,,26,,69,69,63,72,55,,58,51,,,63,72,67,67,,40,43,67,,79,73,92,67,77,30,31,32,34,32,,,,113,,89,85,,89,58,53,46,64,74,69,38,37,37,,83,,,54,,64,59,59,73,62,50,40,50,,42,27,38,32,35,33,41,53,44,52,48,63,53,69,56,51,52,57,55,44,,47,78,73,,36,39,,54,48,50,60,32,,48,54,,,89,72,,53,,46,46,84,62,138,,,117,89,,67,95,,92,,125,87,108,,84,62,30,29,30,,32,33,36,42,41,29,20,62,51,67,67,59,85,33,46,52,30,28,32,85,58,38,60,117,127,119,139,153,130,64,53,39,44,,47,63,64,72,62,72,45,36,36,39,37,53,59,46,,54,57,85,,45,38,36,23,32,,35,25,34,,114,,117,144,124,119,80,84,72,,,,60,,50,,104,108,123,,112,87,98,75,65,,68,,53,58,49,58,32,48,,36,37,35,35,30,38,,32,,,21,62,30,31,33,33,31,36,39,22,37,26,38,63,58,58,72,60,54,28,28,34,54,65,,79,84,78,75,80,,50,45,45,56,69,68,77,57,,,,,75,64,,61,38,46,28,43,22,43,26,33,36,31,35,52,46,63,69,54,,49,46,69,,52,56,,84,53,38,58,45,44,65,56,58,64,73,68,79,,79,74,230,43,38,48,82,40,31,,25,33,41,34,51,77,70,46,46,,60,,94,70,70,85,64,23,20,26,24,,,28,20,64,32,35,33,38,,41,39,69,,79,89,98,87,70,79,78,72,68,,55,66,75,78,78,65,69,55,50,38,36,54,55,,57,62,,56,58,34,58,,,52,54,52,55,53,51,38,47,42,,,52,83,92,85,108,,83,62,68,74,67,68,70,,68,77,80,,,82,88,,69,58,65,,75,,74,54,,,43,36,,,63,53,42,,,46,53,44,48,51,43,49,40,38,45,42,36,40,49,45,63,68,55,53,45,40,36,36,46,,50,26,50,,35,44,54,53,36,32,34,36,43,42,36,98,,,,109,74,88,74,178,155,208,175,50,49,62,282,266,259,212,288,,,122,24,,25,62,50,,29,67,59,,55,57,64,,87,73,57,59,50,79,67,94,58,60,58,68,58,55,50,48,,46,28,31,36,73,67,,48,,57,,,,54,55,57,55,75,70,,58,,38,45,36,49,19,39,60,28,94,50,78,20,,29,38,26,50,68,63,46,22,,24,19,38,27,30,25,25,75,49,51,52,32,44,53,,,24,20,24,24,25,34,47,39,53,43,45,46,39,34,33,,35,36,33,33,32,28,33,30,49,60,61,,115,130,114,,110,94,102,74,,78,59,58,,62,53,54,58,56,57,69,62,54,58,62,79,57,,63,62,39,51,56,,59,61,51,51,45,54,55,69,77,72,30,31,,40,43,39,,32,31,,38,29,38,39,,35,39,40,29,43,30,,,25,26,,37,35,42,39,49,31,28,38,23,21,37,54,43,40,46,40,37,40,49,39,21,29,22,44,25,19,36,32,37,31,14,24,15,75,58,55,58,35,29,25,24,28,46,57,77,52,51,45,45,48,53,43,44,48,50,52,60,47,42,44,29,39,35,,57,27,22,23,24,25,35,39,29,88,87,87,70,61,84,,,30,35,30,,37,36,27,40,50,52,,52,57,49,,,,,47,45,50,53,42,29,23,31,,32,30,41,51,52,52,54,50,60,,59,,,,,33,18,55,63,52,45,39,,36,72,52,52,50,42,40,41,102,97,59,57,54,54,,75,78,82,68,86,73,47,47,73,,59,59,,32,21,,33,34,,,38,,32,,24,24,22,24,21,28,66,67,59,,26,27,27,42,,31,51,17,28,32,93,,35,84,34,34,398,422,,40,45,22,22,25,,54,67,50,,39,34,24,20,20,31,48,,48,38,,,43,40,46,43,38,440,408,24,,24,26,23,69,57,32,33,32,34,,,,29,40,23,,22,23,22,35,52,32,113,57,23,25,24,74,103,,73,113,85,109,62,382,64,,39,,110,51,144,39,68,,322,21,65,56,54,27,76,25,,,58,33,61,26,,52,46,51,36,,70,67,,,67,102,112,57,79,78,64,62,49,75,39,63,37,52,104,,21,59,,77,33,42,38,34,45,50,85,77,62,32,43,32,24,107,29,35,42,29,29,36,48,58,41,53,52,43,54,35,42,67,34,62,55,93,97,34,38,36,77,63,98,53,33,25,45,70,108,,45,48,132,77,36,24,24,,,49,83,68,35,55,32,52,77,59,116,87,48,57,70,25,62,37,62,,57,42,47,48,71,,198,125,46,117,79,78,123,94,127,57,80,52,47,107,53,35,,74,,68,85,53,58,46,75,92,80,76,65,61,56,38,56,58,46,53,52,107,,47,68,69,62,36,53,49,40,23,54,74,87,79,70,49,54,117,105,52,53,,108,134,59,87,92,78,39,50,26,33,74,33,36,41,20,35,29,83,76,89,59,97,25,57,89,77,31,120,67,67,69,74,92,73,53,58,35,35,31,60,68,28,33,28,36,67,34,34,45,52,77,62,68,57,59,65,50,,132,57,77,57,40,46,46,35,100,62,57,79,51,49,87,83,40,67,52,33,29,33,31,26,,65,52,45,69,82,42,52,51,34,54,43,34,83,89,28,90,58,21,35,26,61,45,48,46,46,42,38,102,58,70,,101,82,59,59,38,34,28,15,,22,57,72,74,85,68,45,64,55,55,79,27,,59,,26,,40,58,52,55,57,62,73,32,35,,36,39,67,49,54,46,34,34,54,35,43,37,48,42,45,55,31,23,29,40,40,,78,,54,38,,23,64,69,63,65,67,74,35,,16,56,57,46,,,142,56,75,72,78,29,36,22,34,88,95,55,83,85,85,69,79,74,65,67,64,84,,68,,132,52,67,70,53,62,74,67,57,65,74,77,27,24,500,500,34,38,70,124,79,63,58,54,90,39,63,65,54,31,40,,69,62,125,112,98,51,68,20,51,53,65,62,93,40,46,69,52,56,42,36,,73,41,,50,26,59,33,67,99,108,65,90,73,78,65,80,40,87,85,59,63,100,59,92,55,35,33,78,80,63,72,41,41,57,65,89,39,113,38,122,58,33,60,29,36,84,58
20210423,5,PM2.5,54,66,49,41,45,60,48,62,51,63,47,56,,,14,,16,16,15,,10,,18,16,,13,10,,85,59,60,62,57,58,42,,23,28,,33,21,12,10,21,,8,,65,45,50,45,50,52,52,54,41,36,,32,54,36,18,15,11,14,38,33,38,,35,41,33,37,50,57,,58,49,56,56,70,,45,70,79,66,62,58,,23,20,,,21,19,18,29,42,46,42,,38,45,45,49,32,,41,16,7,8,9,8,7,8,10,14,6,43,38,27,23,20,26,36,26,31,29,33,32,28,,30,35,35,44,42,48,37,42,101,87,97,83,106,,98,60,94,80,34,36,48,34,24,27,48,56,44,152,,68,61,111,51,58,103,67,88,95,116,,44,,,,63,61,,56,53,36,,,,56,,58,58,66,63,66,68,63,68,76,,,,88,57,,38,46,50,63,61,,64,77,63,80,38,47,46,22,,24,,38,28,,49,44,,58,39,39,,37,58,60,31,29,38,28,,,55,49,33,29,24,21,18,,45,,,56,,74,79,,7,14,12,8,11,9,,32,41,46,37,35,46,37,30,27,34,34,27,27,29,39,31,29,36,21,,20,10,17,15,12,29,9,29,25,20,,24,15,12,,40,22,22,34,,37,46,27,39,7,,,17,19,17,12,37,12,45,36,40,41,44,40,43,38,29,18,12,15,13,19,20,16,,14,19,35,28,25,23,22,22,31,16,24,10,28,30,,30,32,26,60,25,32,28,28,25,20,21,22,25,24,,18,27,27,32,26,21,14,27,24,24,27,24,,21,43,39,27,23,21,18,16,20,20,16,,,37,27,35,40,43,45,54,39,34,36,29,31,18,21,23,18,17,17,19,19,8,8,9,7,11,17,,34,19,27,23,27,24,27,,,19,28,29,17,25,,94,86,74,77,,,96,53,19,27,24,31,27,24,31,31,19,,38,39,48,46,43,39,6,6,3,4,8,2,36,34,41,34,36,41,35,39,,36,37,39,34,,30,21,20,23,,,,21,14,,,,38,26,10,10,17,6,5,,18,14,15,21,17,15,22,18,19,16,29,36,25,19,7,22,,44,26,24,22,14,24,22,34,17,,44,42,81,17,19,17,16,37,44,42,63,30,51,45,19,18,26,22,,15,,50,50,41,52,39,,38,35,,,45,52,48,48,,28,30,48,,58,53,68,48,56,9,8,5,7,2,,,,85,,66,63,,66,38,32,32,46,54,50,22,15,18,,61,,,38,,46,42,34,53,44,35,28,34,,15,16,16,16,21,19,22,27,23,19,27,45,37,50,37,23,30,36,37,24,,19,56,53,,25,27,,38,33,34,43,22,,28,38,,,66,52,,30,,21,28,18,43,105,,,88,66,,48,71,,68,,95,64,81,,62,35,5,8,5,,12,9,16,12,9,8,8,44,33,48,48,42,63,12,20,36,18,14,14,63,41,26,43,88,96,90,106,117,99,46,20,24,16,,26,45,45,52,42,52,26,20,22,27,18,37,42,32,,38,40,63,,31,26,25,9,15,,24,17,5,,86,,88,110,94,90,59,62,52,,,,41,,32,,78,81,93,,84,64,73,55,47,,49,,34,41,34,41,22,24,,21,24,20,21,21,26,,22,,,8,44,16,13,9,23,21,25,27,12,10,15,12,45,41,40,52,43,32,12,14,22,25,47,50,58,62,57,55,59,,35,26,31,34,50,49,56,40,,,,,55,46,,34,26,32,19,25,12,30,14,19,15,16,17,29,16,33,28,33,,34,32,50,,30,36,,62,24,24,34,31,27,34,32,41,46,53,49,58,,32,32,95,30,26,33,60,28,21,,6,15,16,21,20,56,51,29,29,,43,,70,51,51,63,46,4,6,18,13,,,19,11,13,17,18,11,14,,6,1,50,,58,66,73,64,51,58,57,52,49,,39,38,55,57,57,47,50,39,35,22,23,37,39,,38,28,,25,33,22,37,,,36,38,36,39,33,31,26,32,25,,,15,61,68,63,81,,61,21,46,31,34,31,51,,49,56,59,,,60,65,,50,41,19,,23,,29,27,,,30,11,,,31,23,27,,,20,37,21,24,28,28,34,28,22,31,29,25,28,34,26,32,49,35,37,31,25,25,25,32,,15,17,34,,17,22,27,33,15,12,21,13,30,23,25,73,,,,82,54,65,54,134,118,158,132,29,33,44,232,216,209,162,238,,,92,7,,14,44,34,,20,48,42,,39,39,46,,64,53,40,42,35,58,48,70,28,40,31,26,36,23,35,33,,32,14,19,22,53,48,,33,,40,,,,35,31,40,39,55,51,,35,,26,31,25,21,13,27,43,10,70,35,51,14,7,20,26,16,35,49,32,30,13,,14,13,19,16,21,17,17,55,34,24,34,19,18,24,,,6,9,5,12,17,23,29,15,37,24,20,32,27,20,22,,21,21,22,23,21,19,20,16,34,42,29,,87,99,86,,83,70,76,54,,57,42,41,,36,30,35,38,29,38,50,44,38,41,44,58,40,,45,44,25,30,31,,29,33,10,25,31,38,39,50,56,52,21,11,,28,30,27,,22,20,,21,17,26,27,,24,17,20,20,19,21,,,15,18,,22,24,29,27,34,7,19,20,16,8,24,38,30,28,32,20,21,19,34,20,14,11,15,14,17,12,25,22,24,21,6,8,10,47,30,34,29,13,12,9,9,13,17,40,33,32,29,29,26,33,31,22,19,24,35,30,38,29,25,16,14,27,13,,19,8,14,12,12,14,24,27,17,65,64,64,51,42,62,,,14,24,20,,21,19,16,20,22,32,,31,40,34,,,,,29,28,35,35,25,17,14,14,,15,19,24,24,26,23,38,35,43,,42,,,,,7,3,39,45,24,31,24,,22,52,36,36,35,10,23,13,76,72,42,40,36,32,,55,57,60,49,43,48,28,10,45,,41,42,,22,6,,6,7,,,11,,3,,7,5,11,11,9,11,22,28,23,,9,10,9,29,,20,14,11,11,22,52,,22,20,23,15,90,84,,28,31,9,8,17,,30,45,35,,22,20,11,12,9,11,22,,22,26,,42,30,28,32,30,22,70,60,16,,14,18,10,14,21,6,1,6,14,,,,20,18,16,,15,10,11,9,23,16,85,29,7,15,10,54,77,,37,85,63,82,44,80,46,,27,,83,28,110,27,40,46,102,6,47,36,37,17,48,15,,,41,23,29,18,,20,29,30,20,,51,48,,,48,76,84,40,58,57,40,44,34,55,26,30,11,26,78,,14,42,,56,17,27,26,9,31,23,63,56,44,22,23,22,13,80,9,6,29,20,18,25,13,41,22,37,36,30,38,5,29,42,12,28,38,69,72,23,26,25,56,40,73,37,17,17,31,30,81,,27,33,100,54,17,13,14,,,19,61,49,24,39,4,27,56,33,62,50,26,36,51,17,39,16,44,,35,22,26,28,15,,69,95,24,88,58,57,93,70,96,40,59,22,15,33,37,24,,54,,49,63,37,41,32,55,68,38,39,29,38,38,17,22,26,20,30,27,80,,12,48,32,30,22,31,34,28,8,38,54,64,58,51,34,38,88,79,32,34,,81,102,32,64,68,57,18,35,17,22,54,23,25,27,14,24,12,61,53,66,31,72,17,40,66,56,7,91,48,48,50,54,68,41,33,41,20,6,20,43,49,17,23,12,19,43,17,18,17,34,56,44,43,37,39,47,33,,100,40,56,28,24,32,25,24,75,33,40,58,33,34,64,61,28,48,36,17,4,8,15,8,,45,34,31,37,42,10,27,19,22,25,29,12,61,66,10,67,41,6,24,18,41,31,33,32,32,29,26,42,41,51,,56,60,42,42,26,11,17,10,,10,40,52,41,63,49,24,46,39,39,58,17,,42,,18,,11,41,36,36,40,44,53,22,24,,23,26,40,34,38,27,17,17,9,24,30,19,20,19,26,39,19,6,12,19,28,,57,,38,21,,16,41,50,43,40,48,54,17,,11,32,40,24,,,108,30,55,52,51,5,25,7,22,65,71,39,61,63,63,48,52,42,40,48,46,39,,46,,100,33,48,51,36,44,54,48,32,31,54,21,12,2,284,460,17,26,44,94,58,32,41,22,67,17,32,30,22,17,24,,50,44,95,84,73,24,49,14,12,37,47,44,69,26,32,50,31,34,29,24,44,37,26,,19,11,42,4,48,74,81,47,67,53,57,47,59,27,64,63,42,45,75,35,61,39,24,23,57,59,45,52,16,12,40,47,66,27,85,26,92,35,22,43,7,3,62,41
20210423,5,PM2.5_24h,31,44,34,28,30,37,31,33,32,44,29,33,,,30,,34,32,30,,26,,31,29,,30,16,,47,42,47,47,43,50,43,,32,31,,40,29,21,28,29,,20,,44,43,42,39,38,37,40,34,39,30,,31,40,32,23,16,19,19,34,28,28,,29,40,34,38,40,49,,44,42,47,46,54,,37,55,53,51,44,45,,22,24,,,20,16,23,20,41,54,44,,39,38,49,49,51,,49,30,25,18,24,14,18,15,21,27,22,38,31,31,29,25,30,34,32,29,34,48,47,59,,51,51,65,48,55,70,56,64,32,29,31,29,33,,32,24,30,32,29,28,34,29,32,22,29,41,31,64,,30,29,50,31,27,60,38,40,37,51,43,27,,,,46,44,,43,42,30,,,,35,,29,32,34,27,34,35,31,35,56,,,,60,50,,32,64,61,41,45,,41,59,53,53,25,38,42,24,,27,,29,28,,35,40,,36,31,32,,37,36,40,26,15,22,20,,,19,34,23,24,20,22,22,,36,,,32,,36,40,,17,21,25,13,13,13,,38,35,36,30,29,28,24,21,25,33,32,23,28,29,35,32,29,32,16,,22,11,18,20,9,19,16,17,17,10,,12,8,8,,26,35,37,38,,46,52,34,42,16,,,16,15,13,12,15,12,39,33,34,37,36,34,37,35,29,20,12,18,17,22,19,15,,17,16,22,31,18,19,16,17,21,16,24,9,38,39,,35,34,32,44,37,49,37,34,24,22,22,21,20,29,,15,18,20,33,23,21,21,26,29,33,35,30,,31,46,34,26,27,25,22,24,25,21,25,,,36,33,39,39,40,40,31,22,30,28,25,29,22,24,24,21,23,25,24,23,10,13,15,12,12,17,,24,24,30,28,18,28,26,,,21,27,18,28,30,,97,90,69,72,,,94,52,28,31,34,36,33,35,37,37,29,,32,27,52,47,42,41,10,10,13,9,18,5,33,34,39,31,39,41,31,34,,37,34,36,33,,29,17,20,24,,,,22,22,,,,34,26,9,10,12,11,11,,22,19,20,23,24,24,18,16,15,16,21,35,17,25,14,36,,50,43,37,36,17,24,25,29,22,,44,38,50,31,23,24,23,35,34,32,52,30,39,38,16,17,16,17,,22,,20,21,22,22,39,,38,46,,,33,37,36,72,,70,54,51,,37,40,36,36,38,22,14,16,21,19,,,,47,,37,48,,54,36,33,44,24,25,26,24,24,24,,36,,,49,,39,40,48,33,26,23,32,27,,16,16,15,14,18,19,20,24,18,17,30,34,34,17,20,18,30,34,30,22,,17,48,41,,28,30,,37,31,31,28,21,,29,34,,,44,43,,25,,20,26,20,31,90,74,,90,68,,46,49,,43,,61,44,55,,49,55,14,15,9,,21,23,23,29,29,20,15,45,41,38,43,38,46,11,18,25,21,8,22,53,39,34,43,45,36,33,43,42,39,28,24,24,18,,28,95,102,102,106,74,30,22,21,32,19,32,37,31,,33,37,41,,36,36,35,33,32,,34,25,6,,64,,59,80,66,67,35,50,37,,,,35,,28,,63,65,77,,68,65,63,41,37,,35,,40,41,37,40,22,23,,22,20,19,20,16,18,,23,,,16,23,10,10,5,26,35,32,31,12,9,11,13,27,27,23,30,32,29,11,12,26,35,51,54,54,50,53,52,47,,35,24,29,28,36,41,36,32,,,,,47,41,,40,24,31,19,24,25,27,15,12,13,11,14,25,23,30,26,25,,30,35,46,,21,24,,28,29,28,35,34,31,35,34,45,38,41,38,46,,40,43,62,29,40,24,44,12,16,,11,8,26,44,16,44,42,38,38,,12,,19,14,14,18,15,13,15,12,15,,,11,11,10,12,14,12,23,,12,18,30,,34,34,30,32,30,33,33,32,30,,39,37,35,39,39,34,38,33,37,38,38,17,19,,40,28,,24,27,25,29,,,24,37,29,35,33,19,22,19,19,,,22,52,51,51,70,,51,27,30,20,21,19,36,,35,42,41,,,37,38,,33,26,19,,19,,38,34,,,34,26,,,35,36,23,,,26,29,28,22,23,25,26,33,32,26,29,31,20,26,24,30,52,33,41,42,27,22,24,25,,24,27,36,,22,26,26,24,25,23,22,17,30,28,29,89,,,,180,223,158,172,182,118,125,105,107,82,68,572,409,611,456,339,,,218,46,,55,96,91,,69,38,32,,36,35,42,,52,54,31,46,24,35,31,42,28,36,26,23,42,26,29,25,,22,16,26,22,56,35,,27,,32,,,,23,20,23,33,32,33,,27,,33,35,34,20,15,24,25,21,30,25,36,21,10,16,20,16,29,37,29,27,17,,15,13,17,16,16,17,9,32,18,9,18,26,20,22,,,7,13,10,13,14,25,31,27,35,28,23,26,23,23,22,,22,25,22,24,19,21,21,16,31,32,21,,62,67,62,,62,67,63,47,,43,34,35,,31,32,35,37,32,32,37,36,34,33,32,35,34,,47,46,42,24,26,,30,26,11,24,24,25,42,51,52,51,20,18,,32,31,28,,21,20,,21,15,19,21,,18,10,15,17,12,20,,,17,24,,23,20,21,22,24,20,25,26,26,19,20,33,25,31,32,28,24,25,32,29,7,11,16,12,16,12,19,16,14,14,7,9,8,32,25,35,23,19,19,9,15,19,18,33,33,31,24,29,29,33,32,32,37,32,32,29,32,32,29,28,29,16,18,,13,18,21,18,22,23,30,35,30,53,56,50,52,36,46,,,18,22,20,,21,21,18,22,32,33,,43,36,35,,,,,25,21,26,30,21,14,15,18,,9,21,22,24,23,26,36,37,39,24,40,,,,,7,6,42,42,29,28,22,,21,51,34,33,33,9,17,11,43,27,42,39,28,28,,42,44,42,42,46,42,26,17,38,,37,35,,21,2,,11,13,,,23,,5,,13,9,13,11,12,16,20,26,23,28,12,18,13,17,,16,11,9,14,16,38,,36,41,16,13,50,54,,20,20,13,11,8,,34,38,20,,19,22,21,19,13,10,25,,25,29,,35,18,16,19,177,169,65,48,7,,13,8,9,19,18,20,10,12,18,,,,14,12,15,,12,10,10,11,25,18,75,35,9,35,24,48,40,,20,55,41,77,23,43,31,,29,,43,45,102,21,39,42,70,10,38,50,37,20,35,12,,,27,21,33,35,,29,29,32,20,,42,34,,,23,48,49,31,40,38,23,20,23,54,23,32,21,26,51,,28,34,,48,26,41,40,4,24,28,36,45,34,14,13,21,28,63,28,17,22,28,22,33,7,33,27,36,37,34,38,11,25,39,20,27,30,64,43,21,23,22,38,29,50,31,19,18,29,28,59,,28,26,40,23,9,16,13,,,20,45,47,32,28,10,23,38,42,44,67,21,32,37,18,33,23,26,,36,18,20,30,18,,50,32,16,29,24,27,30,30,32,20,49,23,34,30,33,19,,40,,29,26,22,31,27,45,48,40,36,33,36,32,21,25,25,19,31,24,37,,11,37,33,30,21,30,44,47,13,34,50,38,46,28,27,28,62,71,27,28,,67,70,71,75,88,207,14,43,24,19,36,27,18,36,14,29,16,66,70,55,45,50,8,47,45,26,17,45,32,23,47,52,46,33,26,33,35,22,10,33,49,17,22,11,23,29,24,19,21,36,33,37,31,28,36,31,27,,44,27,36,34,23,39,32,36,37,32,32,34,32,35,36,28,16,30,29,20,8,10,10,13,,39,23,31,40,23,21,24,16,24,14,22,21,46,49,33,56,36,18,27,29,31,27,34,31,28,22,35,38,36,31,,68,73,41,39,119,25,20,16,,38,28,52,41,55,46,32,42,35,44,22,20,,32,,28,,17,20,39,47,48,40,41,34,28,,16,26,41,25,19,17,16,16,26,24,28,25,25,25,23,42,21,14,12,17,18,,23,,35,18,,21,32,33,33,34,47,47,18,,20,35,29,21,,,87,26,42,42,42,18,36,17,25,50,51,30,45,40,43,34,36,41,29,36,36,35,,35,,94,31,37,46,31,40,24,43,22,30,41,32,8,5,334,403,17,24,44,53,54,46,37,24,35,29,33,32,23,27,34,,35,31,74,67,210,34,42,14,15,53,68,33,48,35,28,37,24,40,27,18,41,22,32,,17,59,24,6,28,43,54,32,43,34,32,37,31,22,53,49,49,37,185,32,51,17,32,27,48,34,31,33,26,17,41,32,42,33,147,26,95,22,29,43,6,5,47,32
20210423,5,PM10,49,39,65,55,51,51,49,51,42,40,60,54,,,18,,27,19,22,,18,,105,23,,14,16,,96,82,88,72,93,71,62,,23,29,,9,20,16,18,21,,12,,60,68,85,56,70,89,90,76,60,71,,76,58,70,9,7,14,14,12,74,61,,58,56,47,54,58,58,,72,76,81,78,120,,56,99,99,106,99,92,,36,34,,,28,50,20,24,61,74,63,,46,82,63,79,60,,45,25,34,25,23,24,31,21,19,32,19,71,61,57,50,42,39,56,42,42,68,39,61,39,,47,45,50,47,51,35,36,62,98,71,87,72,82,,87,66,79,70,44,39,56,44,50,20,73,66,48,70,,68,87,76,,80,85,91,61,90,86,79,39,,,,88,44,,68,80,83,,,,58,,90,106,102,88,105,102,78,85,107,,,,130,81,,60,50,43,66,81,,53,56,46,61,41,46,42,25,,36,,70,58,,88,60,,111,64,68,,95,102,78,45,55,64,37,,,77,63,76,53,46,53,42,,75,,,66,,168,120,,18,20,22,13,22,15,,43,57,74,73,65,58,76,32,44,51,29,43,53,48,48,46,44,51,19,,49,16,48,24,28,40,18,30,49,31,,36,43,37,,40,44,54,56,,51,51,42,59,9,,,19,17,19,17,53,14,76,96,89,89,92,80,109,85,66,28,28,26,19,24,22,25,,28,38,30,22,29,18,22,22,17,23,21,28,60,60,,60,95,57,120,58,66,59,57,54,55,55,55,49,73,,37,50,62,83,54,60,47,57,56,46,40,43,,50,78,78,45,48,39,22,33,40,41,44,,,86,64,85,114,96,105,110,81,61,74,50,74,32,34,19,28,33,41,39,46,20,9,43,17,25,39,,58,28,41,49,76,54,54,,,30,84,56,48,77,,111,112,91,99,,,135,72,39,66,61,44,51,51,56,63,41,,63,74,107,68,72,107,10,18,13,9,10,18,146,78,108,91,121,88,81,132,,110,60,119,78,,69,31,37,42,,,,32,36,,,,55,46,29,32,34,31,24,,36,19,15,27,24,21,19,22,36,31,27,53,24,23,21,42,,55,50,56,41,34,48,44,58,51,,62,63,118,38,40,40,42,40,42,36,64,52,38,40,22,21,25,26,,19,,78,71,75,70,48,,66,51,,,61,30,28,56,,25,42,56,,87,90,92,75,73,12,9,5,12,7,,,,127,,92,83,,64,66,56,44,48,53,66,17,22,27,,46,,,57,,74,53,68,40,47,28,38,50,,42,27,38,32,35,33,41,56,44,54,48,52,48,57,61,51,53,63,59,44,,47,106,89,,31,34,,38,46,50,39,29,,48,53,,,83,89,,56,,46,46,118,73,89,71,,91,101,,55,64,,69,,141,110,159,,109,73,22,15,14,,32,33,36,42,41,26,20,52,51,46,45,47,73,24,46,54,18,28,32,34,37,36,32,44,125,152,126,162,138,68,56,39,44,,47,70,77,86,73,75,45,36,28,33,37,30,41,24,,53,44,86,,32,21,33,23,32,,25,20,7,,100,,96,160,123,124,92,76,90,,,,70,,50,,144,129,86,,121,89,76,67,68,,64,,56,37,36,56,29,48,,36,37,35,35,22,32,,19,,,17,37,30,31,18,31,31,36,34,22,37,26,38,64,62,65,79,62,57,28,28,34,58,76,66,78,87,86,77,84,,38,45,32,62,68,51,61,42,,,,,80,66,,71,29,31,27,43,12,24,26,33,36,31,35,53,46,76,87,57,,46,43,66,,53,62,,106,55,38,65,42,44,80,62,65,68,63,66,64,,108,98,371,36,32,37,35,12,27,,9,33,41,34,51,66,51,46,46,,32,,80,68,68,57,56,10,8,17,22,,,28,18,78,32,31,25,9,13,4,7,80,,94,112,90,90,87,75,79,88,76,,52,82,79,97,89,69,70,53,47,38,36,58,57,,64,74,,62,65,34,65,,,22,52,46,48,55,52,35,47,42,,,54,93,112,93,87,,88,74,85,98,84,86,66,,54,72,73,,,84,88,,64,61,80,,100,,98,58,,,32,36,,,75,55,42,,,46,45,44,48,52,43,42,35,38,41,31,33,29,44,45,76,57,59,46,39,40,21,28,39,,50,26,50,,34,44,58,55,36,14,34,36,41,42,33,109,,,,117,84,92,67,212,149,146,168,50,49,50,279,237,243,209,256,,,106,16,,22,50,50,,13,63,60,,48,63,58,,71,60,30,64,35,51,69,55,66,70,66,86,66,60,43,38,,35,28,31,36,68,62,,42,,52,,,,58,60,53,50,77,78,,65,,29,32,23,49,12,35,39,28,104,34,105,20,7,25,26,26,49,46,75,46,22,,24,16,38,27,20,17,14,100,42,51,54,32,44,56,,,24,20,24,24,22,34,47,39,31,43,45,45,39,34,33,,35,36,33,33,32,28,33,30,46,69,71,,125,124,126,,121,89,104,63,,67,52,56,,73,56,58,66,61,64,58,59,54,64,61,64,61,,51,49,39,52,61,,68,71,51,51,34,43,41,38,44,54,30,31,,39,38,36,,26,31,,38,29,31,25,,34,39,40,29,43,30,28,28,25,26,26,37,35,35,38,31,31,22,38,21,21,37,35,37,39,31,40,37,40,41,39,21,29,20,44,24,19,30,26,37,31,14,24,13,100,65,60,66,35,29,25,24,28,46,63,103,54,51,45,45,44,55,43,44,48,46,54,70,47,42,44,29,25,35,,63,27,22,23,20,16,35,26,29,92,101,78,87,71,93,,,30,32,30,,37,36,27,40,50,54,,53,51,45,,,,,47,45,48,55,42,29,23,31,,32,27,41,52,54,54,44,49,50,54,64,,,,,33,18,58,69,54,42,39,,36,62,51,44,45,12,38,37,65,96,33,61,57,58,,77,83,77,62,122,96,47,47,96,,67,56,,24,4,,8,9,,,24,,2,,11,8,21,24,14,28,81,84,67,,14,16,25,22,,31,52,17,28,21,135,,35,118,34,34,498,522,,34,37,11,6,16,,57,83,43,,39,34,24,20,20,27,48,,48,33,,51,32,26,30,40,38,540,508,23,,19,24,18,87,64,18,12,25,28,,,,28,40,23,,12,17,20,35,53,32,89,63,13,19,16,75,75,,95,124,34,35,53,485,59,,34,,102,51,106,33,85,100,437,8,62,61,58,27,101,25,,,62,31,72,19,,53,46,51,36,,77,36,,,30,106,136,45,68,75,78,51,44,96,39,76,37,54,54,,21,64,,92,33,42,38,34,29,50,60,78,70,28,43,15,17,114,29,9,34,24,29,18,48,56,41,46,49,42,44,19,26,83,22,73,60,97,74,34,30,30,99,75,119,55,33,24,39,90,139,,45,38,112,103,24,24,24,,,49,71,49,29,51,6,54,63,67,181,123,48,64,59,22,73,37,56,,63,42,47,48,92,,346,93,46,75,76,68,72,72,85,47,54,54,47,164,40,25,,83,,74,85,37,33,40,86,131,109,101,79,71,62,38,62,66,46,55,54,134,,47,86,88,74,36,56,26,11,10,29,71,76,70,85,47,45,121,114,54,55,,145,133,67,80,90,96,39,47,21,33,72,24,26,41,15,33,29,90,102,80,68,85,24,53,103,63,17,122,56,56,63,51,88,95,56,63,35,22,31,46,34,28,28,28,36,83,34,34,45,53,93,65,86,63,68,68,50,,127,30,39,63,40,35,46,31,103,73,61,79,51,44,91,100,31,64,48,33,29,33,31,26,,79,53,44,88,114,42,53,51,34,57,43,34,99,76,10,73,49,11,28,14,72,44,36,29,35,27,26,153,54,74,,151,92,60,59,29,25,28,14,,22,45,75,98,84,74,45,64,46,39,78,27,,57,,17,,12,51,41,59,51,63,69,30,35,,36,39,84,47,52,46,34,34,57,29,40,37,48,42,45,52,31,23,29,40,38,,67,,51,38,,23,77,68,76,79,83,84,35,,16,61,46,46,,,127,62,71,82,106,16,9,22,34,80,114,55,110,88,105,88,107,98,80,62,66,117,,85,,133,54,78,54,56,40,63,62,63,79,60,104,8,22,726,642,34,38,90,161,103,76,61,58,49,39,76,80,58,31,40,,43,60,129,122,98,51,77,17,51,26,28,23,84,40,45,79,54,62,37,36,75,95,41,,50,17,51,5,69,64,118,72,45,48,51,32,57,40,80,53,59,50,112,67,134,46,10,21,43,45,56,48,41,41,59,52,88,37,120,34,122,66,33,53,8,8,87,61
20210423,5,PM10_24h,34,42,42,37,38,34,39,44,36,45,42,50,,,40,,43,42,44,,45,,64,44,,38,32,,69,62,73,68,70,64,72,,34,36,,34,46,37,39,40,,37,,71,62,78,60,62,65,71,64,63,71,,67,68,79,26,22,31,19,22,55,47,,47,49,49,50,52,53,,63,71,62,65,81,,51,80,65,72,60,63,,35,34,,,31,31,33,33,68,91,81,,74,74,86,94,91,,83,55,70,39,31,34,43,31,42,46,35,76,64,73,60,55,52,75,57,52,69,87,93,103,,103,96,100,86,83,105,102,95,65,53,55,57,57,,60,46,55,48,61,51,51,53,70,35,58,66,51,55,,53,62,62,50,55,54,49,46,52,51,51,29,,,,60,37,,52,60,55,,,,60,,58,63,73,49,60,58,47,61,91,,,,99,81,,52,54,76,54,61,,50,57,44,42,43,37,50,34,,36,,47,46,,67,60,,81,58,65,,87,84,76,40,43,42,36,,,31,43,52,46,47,63,42,,62,,,61,,98,76,,43,38,46,32,33,35,,62,60,69,67,59,45,56,34,46,51,35,36,50,51,55,50,44,44,31,,49,41,51,52,34,34,43,28,31,13,,30,27,22,,24,54,65,62,,62,63,60,64,19,,,23,21,21,24,23,18,63,70,58,69,68,65,73,68,55,27,29,31,30,28,27,28,,28,30,26,19,25,23,23,22,18,26,23,20,80,74,,72,84,70,92,76,107,76,70,54,57,55,58,46,77,,36,44,51,83,55,56,48,52,70,68,71,61,,46,88,74,55,60,53,47,55,54,52,56,,,80,72,79,93,88,92,69,64,59,58,51,69,42,44,42,38,40,46,52,49,25,27,31,29,30,22,,49,32,54,54,47,53,52,,,30,54,47,52,59,,126,130,95,108,,,137,65,55,74,79,61,78,78,69,73,71,,53,50,104,70,79,89,20,38,53,26,50,29,79,69,111,74,83,68,66,106,,69,65,103,76,,56,33,44,39,,,,49,50,,,,64,65,36,31,29,37,32,,40,27,22,29,29,25,21,23,28,30,28,52,22,26,21,49,,54,48,52,47,41,48,47,48,54,,79,71,83,60,55,57,64,56,43,37,55,56,39,41,40,40,44,33,,35,,35,36,33,31,47,,61,67,,,48,35,32,64,,62,82,56,,53,59,55,52,39,40,26,26,35,36,,,,59,,46,64,,56,63,57,58,24,27,36,30,34,41,,29,,,75,,72,67,71,58,55,53,57,67,,34,31,33,34,38,37,40,53,47,53,59,57,64,46,48,50,65,66,63,43,,48,85,77,,65,67,,69,66,70,64,39,,59,54,,,60,74,,54,,39,51,65,56,85,86,,87,101,,49,50,,49,,82,60,77,,70,56,35,33,32,,51,63,55,80,70,56,30,98,74,74,72,65,101,37,57,63,39,20,51,41,52,45,45,61,67,80,72,80,69,50,104,102,106,,101,141,166,151,170,118,62,54,44,62,50,42,47,41,,54,49,57,,52,48,49,44,43,,51,47,7,,75,,75,111,86,84,61,65,64,,,,60,,52,,102,96,92,,89,84,85,63,55,,48,,54,50,56,51,45,44,,27,32,29,26,23,20,,29,,,24,30,29,19,10,37,56,49,51,30,36,27,36,44,45,45,51,55,48,28,28,41,64,76,79,71,74,89,74,72,,48,60,45,53,48,56,55,49,,,,,73,76,,90,34,46,45,55,39,34,25,29,33,31,38,65,57,56,55,45,,55,62,79,,41,43,,71,51,52,68,53,61,73,66,72,57,60,62,70,,137,145,289,71,48,41,46,14,23,,46,35,98,115,123,54,41,58,58,,20,,26,22,22,25,20,19,17,15,18,,,20,16,41,16,28,32,23,25,24,25,58,,67,66,59,54,54,49,60,62,60,,70,88,62,69,68,57,58,56,53,69,67,37,39,,75,76,,60,58,40,56,,,22,52,35,43,50,34,29,32,33,,,74,83,91,93,89,,91,60,60,51,59,74,48,,45,53,55,,,57,59,,45,47,51,,50,,68,56,,,44,58,,,64,62,39,,,67,69,39,36,55,57,44,48,58,40,45,39,38,47,47,63,77,78,76,71,35,28,34,32,,60,50,59,,61,64,72,63,55,41,69,59,56,64,51,125,,,,245,278,289,211,231,165,167,120,109,118,84,666,458,613,481,493,,,262,88,,84,140,132,,61,49,49,,45,50,48,,51,58,49,54,35,36,43,38,56,62,52,56,54,48,35,34,,26,32,35,33,65,60,,36,,42,,,,48,45,38,49,42,46,,42,,43,42,43,41,33,43,48,29,49,44,64,33,12,26,28,27,60,60,76,53,37,,37,26,30,30,30,30,10,52,31,33,35,31,39,42,,,22,24,24,25,22,45,58,51,50,56,50,44,38,45,37,,39,42,35,38,34,33,37,31,50,59,56,,101,87,90,,85,71,80,60,,60,59,45,,56,53,56,57,54,51,47,50,48,46,46,48,52,,58,56,53,35,47,,48,51,50,35,27,34,38,44,44,42,34,36,,36,33,39,,30,25,,31,19,26,23,,27,21,26,29,41,33,32,32,27,31,34,31,35,30,39,36,35,29,38,32,30,41,40,41,44,42,40,44,39,41,47,12,19,17,28,31,15,23,23,27,24,12,18,13,70,56,72,66,53,40,46,36,36,49,66,70,71,61,49,50,50,69,59,56,59,42,51,84,51,45,56,45,29,37,,32,52,41,31,40,35,50,52,51,70,77,74,71,49,91,,,34,30,34,,42,45,43,38,60,59,,56,46,53,,,,,39,45,52,54,44,24,27,42,,25,31,41,53,50,69,51,55,61,59,71,,,,,25,17,70,70,49,48,36,,39,66,59,54,60,22,44,34,74,70,57,71,46,50,,65,70,62,62,91,81,52,47,97,,66,65,,28,4,,32,43,,,43,,9,,21,16,22,31,25,32,45,52,40,36,16,24,24,24,,32,30,16,28,33,126,,123,117,29,32,291,313,,33,31,19,21,14,,77,73,40,,39,41,34,29,38,27,83,,60,72,,80,31,27,28,762,595,352,308,14,,25,29,26,73,77,199,106,125,105,,,,33,32,23,,11,37,36,38,56,35,81,74,24,49,39,80,51,,61,100,45,45,37,98,63,,28,,48,54,130,31,75,74,337,11,57,109,78,37,84,18,,,50,53,81,43,,66,66,80,35,,55,44,,,27,85,101,43,46,57,52,28,28,91,30,59,42,51,41,,44,50,,88,72,65,54,15,31,72,38,68,60,26,22,22,38,79,70,32,38,41,59,37,30,49,51,53,57,50,51,21,37,73,50,51,46,92,75,28,32,32,64,57,90,45,36,34,50,57,106,,42,36,47,73,28,32,24,,,50,58,57,44,36,17,40,67,68,161,95,40,54,47,39,59,58,35,,72,50,44,59,65,,230,63,35,50,45,49,53,51,67,38,48,46,51,77,47,31,,58,,53,40,38,47,47,78,103,98,85,90,82,72,47,61,69,53,72,48,99,,50,82,82,74,48,48,24,23,31,42,67,45,70,50,34,36,94,99,44,47,,114,91,102,92,124,271,37,52,40,28,61,33,31,45,25,36,31,103,114,76,68,69,17,56,58,31,30,59,31,23,64,52,68,77,52,62,63,57,26,39,39,23,28,25,40,54,55,40,52,68,66,45,63,51,60,48,46,,57,31,39,53,40,50,64,44,69,77,55,55,59,53,61,50,16,44,45,38,34,38,27,31,,79,62,50,88,64,50,54,46,43,49,45,54,84,67,16,76,50,30,31,23,54,46,46,41,34,27,44,76,54,66,,103,102,56,54,140,55,42,19,,45,57,82,89,82,73,59,69,44,46,32,27,,42,,35,,23,30,48,69,59,48,55,40,44,,27,54,85,42,35,36,37,38,57,35,49,49,57,49,42,63,39,27,31,39,35,,43,,40,35,,31,64,46,65,69,84,88,48,,40,63,48,37,,,99,58,59,77,78,27,29,33,37,63,93,51,75,65,90,85,65,67,62,56,58,73,,66,,92,50,82,59,53,54,29,69,47,55,66,68,14,26,1192,1039,43,44,68,83,87,93,67,62,62,64,76,84,48,55,69,,51,44,100,85,271,71,80,18,19,49,44,24,63,57,78,74,44,60,36,25,61,57,59,,90,89,29,80,49,46,87,54,46,39,35,42,36,36,83,50,66,51,209,59,104,20,38,33,43,38,40,38,37,35,62,43,77,69,192,50,133,44,51,57,9,19,66,39
20210423,5,SO2,3,3,3,3,3,3,3,3,1,3,2,3,,,5,,5,8,6,,5,,4,5,,6,2,,5,10,3,7,4,10,7,,6,13,,7,14,6,10,2,,3,,7,3,3,5,4,2,6,6,8,6,,7,7,5,3,6,8,5,6,5,6,,6,2,5,3,11,11,,4,9,5,4,7,,6,7,11,8,5,4,,8,5,,,6,6,7,6,7,12,12,,11,10,11,9,4,,11,4,5,4,9,3,8,8,8,5,3,9,6,6,8,7,6,6,6,9,5,21,28,18,,16,14,13,18,15,25,19,16,5,6,6,8,6,,3,11,9,8,11,3,9,4,5,1,8,2,1,8,,4,7,5,6,6,8,2,5,13,13,9,7,,,,8,6,,8,12,6,,,,4,,6,5,3,5,6,5,10,4,6,,,,2,7,,5,3,4,3,4,,5,7,5,33,5,9,3,3,,5,,8,6,,4,5,,7,6,2,,5,4,5,6,13,7,7,,,5,16,12,5,3,6,5,,4,,,3,,8,8,,4,3,4,4,4,5,,5,4,5,5,5,6,5,5,5,5,5,3,6,5,10,9,3,5,3,,5,6,4,3,2,3,9,3,3,2,,6,3,3,,13,5,6,5,,5,4,5,8,5,,,4,4,5,6,5,4,9,10,7,6,5,6,10,8,6,6,6,5,4,6,7,4,,4,6,10,4,5,6,5,8,5,7,6,9,8,9,,8,13,8,7,7,6,5,5,4,6,9,7,6,5,,5,5,5,7,6,8,6,8,7,5,7,7,,11,23,20,7,6,3,4,5,8,8,7,,,14,7,7,10,10,13,13,11,18,16,8,15,5,5,8,7,4,7,5,7,3,2,2,3,4,9,,10,8,9,7,12,10,6,,,8,17,4,4,12,,8,16,8,6,,,11,8,7,7,8,9,6,6,5,8,7,,9,24,10,12,11,11,3,4,4,4,4,5,9,5,5,8,6,8,6,8,,7,7,5,7,,6,4,5,6,,,,7,6,,,,29,32,5,5,3,5,4,,4,6,2,5,5,6,4,5,5,5,7,5,5,4,2,11,,19,6,16,9,8,10,6,7,8,,3,6,5,8,10,8,6,9,10,10,20,8,21,14,4,5,4,4,,2,,8,8,5,6,2,,4,7,,,10,5,5,7,,2,5,8,,42,12,17,8,4,7,6,5,8,11,,,,9,,5,9,,8,6,6,8,5,5,3,3,3,4,,5,,,10,,11,6,5,4,7,7,10,10,,5,5,5,6,4,7,8,6,20,19,4,6,26,9,8,8,7,8,6,9,,10,6,6,,10,9,,6,8,15,8,6,,10,10,,,7,6,,6,,19,18,12,16,9,8,,9,9,,2,5,,2,,10,10,15,,11,9,9,13,5,,5,5,7,6,6,5,6,14,17,9,11,7,15,11,11,11,3,9,11,12,7,24,16,21,12,17,11,17,11,7,3,7,5,,4,6,8,7,8,5,2,4,7,13,5,5,3,3,,7,8,6,,5,5,3,3,5,,3,4,4,,2,,5,3,3,1,23,10,13,,,,6,,5,,9,8,8,,16,7,13,5,4,,5,,6,7,5,6,6,5,,11,8,15,6,5,12,,8,,,5,3,2,1,2,5,4,4,6,8,6,5,5,8,5,5,6,7,5,3,4,8,11,16,,10,13,11,6,7,,32,9,26,8,14,15,12,22,,,,,15,8,,7,7,8,4,2,1,20,7,6,6,8,5,4,5,7,7,6,,5,8,6,,3,2,,34,5,4,5,4,3,8,4,3,9,11,8,6,,11,61,7,16,15,8,7,1,4,,4,3,3,4,2,18,14,4,4,,5,,8,6,6,4,4,7,6,8,4,,,5,10,9,10,6,4,4,3,4,4,8,,9,7,6,7,8,8,5,5,8,,3,4,9,8,8,10,7,7,6,5,5,6,9,,4,5,,2,5,6,7,,,5,4,6,4,5,10,5,8,5,,,3,6,4,4,3,,4,6,6,13,10,8,7,,7,7,4,,,3,4,,11,9,11,,10,,10,13,,,5,5,,,9,12,20,,,2,4,6,8,5,6,5,14,10,17,16,11,12,16,12,11,2,3,3,5,7,7,6,9,,6,10,8,,13,10,23,14,4,4,9,8,8,8,9,8,,,,6,8,7,8,20,12,11,8,9,5,5,6,4,9,12,7,,,8,2,,2,12,30,,8,11,8,,6,10,10,,6,6,3,7,3,2,2,10,5,14,20,28,10,8,3,15,,4,3,4,6,6,5,,4,,6,,,,5,5,6,7,5,5,,10,,6,11,6,7,3,6,4,3,3,5,3,4,,6,1,5,5,12,10,3,4,,3,4,7,10,5,6,12,27,27,23,19,24,32,36,,,7,9,10,6,8,2,3,4,6,13,9,11,10,19,7,,16,9,18,6,7,7,5,3,35,34,40,,71,16,14,,12,8,8,4,,2,4,8,,5,9,12,9,14,8,8,8,8,8,10,15,6,,5,7,5,12,10,,14,12,7,4,4,8,6,7,5,9,4,2,,4,2,4,,5,3,,8,6,9,10,,8,6,5,5,7,6,5,6,5,5,8,7,9,6,16,8,1,2,2,1,1,4,4,4,4,2,6,7,4,5,7,4,7,5,5,1,3,4,4,3,3,7,9,7,27,8,6,8,5,7,11,4,5,9,4,5,6,5,4,4,4,14,15,6,5,11,6,9,13,10,12,7,5,5,,6,2,9,11,7,6,11,6,9,12,33,23,19,9,13,,,6,14,6,,6,18,12,13,5,8,,5,4,8,,,,,5,6,10,6,10,13,16,13,,9,8,18,14,20,10,2,3,5,5,5,,,,,4,5,5,7,5,8,3,,4,6,5,8,6,5,5,8,5,5,11,9,11,17,,13,8,5,4,10,11,5,8,5,,12,8,,17,7,,8,4,,,2,,8,,11,8,5,5,5,6,5,13,11,,5,4,21,14,,16,13,8,9,12,8,,4,10,6,9,4,3,,5,5,3,14,19,,4,5,4,,9,2,16,14,10,16,7,,5,10,,,4,3,5,4,5,1,2,5,,5,2,9,5,6,5,3,5,3,,,,4,7,4,,1,4,4,3,62,4,9,8,5,3,5,8,7,,14,11,9,4,12,8,2,,6,,10,6,9,9,22,54,52,16,8,8,9,7,4,4,,,4,6,5,5,,13,14,25,8,,5,5,,,10,10,2,7,10,6,19,8,12,5,7,23,14,7,4,,7,4,,7,9,6,14,3,15,3,4,6,5,12,4,1,4,10,12,8,15,3,2,2,8,4,8,6,6,5,3,5,11,5,7,20,5,6,12,7,9,5,8,6,14,15,12,7,6,9,8,,5,4,5,8,13,2,4,,,7,6,9,5,7,7,6,4,11,6,14,36,7,9,3,5,4,3,,11,8,9,11,10,,13,3,6,5,2,5,4,3,4,6,2,14,7,16,11,8,,11,,4,3,4,5,6,6,7,6,7,12,11,8,5,5,4,8,9,7,11,,11,7,9,19,5,1,5,2,11,7,7,4,7,5,2,4,10,7,6,6,,4,3,5,5,9,10,18,20,6,9,8,10,10,14,6,10,8,6,4,11,11,12,4,7,10,5,6,7,6,7,3,3,9,7,4,28,7,3,8,6,6,8,5,6,8,17,6,6,2,24,8,4,5,8,6,26,2,,5,3,3,19,26,1,6,2,7,6,3,7,6,4,6,3,10,4,3,2,4,8,3,6,,8,7,6,8,5,7,7,20,5,6,8,4,4,8,10,31,3,2,5,8,6,6,6,4,3,5,4,6,7,12,,4,6,9,9,5,10,9,8,,6,10,6,7,8,18,8,7,7,5,6,8,,7,,7,,5,5,5,7,6,9,32,5,9,,7,16,4,8,9,6,2,5,14,6,16,3,9,17,9,7,6,2,5,7,6,,6,,7,5,,7,12,14,19,2,6,6,4,,6,18,12,10,,,7,8,3,7,2,4,2,2,11,9,5,6,3,5,6,9,3,7,6,9,6,7,,4,,13,6,2,6,25,14,4,5,9,7,8,4,6,6,9,6,3,6,5,21,3,18,6,8,8,4,10,10,6,8,10,,19,5,3,2,9,9,7,4,6,8,3,7,8,6,10,6,4,6,4,8,4,9,7,,3,5,11,2,4,4,13,3,3,3,3,3,3,16,4,8,5,13,13,42,4,8,6,8,3,3,3,2,6,5,8,4,9,3,9,10,7,10,14,17,8,6,11,8
20210423,5,SO2_24h,2,2,2,2,3,3,3,3,2,3,2,2,,,5,,5,6,6,,5,,4,3,,6,2,,5,8,3,6,2,8,8,,5,11,,6,12,6,10,4,,3,,9,4,5,8,11,5,8,9,11,6,,8,8,6,5,8,10,6,7,5,6,,6,4,7,3,11,9,,4,5,5,5,7,,6,8,6,7,5,6,,7,6,,,6,8,8,7,12,19,20,,17,14,18,16,12,,20,5,5,4,10,5,8,8,7,4,5,10,6,7,9,8,7,8,8,12,7,19,22,20,,19,15,15,20,14,24,17,16,5,6,4,9,6,,3,8,8,7,11,5,9,4,6,1,3,4,2,7,,3,6,4,6,6,7,2,5,11,12,9,7,,,,8,6,,6,11,5,,,,5,,6,4,3,5,6,5,6,4,6,,,,8,7,,5,4,5,3,4,,6,4,13,8,4,9,3,2,,5,,4,4,,5,5,,5,6,3,,5,4,5,6,10,5,7,,,5,8,9,5,4,6,6,,4,,,4,,8,8,,4,4,4,4,4,6,,6,4,6,6,5,6,5,5,4,5,5,3,5,5,8,8,3,5,3,,6,6,4,4,3,4,12,3,6,2,,5,2,4,,6,7,7,6,,6,5,6,7,5,,,5,4,5,6,4,4,7,8,6,5,5,6,8,6,7,6,6,5,5,6,7,5,,4,6,8,3,3,5,4,6,5,7,5,7,9,11,,8,10,9,8,9,7,7,6,4,6,8,6,7,5,,6,5,5,9,7,9,7,6,8,6,7,8,,8,14,14,6,5,5,5,6,9,6,8,,,11,9,8,10,11,11,10,12,15,15,12,14,5,4,8,5,3,8,5,9,4,2,3,3,4,9,,7,7,9,9,9,12,5,,,6,6,4,4,7,,11,10,7,7,,,15,9,7,8,9,10,6,7,5,7,7,,9,16,12,11,20,17,3,4,4,4,5,5,12,6,6,9,8,8,6,8,,9,7,6,7,,6,4,6,7,,,,11,16,,,,14,16,5,4,3,6,4,,4,6,2,5,3,5,4,5,5,5,4,3,5,5,5,9,,17,10,13,15,9,9,7,6,7,,7,8,6,12,12,9,8,10,11,8,40,7,10,8,5,5,4,5,,3,,5,4,4,5,3,,4,7,,,10,5,5,7,,3,7,7,,20,12,17,8,5,8,7,5,9,12,,,,6,,7,8,,6,7,7,9,5,4,3,3,3,4,,6,,,11,,12,9,6,9,10,10,14,12,,4,5,6,6,4,6,6,5,9,6,5,6,10,9,8,9,7,7,8,5,,5,6,8,,15,14,,8,10,11,7,9,,18,11,,,5,4,,7,,17,13,14,15,9,9,,10,9,,3,6,,4,,7,9,8,,12,10,8,15,7,,8,8,10,9,9,7,6,21,16,13,14,11,20,11,12,34,5,8,12,14,10,13,17,11,14,15,11,13,11,5,3,7,5,,4,8,11,9,10,6,3,5,7,11,6,6,4,4,,11,4,14,,8,7,6,6,7,,7,5,4,,3,,4,3,3,2,7,10,11,,,,6,,6,,6,4,7,,9,7,9,4,3,,4,,6,8,5,7,5,5,,10,8,12,6,5,9,,7,,,5,3,2,1,2,4,5,4,7,9,6,5,4,5,5,4,5,7,5,4,4,6,12,16,9,14,13,9,10,8,,26,18,17,8,11,15,15,15,,,,,6,6,,7,5,6,7,3,2,12,9,6,6,7,6,5,6,6,6,7,,5,15,7,,3,2,,8,5,4,5,4,4,5,4,4,9,12,8,6,,12,111,19,26,19,16,9,1,4,,5,3,3,5,1,18,9,5,5,,5,,8,5,5,4,4,8,6,9,5,,,6,10,8,10,6,4,4,3,5,5,7,,8,6,5,7,8,8,5,5,6,,4,5,9,8,8,9,7,8,7,6,6,5,7,,5,5,,2,5,13,21,,,4,4,5,4,5,6,5,6,5,,,5,6,4,5,4,,4,6,8,10,8,9,7,,7,6,8,,,4,5,,11,8,12,,12,,13,17,,,8,5,,,12,9,18,,,3,5,6,8,7,8,6,17,15,10,24,13,11,12,12,11,5,7,7,9,8,9,7,9,,6,9,14,,20,19,15,12,5,5,11,8,7,8,10,13,,,,20,20,16,14,21,12,11,8,16,14,8,17,15,17,20,21,,,21,4,,5,11,13,,10,8,7,,8,7,11,,6,5,3,6,3,1,2,6,8,13,6,15,12,9,5,8,,4,3,3,6,6,6,,4,,7,,,,4,4,6,6,4,4,,8,,9,8,6,6,4,6,4,4,6,8,7,6,2,5,3,7,6,8,9,5,4,,4,4,7,8,17,8,14,15,13,13,8,8,12,15,,,4,11,10,7,8,4,8,7,4,16,8,10,11,9,15,,9,12,11,12,9,9,8,7,18,21,26,,19,13,9,,12,9,9,5,,3,5,8,,6,8,10,5,10,8,8,8,7,8,3,4,3,,5,6,5,10,10,,9,12,7,3,4,7,6,7,6,8,5,6,,4,4,3,,5,4,,8,7,7,6,,7,5,6,6,7,7,9,6,6,8,12,12,10,8,11,10,1,2,2,6,1,6,6,7,7,6,8,9,6,7,9,4,6,6,5,2,3,3,4,3,3,6,10,8,15,9,8,9,9,9,9,7,7,9,5,5,9,5,4,15,13,21,18,7,7,10,6,8,22,8,13,7,10,10,,14,7,12,12,10,8,11,9,11,6,11,8,10,10,12,,,8,13,10,,8,18,16,13,6,7,,6,5,9,,,,,6,5,8,7,7,12,14,12,,8,9,15,13,12,12,3,3,5,4,5,,,,,4,6,11,12,6,10,3,,5,7,6,8,7,5,6,8,6,6,10,10,12,14,,11,9,10,4,10,10,5,8,7,,27,8,,12,8,,10,6,,,4,,8,,11,8,6,6,6,7,4,11,9,5,5,9,12,11,,16,17,8,9,9,8,,4,6,3,6,5,4,,5,5,4,14,17,,6,7,13,,13,5,17,22,12,18,11,,9,12,,12,4,3,5,4,6,8,7,5,,6,3,10,5,5,5,3,5,4,,,,4,5,4,,2,4,5,3,12,5,9,9,5,3,5,6,7,,13,23,10,5,7,9,4,,6,,8,6,16,8,15,16,27,10,7,16,15,9,6,4,,,4,6,6,4,,9,15,15,8,,3,5,,,8,11,4,7,9,6,6,8,7,7,3,7,12,9,6,,6,4,,7,13,5,11,3,15,4,4,6,4,10,4,3,3,12,24,8,14,4,3,3,8,3,8,6,6,5,4,5,13,7,8,11,5,8,10,7,9,5,8,6,13,16,14,5,7,9,5,,4,5,4,8,13,3,4,,,7,5,9,6,5,8,6,5,8,7,8,11,7,9,4,5,6,4,,13,7,9,17,19,,27,2,5,4,2,5,4,3,5,6,2,15,11,18,12,9,,9,,3,2,4,6,5,7,8,7,7,12,10,8,6,4,5,8,8,8,9,,8,8,8,11,6,2,6,2,11,8,6,2,8,4,2,5,7,7,6,6,,5,2,7,8,22,24,12,15,10,8,8,11,10,9,7,9,8,8,7,10,9,8,4,5,8,4,7,8,5,5,2,3,7,9,7,9,19,6,17,6,6,8,5,6,7,7,7,6,3,20,7,5,5,7,6,18,2,,6,2,2,13,23,3,7,3,7,5,3,7,7,5,6,3,9,5,3,2,4,8,4,5,,7,8,6,9,4,6,8,9,7,6,5,6,5,8,11,13,3,4,6,8,6,6,6,4,3,4,4,6,6,8,,5,7,8,8,29,10,10,7,,8,12,8,8,8,16,8,8,7,5,2,10,,7,,7,,5,5,6,8,6,10,15,6,15,,7,24,6,8,7,7,4,6,9,6,13,4,9,10,12,12,6,2,5,10,8,,5,,6,2,,6,9,6,14,3,6,6,4,,7,25,16,7,,,7,8,2,9,2,3,5,5,7,8,7,7,4,4,6,9,4,8,6,8,6,7,,5,,15,5,3,6,21,10,5,4,9,8,8,5,6,6,6,8,3,10,6,13,3,20,5,8,9,8,11,8,12,17,22,,16,4,2,2,20,9,8,4,6,10,7,8,7,11,12,8,4,6,4,8,4,7,8,,4,8,9,3,5,2,7,5,3,3,2,2,3,13,6,7,5,11,36,23,7,6,5,7,2,2,2,3,7,5,8,5,7,6,10,10,10,7,11,8,8,6,10,8
20210423,5,NO2,32,10,67,40,77,34,58,31,11,35,69,33,,,19,,21,15,26,,17,,18,21,,14,11,,57,45,35,31,30,38,10,,10,20,,18,15,8,7,17,,10,,26,14,21,37,36,50,60,32,28,28,,30,24,40,40,17,19,22,18,51,72,,58,16,15,20,30,30,,29,22,45,38,81,,13,60,36,81,74,52,,32,58,,,37,36,16,26,10,22,27,,12,39,15,28,17,,21,17,15,5,8,9,10,9,6,6,8,44,29,30,14,15,19,21,21,15,48,61,75,25,,44,42,54,62,79,42,24,77,62,55,70,66,61,,65,62,49,51,29,19,5,21,6,17,14,14,9,36,,61,56,54,49,54,47,27,34,26,46,27,14,,,,24,17,,17,32,23,,,,19,,52,58,44,46,54,48,44,48,31,,,,45,27,,12,18,13,11,9,,13,17,25,31,17,32,16,22,,16,,20,18,,63,30,,72,25,50,,31,66,33,14,52,41,41,,,38,42,40,42,36,46,15,,38,,,70,,32,30,,17,21,16,7,13,8,,18,37,31,45,32,23,25,30,14,18,16,11,13,19,25,17,21,15,4,,52,16,38,33,14,23,15,15,16,9,,16,14,6,,13,14,16,5,,17,12,10,11,13,,,10,11,9,13,15,10,84,83,70,75,66,71,75,80,34,16,24,23,20,34,25,23,,11,15,29,20,23,17,10,18,11,11,25,9,47,47,,65,68,32,93,56,56,49,38,15,26,31,36,10,101,,24,42,80,51,30,28,14,37,26,28,24,20,,11,48,48,20,17,26,11,9,15,16,13,,,68,52,44,56,39,61,80,68,43,58,26,44,14,11,13,12,15,20,38,30,14,10,18,9,8,11,,51,52,56,55,63,56,43,,,55,66,75,31,61,,34,26,53,28,,,34,2,7,30,3,7,5,9,22,20,7,,22,26,55,34,24,29,7,3,8,7,9,4,58,64,61,68,68,70,54,62,,47,33,58,48,,54,15,35,44,,,,19,8,,,,20,15,16,16,16,13,11,,10,10,18,16,13,14,25,30,17,23,27,4,24,28,6,30,,21,26,37,18,29,46,28,27,15,,33,28,28,6,4,7,6,16,16,14,21,24,19,27,16,12,27,12,,5,,27,34,25,27,32,,18,21,,,12,14,20,18,,9,13,17,,27,30,17,20,11,12,9,10,8,8,,,,27,,18,13,,32,51,21,22,18,13,12,8,9,13,,16,,,25,,24,27,51,12,12,10,16,14,,17,17,32,28,10,17,25,13,16,16,37,38,32,17,14,16,28,26,30,8,,18,39,32,,16,17,,12,9,18,16,13,,31,21,,,33,21,,45,,20,18,31,44,26,9,,13,19,,13,17,,12,,54,47,58,,35,26,6,8,7,,11,8,27,6,7,5,5,7,21,15,16,12,41,12,15,21,11,12,12,14,11,18,16,15,27,36,25,35,25,21,10,13,9,,5,16,14,14,21,22,12,14,10,10,7,20,13,22,,18,25,18,,12,10,12,18,9,,31,32,2,,27,,30,49,24,32,26,19,16,,,,46,,42,,20,25,6,,61,44,50,14,17,,17,,17,18,13,11,25,15,,31,49,32,21,12,18,,20,,,6,15,10,6,8,11,14,8,21,11,7,7,9,42,43,47,41,40,37,3,2,16,34,41,43,15,26,14,19,9,,20,12,26,11,20,26,31,17,,,,,27,48,,43,18,10,11,16,4,9,3,4,8,7,5,13,10,32,40,31,,9,10,19,,31,37,,63,4,21,30,27,11,15,22,16,29,33,24,20,,11,11,18,18,15,6,18,3,5,,11,6,1,11,4,12,17,14,14,,9,,14,20,20,16,12,6,6,12,7,,,9,17,10,11,10,12,10,7,6,7,34,,34,69,52,50,44,47,40,52,73,,7,28,38,60,29,41,37,13,12,12,16,39,44,,27,23,,36,38,8,30,,,24,14,16,9,16,26,26,23,31,,,34,11,14,12,13,,12,52,41,55,73,43,23,,25,27,6,,,11,9,,20,48,79,,68,,14,15,,,14,6,,,9,13,19,,,10,11,9,53,5,4,5,28,8,9,8,16,13,18,29,17,35,27,20,21,6,4,4,11,,14,24,12,,9,11,20,29,8,6,4,22,8,5,6,38,,,,14,16,22,18,24,23,30,19,14,16,9,16,2,21,16,13,,,19,6,,5,11,16,,7,20,30,,28,46,15,,14,11,14,16,22,6,11,7,37,20,30,25,42,27,5,9,,4,8,9,10,14,16,,8,,9,,,,5,13,16,9,18,11,,13,,18,18,22,40,12,34,20,10,29,27,26,14,1,18,15,23,19,32,33,34,10,,9,8,11,16,20,11,6,26,28,29,23,16,27,29,,,16,8,16,14,19,4,11,6,8,4,9,9,9,6,11,,21,10,17,6,6,8,8,4,41,39,33,,21,61,55,,51,33,40,18,,19,19,36,,40,39,31,29,32,12,13,20,15,19,42,28,36,,15,14,14,29,31,,27,27,7,8,10,12,13,16,20,11,23,14,,13,16,13,,10,17,,12,7,8,15,,30,15,22,7,17,10,7,10,4,9,5,8,6,8,4,9,10,10,35,16,18,12,14,10,10,6,6,2,5,7,8,3,2,10,3,4,3,7,7,8,8,2,6,2,31,34,34,38,11,9,8,7,12,27,29,28,21,28,11,4,6,14,11,22,23,15,22,32,18,23,10,17,30,41,,29,12,8,4,8,11,14,12,21,28,38,36,33,32,40,,,10,9,7,,26,36,15,7,31,42,,22,10,16,,,,,8,20,16,16,18,14,5,33,,62,7,12,6,16,9,5,6,5,4,6,,,,,2,2,5,5,6,9,18,,2,6,7,16,10,3,5,5,16,49,12,13,50,39,,6,11,7,8,36,32,12,10,51,,10,20,,10,23,,4,17,,,5,,4,,6,5,5,2,5,13,62,83,50,,5,4,4,12,,12,41,8,25,16,17,,14,15,25,34,5,5,,11,8,1,4,23,,28,27,27,,13,4,11,16,12,10,15,,14,23,,12,15,12,12,9,11,3,3,3,,8,2,7,31,33,5,1,2,2,,,,12,13,4,,6,10,16,6,52,36,18,65,23,14,16,31,25,,72,36,8,19,43,30,19,,5,,26,19,38,19,67,54,30,9,16,24,16,16,26,5,,,64,23,41,15,,18,19,14,10,,18,14,,,38,31,30,18,21,15,25,28,18,29,21,74,44,51,11,,22,18,,61,10,28,17,4,31,12,15,7,15,9,13,10,15,46,36,16,14,6,7,3,44,27,10,6,6,5,3,7,43,28,4,76,39,37,40,40,34,36,17,54,40,32,16,30,14,46,34,,39,4,22,78,6,22,19,,,52,17,19,8,23,2,25,21,38,14,49,29,15,28,9,45,40,19,,19,31,29,15,28,,14,86,52,76,28,52,59,62,58,40,40,22,32,13,25,12,,41,,35,31,22,14,17,46,70,62,58,51,58,53,13,59,39,17,18,42,65,,15,22,66,18,19,19,34,21,12,17,13,16,14,13,14,16,41,29,46,33,,53,54,16,16,23,24,20,21,10,12,26,11,22,39,2,30,11,50,27,39,14,27,15,24,27,20,18,24,21,24,27,23,43,83,12,20,43,7,26,17,18,6,6,5,18,53,11,8,20,23,34,26,62,44,41,43,10,,23,28,11,36,24,17,23,14,32,16,23,48,33,21,45,23,21,15,20,7,14,18,23,5,,25,10,22,56,68,11,31,25,8,25,7,12,40,51,11,23,23,12,28,13,21,16,27,13,6,8,22,74,52,34,,60,6,44,55,16,6,22,8,,24,31,23,49,32,31,34,18,16,9,22,16,,17,,12,,4,18,16,36,18,16,13,25,16,,15,15,23,27,31,17,16,12,39,17,9,8,21,16,12,7,3,13,4,14,14,,49,,24,4,,4,26,16,26,22,20,33,37,,26,22,17,2,,,53,34,52,18,49,8,20,32,24,32,28,48,61,57,43,40,71,63,24,28,53,32,,38,,40,26,20,31,38,18,26,34,27,38,35,17,4,4,1,3,27,28,61,58,9,11,16,40,16,16,52,60,32,10,33,,25,15,27,38,26,19,57,24,12,9,22,20,34,11,13,27,34,21,9,8,48,77,28,,7,6,41,2,7,14,30,7,24,34,62,8,55,46,19,13,13,36,29,28,60,17,9,13,32,10,48,44,20,54,10,18,20,9,43,15,43,42,22,26,9,2,24,17
20210423,5,NO2_24h,26,20,32,26,40,27,38,31,19,29,40,38,,,25,,26,24,24,,26,,35,27,,24,20,,26,22,28,20,19,25,15,,28,36,,36,35,25,28,34,,32,,28,19,23,30,34,31,31,25,32,26,,23,23,31,32,21,27,15,17,25,31,,30,26,19,25,23,25,,20,22,30,26,51,,16,34,32,45,39,35,,23,25,,,25,19,22,16,21,33,35,,25,34,32,40,41,,38,33,41,16,20,19,28,20,11,24,14,46,33,42,33,35,18,22,35,25,33,30,34,27,,31,34,40,35,42,30,24,42,38,47,41,46,38,,41,22,30,31,40,40,22,42,35,31,28,36,34,32,,51,51,47,41,54,48,42,58,43,43,47,18,,,,28,21,,18,32,26,,,,39,,26,56,48,23,53,47,35,67,48,,,,48,48,,12,32,30,34,31,,37,18,28,27,19,30,22,27,,20,,21,21,,50,35,,66,25,48,,52,66,50,27,47,35,46,,,17,36,32,37,30,45,27,,30,,,62,,46,42,,22,25,29,20,14,20,,32,39,31,41,34,15,21,23,23,27,24,15,21,20,27,26,33,19,12,,26,21,21,23,13,18,24,25,43,15,,22,23,6,,16,29,24,24,,27,23,29,20,10,,,20,20,12,14,16,15,36,34,28,32,35,32,33,42,19,23,26,27,36,34,29,30,,17,14,27,19,23,14,12,21,18,15,22,10,43,38,,53,59,40,57,44,70,48,34,16,27,36,31,27,51,,15,22,39,33,21,27,13,15,33,29,29,28,,12,50,37,18,18,16,13,16,21,20,19,,,47,38,43,32,31,38,33,33,42,37,22,26,12,13,14,9,11,22,26,25,10,11,15,8,8,12,,38,28,46,46,37,46,35,,,29,54,46,38,49,,45,46,47,42,,,61,15,13,34,10,11,14,22,25,27,12,,21,14,47,37,40,47,8,5,10,9,19,5,39,51,41,49,48,52,44,47,,33,38,48,38,,40,12,31,35,,,,20,15,,,,26,24,23,27,11,19,16,,12,14,28,19,17,18,23,24,19,24,24,4,18,28,7,29,,26,33,23,27,19,21,22,21,17,,40,45,39,21,19,17,25,29,30,23,32,35,34,38,19,14,16,13,,15,,30,30,33,29,23,,17,19,,,18,19,25,28,,25,30,26,,23,18,14,22,10,20,14,13,16,15,,,,28,,28,14,,29,29,29,34,22,17,15,18,21,29,,15,,,33,,31,21,32,21,19,16,20,18,,11,9,13,9,11,6,11,13,14,10,25,28,34,10,8,10,31,28,19,8,,10,41,39,,18,19,,14,17,16,17,16,,31,20,,,30,24,,25,,24,22,27,31,25,22,,24,22,,29,30,,23,,30,33,28,,29,26,15,13,16,,21,18,31,25,19,18,8,26,32,25,28,19,38,13,21,36,18,17,15,32,34,31,36,29,26,30,26,27,28,12,12,14,12,,7,35,40,33,40,27,15,18,14,15,13,34,34,39,,35,35,39,,21,26,31,39,25,,39,31,6,,27,,24,25,19,25,24,21,29,,,,26,,23,,16,24,11,,32,33,20,14,17,,16,,32,29,23,27,24,24,,28,31,29,17,21,16,,20,,,8,14,16,11,7,12,26,13,21,8,10,7,6,15,21,21,23,29,25,5,8,21,38,41,40,28,41,38,37,30,,31,25,42,18,18,35,31,30,,,,,31,43,,40,16,22,20,18,18,18,13,9,14,9,16,18,17,35,34,34,,21,26,36,,26,25,,35,11,22,29,29,26,23,25,27,29,36,34,37,,13,17,22,22,21,14,23,5,7,,15,7,6,12,7,17,22,27,27,,15,,12,18,18,24,19,6,5,18,12,,,9,13,15,16,19,20,16,17,12,11,41,,46,45,36,45,32,45,47,50,43,,29,35,58,54,58,38,39,35,35,34,30,21,23,,46,40,,35,39,14,31,,,24,19,15,16,24,17,10,16,11,,,29,17,18,18,20,,15,34,33,30,35,36,21,,25,28,11,,,15,13,,22,29,48,,41,,16,21,,,20,13,,,9,14,13,,,12,12,13,17,8,8,7,31,20,12,24,22,14,20,25,24,25,28,29,24,17,12,17,17,,19,24,25,,23,31,26,26,16,14,8,23,12,13,9,35,,,,53,48,71,46,36,29,31,19,29,26,13,74,57,88,80,79,,,50,16,,12,23,27,,14,18,37,,33,39,26,,20,16,18,21,25,10,13,16,33,21,31,45,38,22,14,16,,5,16,14,19,26,30,,18,,19,,,,11,20,18,19,17,16,,20,,23,19,27,20,13,23,12,11,28,28,28,12,2,12,11,11,26,30,35,27,13,,16,7,16,16,20,16,7,16,19,22,14,11,16,20,,,13,11,15,14,14,7,19,17,17,14,11,11,10,10,16,,19,16,16,7,10,12,12,8,23,23,29,,22,39,37,,28,23,28,24,,24,24,22,,26,16,19,15,13,15,14,16,15,13,26,24,25,,14,15,14,30,24,,30,27,7,14,15,15,19,24,21,20,24,23,,30,27,25,,10,16,,13,9,16,16,,13,15,17,10,19,13,11,16,6,12,11,10,12,14,12,16,5,15,16,13,20,14,18,13,12,12,12,9,13,9,16,5,6,9,8,6,5,10,11,11,12,5,8,9,31,34,31,31,25,12,19,15,14,22,23,21,25,27,11,12,13,10,14,23,25,13,15,25,16,13,10,14,26,36,,34,21,20,14,20,24,23,19,29,20,26,27,26,21,43,,,10,16,12,,26,34,28,28,40,37,,37,13,28,,,,,13,23,25,30,25,13,10,26,,30,7,12,11,13,23,7,10,6,9,10,,,,,7,10,18,21,11,13,24,,4,10,11,16,17,5,9,9,22,37,14,15,21,21,,7,9,9,10,36,38,13,11,34,,11,17,,11,7,,9,25,,,10,,5,,8,7,7,10,11,23,26,39,31,20,4,8,10,16,,18,20,6,22,14,21,,16,16,24,31,16,16,,14,12,10,15,12,,29,36,20,,15,9,18,18,14,13,19,,19,22,,23,18,13,14,13,15,14,12,4,,12,5,11,17,26,4,4,3,2,,,,8,10,6,,8,13,17,6,26,20,23,46,28,25,21,22,24,,54,37,31,35,36,49,49,,15,,29,18,54,11,38,33,23,13,20,33,28,22,46,7,,,25,22,42,20,,29,25,23,14,,20,43,,,44,46,55,19,23,21,46,35,23,50,23,51,31,32,25,,27,25,,46,17,23,20,4,23,12,15,7,15,13,15,9,21,14,38,23,14,14,12,13,26,21,16,7,8,6,6,11,26,24,24,59,26,34,39,20,18,19,21,30,42,35,16,31,36,40,21,,23,9,32,30,7,23,22,,,34,18,22,29,24,3,20,36,24,17,28,19,28,24,12,23,23,23,,24,35,20,19,27,,19,41,32,46,21,23,33,37,40,23,22,26,29,18,18,16,,24,,16,24,25,32,36,39,57,51,53,45,51,40,19,41,36,15,25,23,42,,12,28,47,19,19,25,24,28,22,35,17,15,27,15,20,18,27,19,25,24,,27,24,20,15,28,56,22,30,20,14,26,11,19,40,8,37,21,54,42,38,24,25,9,33,15,15,23,26,32,27,20,21,27,30,12,20,51,28,18,22,22,11,7,5,13,30,18,14,26,18,46,27,49,33,37,30,16,,26,22,18,29,18,36,31,26,41,19,34,29,43,43,46,41,19,37,24,9,21,17,22,6,,37,13,18,47,28,9,24,8,12,18,8,12,40,36,23,22,21,26,28,21,22,26,37,25,12,12,25,36,29,30,,24,15,14,18,30,8,27,12,,24,27,31,38,25,42,33,28,18,26,28,18,,17,,28,,11,18,18,25,20,17,17,24,22,,17,15,33,28,15,18,16,22,24,16,14,13,21,17,9,11,7,14,5,9,9,,22,,17,10,,17,20,12,34,31,34,33,32,,40,22,17,4,,,39,29,26,25,37,26,34,45,37,26,32,32,30,42,46,36,29,24,23,30,28,20,,24,,24,16,21,29,34,25,27,33,30,35,37,26,4,8,5,12,23,31,40,34,14,21,22,36,16,28,39,45,30,25,44,,34,26,27,23,54,25,43,20,17,24,31,21,27,17,23,40,31,26,15,17,60,51,35,,8,14,40,2,12,34,25,11,27,28,32,20,32,30,21,15,23,32,60,25,32,17,25,29,21,19,32,27,25,27,13,20,31,17,43,16,36,37,29,33,5,4,26,14
20210423,5,O3,22,25,2,,,23,,24,29,12,,15,,,62,,67,72,58,,68,,69,69,,82,66,,14,19,38,38,40,39,104,,92,85,,89,88,100,98,95,,103,,43,63,54,59,42,38,22,44,70,51,,53,81,28,18,15,42,42,9,20,7,,19,52,44,46,39,41,,34,40,17,36,4,,48,4,50,1,4,7,,57,34,,,43,55,75,61,78,54,42,,58,37,70,48,75,,62,110,116,134,120,130,116,121,121,122,121,55,70,81,92,96,81,64,84,82,39,13,7,48,,39,31,44,27,7,29,61,5,5,22,2,14,13,,16,3,22,12,35,53,50,42,47,39,45,39,39,7,,1,14,4,4,10,11,18,19,21,5,24,25,,,,42,49,,55,41,41,,,,52,,,4,8,7,9,14,18,20,32,,,,13,31,,37,37,43,43,42,,40,27,29,17,28,20,6,25,,25,,34,36,,3,5,,3,1,7,,26,14,33,5,6,28,11,,,15,17,18,4,7,4,31,,3,,,4,,25,25,,32,22,35,37,42,47,,19,2,6,17,9,29,34,45,54,39,48,48,44,44,37,41,50,39,78,,5,31,10,15,6,41,47,44,49,55,,51,50,42,,51,85,80,89,,81,84,93,76,76,,,72,69,71,76,59,72,3,4,5,5,,5,4,5,2,80,64,67,73,52,59,63,,79,73,50,68,58,69,74,73,79,78,63,62,20,12,,3,2,36,,10,7,4,13,40,42,34,30,54,,,8,13,2,21,18,47,25,28,29,12,29,34,,55,6,,42,42,23,22,47,44,49,44,,,9,,18,5,35,32,5,5,4,6,18,10,46,48,51,48,45,38,24,24,42,52,44,49,45,69,,4,13,5,5,6,4,9,,,16,4,3,9,5,,17,37,16,29,,,30,101,94,69,98,98,95,83,79,77,97,,114,112,78,100,108,103,100,106,96,97,106,114,8,7,3,2,7,4,22,5,,9,28,2,6,,5,53,22,14,,,,28,100,,,,76,79,65,67,54,64,63,,66,75,82,74,78,75,45,40,55,50,49,108,30,59,21,43,,49,34,34,57,84,61,58,64,92,,36,51,52,93,91,84,91,79,73,70,70,59,57,58,45,40,26,41,,83,,54,45,54,43,34,,58,49,,,58,50,46,59,,90,85,59,,41,36,48,39,38,96,97,101,107,101,,,,37,,47,48,,34,5,62,60,48,51,51,121,117,117,,38,,,17,,24,4,2,106,99,93,93,80,,43,47,36,36,51,40,17,62,42,23,4,2,23,65,57,64,48,55,40,68,,41,29,42,,65,62,,100,99,81,85,20,,7,55,,,32,52,,16,,51,60,34,19,37,49,,56,46,,81,78,,84,,29,26,23,,64,64,93,92,95,,81,85,63,90,87,90,46,80,61,74,58,84,50,103,67,43,94,69,49,71,73,65,76,76,42,29,43,18,44,56,93,82,90,,88,98,102,106,78,82,86,98,115,100,116,23,30,26,,32,31,38,,35,62,59,45,50,,32,39,107,,48,,35,19,43,26,38,52,63,,,,6,,5,,52,48,65,,10,13,23,82,87,,85,,6,7,6,17,37,38,,33,9,30,19,70,52,,37,,,67,37,51,12,104,50,47,47,30,16,55,49,43,7,5,6,4,10,4,53,57,35,20,11,5,77,65,79,80,88,,109,116,98,96,39,49,14,67,,,,,46,17,,8,57,58,49,60,69,61,48,56,47,49,54,111,119,38,38,46,,86,77,74,,3,2,,5,73,10,34,30,48,43,36,42,41,44,53,60,,87,89,62,78,96,91,82,85,97,,80,84,100,87,99,41,37,87,87,,67,,60,64,64,66,61,73,61,71,74,,,59,61,66,63,112,104,121,123,130,124,19,,22,3,5,14,14,17,24,13,4,,56,33,28,7,41,11,8,35,10,32,34,15,12,,18,4,,1,7,4,6,,,56,74,50,74,70,44,44,54,46,,,51,107,100,98,100,,78,19,28,22,13,29,64,,57,58,111,,,106,105,,78,23,1,,4,,107,112,,,103,70,,,69,84,61,,,80,67,60,22,128,123,134,69,80,86,101,77,74,57,38,50,61,50,53,60,91,89,94,74,,68,56,83,,110,109,80,46,75,100,85,72,99,106,98,64,,,,134,123,126,122,89,68,71,76,86,89,64,78,102,91,91,98,,,53,76,,80,65,76,,83,45,49,,45,43,53,,51,50,70,50,66,70,64,56,18,30,21,18,14,14,60,59,,55,57,42,50,51,48,,94,,85,,,,78,72,62,65,49,67,,40,,39,30,36,9,17,9,34,8,6,13,8,15,78,26,22,12,3,3,2,1,6,,17,8,20,24,18,24,15,11,15,18,14,26,25,33,,,29,33,37,38,20,42,41,50,48,61,74,45,51,72,40,,40,49,41,50,70,66,62,72,8,6,18,,59,15,28,,26,21,24,53,,56,39,10,,1,11,26,32,24,74,81,44,79,69,15,34,24,,76,80,76,25,21,,28,24,79,76,76,73,56,64,55,59,47,53,,74,67,71,,48,41,,58,44,52,48,,22,52,43,25,24,67,68,63,67,70,74,33,69,63,57,61,40,55,38,41,51,39,42,47,50,49,82,59,76,56,59,53,58,54,56,58,33,49,65,51,66,15,20,41,1,1,1,,45,37,51,37,36,32,36,31,46,31,50,70,64,46,73,5,,45,15,21,33,26,41,36,20,13,,36,52,65,73,75,78,86,77,67,47,64,44,48,42,26,,,43,58,48,,51,24,55,67,47,19,,30,26,19,,,,,64,60,57,61,63,37,38,37,,4,93,122,111,106,119,17,79,86,84,107,,,,,66,53,51,63,99,90,15,,81,125,124,67,72,133,127,131,88,37,72,93,66,62,,122,111,114,108,32,59,109,111,33,,84,61,,84,67,,104,108,,,120,,102,,74,74,69,62,66,47,18,9,48,,81,85,84,91,,53,6,35,64,72,88,,88,75,48,45,89,90,,58,52,68,70,59,,15,20,45,,50,62,70,45,48,97,80,,69,52,,68,54,61,52,73,84,82,82,74,,75,76,71,27,30,101,103,101,106,,,,70,64,54,,36,71,68,60,77,24,37,7,72,79,74,36,63,,1,23,53,39,9,31,53,,95,,39,52,24,26,11,37,59,65,58,57,62,62,37,67,,,12,32,1,70,,74,72,99,61,,32,40,,,21,26,33,19,52,61,27,29,29,38,57,,22,10,83,,66,34,,3,79,55,71,87,62,77,39,129,84,95,45,37,74,15,20,110,61,76,69,73,10,55,36,84,91,93,100,111,13,64,106,2,5,22,28,18,17,,54,2,27,30,40,49,47,36,44,,14,52,35,26,115,11,20,,,5,60,71,57,30,100,31,41,22,91,19,36,39,79,14,3,19,33,,67,28,13,45,31,,63,5,8,1,9,2,11,10,12,8,5,70,40,112,52,73,,31,,11,13,15,46,31,,2,4,,14,6,2,38,2,32,39,50,3,16,,50,49,7,84,42,47,40,69,72,27,52,45,54,63,32,27,40,48,1,,,1,10,59,59,63,87,24,38,81,66,40,57,37,34,50,18,58,4,36,28,79,56,63,58,39,41,97,38,62,61,54,60,24,36,93,88,48,112,36,45,53,56,72,49,43,3,48,43,44,41,24,5,4,3,1,25,51,,39,9,37,33,58,42,45,49,19,44,33,5,16,36,10,31,38,45,22,86,70,64,57,59,,,90,16,,3,40,28,26,29,29,60,34,5,23,89,35,47,67,41,76,43,39,17,32,103,87,47,1,8,50,,,84,6,4,92,108,6,37,,23,45,45,4,31,48,16,17,70,91,50,67,,37,,79,,127,46,72,30,55,48,56,67,88,,53,78,24,45,13,40,22,38,13,32,65,54,7,47,44,60,67,40,51,32,44,,7,,8,80,,34,90,98,113,38,43,4,7,,40,28,37,78,,,25,22,8,49,17,91,75,69,83,34,49,45,4,12,18,17,,13,51,49,3,29,,31,,34,22,83,16,16,23,21,26,37,38,34,65,84,75,96,100,6,14,10,2,101,111,15,25,86,45,10,19,8,47,46,,26,67,48,29,108,65,2,59,65,69,59,40,29,83,75,65,2,3,67,55,18,2,5,,74,83,14,104,112,80,35,112,7,6,6,27,7,18,80,55,85,40,76,14,9,46,87,86,2,37,2,,84,22,104,58,56,99,46,86,43,17,70,43,90,114,72,40
20210423,5,O3_24h,105,109,102,101,93,95,105,88,106,114,96,97,,,99,,103,108,102,,100,,78,108,,103,82,,141,142,138,136,142,150,144,,102,104,,106,95,114,106,108,,111,,142,145,144,122,114,130,120,121,113,155,,153,157,154,94,100,104,112,102,119,115,,114,107,101,105,134,129,,140,137,138,135,137,,123,136,139,142,146,139,,122,116,,,116,120,102,119,130,128,119,,124,128,133,117,116,,121,118,122,141,121,140,123,125,151,131,142,137,143,144,153,152,160,151,152,139,150,202,205,215,,247,211,243,226,184,232,231,209,114,111,109,118,107,,115,103,102,98,58,62,65,53,66,58,68,51,55,103,,95,79,84,99,100,97,59,59,65,52,57,78,,,,62,74,,76,75,74,,,,65,,82,68,82,90,81,89,93,63,63,,,,70,58,,54,53,52,49,42,,49,55,52,55,51,58,71,78,,72,,73,65,,86,61,,96,64,85,,70,88,91,65,83,80,78,,,79,73,74,90,88,98,76,,103,,,54,,117,118,,81,91,69,77,97,86,,81,70,74,85,74,104,99,106,58,41,48,54,44,47,48,44,52,52,134,,140,139,144,157,214,156,140,94,78,77,,83,87,72,,97,95,106,92,,102,108,100,119,122,,,108,101,115,117,96,98,137,141,138,146,124,134,147,138,137,116,112,113,102,118,110,83,,117,131,81,82,83,75,92,85,83,95,85,81,208,215,,230,240,254,169,222,200,193,226,154,167,136,168,111,261,,106,109,103,237,115,144,146,133,195,226,204,170,,148,142,157,160,154,160,163,170,145,136,152,,,238,266,257,242,213,265,178,135,105,125,124,129,113,104,113,113,111,111,99,108,84,66,76,84,79,114,,102,94,118,137,128,150,106,,,108,126,113,112,134,,153,142,143,120,,,134,138,123,106,124,127,115,101,119,125,120,,152,155,165,134,159,147,118,136,113,117,121,129,103,92,100,84,94,82,108,81,,100,87,67,103,,93,91,79,84,,,,136,135,,,,146,136,72,70,83,76,70,,86,94,101,103,97,94,89,90,91,88,85,121,96,102,91,157,,152,153,158,154,151,148,144,152,148,,134,119,128,140,140,135,132,129,122,138,124,115,112,109,153,145,143,154,,87,,65,68,66,63,113,,108,115,,,112,100,94,78,,90,85,70,,92,81,92,77,80,111,134,136,120,116,,,,66,,76,104,,100,110,102,100,95,100,98,130,124,119,,86,,,175,,178,150,156,156,160,152,185,147,,84,79,82,82,84,89,91,104,99,92,163,174,175,147,134,147,182,179,202,115,,111,197,172,,204,216,,164,164,168,171,100,,85,157,,,118,119,,134,,139,124,136,127,180,179,,193,190,,171,152,,167,,143,131,139,,113,135,113,113,121,,131,142,121,128,132,136,131,122,120,130,118,131,128,138,122,121,128,144,135,124,103,121,121,117,144,147,153,151,150,161,137,127,136,,134,179,169,177,167,191,128,150,152,142,147,48,52,39,,59,77,67,,74,62,62,55,66,,43,55,109,,146,,151,144,158,139,143,150,151,,,,123,,122,,129,131,119,,117,116,132,134,138,,136,,92,91,84,94,118,132,,89,97,101,107,116,103,,104,,,113,54,52,50,111,94,96,111,81,80,97,84,89,100,98,88,90,103,92,70,69,87,87,74,75,137,132,125,135,142,,140,147,140,142,132,129,120,132,,,,,102,88,,87,87,121,94,102,100,87,77,84,82,88,77,170,180,96,99,99,,117,106,109,,117,111,,108,94,83,90,89,132,77,85,78,120,130,132,123,,137,141,131,151,158,159,140,87,99,,87,94,100,89,100,68,65,94,94,,99,,110,117,117,113,108,117,102,99,94,,,111,107,94,92,130,117,127,129,142,138,101,,102,121,117,96,95,98,72,77,113,,57,51,69,71,73,64,68,66,29,40,54,96,97,,62,50,,82,66,64,71,,,100,135,135,134,132,103,101,98,102,,,145,140,134,133,134,,127,123,115,126,120,122,124,,125,126,135,,,129,146,,129,120,136,,131,,228,211,,,132,102,,,125,135,111,,,130,136,126,134,133,127,137,162,134,149,137,139,132,129,126,117,138,136,130,141,116,120,110,116,,138,137,138,,136,135,147,138,139,161,126,118,136,132,137,208,,,,237,234,237,226,224,205,207,211,167,181,176,199,236,225,210,234,,,282,130,,131,204,212,,131,54,57,,57,62,59,,62,57,73,59,66,76,76,70,61,68,55,51,80,49,91,87,,88,98,94,85,80,68,,94,,85,,,,90,82,71,94,85,91,,78,,72,76,75,130,130,119,139,124,136,143,149,139,105,116,108,108,156,159,155,150,107,,110,104,92,100,93,96,106,115,106,111,100,116,100,102,,,108,118,122,122,112,151,155,147,134,149,125,110,124,118,127,,123,123,120,109,125,120,118,127,92,104,112,,152,147,138,,148,133,148,131,,140,134,116,,126,111,112,105,112,114,113,108,118,120,94,91,100,,118,118,119,85,83,,99,89,92,84,111,102,139,152,121,106,89,88,,124,118,126,,137,137,,94,90,85,91,,115,118,113,110,94,87,97,91,95,99,93,72,81,70,65,70,119,97,113,105,104,92,98,100,105,107,111,67,95,70,62,69,75,72,72,84,87,67,85,83,94,67,83,79,124,113,107,114,72,91,80,105,117,80,112,108,108,108,109,101,95,129,125,97,105,94,90,99,91,93,109,113,68,74,,72,126,120,132,125,123,130,130,133,148,158,151,145,146,148,,,127,130,122,,124,104,75,104,94,82,,101,31,100,,,,,119,125,119,121,126,113,118,115,,106,132,153,136,146,152,134,116,131,100,157,,,,,66,53,153,159,147,144,93,,90,153,153,147,140,140,135,138,146,152,135,155,143,139,,140,136,145,134,88,196,132,148,167,,144,148,,129,136,,124,131,,,128,,122,,115,113,107,95,99,90,122,112,122,128,88,92,87,110,,74,83,114,110,109,137,,131,121,78,80,129,127,,112,96,79,76,115,,102,81,144,,140,122,111,124,82,107,181,,175,153,,163,89,104,93,81,90,98,100,98,,95,90,88,101,107,144,115,118,120,,,,89,82,77,,66,95,87,87,132,171,173,211,76,107,105,144,121,,134,148,65,52,84,130,61,,97,,66,112,130,96,158,163,129,92,62,131,130,122,70,93,,,119,175,99,100,,96,141,154,100,,63,55,,,72,62,62,70,78,76,78,67,81,70,113,134,131,153,162,,102,119,,182,212,163,159,102,106,132,96,140,136,106,89,99,107,152,114,128,112,80,95,76,105,117,140,134,141,140,128,124,123,162,113,134,120,118,152,110,107,109,151,120,146,99,121,105,56,101,138,,97,86,63,160,125,91,94,,,90,73,128,57,73,118,126,53,112,146,119,102,60,140,114,121,170,73,,141,91,85,99,101,,130,114,113,113,113,106,113,111,106,101,118,133,158,203,104,112,,76,,97,88,77,55,53,196,209,162,218,208,234,231,173,205,174,113,147,110,210,,113,180,239,182,140,90,105,108,101,48,62,73,73,102,58,90,137,136,124,112,,136,140,172,188,172,287,100,66,115,95,130,138,99,119,109,66,92,144,164,151,170,151,120,72,86,98,118,64,62,65,109,104,108,152,168,168,135,150,146,147,128,96,105,89,115,97,97,104,111,136,114,98,102,93,80,111,79,,72,99,104,156,109,66,71,72,96,78,52,89,60,61,101,71,88,48,78,99,79,82,79,83,,176,172,161,215,150,129,132,91,145,120,107,164,143,138,89,141,137,108,108,107,70,48,48,66,103,87,86,143,120,146,,145,126,118,111,174,144,60,103,,78,141,131,141,137,118,79,80,91,95,68,97,,104,,103,,145,89,107,113,112,95,105,113,150,,104,155,52,103,88,196,171,152,178,98,98,90,96,94,94,159,87,78,69,105,89,,114,,125,118,,105,143,141,157,85,83,99,83,,82,121,117,130,,,129,124,125,144,137,96,99,97,96,134,142,120,120,117,111,120,117,122,116,103,124,154,,151,,157,128,133,113,122,129,99,106,94,90,105,145,90,94,108,110,96,67,142,131,129,236,161,154,176,170,221,280,93,131,130,,60,76,144,139,294,155,94,112,81,74,74,99,114,190,166,122,105,106,110,102,71,97,77,,123,137,92,135,140,165,144,137,104,120,102,117,108,134,166,109,105,152,311,104,146,98,109,102,119,110,98,96,116,119,131,74,157,126,217,127,215,83,126,49,134,126,132,96
20210423,5,O3_8h,32,24,18,11,16,28,5,20,36,22,4,7,,,66,,72,76,66,,70,,69,63,,79,63,,40,43,41,45,46,55,110,,89,87,,90,88,100,101,104,,99,,58,65,67,44,30,33,24,33,44,52,,85,91,36,49,44,65,74,18,48,31,,40,62,56,59,35,33,,50,51,32,56,3,,60,34,55,14,18,7,,65,55,,,42,73,74,77,71,58,48,,56,43,76,53,80,,62,111,114,133,117,128,115,116,121,121,118,53,70,72,76,83,67,58,75,81,49,44,26,50,,45,67,64,54,37,40,82,28,6,11,9,5,20,,13,25,27,14,44,50,54,45,56,47,52,43,40,12,,15,17,18,20,12,11,6,10,11,2,15,21,,,,55,58,,62,47,48,,,,58,,4,3,4,7,5,9,8,15,15,,,,4,9,,26,34,36,29,27,,26,31,31,19,32,24,13,28,,27,,30,29,,2,5,,2,1,3,,13,7,11,5,5,17,10,,,28,17,12,4,7,4,17,,2,,,5,,16,20,,38,36,44,47,64,60,,18,4,8,24,12,46,42,49,56,38,45,45,40,42,44,40,48,47,67,,25,32,21,27,11,61,47,39,45,60,,50,47,31,,48,88,88,88,,86,91,94,81,97,,,74,71,80,81,49,68,15,11,20,19,2,21,14,9,3,81,65,71,71,55,62,61,,84,69,50,69,59,63,73,80,77,69,67,69,29,23,,8,4,33,1,26,16,9,21,58,61,45,45,54,7,,15,23,2,43,28,45,32,57,30,25,29,33,,65,7,15,49,50,42,35,54,52,61,51,,,21,16,30,33,42,58,24,6,5,18,31,20,48,48,52,50,42,43,29,29,51,53,32,52,52,80,,15,42,6,12,18,6,16,,,47,4,20,9,4,,29,40,49,46,,,46,96,95,65,98,99,95,83,83,80,102,,108,110,22,94,76,52,105,110,103,103,105,117,12,3,3,9,7,13,11,11,,25,11,4,4,,7,57,17,14,,,,53,103,,,,74,81,67,67,63,66,62,,67,73,68,73,65,70,45,38,49,42,45,108,45,59,37,52,,43,30,49,60,107,81,78,67,88,,39,56,53,99,93,90,100,87,85,65,65,64,55,55,53,48,47,45,,76,,34,40,34,24,62,,73,62,,,65,57,52,68,,76,78,63,,54,54,60,42,47,98,97,103,103,98,,,,52,,59,44,,29,23,46,41,42,46,48,119,113,112,,56,,,22,,29,8,10,107,108,91,100,81,,53,54,50,52,53,57,43,52,47,33,14,8,19,75,68,73,34,46,42,66,,48,34,45,,87,85,,104,103,95,87,28,,17,64,,,35,43,,46,,46,52,32,29,61,58,,62,67,,65,63,,69,,57,15,42,,67,82,98,97,99,,71,71,66,89,80,86,47,73,63,86,55,84,59,105,79,56,93,66,68,65,69,57,69,70,51,42,51,46,51,70,99,86,88,,89,102,106,103,82,82,96,103,118,102,112,29,31,30,,37,36,39,,42,52,52,38,46,,28,39,103,,44,,38,33,50,33,41,66,61,,,,24,,18,,71,55,78,,33,19,43,89,95,,92,,5,3,5,10,37,42,,27,10,14,23,60,45,,40,,,56,39,49,13,106,57,50,56,41,28,56,52,50,18,18,15,12,17,6,53,54,30,19,16,5,69,61,69,72,68,,97,129,97,104,20,43,24,67,,,,,31,24,,19,61,63,55,67,73,62,48,56,45,49,50,104,116,18,32,33,,81,61,49,,2,2,,4,65,13,23,24,34,23,23,21,20,24,25,22,,101,99,63,95,106,97,100,85,95,,77,80,98,88,99,46,42,90,90,,76,,58,60,60,66,63,100,90,74,77,,,73,77,68,64,107,101,117,120,133,127,28,,19,4,3,5,5,6,10,4,3,,48,32,12,6,15,11,4,21,7,16,20,18,18,,18,4,,4,14,4,4,,,50,71,53,63,57,29,39,41,41,,,53,113,112,104,100,,93,13,17,22,16,15,73,,56,58,115,,,107,115,,79,56,5,,13,,117,123,,,105,68,,,88,101,79,,,86,80,41,35,126,120,132,50,69,85,105,41,71,63,47,52,61,41,47,60,85,88,89,71,,85,83,88,,107,91,61,46,77,99,91,83,101,106,100,76,,,,140,127,92,117,92,82,91,90,99,105,76,55,78,72,73,80,,,64,82,,81,76,83,,83,46,43,,48,42,50,,57,52,64,52,56,71,70,63,24,35,25,21,16,19,53,58,,57,25,21,57,50,46,,83,,73,,,,79,69,61,76,47,63,,40,,37,28,33,25,25,21,48,16,13,27,11,22,80,33,27,24,4,4,2,3,9,,19,10,22,27,25,27,12,26,27,29,27,32,34,38,,,37,42,53,53,35,53,43,48,47,60,82,57,65,74,44,,49,54,50,55,73,70,66,71,19,18,13,,43,20,27,,40,43,56,55,,54,33,15,,1,34,44,40,47,77,81,60,76,68,27,37,31,,78,81,80,19,21,,24,22,84,78,80,77,53,58,57,46,43,50,,40,59,47,,62,54,,56,53,34,29,,57,67,41,32,23,57,67,58,64,68,69,47,66,64,58,61,55,50,45,39,43,47,53,58,60,59,82,52,74,53,52,53,57,50,47,57,58,52,69,44,73,14,41,62,1,1,,,32,41,43,34,33,32,40,39,43,39,51,58,54,72,82,7,2,36,15,21,33,28,47,46,21,5,,20,70,82,90,90,88,94,90,82,74,85,69,73,46,21,,,70,67,66,,58,20,36,50,42,18,,19,27,27,,,,,65,68,63,62,68,33,40,29,,6,102,127,111,112,120,25,81,89,87,111,,,,,59,43,53,48,103,96,9,,81,122,126,64,63,134,128,132,89,25,85,105,92,70,,125,121,113,104,60,50,110,126,67,,84,73,,92,89,,108,114,,,115,,101,,90,91,72,59,67,35,8,9,38,,85,85,83,79,,49,32,57,67,81,85,,96,91,57,59,88,90,,68,62,56,58,77,,17,24,68,,67,70,75,37,53,88,80,,77,62,,71,61,63,58,69,77,82,82,82,,80,77,72,47,48,100,102,100,106,,,,72,69,59,,38,70,65,64,111,47,54,25,70,77,78,35,69,,2,38,55,38,4,21,24,,81,,54,65,43,29,21,42,69,73,59,65,60,69,32,69,,,39,39,2,74,,77,77,100,58,,21,20,,,24,14,18,25,63,66,24,37,26,11,45,4,56,23,69,,72,32,,4,105,85,89,90,72,86,59,128,91,80,45,46,74,55,49,105,69,70,67,67,14,76,49,90,95,99,100,105,37,86,109,2,11,43,26,47,37,25,65,4,26,30,46,58,49,30,58,,26,50,49,72,105,12,29,,,10,59,66,49,23,101,34,45,25,91,26,41,41,86,20,6,39,35,,78,13,26,30,25,,64,12,8,4,21,14,9,6,7,26,29,71,35,121,64,89,,59,,25,8,17,48,24,4,3,9,,23,14,3,53,4,42,47,51,15,17,,40,60,17,97,52,57,52,72,64,23,53,59,52,62,28,33,60,74,19,5,,9,29,88,92,92,92,18,38,88,69,46,75,39,22,43,11,57,26,37,57,93,73,78,66,49,57,99,52,31,39,75,78,20,79,89,95,52,115,40,35,49,54,66,52,42,3,48,38,47,65,19,4,6,2,2,25,51,,57,23,35,48,79,53,42,39,17,46,34,7,6,21,6,14,33,33,18,89,68,64,64,61,,,90,28,,13,50,30,45,30,16,58,48,11,37,88,40,53,75,58,75,53,38,14,26,88,76,47,1,14,21,,28,77,47,27,107,109,6,30,,18,67,56,8,45,28,17,11,74,89,35,67,,42,,60,,124,41,75,36,56,54,62,50,96,,68,87,38,23,19,55,30,49,23,42,59,50,7,30,45,62,66,42,52,32,36,,23,,10,63,,32,88,98,69,37,41,7,11,,31,36,39,85,,,13,19,30,23,12,89,75,60,88,42,40,34,15,15,31,28,14,39,44,40,9,43,,45,,47,40,76,6,17,34,27,21,15,25,24,59,86,78,100,103,9,12,26,10,112,121,23,35,87,39,19,28,16,67,56,,29,64,39,38,114,85,13,74,63,69,67,54,30,81,74,52,2,7,61,33,12,2,5,,77,84,16,106,118,52,48,118,8,26,26,30,8,30,86,46,91,42,97,9,24,43,91,88,21,43,5,8,79,28,94,60,47,101,64,95,73,13,78,40,105,121,84,55
20210423,5,O3_8h_24h,54,24,44,28,49,50,10,30,47,29,18,7,,,70,,74,77,72,,71,,69,63,,83,64,,64,60,44,46,55,66,122,,89,88,,90,88,102,106,108,,103,,72,66,83,44,30,44,42,52,44,57,,95,97,52,69,68,97,97,29,68,55,,58,65,61,64,51,50,,80,53,67,77,3,,74,55,65,49,32,10,,80,80,,,51,80,74,82,71,61,64,,59,52,84,54,90,,70,111,118,133,117,128,115,116,121,121,120,53,70,72,76,83,67,58,75,81,52,63,46,56,,58,79,72,68,55,74,98,48,6,11,10,5,27,,13,45,34,19,57,59,64,53,66,58,65,51,53,16,,26,22,26,31,14,18,6,10,11,2,15,21,,,,60,63,,64,48,50,,,,62,,20,3,5,19,5,10,8,15,15,,,,4,9,,26,34,36,29,27,,26,36,37,30,39,34,16,30,,29,,37,29,,2,5,,2,2,3,,13,7,11,5,5,17,10,,,40,28,17,4,13,5,18,,2,,,10,,16,20,,52,60,51,50,73,65,,28,5,12,31,25,72,67,56,56,39,46,45,40,42,47,40,48,50,67,,36,36,38,40,19,72,55,39,45,62,,50,47,31,,50,90,96,91,,90,97,95,83,107,,,80,75,97,94,82,68,33,31,54,30,7,53,24,18,5,89,68,86,79,58,65,79,,87,69,50,74,59,64,73,81,77,69,68,72,34,29,,14,5,33,3,34,22,12,46,70,75,49,68,63,8,,19,28,2,59,36,45,39,75,31,38,31,39,,73,7,22,59,62,50,49,56,60,69,58,,,35,42,43,50,45,87,46,8,6,32,41,35,51,48,54,52,46,44,34,36,53,53,32,54,55,87,,20,53,6,30,34,11,23,,,60,4,34,10,5,,36,50,73,59,,,61,108,97,68,100,99,95,83,89,84,103,,108,114,22,94,76,52,109,114,108,108,107,119,22,3,4,27,16,31,11,26,,50,11,14,4,,7,58,17,16,,,,77,105,,,,74,81,67,70,70,67,64,,67,73,68,73,65,70,49,38,49,48,48,110,53,59,61,59,,43,31,62,64,116,93,95,87,88,,39,60,53,101,97,95,103,91,90,65,71,66,65,55,58,54,61,49,,76,,34,40,34,24,88,,87,67,,,78,69,62,78,,76,78,70,,63,71,76,42,63,104,98,104,103,100,,,,63,,69,57,,30,30,46,41,45,46,48,119,113,112,,73,,,25,,30,19,32,108,110,101,106,85,,56,59,54,72,54,72,60,52,53,46,23,17,19,95,82,86,36,59,42,83,,57,36,56,,106,110,,111,111,108,95,33,,30,77,,,37,43,,93,,57,58,40,43,72,65,,63,75,,65,63,,69,,65,27,54,,72,103,101,100,100,,71,71,66,98,86,89,50,73,65,90,55,89,63,111,102,90,98,80,85,65,72,57,69,70,63,53,55,65,65,77,108,93,100,,94,104,112,106,89,97,100,105,118,103,112,31,32,31,,44,40,43,,48,56,54,38,54,,33,39,103,,44,,38,39,65,40,42,70,61,,,,38,,32,,87,66,88,,51,21,49,95,99,,97,,5,3,6,10,46,48,,27,12,14,50,60,45,,40,,,56,40,49,17,108,60,51,60,45,34,59,58,54,52,39,22,33,38,10,54,54,46,19,22,6,82,61,87,76,68,,97,138,104,117,20,43,28,80,,,,,38,25,,22,71,75,68,76,87,68,48,56,47,51,50,105,116,18,46,50,,81,61,49,,2,2,,6,65,17,23,24,34,23,23,21,20,24,25,22,,121,111,63,102,109,100,108,86,95,,77,80,98,88,99,60,56,91,91,,89,,72,79,79,66,70,106,98,78,82,,,90,95,77,72,107,101,117,120,134,128,31,,19,6,3,9,8,11,10,4,3,,48,32,12,6,15,12,4,21,7,16,20,23,35,,18,6,,4,19,4,8,,,50,74,58,63,57,35,48,58,61,,,62,119,119,111,101,,102,13,17,44,26,15,83,,65,69,120,,,112,122,,94,72,6,,27,,124,134,,,107,68,,,110,123,93,,,93,90,41,43,133,127,137,50,69,97,112,41,74,78,53,60,68,62,63,60,85,88,90,76,,92,94,89,,107,91,61,58,79,99,94,86,102,106,101,81,,,,142,128,92,117,100,86,102,95,112,119,84,55,78,72,73,82,,,70,84,,81,84,96,,84,50,43,,54,42,50,,60,53,64,52,56,74,72,65,25,40,27,25,20,26,53,58,,58,25,21,60,52,46,,83,,73,,,,90,79,71,92,47,63,,40,,38,30,33,47,38,32,61,26,19,33,12,29,86,41,37,42,4,4,2,5,12,,33,12,23,29,28,29,12,38,40,37,43,36,40,40,,,52,54,70,71,56,65,52,53,52,71,90,75,79,76,51,,58,60,55,57,77,74,70,77,39,34,14,,43,23,27,,56,56,85,65,,66,33,37,,3,52,62,63,68,90,86,81,78,75,37,37,41,,79,81,82,20,29,,24,28,87,81,85,82,58,61,64,48,43,56,,40,76,48,,72,60,,60,78,34,29,,73,77,53,40,23,57,68,58,68,68,69,53,68,68,59,61,72,62,72,44,57,54,68,73,74,70,82,52,74,53,52,53,57,50,51,57,81,54,72,44,74,14,83,79,1,1,,,32,42,43,34,33,42,41,41,44,49,58,58,54,91,93,8,8,49,19,35,33,29,55,53,24,5,,28,89,98,108,107,94,100,100,100,86,106,92,89,47,33,,,90,73,77,,62,20,36,51,42,18,,22,27,42,,,,,66,70,66,64,70,33,40,29,,9,114,133,111,117,120,33,82,92,88,115,,,,,59,43,54,48,106,99,9,,82,122,126,64,63,134,128,133,90,25,103,124,118,102,,126,127,113,104,88,50,110,132,95,,85,95,,101,111,,112,118,,,115,,103,,102,103,76,62,70,35,8,12,58,,86,85,83,79,,49,56,74,74,93,99,,106,107,61,66,90,93,,82,68,56,58,88,,23,39,99,,90,83,84,37,60,88,80,,81,83,,72,77,72,72,69,77,82,82,84,,86,79,72,72,71,106,102,100,106,,,,74,72,69,,41,74,69,71,129,61,61,39,70,77,81,37,77,,3,64,56,38,4,21,24,,81,,62,68,60,32,29,52,75,83,59,75,60,78,32,72,,,61,53,2,76,,84,88,100,58,,24,20,,,25,14,18,30,69,70,24,47,26,11,52,8,64,27,69,,76,32,,12,116,107,104,90,91,94,76,128,95,80,48,52,76,84,70,108,76,70,67,67,26,94,54,93,96,100,100,105,82,97,112,2,42,62,31,65,52,55,75,14,30,35,59,63,50,48,70,,42,50,62,98,118,12,36,,,26,59,66,50,30,101,48,50,31,106,29,44,47,88,26,13,51,39,,86,13,30,52,46,,78,17,25,4,27,24,9,10,7,34,48,94,36,128,82,97,,74,,37,11,19,49,24,17,9,13,,27,17,3,71,6,52,54,52,29,18,,47,78,29,108,65,61,54,72,74,24,54,65,52,64,32,39,77,85,40,24,,21,47,106,114,116,97,18,38,90,70,58,90,47,22,43,11,57,50,41,73,100,86,99,71,68,84,100,61,31,39,92,86,20,99,100,104,55,117,47,45,55,58,66,57,43,4,48,42,49,87,19,4,7,2,3,36,52,,68,45,36,64,95,61,42,39,17,51,38,21,6,21,9,14,33,33,18,92,69,64,70,66,,,93,41,1,44,72,31,73,36,18,78,55,14,42,88,44,54,78,64,76,56,39,18,26,88,76,48,2,40,21,,46,87,72,48,113,109,6,30,,19,91,66,18,61,28,18,12,82,90,35,74,,57,,60,,124,41,78,41,65,69,71,58,98,,91,96,52,27,43,66,42,60,37,45,59,50,14,30,45,63,66,43,52,36,39,,30,,11,75,,32,91,106,93,39,41,8,15,,31,41,48,89,,,13,19,44,23,25,89,81,67,90,48,56,44,28,16,34,38,22,51,44,42,10,54,,62,,60,46,76,6,23,46,34,21,15,44,24,82,88,79,103,104,10,20,63,33,121,132,26,44,92,41,33,48,37,91,73,,36,64,41,40,122,96,36,91,68,69,74,70,41,81,74,52,2,12,61,33,12,2,5,,82,87,17,106,126,52,53,127,10,53,48,38,29,46,97,47,97,43,108,22,28,46,92,88,39,49,13,41,79,55,98,61,47,107,74,104,87,13,80,40,114,126,112,69
20210423,5,CO,0.6,0.7,0.8,0.7,0.7,0.7,0.6,0.7,0.7,0.8,0.7,0.7,,,0.6,,0.9,0.7,0.6,,0.7,,0.8,1.7,,0.8,0.6,,0.7,0.8,0.5,0.8,0.9,0.6,0.6,,0.7,0.8,,0.8,0.7,0.4,0.3,0.3,,0.2,,0.6,0.5,0.6,0.5,0.6,0.7,0.5,0.6,0.3,0.5,,0.7,0.8,0.6,0.7,0.6,0.6,0.6,0.5,0.4,0.5,,0.4,0.5,0.5,0.7,0.7,0.8,,0.6,0.6,0.5,0.3,0.8,,0.7,0.7,0.8,1,0.9,0.7,,0.7,0.7,,,0.6,0.6,0.5,0.9,0.7,1.2,0.9,,0.9,1.5,0.8,1,0.8,,1.2,0.4,0.5,0.6,0.5,0.3,0.5,0.4,0.3,0.3,0.4,0.6,0.7,0.5,0.6,0.4,0.4,0.5,0.4,0.4,0.4,0.6,0.7,0.9,,0.6,0.5,0.6,0.3,0.2,0.6,0.6,0.8,1.4,1.4,1.1,1.3,1.2,,1.4,1,1.1,1.2,0.9,0.9,0.5,1,0.9,0.7,1.2,0.9,0.8,0.8,,1.2,1.3,0.9,0.9,1.2,1.1,0.8,1,1.1,1.2,1,0.7,,,,0.8,0.7,,0.9,0.8,1,,,,0.9,,1.2,1,1.1,1.1,1.1,1.1,1.1,1.2,1.1,,,,0.9,1.1,,0.9,0.7,1.2,0.6,0.8,,1,0.7,0.9,0.9,0.8,0.8,0.7,0.5,,0.7,,1.2,1.1,,0.7,0.4,,0.7,0.8,0.8,,0.8,1,0.8,0.6,0.6,0.7,0.5,,,0.5,0.6,0.7,0.6,0.6,0.5,0.5,,0.7,,,0.9,,1.1,0.9,,0.5,0.4,0.3,0.5,0.4,0.4,,0.6,0.6,0.8,0.6,0.7,0.6,0.5,0.5,1,0.7,0.7,0.8,0.7,0.7,0.6,0.6,0.6,0.8,0.6,,0.8,0.7,0.7,0.7,0.4,0.3,0.4,1.1,1,0.9,,0.9,1.4,1.2,,0.9,0.6,0.7,0.7,,0.6,0.6,0.7,0.6,0.6,,,0.3,0.7,0.7,0.5,0.6,0.6,0.9,1,0.9,0.9,0.8,0.7,1.1,1,0.6,0.6,0.7,0.6,0.8,0.9,0.7,0.7,,0.6,0.6,0.9,1,0.8,0.7,0.7,0.8,0.7,0.7,1,0.8,0.9,0.9,,0.8,1,0.8,1,0.8,0.8,0.7,0.9,0.6,0.6,0.7,0.7,0.5,0.8,,0.6,0.7,0.6,0.7,0.6,0.7,0.4,0.7,0.6,0.8,0.5,0.5,,0.6,0.7,0.5,0.6,0.6,0.3,0.4,0.7,0.6,0.4,0.4,,,0.9,0.8,0.9,0.6,0.7,0.7,0.8,0.6,0.7,0.8,0.4,0.5,0.6,0.7,0.5,0.7,0.7,0.7,0.5,0.5,0.4,0.6,0.7,0.5,0.4,0.6,,0.7,0.8,0.9,1,0.9,0.5,0.4,,,0.9,0.7,0.4,0.8,1.1,,0.9,0.9,0.8,0.8,,,0.7,0.6,0.4,0.4,0.6,0.6,0.6,0.4,0.5,0.6,0.6,,0.7,0.8,0.6,0.6,0.7,0.7,0.4,0.5,0.5,0.4,0.6,0.4,0.7,1,0.8,0.8,0.8,0.9,0.7,0.8,,0.6,0.6,0.9,0.8,,0.7,0.6,0.7,0.4,,,,0.6,0.6,,,,0.9,0.8,0.4,0.8,0.5,0.5,0.3,,0.5,0.8,0.6,1.1,0.8,0.8,0.5,0.7,0.7,0.6,0.7,0.6,0.7,0.7,0.4,1,,0.6,0.9,0.8,0.7,0.7,0.7,0.7,0.7,0.6,,1.2,1.3,1.2,0.5,0.6,0.6,0.5,1.1,1.1,1.1,0.7,0.6,0.7,0.6,0.5,0.5,0.5,0.4,,0.6,,0.7,1.1,0.9,1.1,0.8,,0.9,0.4,,,1.2,1.2,1.7,1,,0.4,0.6,1,,1.2,0.6,0.7,0.7,0.6,0.5,0.3,0.7,0.6,0.2,,,,1,,0.8,1,,1,0.6,0.5,0.7,1,0.8,0.7,0.3,0.3,0.4,,1.2,,,0.6,,1,0.6,0.7,0.2,0.5,0.4,0.6,0.8,,0.7,0.5,0.6,0.7,0.6,0.6,0.4,0.5,0.6,0.4,0.6,0.6,0.6,0.6,0.5,0.6,0.7,0.8,0.6,0.6,,0.5,0.8,0.9,,0.6,0.7,,0.7,0.5,0.6,0.6,0.5,,0.7,1.3,,,0.5,0.7,,0.8,,1.3,0.6,1.2,1,1.9,1.7,,1.3,2,,1.2,0.8,,0.9,,1.3,0.9,1.3,,0.9,1,0.4,0.1,0.2,,0.4,0.5,0.6,0.5,0.5,0.4,0.4,0.6,0.6,0.6,0.7,0.6,2.5,0.5,0.4,0.7,0.5,0.4,0.2,0.6,0.8,0.8,0.7,0.9,0.8,0.8,0.8,0.9,0.8,0.6,0.6,0.5,0.4,,0.2,0.5,0.4,0.4,0.4,0.5,0.4,0.3,0.3,0.3,0.1,0.9,0.8,0.8,,1,1.2,1,,0.7,0.8,0.7,0.8,0.7,,0.4,0.5,0.5,,1,,1.2,1.1,0.6,1.1,0.6,0.3,0.7,,,,0.8,,0.7,,0.8,0.8,0.8,,0.6,0.9,0.8,1,0.9,,0.9,,0.8,1,0.6,0.7,0.8,0.8,,0.8,0.8,0.7,0.5,0.7,0.8,,1.1,,,0.8,0.5,0.8,0.9,0.5,0.9,1.5,0.7,0.9,0.6,0.5,0.5,0.6,0.9,1,0.8,1.1,1,0.7,0.5,0.4,0.8,0.7,1,0.7,0.7,0.8,0.8,0.7,0.7,,1.3,0.3,0.9,0.8,0.9,0.8,0.7,0.7,,,,,0.9,0.7,,0.6,1,0.7,0.6,0.4,0.5,0.7,0.7,0.5,0.4,0.6,0.3,0.5,0.6,0.7,0.8,0.9,,0.7,0.8,0.7,,0.6,0.7,,1.4,0.5,0.5,0.6,0.6,0.6,0.6,0.5,0.5,0.8,0.7,0.7,0.7,,0.6,0.7,0.4,0.7,0.6,0.6,0.6,0.2,0.3,,0.3,0.4,0.1,0.1,0.2,0.7,0.9,0.5,0.5,,0.5,,0.8,0.7,0.7,0.7,0.6,0.5,0.3,0.3,0.5,,,0.4,0.4,0.5,0.6,0.4,0.4,0.5,0.4,0.7,0.5,0.8,,1,1,1.1,1,0.9,1.2,0.9,1,1.1,,0.8,0.9,1.1,1,1,1.2,1,1,1,1.3,1.2,1.2,0.9,,0.8,0.7,,0.5,0.5,0.5,0.8,,,0.8,0.3,0.3,0.4,0.2,1,0.6,0.9,0.8,,,0.3,1.1,1.2,1.3,1.1,,1.2,0.7,0.7,0.8,1.1,0.6,0.6,,0.6,0.7,0.7,,,0.6,0.7,,0.9,0.7,0.9,,0.6,,0.9,0.9,,,0.1,0.4,,,0.7,0.5,0.5,,,0.2,0.3,0.3,0.2,0.7,0.5,0.5,0.7,0.4,0.4,0.5,0.4,0.9,0.8,0.7,0.6,0.8,0.5,0.6,0.4,0.5,0.5,0.6,0.5,,0.3,0.5,0.6,,0.7,0.5,0.7,0.8,0.7,0.4,0.2,0.1,0.3,0.5,0.4,0.9,,,,0.5,0.5,0.7,0.6,1.1,0.7,1,0.7,0.5,0.4,0.6,0.6,0.5,0.6,0.7,0.5,,,0.7,0.2,,0.2,0.4,0.4,,0.3,0.5,0.9,,0.7,0.8,0.6,,0.7,0.9,0.7,0.7,0.7,0.6,0.7,0.7,0.9,0.8,0.8,0.8,0.7,0.9,0.7,0.5,,0.6,0.7,0.6,1.1,0.9,0.9,,0.6,,0.5,,,,0.7,0.6,0.7,0.8,0.6,0.6,,0.9,,0.7,1,0.7,0.8,0.6,0.8,0.7,0.8,0.6,0.5,0.6,0.6,0.2,0.5,0.5,0.5,0.5,0.5,0.6,0.6,0.4,,0.3,0.4,0.7,0.6,0.7,0.4,1.1,4.1,1.5,1.8,1.3,0.8,0.8,0.9,,,0.5,0.4,0.5,0.5,0.6,1,0.9,0.6,1.5,1.1,0.6,0.8,0.9,0.5,0.9,,0.9,0.8,1,0.9,0.8,0.8,0.9,1,0.6,0.8,0.8,,0.7,0.3,0.4,,0.7,0.6,0.7,0.8,,0.8,0.7,1,,0.9,0.8,0.8,0.7,1,0.9,0.9,0.9,0.7,0.9,0.7,0.6,0.7,,0.4,0.4,0.4,1.2,1.3,,1.2,1.1,0.7,0.7,0.8,0.6,0.7,0.6,0.8,0.7,0.8,0.8,,0.4,0.4,0.6,,0.9,0.8,,0.7,0.7,0.5,0.6,,0.7,0.6,0.6,0.5,1,0.9,0.8,1,0.7,0.9,0.9,0.8,0.8,0.6,0.6,0.8,1.3,0.9,1.5,0.9,0.7,1,0.8,1,0.8,0.8,1,0.8,0.9,1,0.9,0.7,0.5,0.6,0.8,0.8,0.7,0.6,0.6,1,0.5,0.5,0.8,0.3,1,0.7,0.5,0.7,0.7,0.6,0.5,0.6,1,1.2,0.5,0.5,0.8,0.7,0.5,0.6,0.5,0.9,0.9,0.4,0.5,0.8,0.7,0.7,0.8,0.6,0.4,0.5,0.3,0.8,,0.7,0.6,0.6,0.4,0.4,0.5,0.8,0.7,0.8,1,0.8,0.9,0.8,0.7,0.8,,,0.7,0.5,0.6,,0.7,0.3,0.4,0.5,0.6,0.6,,0.6,0.7,0.5,,,,,0.5,0.6,0.7,0.5,0.6,0.6,0.7,0.4,,0.4,0.6,0.7,0.6,1.2,0.3,0.6,0.6,0.5,0.6,0.4,,,,,0.1,0.4,0.7,0.5,0.3,0.5,0.7,,0.9,0.5,0.5,0.5,0.4,0.5,0.5,0.4,0.4,0.4,0.7,0.8,0.6,0.7,,0.6,0.6,0.4,0.7,1.1,0.6,0.7,0.5,0.9,,1.2,1,,0.7,0.5,,0.4,0.3,,,0.5,,0.4,,0.4,0.4,0.5,0.6,0.6,0.6,0.7,0.8,0.7,,0.6,0.5,0.5,0.5,,0.8,0.8,0.2,0.4,0.7,0.6,,0.4,0.5,0.5,0.6,0.3,0.3,,0.8,0.7,0.2,0.2,0.4,,0.8,0.6,0.6,,0.5,0.5,0.7,0.6,0.6,0.4,0.5,,0.4,0.6,,0.5,0.6,0.7,0.6,0.5,0.4,0.2,0.3,0.4,,0.3,0.2,0.3,0.4,0.2,1.5,0.4,0.5,0.3,,,,0.3,0.7,0.6,,0.7,0.3,0.4,0.5,3,0.3,1.6,0.8,0.7,0.6,0.6,0.5,0.6,,0.8,0.7,0.8,0.6,0.6,1,1,,0.5,,0.8,0.4,0.9,0.7,4,,0.5,0.4,0.9,0.7,0.8,0.6,0.8,0.5,,,0.5,0.1,0.7,0.5,,1.3,1.3,0.9,0.6,,1,1,,,1.9,0.9,0.8,0.7,0.9,0.7,1.4,1.2,0.8,0.8,0.6,1,0.8,0.7,1.1,,0.9,0.8,,2.4,0.7,0.4,0.5,0.3,0.5,0.3,0.9,0.7,1.1,0.6,1,0.6,0.7,0.5,0.8,0.4,0.3,0.5,0.3,0.6,0.4,0.7,0.7,0.3,0.7,0.5,0.5,0.4,0.3,0.7,0.1,1.2,0.9,0.8,1,1,0.8,1,0.7,0.6,0.8,1.4,0.7,1.1,1.2,0.7,1.1,,0.6,0.9,0.7,1,0.1,0.6,0.4,,,0.7,0.6,0.6,0.8,0.9,0.3,0.8,1,0.5,0.4,0.8,0.9,0.8,0.9,0.4,0.7,0.6,0.7,,0.6,0.5,0.4,0.8,0.6,,0.1,0.8,0.7,1.2,0.5,0.8,1.1,0.9,1.2,0.7,0.8,0.7,0.6,1,0.5,0.9,,1.3,,1.1,1.1,0.8,1.2,0.9,0.9,1,1,0.9,0.8,1,1,0.7,0.6,0.7,0.6,0.5,0.7,0.7,,0.4,0.8,1.1,0.4,0.3,0.6,0.4,0.7,0.6,0.8,0.6,0.7,0.9,0.5,0.8,0.8,0.7,1,0.9,0.8,,0.8,1,0.7,0.8,0.7,0.6,0.6,0.6,0.7,0.6,0.9,0.5,0.6,0.7,0.4,0.3,0.3,0.9,1,0.8,0.6,0.8,0.4,1,0.5,1.1,0.2,1,1.1,1,0.8,0.8,0.7,0.6,0.5,0.7,1.5,0.4,0.6,0.7,0.7,0.6,0.9,0.7,0.7,1.4,0.9,0.6,0.7,1.1,1,0.5,0.8,0.5,0.7,0.9,1,,0.9,0.5,0.8,0.8,0.5,0.8,0.8,0.5,1,0.8,0.9,1,1.1,0.9,1.1,1,1.1,1,0.3,0.3,0.3,0.5,0.3,0.4,,0.8,0.5,0.7,0.9,0.6,0.6,0.5,0.5,0.5,0.4,0.5,0.6,0.8,0.8,,0.5,0.7,0.4,0.8,0.6,0.5,0.8,0.8,0.8,0.5,0.8,0.7,0.6,0.5,0.4,,0.3,0.7,0.8,0.8,0.5,0.5,0.7,1.2,,0.6,0.4,0.9,0.9,0.9,1.1,0.6,0.8,0.9,0.7,1,0.4,,0.7,,0.4,,0.1,0.9,0.8,0.4,0.6,1.4,1.5,1,0.6,,0.7,0.9,0.6,0.7,1,0.4,0.5,0.5,0.3,0.7,0.6,0.5,0.7,0.6,0.4,0.4,1,0.5,0.4,0.6,0.6,,0.7,,0.9,0.6,,1.2,0.9,1.1,0.7,0.6,0.9,0.9,0.5,,0.4,0.9,0.8,0.6,,,1.8,0.6,0.7,0.6,0.7,0.6,0.3,0.7,1,0.7,0.6,0.6,0.6,0.5,0.7,0.7,0.6,0.6,0.7,0.5,0.7,0.8,,0.9,,0.7,1,0.7,0.6,0.8,0.8,1,0.8,0.5,0.7,0.8,0.5,0.2,0.5,0.4,0.5,0.6,0.6,0.6,2.9,1.2,0.8,0.4,0.5,0.8,0.6,0.9,0.7,0.7,1.8,0.7,,1.3,0.5,1,0.9,0.6,0.4,0.7,0.8,0.5,0.9,0.7,1.4,0.7,0.5,0.6,0.8,0.5,0.8,0.7,0.3,,0.7,0.7,,0.7,0.3,2.2,0.2,0.8,0.7,0.3,0.7,0.7,0.7,0.4,0.6,0.7,0.9,0.9,0.9,0.7,0.8,0.8,0.7,0.4,1.1,0.9,0.8,0.8,0.7,0.9,0.7,0.5,0.8,0.6,0.6,0.5,0.2,1.3,0.3,0.8,0.7,0.5,0.8,0.5,0.4,0.7,1.2
20210423,5,CO_24h,0.6,0.7,0.7,0.7,0.7,0.7,0.6,0.7,0.6,0.7,0.7,0.7,,,0.8,,0.9,1,0.7,,0.8,,0.9,1.3,,1,0.8,,0.6,0.6,0.5,0.7,0.5,0.5,0.6,,0.9,1,,1,0.9,0.4,0.3,0.3,,0.2,,0.6,0.6,0.6,0.4,0.5,0.6,0.4,0.5,0.4,0.6,,0.7,0.7,0.7,0.9,0.7,0.8,0.7,0.6,0.4,0.5,,0.4,0.5,0.6,0.8,0.6,0.6,,0.5,0.5,0.5,0.2,0.9,,0.7,0.9,0.7,1,0.8,0.8,,0.6,0.6,,,0.7,0.6,0.6,0.7,0.7,0.9,0.8,,0.9,0.8,0.8,0.9,0.8,,1,0.4,0.6,0.7,0.6,0.4,0.6,0.5,0.4,0.4,0.6,0.6,0.6,0.6,0.7,0.4,0.5,0.7,0.5,0.4,0.4,0.6,0.7,0.8,,0.5,0.7,0.7,0.5,0.3,0.5,0.7,0.7,0.7,0.6,0.6,0.6,0.4,,0.7,0.5,0.5,0.7,0.8,0.8,0.4,1,0.9,0.7,0.7,0.8,0.9,0.5,,0.9,0.9,0.5,0.6,0.9,0.8,0.5,0.8,0.7,0.8,0.7,0.6,,,,0.9,0.8,,1,0.9,1,,,,0.7,,0.8,0.6,0.7,0.6,0.7,0.7,0.8,0.8,0.9,,,,0.7,0.9,,0.7,0.7,0.8,0.6,0.7,,1,0.5,0.7,0.7,0.6,0.6,0.6,0.5,,0.6,,0.9,0.8,,0.6,0.3,,0.6,0.7,0.6,,0.6,0.7,0.5,0.5,0.6,0.6,0.4,,,0.4,0.6,0.6,0.5,0.5,0.4,0.5,,0.6,,,0.6,,0.6,0.6,,0.6,0.4,0.3,0.5,0.4,0.4,,0.7,0.5,0.8,0.6,0.6,0.4,0.4,0.5,1.1,0.8,0.9,0.8,0.8,0.7,0.7,0.7,0.7,0.9,0.5,,0.7,0.7,0.7,0.7,0.4,0.5,0.4,1,0.9,0.7,,0.8,1.3,1,,1,0.7,0.6,0.8,,0.6,0.6,0.8,0.8,0.6,,,0.1,0.5,0.5,0.3,0.3,0.5,0.9,1,0.9,1,0.8,0.6,1.1,1,0.7,0.7,0.8,0.7,0.9,0.9,0.8,0.8,,0.7,0.7,1,1,0.9,0.9,0.9,0.8,0.8,0.8,1,1,0.9,0.9,,0.7,0.8,0.8,0.9,0.8,0.7,0.7,0.9,0.5,0.6,0.6,0.6,0.4,0.7,,0.5,0.6,0.5,0.6,0.4,0.6,0.3,0.6,0.7,0.7,0.6,0.6,,0.6,0.7,0.6,0.6,0.6,0.4,0.4,0.8,0.6,0.4,0.5,,,0.7,0.7,0.8,0.6,0.6,0.6,0.6,0.5,0.7,0.6,0.4,0.5,0.7,0.7,0.5,0.6,0.6,0.7,0.6,0.5,0.4,0.5,0.6,0.5,0.4,0.7,,0.6,0.6,1,1,0.8,0.7,0.4,,,0.7,0.7,0.4,0.8,1.1,,1.1,1,0.8,0.9,,,1,0.6,0.5,0.4,0.6,0.6,0.7,0.7,0.6,0.6,0.7,,0.6,0.6,0.8,0.7,0.9,1.1,0.5,0.6,0.5,0.5,0.6,0.4,0.7,1.1,0.8,0.7,0.9,0.8,0.7,0.8,,0.6,0.7,0.9,0.8,,0.7,0.6,0.7,0.5,,,,0.5,1,,,,0.7,0.9,0.5,0.9,0.5,0.6,0.3,,0.5,0.9,0.7,0.9,0.9,0.9,0.7,0.8,0.8,0.7,0.9,0.6,0.7,0.9,0.6,1.2,,0.9,1,1,0.9,0.8,0.7,0.8,0.8,0.6,,0.8,1.1,0.9,0.7,0.6,0.6,0.6,0.8,0.7,0.7,0.5,0.6,0.7,0.5,0.5,0.5,0.5,0.4,,0.9,,0.7,1.1,1.1,0.9,0.7,,0.8,0.5,,,0.9,0.9,1.5,0.7,,0.7,1,1,,0.8,0.4,0.6,0.8,0.7,0.6,0.3,0.7,0.6,0.3,,,,0.9,,0.6,1.1,,1.1,0.8,0.8,1,0.8,0.6,0.5,0.4,0.4,0.5,,0.8,,,0.6,,0.7,0.8,0.7,0.3,0.5,0.5,0.6,0.9,,0.6,0.5,0.6,0.7,0.5,0.5,0.4,0.6,0.6,0.4,0.7,0.7,0.6,0.7,0.5,0.5,0.7,0.8,0.6,0.5,,0.5,0.9,1,,0.7,0.8,,0.7,0.6,0.8,0.7,0.6,,0.6,1.1,,,0.6,0.7,,0.8,,0.8,0.6,0.8,0.7,1.1,1.6,,1.3,1.5,,1.2,0.7,,0.9,,0.9,0.8,0.8,,1.1,0.9,0.5,0.2,0.3,,0.6,0.7,0.8,0.7,0.6,0.5,0.4,0.9,0.7,0.7,0.7,0.6,1.2,0.5,0.5,1.3,0.5,0.5,0.3,0.6,0.8,0.7,0.8,0.8,0.7,0.7,0.7,0.7,0.7,0.5,0.6,0.5,0.4,,0.3,0.9,1,0.8,0.9,0.7,0.4,0.4,0.4,0.3,0.4,0.8,0.7,0.8,,1.3,0.8,1,,0.7,1.2,1,1.1,1,,0.7,0.7,0.7,,0.9,,0.9,0.9,0.5,1,0.6,0.6,1,,,,0.8,,0.6,,1,0.9,0.9,,0.7,0.9,0.8,0.9,0.6,,0.7,,0.9,1.1,0.7,0.8,0.8,0.8,,0.9,0.8,0.8,0.6,0.8,0.8,,1,,,0.8,0.5,0.8,0.9,0.5,0.8,1.1,0.8,1,0.6,0.6,0.6,0.5,0.6,0.9,0.7,0.9,1,0.6,0.5,0.4,0.9,0.7,1.1,0.8,0.8,0.8,0.9,0.8,0.8,,1.6,0.7,1,0.7,0.7,0.9,0.8,0.7,,,,,0.8,0.8,,0.8,1,0.9,0.7,0.6,0.7,0.8,0.8,0.5,0.5,0.7,0.6,0.6,0.6,0.6,0.8,0.8,,0.8,0.9,0.9,,0.6,0.7,,0.8,0.6,0.6,0.7,0.7,0.8,0.8,0.6,0.6,0.7,0.7,0.7,0.7,,0.6,0.7,0.5,1.3,0.7,0.6,0.6,0.2,0.3,,0.4,0.4,0.2,0.3,0.4,0.7,0.8,0.7,0.7,,0.5,,0.5,0.4,0.4,0.5,0.4,0.4,0.2,0.3,0.4,,,0.3,0.3,0.5,0.5,0.4,0.4,0.5,0.3,0.7,0.6,0.6,,0.7,0.6,0.6,0.7,0.6,0.8,0.8,0.9,0.5,,0.9,1,0.9,0.8,0.9,0.9,0.7,1,0.9,1.1,1.1,0.8,0.6,,0.8,0.7,,0.5,0.4,0.5,0.8,,,0.8,0.4,0.4,0.5,0.3,0.8,0.6,0.8,0.8,,,0.4,1.2,1.2,1.4,1.2,,1.6,0.7,0.7,0.8,0.8,0.6,0.6,,0.6,0.7,0.7,,,0.7,0.6,,0.8,0.6,1,,0.8,,1,1,,,0.3,0.5,,,0.8,0.7,0.5,,,0.2,0.4,0.3,0.2,0.6,0.4,0.4,0.6,0.5,0.4,0.7,0.5,0.6,0.7,0.6,0.7,0.8,0.7,0.7,0.5,0.5,0.4,0.6,0.5,,0.4,0.5,0.6,,0.9,0.7,0.6,0.8,0.7,0.5,0.3,0.1,0.4,0.6,0.4,1.1,,,,1.3,1.3,1.3,1.2,1.2,0.7,0.8,0.5,1,0.7,0.7,2,1.8,2.2,2.1,2.4,,,1.4,0.5,,0.4,0.7,0.7,,0.5,0.5,0.8,,0.7,0.7,0.6,,0.6,0.9,0.7,0.7,0.6,0.7,0.8,0.7,0.9,0.8,0.8,0.8,0.7,0.9,0.8,0.6,,0.6,0.6,0.5,0.8,0.9,0.9,,0.7,,0.6,,,,0.8,0.6,0.7,0.8,0.7,0.7,,0.9,,0.7,0.9,0.7,0.7,0.6,0.6,0.5,0.6,0.6,0.6,0.7,0.5,0.2,0.5,0.5,0.5,0.6,0.6,0.5,0.5,0.5,,0.3,0.3,0.7,0.5,0.6,0.5,1,2,1.3,1.3,1.2,0.5,0.5,0.5,,,0.4,0.4,0.3,0.4,0.4,1,0.9,0.7,1.2,1.1,0.6,0.8,0.8,0.6,1.2,,1.1,1.1,1.1,0.6,0.6,0.6,0.6,0.7,0.5,0.7,0.8,,1.1,0.8,0.8,,0.9,0.9,0.9,0.8,,0.8,0.7,0.9,,0.9,0.7,0.7,0.8,0.8,0.8,0.9,0.9,0.7,0.8,0.7,0.8,0.7,,0.5,0.4,0.5,1.3,1.4,,1.1,1.2,0.8,0.8,0.9,0.7,0.8,0.7,0.9,0.9,1,1.1,,0.5,0.5,0.6,,1,0.9,,0.7,0.7,0.6,0.7,,0.7,0.7,0.7,0.8,0.9,0.8,0.9,1.1,0.8,1,1,0.8,0.9,0.7,0.7,0.9,1.4,1,1.5,1.1,0.7,0.9,0.7,0.8,0.7,0.6,0.9,0.8,0.9,1,1,0.8,0.6,0.8,0.8,1,0.8,0.6,0.6,1.1,0.6,0.5,0.7,0.5,1.3,0.8,0.8,0.8,0.7,0.6,0.5,0.7,0.8,1.1,0.4,0.6,0.8,0.8,0.6,0.7,0.6,0.9,1,0.6,0.7,0.6,0.6,0.6,0.7,0.6,0.5,0.5,0.5,1,,0.8,0.6,0.6,0.5,0.5,0.6,0.9,0.9,0.9,0.9,0.7,0.8,0.8,0.7,0.8,,,0.8,0.6,0.7,,0.8,0.4,0.7,0.7,0.8,0.9,,0.6,0.7,0.5,,,,,0.6,0.6,0.7,0.6,0.7,0.5,0.6,0.5,,0.4,0.6,0.6,0.7,0.7,0.6,0.6,0.6,0.5,0.6,0.4,,,,,0.3,0.5,0.6,0.5,0.4,0.5,0.7,,0.9,0.4,0.5,0.5,0.4,0.5,0.5,0.5,0.4,0.4,0.6,0.8,0.6,0.7,,0.6,0.6,0.5,0.6,1.2,0.7,0.7,0.5,0.8,,1.7,0.8,,0.7,0.5,,0.5,0.3,,,0.7,,0.4,,0.4,0.4,0.5,0.7,0.6,0.6,0.7,0.8,0.7,0.7,0.5,0.6,0.6,0.6,,0.6,0.7,0.2,0.4,0.6,0.6,,0.4,0.5,0.3,0.7,0.4,0.4,,0.8,0.6,0.2,0.2,0.4,,0.8,0.7,0.5,,0.5,0.5,0.7,0.5,0.6,0.5,0.6,,0.5,0.6,,0.4,0.6,0.7,0.6,0.5,0.5,0.3,0.3,0.4,,0.4,0.2,0.2,0.3,0.3,0.7,0.5,0.5,0.4,,,,0.3,0.5,0.5,,0.6,0.4,0.4,0.5,0.7,0.3,1.3,0.8,0.9,0.9,0.9,0.5,0.6,,0.9,0.8,0.6,0.5,0.4,0.6,0.7,,0.6,,0.6,0.4,1.1,0.6,2,1.4,0.7,0.4,0.8,0.8,1,0.7,0.5,0.5,,,0.5,0.2,0.7,0.7,,1,1,1.1,0.7,,0.8,1,,,1,0.8,1,0.6,1,0.8,1.1,0.9,0.8,0.6,0.6,0.8,0.7,0.8,1,,0.9,0.8,,0.9,0.8,0.5,0.6,0.3,0.5,0.3,0.5,0.6,1,0.6,0.9,0.6,0.8,0.8,1,0.5,0.3,0.7,0.4,0.8,0.5,0.6,0.7,0.4,0.6,0.6,0.5,0.6,0.5,0.8,0.2,1.2,0.9,0.9,1,0.9,0.8,1,0.9,0.9,0.9,1.6,0.9,0.9,1,0.6,1.2,,0.7,1,0.7,0.6,0.6,0.7,0.4,,,0.7,0.6,0.6,1.1,0.7,0.3,0.7,0.8,0.5,0.4,0.7,0.7,0.8,0.7,0.5,0.8,0.6,0.8,,0.7,0.6,0.4,0.8,0.7,,0.4,0.4,0.6,0.5,0.4,0.6,0.5,0.5,0.5,0.5,0.6,0.8,0.8,0.9,0.5,0.9,,1.1,,0.8,0.7,0.7,0.8,0.8,0.8,0.9,0.9,0.7,0.7,0.8,0.7,0.7,0.6,0.7,0.6,0.5,0.7,0.5,,0.4,0.8,0.8,0.5,0.3,0.6,0.6,0.9,0.8,0.8,0.6,0.7,0.9,0.6,0.8,0.9,0.9,1,0.8,0.8,,0.7,0.8,0.8,0.8,0.8,1.2,0.7,0.7,0.8,0.6,0.9,0.6,0.6,0.8,0.4,0.5,0.5,1.1,1.1,0.9,0.7,0.8,0.3,0.8,0.4,0.5,0.3,0.8,1.3,1.2,0.6,0.7,0.7,0.4,0.5,0.5,1.6,0.5,0.5,0.8,0.9,0.7,1,0.7,0.6,0.8,0.9,0.7,0.8,1,0.7,0.4,0.6,0.5,0.5,0.6,1,,0.7,0.7,0.6,0.9,0.5,0.9,0.8,0.6,0.6,0.5,0.7,0.6,0.8,0.8,0.8,0.7,0.8,1,0.3,0.3,0.3,0.6,0.4,0.4,,0.8,0.4,0.7,0.8,0.4,0.5,0.5,0.4,0.6,0.4,0.5,0.6,0.8,0.7,0.1,0.5,0.6,0.8,0.9,0.9,0.4,0.8,0.8,0.9,0.6,0.8,0.7,0.9,0.6,0.8,,0.6,0.9,0.8,0.8,1.2,0.5,0.8,0.6,,0.6,0.4,1,0.8,0.9,1.1,0.7,0.8,0.8,0.7,0.9,0.5,,0.7,,0.7,,0.2,0.5,0.8,0.5,0.7,1.2,0.7,0.9,0.8,,0.6,0.5,0.7,0.7,0.7,0.5,0.5,0.4,0.2,0.6,0.7,0.6,0.7,0.7,0.5,0.4,1.1,0.5,0.5,0.6,0.6,,0.6,,0.9,0.7,,1.3,0.7,0.5,0.8,0.5,0.9,0.8,0.4,,0.5,0.7,0.6,0.6,,,1.8,0.7,0.5,0.6,0.6,0.8,0.6,0.7,0.9,0.5,1,0.4,0.5,0.3,0.6,0.5,0.5,0.5,0.6,0.5,0.7,0.9,,0.9,,1,0.9,0.5,0.9,0.9,0.9,0.8,0.8,0.5,0.7,0.8,0.7,0.2,0.5,0.5,0.6,0.7,0.7,0.7,0.9,1.4,0.9,0.5,0.4,0.7,0.7,0.7,0.6,0.7,1.8,1.2,,1.3,0.5,0.8,0.7,1.2,0.5,0.7,0.5,0.2,1.2,0.8,0.9,0.6,0.6,0.5,0.9,0.5,0.8,0.8,0.4,0.7,0.6,0.6,,0.7,0.6,1.1,0.2,0.7,0.7,0.4,0.7,0.7,0.7,0.5,0.6,0.6,0.7,0.8,1,0.7,0.9,1.4,0.5,0.7,0.9,0.9,0.9,0.6,0.7,0.7,0.6,0.6,0.5,0.6,0.6,0.8,0.2,1,0.3,0.9,0.6,0.5,0.7,0.5,0.4,0.7,0.7
20210423,6,AQI,74,84,80,62,65,88,65,83,72,84,74,79,,,22,,27,23,21,,20,,67,22,,25,20,,105,82,104,82,80,79,95,,35,39,,52,38,30,31,31,,34,,89,56,72,63,62,72,81,72,57,68,,63,62,75,26,20,25,29,54,64,68,,69,59,53,55,68,83,,85,59,64,64,92,,64,112,119,89,88,80,,41,34,,,33,34,28,52,53,57,58,,55,63,59,59,53,,58,36,36,42,37,41,37,39,38,38,39,56,54,55,40,34,37,53,38,49,54,57,51,69,,52,57,62,68,67,70,87,60,128,128,129,143,153,,133,102,142,134,52,53,92,57,56,48,77,92,62,207,,94,85,140,,78,134,84,93,104,160,,62,,,,90,89,,85,79,69,,,,73,,70,89,79,92,77,89,98,89,83,,,,102,90,,56,59,70,98,110,,84,103,87,103,60,68,64,29,,42,,48,54,,63,49,,93,55,59,,69,92,88,43,56,59,39,,,55,64,62,46,37,56,46,,72,,,65,,105,103,,18,22,26,31,20,42,,51,54,65,63,58,46,60,43,46,55,45,48,46,52,55,46,46,55,29,,46,25,50,34,24,40,18,39,47,39,,43,51,36,,63,48,57,51,,51,59,46,61,23,,,47,110,53,36,68,42,67,69,66,80,76,72,77,67,53,35,30,29,23,35,23,27,,30,41,52,43,35,43,33,38,49,25,39,32,56,56,,55,75,54,86,55,59,56,53,50,53,49,55,43,,,35,48,55,65,52,54,45,46,52,44,45,39,,50,69,62,39,43,38,25,33,37,44,49,,,68,57,68,84,72,78,94,69,55,67,50,61,40,32,36,34,41,37,53,51,26,19,41,21,20,45,,55,33,46,48,75,61,54,,,37,63,64,50,55,,125,115,110,107,,,134,67,41,54,51,55,52,52,54,56,51,,53,58,62,62,57,65,32,34,31,30,33,36,78,65,79,68,73,80,65,90,,76,55,83,63,,61,33,37,40,,,,32,33,,,,52,42,31,27,30,32,27,,36,26,28,32,32,28,32,28,33,27,45,52,33,35,20,46,,55,49,53,42,36,46,36,46,39,,53,59,75,37,29,35,38,48,60,55,85,57,64,59,31,27,33,38,,25,,87,76,63,74,63,,59,64,,,59,59,58,73,,64,55,52,,92,83,83,64,80,27,30,30,32,31,,,,95,,77,67,,79,59,48,52,69,82,70,40,38,38,,58,,,53,,60,54,46,62,67,49,40,52,,34,31,33,31,44,33,36,48,44,52,51,58,50,51,47,48,50,52,58,38,,47,75,72,,46,40,,57,54,48,68,32,,51,54,,,92,83,,55,,44,52,65,61,134,,,168,114,,78,98,,88,,142,107,125,,103,61,24,28,28,,29,30,32,39,38,29,20,62,49,58,65,49,77,30,49,36,30,25,36,73,54,32,52,105,104,113,127,178,120,99,59,42,44,,48,55,62,68,65,69,47,36,33,36,39,59,59,57,,54,60,82,,54,42,36,25,24,,25,24,30,,122,,,152,129,128,77,80,70,,,,60,,53,,100,100,98,,88,102,93,72,69,,72,,58,49,45,51,36,50,,36,30,30,31,37,30,,32,,,23,77,33,36,34,35,31,37,42,20,34,25,37,69,60,53,58,57,53,26,24,31,54,62,70,80,88,83,80,78,,50,46,42,56,63,64,73,61,,,,,74,67,,65,30,17,31,50,20,38,25,31,33,34,36,53,52,62,62,57,,54,60,67,,51,54,,95,41,34,51,43,46,58,51,51,73,73,68,79,,71,76,293,50,40,53,83,28,31,,24,27,32,36,33,73,67,52,52,,75,,104,77,77,103,82,33,28,28,25,,,28,22,71,31,34,32,39,,41,39,72,,80,97,103,78,70,75,68,65,67,,54,63,64,62,74,57,65,60,54,35,28,60,59,,58,61,,52,55,40,59,,,54,58,47,49,53,40,39,43,43,,,60,83,85,83,103,,94,60,64,66,71,66,75,,74,75,75,,,74,80,,80,60,79,,75,,67,65,,,50,33,,,54,52,42,,,54,52,57,45,39,39,53,34,41,42,49,33,43,51,42,55,58,54,50,46,42,36,36,45,,39,29,48,,35,29,53,53,33,32,31,33,38,38,38,103,,,,72,64,72,67,166,163,132,185,47,53,57,193,190,188,124,205,,,127,26,,25,62,77,,26,69,59,,55,64,62,,84,62,58,70,48,79,78,105,62,65,61,65,80,58,45,36,,39,23,27,36,63,60,,47,,65,,,,53,53,62,64,79,73,,55,,65,63,45,45,31,62,58,18,79,45,70,25,,30,43,23,52,60,62,49,18,,19,18,37,27,23,26,16,74,52,53,65,31,44,54,,,32,26,28,29,32,38,40,31,54,39,39,47,40,34,33,,40,45,36,36,36,32,33,37,56,64,61,,117,132,115,,94,110,90,64,,70,50,59,,58,53,54,69,56,56,69,57,50,59,67,93,59,,62,65,51,50,54,,57,59,42,52,46,48,55,64,67,62,30,34,,40,45,30,,40,30,,36,28,39,43,,53,46,32,32,40,30,,,24,42,,34,38,45,49,60,31,40,39,29,33,33,58,40,40,49,40,40,39,43,43,23,29,26,49,25,20,46,36,38,36,14,23,16,69,64,52,60,37,,31,31,28,48,66,54,50,54,44,42,43,59,55,42,43,53,51,63,52,50,42,28,32,32,,60,23,22,22,24,25,50,40,37,82,74,83,65,59,89,,,30,39,30,,36,39,22,26,50,48,,48,50,49,,,,,47,48,49,52,49,29,22,29,,50,29,42,51,51,53,57,67,55,,63,,,,,38,20,44,55,53,53,38,,32,63,58,48,41,41,40,40,95,71,62,55,52,56,,75,89,72,69,123,78,51,42,77,,56,64,,28,24,,33,35,,,39,,33,,23,22,22,33,25,27,56,77,48,,24,26,26,40,,33,49,13,28,28,90,,159,171,36,39,307,324,,38,42,22,22,19,,45,69,52,,40,35,29,22,18,30,51,,48,38,,,25,35,36,49,35,500,456,23,,23,32,22,69,56,31,32,32,33,,,,32,44,20,,15,23,24,27,51,26,113,56,24,25,24,84,73,,78,104,82,107,64,368,58,,48,,133,53,143,40,67,74,385,18,68,53,51,28,72,26,,,65,33,72,22,,52,47,51,36,,72,67,,,67,87,100,48,80,78,67,64,45,88,38,68,40,52,89,,22,43,,73,27,54,45,27,46,46,67,78,64,38,43,53,24,113,36,37,49,29,31,28,30,57,34,53,53,43,54,37,36,62,34,57,54,90,70,38,35,39,76,60,77,53,36,26,40,63,104,,53,38,113,80,31,24,26,,,48,102,73,39,55,33,55,74,57,106,77,53,52,80,24,58,54,57,,52,42,51,45,53,,154,125,26,109,79,108,134,118,133,63,74,47,33,114,48,42,,80,,65,92,54,54,45,77,90,77,74,66,59,60,38,57,55,46,52,53,89,,44,70,70,60,43,53,74,39,18,63,69,89,72,70,48,59,108,118,47,52,,105,132,82,85,82,71,28,47,24,38,70,32,29,45,22,43,27,89,69,89,53,77,53,59,83,35,32,113,80,73,77,78,85,78,50,64,48,35,38,53,69,28,28,31,43,62,31,31,46,60,75,60,73,58,61,69,59,,102,60,67,52,45,50,51,33,103,62,62,75,49,55,77,79,39,60,42,26,32,35,34,25,,64,52,45,77,78,25,52,53,31,59,42,34,83,84,26,90,62,22,54,25,64,42,55,52,46,43,52,95,59,73,,109,87,62,50,57,33,25,20,,29,52,72,74,85,56,46,54,46,46,77,39,,49,,29,,41,58,54,67,59,50,64,26,39,,27,39,66,52,59,41,35,49,58,34,48,36,45,42,46,45,31,19,29,47,40,,85,,55,26,,26,62,72,62,66,63,85,31,,19,55,49,51,,,149,63,64,69,78,28,35,29,32,62,89,53,,85,83,82,88,83,72,74,70,86,,69,,127,58,69,64,58,60,70,63,53,61,67,47,27,23,343,412,37,37,89,149,73,67,58,51,74,46,63,66,56,39,43,,67,73,132,117,97,53,67,35,64,53,73,42,112,40,45,69,49,53,40,35,,74,52,,46,26,58,33,58,89,108,63,89,72,82,65,78,41,83,73,59,46,80,62,103,52,52,39,70,82,60,72,51,33,69,78,90,35,159,39,130,60,39,69,28,31,88,55
20210423,6,PM2.5,54,62,59,44,47,65,47,61,52,62,54,58,,,9,,14,13,11,,10,,15,14,,15,10,,79,60,78,60,59,58,71,,24,27,,36,26,13,8,17,,12,,66,36,46,45,44,51,59,52,36,37,,32,44,26,18,14,15,20,38,38,39,,50,42,37,39,49,61,,63,42,46,46,68,,46,84,90,66,65,59,,27,20,,,22,19,19,36,32,40,41,,39,40,42,39,32,,41,16,8,10,10,8,8,9,11,14,8,32,34,31,27,23,25,37,24,33,28,40,34,50,,36,40,44,49,48,51,64,43,97,97,98,109,117,,101,76,108,102,36,29,68,36,34,26,56,68,44,157,,70,63,107,50,57,102,62,69,78,122,,44,,,,67,66,,63,58,39,,,,53,,51,66,58,68,56,66,73,66,61,,,,76,67,,39,42,51,73,83,,62,77,64,77,43,49,46,20,,29,,30,27,,45,32,,69,36,41,,35,68,65,30,31,42,27,,,38,46,35,26,22,25,18,,52,,,47,,70,77,,7,13,14,13,10,18,,33,38,47,38,35,23,21,30,27,39,31,27,24,29,39,29,29,39,20,,17,12,18,16,13,28,11,27,26,27,,29,16,13,,45,27,27,33,,34,42,24,42,7,,,27,83,37,19,49,29,43,37,41,40,46,40,42,38,30,20,13,20,13,24,16,17,,16,17,36,30,22,30,23,26,34,16,27,9,30,30,,30,33,27,60,27,5,30,29,23,21,18,25,23,23,,17,26,28,32,28,21,22,20,27,27,31,19,,21,47,39,27,24,20,17,18,21,18,20,,,38,29,34,45,46,45,59,40,34,43,29,32,19,22,23,18,19,16,21,19,11,8,10,7,12,15,,32,16,32,28,26,30,28,,,22,33,29,18,27,,95,87,83,80,,,102,48,22,27,22,39,22,24,29,34,22,,37,38,44,43,38,36,6,5,6,4,4,1,31,34,36,31,36,36,38,36,,36,39,35,36,,36,23,14,27,,,,20,14,,,,36,29,13,14,15,10,5,,14,17,19,22,22,19,22,19,22,17,31,36,23,24,7,23,,34,22,24,13,11,17,17,24,17,,37,42,55,18,10,12,14,33,43,39,63,40,46,42,20,18,23,26,,17,,64,40,45,54,45,,39,46,,,42,42,41,53,,46,39,34,,68,61,61,46,59,14,9,5,9,,,,,71,,56,48,,58,29,31,36,50,60,51,17,20,15,,41,,,37,,43,38,32,44,48,34,28,36,,13,15,14,17,18,22,19,22,19,17,27,41,35,32,32,29,29,33,33,21,,22,53,52,,32,28,,40,38,31,49,22,,28,38,,,68,61,,19,,22,32,21,41,102,,,127,86,,57,73,,65,,108,80,95,,77,33,12,13,7,,11,8,12,11,9,7,7,44,34,41,47,34,56,12,25,17,21,13,12,53,38,22,36,79,78,85,96,134,91,74,18,21,18,,24,39,35,45,45,50,22,21,21,25,16,42,42,40,,36,43,60,,38,29,25,17,13,,17,14,2,,92,,,116,98,97,56,59,49,,,,43,,34,,75,75,73,,65,76,69,52,50,,52,,41,34,27,27,22,22,,18,20,19,20,24,21,,22,,,11,56,17,18,5,24,20,24,29,9,10,10,17,50,43,32,35,40,35,12,13,21,25,44,51,59,65,61,59,57,,34,30,29,32,45,46,53,40,,,,,54,48,,37,21,11,13,15,14,26,17,15,13,18,25,31,23,35,32,37,,38,43,48,,30,37,,54,22,22,30,29,25,31,27,35,53,53,49,58,,28,30,90,33,28,37,61,17,16,,2,13,4,16,4,53,48,32,32,,55,,78,56,56,77,60,23,19,19,15,,,14,15,20,21,13,13,22,,7,11,52,,59,72,77,57,51,55,49,45,48,,38,36,46,43,54,40,47,43,38,19,19,43,40,,40,29,,24,30,28,40,,,38,41,29,34,37,28,27,30,25,,,14,61,63,61,77,,70,29,46,36,39,31,55,,54,55,55,,,52,59,,59,43,29,,20,,28,29,,,35,13,,,34,30,24,,,34,36,26,19,24,27,37,18,27,29,34,23,30,30,29,39,41,30,33,32,29,25,25,31,,19,19,33,,20,19,24,33,10,20,19,15,26,21,26,77,,,,52,46,52,48,126,124,79,139,31,35,40,145,143,141,94,155,,,96,1,,10,44,56,,17,50,42,,39,46,44,,62,44,41,51,33,58,57,79,39,42,32,32,59,30,27,25,,27,14,17,25,45,43,,30,,47,,,,35,30,44,46,58,53,,34,,47,45,31,17,11,44,41,9,58,31,49,15,8,21,30,16,32,43,33,28,12,,12,8,19,15,16,18,9,54,36,28,47,20,20,26,,,11,12,9,14,22,24,24,21,38,21,22,32,28,21,21,,23,17,24,25,20,22,23,19,33,41,29,,88,100,87,,70,83,67,46,,51,35,42,,38,29,32,50,35,36,50,40,35,42,48,69,40,,44,47,33,28,28,,35,28,8,34,32,33,39,46,48,44,21,11,,28,31,17,,28,21,,24,19,27,30,,28,20,22,22,19,21,,,12,29,,23,26,31,34,43,3,28,24,20,9,23,41,28,28,34,20,18,22,30,22,16,15,12,17,17,14,32,25,25,19,8,9,10,44,27,24,30,14,,7,9,14,20,43,38,35,31,28,29,30,33,25,22,21,37,30,39,34,28,20,15,22,10,,6,7,11,12,13,17,35,28,20,60,54,61,44,42,66,,,17,19,19,,21,13,9,14,17,33,,27,35,34,,,,,29,32,34,36,30,19,15,15,,13,20,24,24,25,24,40,48,39,,45,,,,,10,9,30,39,25,37,24,,22,45,41,33,27,15,21,11,71,32,44,37,34,32,,55,66,52,50,93,50,28,19,50,,37,46,,19,,,6,7,,,9,,1,,7,6,11,13,10,12,27,32,30,25,8,11,9,28,,20,17,8,17,19,57,,39,58,25,21,57,61,,26,29,12,7,11,,31,50,36,,20,22,13,15,7,10,26,,30,26,,39,17,24,25,34,24,71,63,15,,16,22,10,21,21,,3,6,9,,,,19,26,14,,10,8,7,9,23,16,85,29,6,12,8,62,53,,32,78,60,80,46,70,41,,33,,101,35,109,28,39,42,110,6,49,31,32,19,47,17,,,47,20,38,11,,25,32,32,20,,52,48,,,48,64,75,33,59,57,42,46,31,65,26,35,21,21,66,,10,30,,53,18,32,26,7,32,30,48,57,46,26,30,37,12,85,17,4,34,20,19,19,2,40,12,37,37,30,38,5,25,40,12,30,38,67,51,18,24,23,55,40,56,37,22,18,28,32,78,,37,26,85,48,8,14,15,,,19,76,53,27,39,5,27,54,40,56,56,23,36,59,16,40,20,40,,36,19,24,25,17,,52,95,18,82,58,81,102,89,101,45,54,28,17,33,25,29,,59,,47,68,38,38,31,56,67,38,39,28,38,40,16,21,26,15,27,30,66,,13,49,34,34,21,35,54,27,2,45,50,66,52,51,33,42,81,89,31,33,,79,100,60,63,60,50,9,31,9,25,51,22,20,31,15,30,12,66,47,66,37,56,37,42,61,24,5,85,59,53,56,57,63,40,34,46,27,7,20,37,50,19,19,16,22,42,19,17,31,36,55,43,51,40,40,50,42,,76,43,48,30,26,35,22,20,77,33,44,55,30,39,56,58,27,43,29,17,3,12,13,10,,44,36,31,51,41,17,27,24,20,32,27,17,61,62,13,67,44,15,38,7,46,29,39,36,32,30,36,40,42,53,,82,64,44,35,40,21,17,14,,18,36,52,41,63,39,24,35,32,32,56,24,,34,,20,,8,41,38,48,42,35,46,17,27,,18,27,43,36,42,25,17,22,9,22,33,16,23,19,27,31,19,7,12,23,17,,63,,39,18,,18,40,52,42,41,44,63,16,,12,31,34,29,,,114,41,46,44,50,13,24,10,22,44,66,37,,63,61,60,65,61,49,54,51,40,,45,,96,41,50,46,31,43,51,45,32,35,48,24,9,7,178,367,19,25,66,114,53,39,41,20,54,17,32,31,25,27,30,,48,53,100,88,72,31,48,24,20,37,53,29,84,28,31,40,31,33,27,24,43,41,30,,17,15,41,3,36,66,81,45,66,52,60,47,57,25,61,53,42,32,59,44,62,36,36,27,51,60,43,52,23,20,50,57,67,24,121,27,99,36,27,50,6,4,65,39
20210423,6,PM2.5_24h,32,45,35,29,31,38,32,35,33,45,30,34,,,28,,32,30,28,,24,,30,28,,29,17,,48,43,49,47,44,50,44,,32,31,,40,28,20,28,28,,20,,46,43,43,39,38,38,40,35,38,30,,31,40,32,22,16,19,19,34,28,29,,30,39,34,37,41,49,,46,43,48,46,55,,37,57,55,52,45,46,,22,24,,,20,16,23,20,39,45,41,,37,38,44,45,48,,48,29,24,17,23,13,18,14,20,27,22,38,31,31,29,25,29,34,31,28,34,46,46,58,,49,50,62,47,54,69,55,62,35,32,35,32,38,,35,27,34,36,30,28,36,30,33,23,32,43,33,70,,33,31,54,32,29,63,40,42,40,55,44,28,,,,47,45,,43,42,31,,,,36,,31,34,36,30,36,38,34,37,58,,,,63,52,,33,64,62,43,47,,42,60,54,55,26,38,43,24,,27,,29,28,,36,41,,38,32,34,,38,38,42,26,16,23,20,,,20,36,24,23,20,22,22,,38,,,33,,38,42,,17,20,24,13,13,14,,39,36,38,31,30,29,24,22,25,32,31,22,28,28,35,32,28,32,16,,22,11,18,20,9,19,15,18,17,11,,13,8,8,,27,35,36,37,,45,51,34,42,16,,,17,18,14,12,17,12,39,33,34,37,37,35,37,35,30,20,12,18,17,22,19,15,,16,16,23,31,18,19,16,17,21,16,24,9,38,39,,35,34,32,45,36,48,37,34,24,22,22,21,21,29,,15,19,21,33,24,21,21,25,29,33,35,29,,31,47,35,26,27,25,22,24,25,20,24,,,36,33,39,40,42,41,32,23,30,28,25,29,22,24,24,21,23,25,24,22,10,12,15,11,12,16,,24,23,30,28,17,28,26,,,21,27,18,27,29,,98,90,71,73,,,95,52,28,31,34,36,32,35,36,37,29,,32,27,51,46,40,40,10,10,13,9,17,5,33,35,39,31,39,42,32,35,,36,34,36,33,,29,17,19,24,,,,23,22,,,,34,26,9,11,13,11,10,,22,19,21,23,25,23,19,16,15,16,22,35,18,25,14,35,,49,42,37,34,17,24,25,29,22,,44,39,51,29,22,22,22,35,35,32,54,31,40,39,16,17,16,17,,22,,22,22,23,23,39,,38,46,,,33,36,36,71,,68,53,50,,38,42,37,37,39,21,14,15,20,18,,,,48,,39,48,,55,36,33,44,26,27,27,23,23,24,,37,,,48,,39,41,47,34,27,24,31,28,,16,16,15,15,18,19,20,24,19,17,30,34,34,18,21,18,30,34,30,22,,17,49,41,,29,31,,37,31,31,29,22,,30,33,,,46,45,,25,,21,27,20,32,90,73,,91,69,,46,50,,44,,64,46,57,,52,55,13,15,8,,20,23,23,29,29,20,15,43,39,38,42,37,44,10,16,23,19,9,20,54,39,34,43,47,37,35,43,45,41,30,23,23,18,,28,84,88,97,93,71,30,22,21,31,18,33,38,32,,34,37,43,,36,37,36,32,32,,35,24,6,,65,,60,81,67,68,36,50,38,,,,35,,28,,64,66,77,,68,65,63,41,37,,35,,41,41,37,40,22,23,,21,19,19,20,16,18,,23,,,15,25,10,11,5,26,34,31,30,12,9,11,13,28,28,24,30,33,30,11,12,26,35,51,55,54,50,52,51,47,,35,23,29,28,36,41,37,33,,,,,48,42,,40,24,30,19,24,24,27,15,12,12,12,14,25,23,30,27,25,,30,35,46,,21,24,,28,29,28,35,34,31,35,33,44,39,42,39,47,,40,44,65,29,40,25,46,13,16,,10,8,25,44,16,45,43,37,37,,14,,22,16,16,20,17,13,15,12,14,,,11,11,10,12,14,12,22,,12,18,32,,36,36,33,34,31,34,35,33,31,,40,38,37,40,40,34,40,34,38,38,38,18,20,,40,28,,24,28,25,30,,,25,37,29,35,34,20,22,20,19,,,21,53,51,52,71,,52,27,31,21,22,20,37,,36,43,43,,,38,39,,34,27,20,,19,,37,34,,,35,26,,,35,36,23,,,26,30,28,21,23,26,27,33,31,26,29,31,20,25,23,30,52,32,41,41,28,23,24,26,,24,26,35,,21,25,25,24,25,23,22,17,29,28,29,88,,,,172,210,147,163,179,116,122,106,87,68,63,488,358,533,386,297,,,216,41,,49,92,90,,64,38,32,,36,35,41,,51,54,30,45,23,36,32,44,28,36,26,24,42,26,28,25,,22,15,25,22,57,36,,28,,33,,,,24,21,24,34,34,35,,27,,34,36,34,21,15,26,26,21,31,25,36,20,10,16,20,16,29,38,30,27,16,,15,12,17,15,15,16,9,33,18,10,19,25,19,22,,,7,13,9,12,14,25,31,27,35,28,23,27,24,23,22,,22,24,22,24,19,21,22,16,31,32,21,,63,69,63,,63,68,63,48,,44,35,36,,32,32,35,37,32,32,37,37,34,34,33,37,35,,46,46,41,25,26,,31,26,11,25,24,26,42,50,52,50,20,18,,32,31,28,,22,21,,21,16,20,22,,18,10,15,18,12,19,,,17,25,,23,20,22,23,25,18,25,26,25,19,20,34,25,31,32,27,24,25,32,28,7,11,16,12,16,12,20,17,15,15,7,9,9,33,26,35,24,19,,9,14,19,18,33,33,31,25,29,30,33,32,32,36,32,32,29,32,32,29,27,29,16,18,,13,17,21,18,21,23,30,34,29,54,56,51,52,36,48,,,18,21,20,,21,21,18,21,32,33,,43,38,35,,,,,25,21,26,30,21,14,15,18,,9,22,22,24,23,26,36,38,38,24,40,,,,,7,6,41,42,29,27,22,,22,51,34,32,33,9,18,11,44,27,42,38,28,28,,42,45,43,43,49,42,26,17,38,,37,36,,21,2,,11,12,,,23,,5,,13,8,13,11,12,16,20,26,22,27,12,16,12,18,,16,10,9,14,16,39,,37,43,17,14,51,55,,20,21,13,11,8,,34,39,21,,19,23,21,19,13,10,24,,25,29,,34,18,16,19,176,167,66,48,7,,14,9,9,19,18,19,10,12,18,,,,15,13,15,,12,10,10,11,25,18,75,36,9,34,23,49,41,,21,55,42,77,24,45,32,,30,,46,44,104,22,39,42,74,10,38,47,36,20,37,12,,,28,20,34,33,,29,29,32,21,,43,35,,,24,50,51,32,41,39,24,21,23,56,24,32,20,26,51,,27,34,,49,26,40,38,4,24,28,37,45,34,14,13,22,26,64,28,15,22,28,22,32,7,32,27,36,36,33,37,11,25,40,20,26,30,66,44,21,23,22,39,29,51,31,19,19,29,29,61,,29,25,42,22,8,17,13,,,20,46,47,32,29,10,23,39,42,45,67,20,32,39,18,34,22,27,,35,18,20,28,18,,51,36,16,32,25,29,34,33,36,21,49,23,33,30,34,19,,41,,30,28,23,31,28,46,49,41,36,33,36,33,21,25,25,18,31,24,39,,11,38,33,30,21,30,44,45,13,35,49,40,46,30,27,28,64,72,27,28,,68,71,66,72,74,200,14,42,24,19,37,26,18,36,15,29,16,66,71,56,43,51,9,47,46,26,17,47,33,24,47,52,48,33,26,34,34,21,11,34,49,17,22,11,23,30,23,19,22,36,35,38,32,29,37,32,29,,46,28,37,34,23,40,32,36,40,32,33,36,33,36,37,30,16,31,30,21,8,10,10,13,,39,24,30,41,24,21,24,16,24,15,21,21,47,50,32,56,36,19,27,28,32,26,35,31,29,23,36,38,36,33,,69,73,40,38,104,25,19,16,,37,29,53,41,56,46,32,41,34,43,23,20,,32,,27,,16,21,38,48,48,39,41,32,28,,17,26,41,25,20,17,16,17,25,24,28,25,25,25,24,41,21,14,12,17,19,,25,,36,18,,21,32,34,32,35,47,49,18,,20,35,30,21,,,89,27,42,43,43,18,35,16,24,51,52,30,,42,45,36,38,42,29,36,36,35,,36,,93,31,37,47,31,40,26,44,23,30,42,31,9,5,319,383,18,24,45,56,54,46,38,24,35,29,33,32,23,27,34,,36,32,76,68,203,33,43,14,15,53,67,33,51,34,28,37,24,40,27,19,42,23,32,,17,55,24,6,29,44,55,33,43,34,34,37,32,23,53,50,48,37,179,32,51,18,32,26,48,35,31,35,25,17,42,33,43,33,140,26,95,23,30,43,6,5,47,33
20210423,6,PM10,49,37,64,41,63,51,56,53,42,47,63,55,,,12,,27,16,16,,19,,83,20,,16,16,,84,94,96,86,90,84,94,,21,30,,12,36,16,20,26,,16,,66,61,93,76,59,94,112,76,63,85,,76,66,99,12,7,25,27,12,77,86,,63,54,53,51,63,67,,69,66,56,66,116,,57,119,113,104,104,93,,41,34,,,33,34,16,32,56,55,63,,42,75,60,67,56,,37,26,34,25,25,23,30,21,19,31,22,62,58,59,40,34,37,54,38,49,58,44,51,42,,48,46,40,48,52,41,61,59,74,76,66,81,88,,68,83,81,88,54,56,68,63,62,48,75,80,53,102,,81,87,84,,93,92,94,68,75,81,82,39,,,,83,42,,83,92,88,,,,48,,88,105,101,90,80,95,75,80,94,,,,101,87,,62,48,40,75,90,,50,68,46,58,44,36,50,26,,27,,48,58,,73,49,,125,60,68,,87,107,86,42,62,67,38,,,60,61,74,46,37,61,46,,83,,,63,,160,115,,18,22,26,31,20,42,,51,55,77,75,66,46,69,29,46,46,34,48,46,53,56,46,46,53,18,,46,25,50,34,24,36,18,30,47,29,,43,52,36,,44,48,63,51,,51,46,46,71,14,,,47,53,53,36,68,36,84,87,81,110,102,94,104,84,55,35,30,26,18,26,22,27,,30,41,37,25,35,22,25,27,21,25,25,32,62,62,,60,99,58,121,59,67,61,56,50,56,49,60,43,71,,35,48,60,79,54,57,45,46,53,44,44,39,,50,88,73,38,43,38,19,33,37,44,49,,,85,64,85,117,93,105,138,87,59,84,50,71,40,32,36,34,41,37,56,52,26,19,41,21,20,45,,60,32,39,48,100,71,58,,,37,75,77,50,60,,109,112,101,103,,,144,67,41,58,51,48,53,53,58,61,51,,52,65,57,74,64,79,10,14,16,5,10,19,106,80,107,85,96,109,80,129,,102,57,116,76,,71,27,37,40,,,,32,33,,,,52,37,31,27,30,32,27,,36,26,15,22,20,25,27,24,33,27,24,53,31,24,20,46,,59,49,56,42,36,46,36,46,39,,53,63,80,37,26,35,38,34,32,33,48,51,64,36,31,27,26,34,,12,,85,102,70,83,53,,68,57,,,55,26,20,62,,23,57,53,,92,88,97,78,66,17,5,7,17,7,,,,97,,90,61,,52,68,48,36,53,61,63,12,22,27,,39,,,52,,58,53,46,47,40,31,38,45,,34,31,33,31,44,33,36,48,44,54,51,48,48,52,47,48,50,53,66,38,,47,100,85,,34,33,,51,45,48,48,32,,51,58,,,74,95,,60,,44,53,79,72,95,101,,90,115,,54,62,,66,,166,111,161,,110,71,24,28,16,,29,30,32,39,38,24,20,40,43,49,45,39,83,17,49,36,20,25,36,26,31,26,28,61,102,138,114,178,120,106,68,42,44,,48,53,73,85,79,59,47,36,33,29,39,40,51,34,,58,59,80,,50,26,31,22,24,,22,24,8,,107,,107,166,130,123,92,88,90,,,,68,,56,,125,90,97,,100,103,97,67,65,,73,,48,46,45,51,36,50,,36,30,30,31,37,27,,28,,,18,32,33,36,21,32,31,37,39,20,34,25,37,71,62,55,65,53,56,26,24,31,57,70,68,82,87,91,83,78,,50,46,22,61,44,52,60,71,,,,,81,72,,79,19,16,31,50,16,26,24,31,33,34,33,56,53,73,74,64,,46,47,57,,52,57,,140,41,34,52,43,46,66,51,51,73,70,68,71,,92,102,415,50,33,34,40,19,14,,10,26,26,36,33,58,46,54,54,,51,,79,66,66,74,52,12,25,17,25,,,28,21,92,31,17,23,17,22,5,7,84,,98,118,100,77,77,68,65,80,75,,49,76,66,74,80,59,65,54,48,35,28,65,68,,65,72,,53,59,38,68,,,22,45,47,38,56,37,32,43,43,,,70,95,116,80,79,,131,70,73,82,91,82,74,,72,72,70,,,97,81,,63,61,107,,100,,84,79,,,31,33,,,57,54,42,,,57,45,63,45,39,34,33,34,41,33,30,26,40,52,42,51,48,58,50,42,26,20,22,25,,39,29,47,,35,29,55,56,33,12,31,33,36,38,36,116,,,,81,62,78,57,184,200,213,160,47,55,51,184,162,168,146,177,,,119,1,,20,46,77,,15,70,64,,56,66,58,,74,66,49,67,45,50,78,59,74,79,71,80,74,66,45,31,,33,23,27,35,61,62,,47,,43,,,,55,56,48,55,77,80,,59,,39,48,29,45,31,49,42,18,80,44,90,25,6,25,31,23,54,44,73,49,16,,19,18,37,27,23,26,16,86,46,56,63,31,44,58,,,32,26,28,29,27,38,40,31,34,39,39,47,40,34,33,,40,45,36,32,36,32,32,37,62,77,72,,126,119,122,,115,100,101,36,,56,37,47,,66,56,58,73,61,61,61,54,47,56,70,70,68,,51,53,51,50,58,,63,67,42,54,37,38,34,42,44,44,29,34,,36,32,30,,30,26,,36,27,29,25,,56,46,31,31,40,24,28,21,24,23,58,34,37,42,48,41,31,25,39,21,33,33,37,34,40,35,40,40,39,43,43,22,29,26,49,24,18,36,25,38,36,14,23,16,87,78,53,70,37,,31,31,28,48,82,52,49,58,44,39,41,67,59,42,43,50,51,76,53,50,42,28,32,32,,69,23,22,22,24,15,37,30,37,83,94,68,80,63,87,,,30,39,30,,36,39,22,26,50,45,,48,44,45,,,,,47,48,49,51,49,29,22,29,,50,27,42,51,51,56,50,54,53,58,66,,,,,38,20,44,60,55,49,38,,27,63,53,47,41,22,39,30,74,92,37,60,54,62,,66,78,78,63,143,105,52,42,104,,61,67,,26,4,,9,9,,,18,,3,,13,13,21,33,25,27,61,104,48,,13,16,17,15,,33,49,13,28,23,129,,268,291,34,39,425,439,,36,28,14,7,19,,39,67,46,,40,35,29,18,18,24,51,,48,25,,38,24,20,21,21,16,604,556,23,,19,26,13,87,62,15,13,20,2,,,,32,44,7,,12,16,21,27,51,26,91,62,13,17,13,102,79,,105,113,35,36,56,474,46,,34,,117,55,113,32,83,98,488,7,79,56,51,27,94,26,,,62,33,93,16,,53,47,51,36,,72,42,,,30,80,120,40,73,90,84,58,44,106,29,86,40,54,46,,16,41,,89,27,57,45,27,31,46,46,74,65,18,40,27,16,88,36,5,38,27,31,27,30,58,34,43,50,43,44,21,28,73,23,63,57,95,76,38,35,39,102,70,101,52,36,23,39,75,150,,48,29,105,109,16,24,26,,,48,80,60,28,50,7,59,61,64,161,97,56,52,74,24,65,57,53,,53,42,51,45,56,,258,80,8,66,67,83,77,73,75,46,52,47,33,177,48,36,,77,,70,90,43,40,40,86,127,104,97,81,68,69,38,64,60,46,53,55,117,,44,89,89,69,43,56,46,13,18,37,68,78,69,89,46,53,118,130,47,53,,156,128,83,62,76,92,28,47,20,38,74,19,27,39,9,36,27,80,88,88,55,73,21,52,103,24,2,105,70,63,72,56,90,106,50,46,48,8,38,43,34,28,23,31,43,74,31,31,46,69,84,70,96,66,72,70,48,,105,31,32,54,45,40,51,33,124,74,68,70,49,46,80,92,30,51,31,22,32,35,34,25,,78,37,45,104,106,22,54,56,31,68,42,34,97,54,9,79,62,17,40,13,78,40,41,32,39,27,33,140,46,70,,144,108,61,48,37,33,25,14,,29,47,75,98,86,62,46,57,46,34,68,39,,49,,22,,14,53,53,73,52,50,64,21,36,,27,38,81,52,50,41,35,49,66,34,42,36,45,42,46,42,31,19,29,47,40,,80,,59,25,,25,74,76,73,81,75,96,31,,19,59,42,52,,,123,75,59,87,106,16,20,12,32,53,90,55,,77,101,113,112,108,94,61,74,122,,87,,102,58,82,56,65,36,56,50,56,72,51,47,2,19,454,432,37,37,96,205,94,84,59,52,49,46,75,82,61,29,43,,47,66,133,131,104,55,75,30,78,39,47,17,95,39,40,88,49,55,40,34,74,97,53,,46,16,50,4,66,71,106,62,49,57,61,34,51,41,82,44,61,46,102,70,156,53,40,23,48,47,49,47,52,31,55,59,105,32,178,32,138,69,38,57,10,8,86,56
20210423,6,PM10_24h,35,42,43,38,40,35,40,44,36,45,42,50,,,37,,40,39,41,,42,,66,42,,36,30,,68,64,74,69,71,65,74,,32,36,,33,45,36,38,40,,36,,71,62,79,62,62,65,73,65,63,72,,68,68,80,25,21,30,19,22,55,48,,47,48,48,49,53,53,,64,71,63,66,84,,51,83,68,75,63,64,,35,35,,,31,31,32,33,67,76,75,,70,74,78,89,86,,80,54,69,38,31,33,42,31,40,45,35,76,64,73,59,54,52,74,56,51,67,84,90,100,,99,92,97,83,80,102,98,93,66,54,56,58,59,,61,47,57,50,61,52,52,54,70,36,60,67,52,58,,55,64,64,51,58,56,52,47,53,53,53,29,,,,61,37,,53,62,56,,,,60,,60,66,75,52,62,61,49,62,93,,,,101,82,,53,54,75,55,63,,50,58,45,43,43,37,50,34,,36,,47,47,,69,60,,84,59,66,,89,86,78,40,44,43,36,,,32,45,53,44,46,62,42,,63,,,62,,102,78,,41,37,44,32,32,35,,62,61,70,68,60,46,57,35,45,50,33,35,48,49,54,48,44,43,30,,49,41,51,51,34,34,40,28,33,13,,31,28,23,,25,53,64,59,,60,62,58,63,19,,,24,22,22,25,25,18,65,72,60,71,71,67,76,69,56,27,29,31,29,28,26,28,,28,31,27,19,25,23,23,22,18,26,24,20,79,74,,72,85,69,93,75,107,75,70,54,57,55,58,46,78,,36,44,52,83,55,56,48,52,69,67,70,60,,46,88,74,55,60,53,47,54,53,52,55,,,80,72,78,96,90,94,73,66,58,58,50,67,42,43,43,38,40,46,52,49,25,27,32,29,30,22,,48,32,50,53,49,53,52,,,30,55,47,52,59,,127,129,95,109,,,138,66,55,74,78,60,77,77,69,74,70,,52,51,101,67,76,88,19,38,53,26,49,29,82,71,112,76,85,72,68,109,,73,66,106,76,,56,32,41,38,,,,49,50,,,,64,64,36,32,30,36,32,,41,27,22,29,30,26,22,23,29,31,28,52,23,27,21,49,,55,48,53,47,42,49,48,49,54,,79,71,84,57,52,55,61,55,42,36,55,56,40,40,39,39,43,33,,33,,37,39,35,33,47,,60,66,,,48,34,32,64,,59,80,56,,55,61,58,53,40,38,25,25,34,34,,,,61,,49,65,,58,63,56,57,26,29,37,29,32,40,,30,,,74,,72,67,69,58,55,53,57,67,,35,32,33,34,39,38,39,53,47,53,58,56,64,46,48,50,65,66,63,42,,48,86,77,,65,67,,69,65,70,63,39,,59,55,,,63,77,,56,,40,52,66,57,85,87,,88,101,,50,50,,50,,86,63,82,,75,57,34,32,31,,50,62,55,79,69,55,30,93,71,73,69,63,97,34,52,60,36,21,47,40,50,45,43,61,68,81,71,82,70,52,102,99,103,,98,128,149,146,154,113,62,54,43,61,49,42,47,40,,55,49,58,,53,49,49,44,43,,51,46,7,,76,,76,114,87,86,63,66,65,,,,61,,53,,103,98,93,,89,84,85,63,55,,49,,54,50,56,52,44,44,,27,32,29,26,23,20,,29,,,24,30,30,19,11,37,54,48,50,30,37,27,36,46,46,46,52,56,49,27,27,40,65,75,78,71,73,86,72,71,,48,59,43,53,48,56,56,51,,,,,74,76,,89,33,45,44,55,38,34,24,29,33,32,39,64,55,58,57,47,,54,59,78,,42,44,,75,51,51,67,52,60,74,65,71,59,61,63,71,,139,148,305,70,47,42,47,14,22,,45,34,99,115,122,54,42,56,56,,21,,28,24,24,27,22,18,17,15,17,,,19,15,42,16,28,32,23,25,22,24,60,,70,70,61,56,56,50,61,64,61,,70,89,63,70,69,58,59,56,54,69,66,39,40,,75,76,,60,58,40,57,,,23,51,35,44,50,35,30,34,34,,,73,83,92,93,89,,94,62,62,53,61,76,50,,46,54,57,,,60,61,,46,48,54,,52,,70,58,,,44,57,,,64,62,39,,,67,68,39,36,55,56,44,47,55,40,44,39,37,44,45,61,75,76,75,68,35,28,34,32,,60,50,57,,58,62,70,62,54,40,68,58,56,63,50,125,,,,237,264,270,201,230,165,170,120,94,102,79,586,406,541,429,455,,,260,81,,77,135,129,,52,49,49,,44,49,48,,50,56,47,53,34,37,44,39,56,61,52,56,54,47,34,33,,26,31,34,33,64,60,,37,,43,,,,48,44,38,49,44,49,,42,,43,42,42,42,34,44,47,29,50,44,65,32,12,26,28,27,59,59,76,53,36,,36,25,31,29,29,29,9,55,32,34,36,30,38,42,,,23,24,23,24,22,45,58,50,49,55,49,44,38,45,36,,38,41,35,38,33,33,36,31,50,59,56,,103,89,91,,87,72,81,61,,62,60,46,,58,53,56,57,54,52,48,51,48,47,48,50,55,,58,56,53,36,48,,49,52,50,36,27,34,38,44,44,43,35,36,,37,33,39,,30,26,,32,19,27,24,,28,23,26,29,41,32,33,32,27,32,35,32,35,30,40,36,34,28,37,31,30,41,39,41,44,42,39,43,39,40,47,12,20,18,29,31,16,24,24,28,26,12,19,14,71,57,71,67,52,,46,36,36,50,67,70,68,62,50,50,50,70,60,55,58,43,52,85,52,46,55,45,29,37,,34,51,40,30,38,34,48,50,50,71,78,74,71,49,92,,,34,30,34,,42,46,43,38,61,58,,57,49,53,,,,,39,45,51,53,44,24,27,41,,27,31,41,53,50,69,51,55,61,59,71,,,,,26,17,69,70,49,48,37,,39,66,59,54,60,23,44,35,75,70,56,71,46,50,,65,70,62,62,92,83,52,47,98,,67,65,,29,4,,31,42,,,43,,9,,21,15,22,31,25,32,46,55,41,37,16,24,23,24,,31,30,17,28,33,129,,125,126,30,33,306,332,,34,31,19,20,14,,76,73,41,,39,42,34,29,38,27,83,,60,71,,79,32,27,28,756,590,370,325,14,,25,29,25,74,76,194,105,124,104,,,,34,33,23,,12,38,37,38,56,34,81,74,22,46,36,82,53,,64,99,45,45,38,131,63,,29,,50,55,131,31,76,76,356,11,56,102,75,37,86,18,,,50,52,83,40,,65,65,80,35,,56,44,,,26,86,103,44,47,58,54,30,29,93,30,55,42,50,41,,41,51,,89,71,65,53,16,31,71,39,68,61,26,22,22,35,79,68,30,38,40,58,36,31,49,51,52,55,48,49,21,37,74,49,50,47,93,76,29,32,32,66,58,92,46,36,33,50,59,109,,44,35,49,72,27,32,24,,,47,58,58,44,36,17,41,67,68,164,95,40,53,50,39,60,57,35,,69,46,44,55,61,,240,65,34,52,46,51,55,52,69,38,47,47,51,82,47,30,,59,,55,42,38,46,47,79,105,98,86,89,83,72,47,62,70,53,71,48,102,,49,83,82,74,48,48,24,22,26,42,66,47,70,53,34,36,95,101,44,48,,117,93,97,89,108,265,38,51,39,29,62,32,31,45,25,36,31,102,116,78,66,69,17,55,61,31,28,62,33,25,64,52,71,77,52,60,61,55,27,39,39,23,28,25,40,56,54,40,52,68,68,47,66,52,61,49,48,,60,31,38,53,40,50,64,44,72,77,54,56,59,54,62,52,17,44,45,39,33,39,28,30,,79,62,49,89,67,49,53,46,43,50,45,53,85,67,16,77,50,27,30,22,54,46,46,41,35,27,44,80,53,67,,105,103,56,53,123,54,42,19,,43,57,82,91,83,74,58,68,43,44,34,27,,43,,34,,22,31,47,70,60,47,54,38,44,,27,53,86,44,35,36,37,39,56,36,49,49,56,49,42,62,40,27,30,40,35,,45,,41,35,,32,63,47,63,71,84,89,46,,38,64,48,38,,,101,60,59,78,80,26,27,32,35,63,93,52,,66,91,87,67,69,62,56,59,76,,68,,93,50,81,59,53,53,30,71,48,56,67,66,13,27,1157,1013,43,44,70,89,88,93,68,62,61,63,76,84,49,54,68,,51,45,101,87,265,68,81,18,21,49,44,24,67,57,76,75,44,60,37,26,62,59,59,,88,82,30,78,50,48,88,54,46,40,35,41,37,37,84,51,65,51,198,59,108,21,37,31,42,37,41,38,38,36,63,43,79,68,183,49,133,46,51,56,9,19,65,40
20210423,6,SO2,3,3,3,3,3,2,3,3,1,3,1,3,,,5,,6,8,6,,5,,4,4,,6,2,,5,10,2,6,2,10,7,,6,11,,6,17,6,10,2,,3,,8,2,4,5,6,2,6,6,8,6,,6,7,5,3,6,8,5,6,5,6,,5,3,5,3,11,9,,5,6,6,4,8,,5,10,9,11,12,4,,8,5,,,6,5,7,7,7,11,12,,12,10,10,8,4,,12,3,6,4,9,4,8,8,8,5,1,8,6,6,9,7,5,6,6,9,6,22,29,16,,16,15,14,19,16,24,20,16,5,6,6,9,7,,4,12,11,9,11,3,9,3,5,1,7,2,1,8,,4,8,5,7,6,7,2,5,12,12,8,7,,,,7,6,,8,13,5,,,,4,,5,5,3,5,6,6,7,4,6,,,,3,7,,5,3,4,3,4,,5,5,5,23,7,8,3,3,,5,,6,6,,4,5,,7,5,2,,5,5,5,6,14,7,8,,,6,14,12,5,3,5,5,,5,,,4,,8,9,,4,3,4,4,4,6,,5,4,5,5,4,7,5,5,5,5,6,4,6,6,10,9,3,6,2,,4,6,4,3,2,3,10,2,2,2,,6,2,3,,6,5,6,5,,5,4,6,7,5,,,5,4,5,6,5,4,9,10,6,5,5,6,10,7,6,6,6,5,4,6,8,5,,4,6,9,5,4,7,5,8,6,8,6,8,8,9,,8,11,8,7,8,6,6,5,3,6,10,7,6,5,,5,5,5,8,5,5,6,7,8,5,10,6,,11,28,11,6,5,3,4,5,8,9,7,,,14,7,7,10,12,13,11,9,13,27,8,16,5,5,8,7,4,7,5,7,3,3,2,3,4,10,,9,13,9,10,13,11,7,,,11,18,5,4,10,,7,16,9,6,,,10,7,8,7,9,9,6,5,5,8,7,,10,22,9,10,8,9,3,5,4,4,4,5,8,5,6,9,7,8,8,7,,10,6,5,10,,7,4,6,7,,,,6,10,,,,18,28,5,4,3,5,4,,4,6,2,5,6,7,5,5,12,7,8,5,5,4,2,8,,12,6,12,8,9,26,6,6,7,,3,5,5,7,11,7,5,9,10,9,105,9,24,16,5,5,4,4,,2,,8,10,5,5,2,,5,12,,,10,4,5,9,,2,5,6,,91,13,18,6,4,7,6,5,8,11,,,,11,,5,8,,6,6,6,9,5,5,4,3,3,4,,5,,,8,,12,6,5,6,8,7,11,9,,4,5,5,7,4,6,10,5,41,34,5,6,18,8,8,9,6,8,6,7,,15,6,6,,15,8,,11,12,17,24,6,,11,9,,,10,10,,6,,19,14,12,21,9,9,,9,9,,2,4,,2,,18,10,20,,12,10,9,15,5,,6,6,6,6,6,5,6,14,18,10,11,7,16,11,11,10,4,9,11,11,7,25,20,20,12,17,12,16,11,8,4,7,5,,4,5,8,7,6,5,2,4,7,11,5,5,3,3,,7,8,6,,11,5,4,3,5,,3,3,4,,3,,6,3,4,1,9,6,7,,,,6,,6,,15,7,7,,18,8,19,5,4,,5,,6,8,5,7,6,5,,14,8,22,6,5,8,,8,,,5,3,2,1,2,4,4,4,6,6,6,5,4,13,5,7,6,8,5,3,4,8,10,15,3,9,10,9,5,14,,22,7,18,9,8,15,14,35,,,,,16,9,,7,6,8,4,2,1,16,8,6,6,7,5,3,5,6,6,6,,5,11,7,,3,2,,24,5,4,5,4,4,5,4,3,7,10,6,5,,7,13,4,17,18,10,6,1,4,,5,3,3,4,1,12,10,4,4,,5,,8,6,6,4,4,8,6,8,4,,,5,10,8,9,7,4,4,4,4,4,7,,8,6,6,7,8,8,5,5,7,,4,4,7,8,8,10,7,7,6,5,5,6,9,,4,5,,2,7,6,7,,,5,5,6,4,5,8,5,7,5,,,4,6,4,4,4,,4,8,7,13,9,8,6,,6,6,4,,,3,5,,11,10,12,,11,,10,13,,,5,5,,,6,9,26,,,2,4,7,7,5,7,5,21,10,19,14,12,12,15,12,13,2,3,3,5,7,7,7,8,,8,10,8,,14,9,15,15,4,4,9,8,6,8,9,10,,,,5,6,5,6,7,14,9,7,9,5,5,7,5,9,12,8,,,9,3,,2,8,13,,8,11,8,,7,10,10,,5,5,4,6,3,2,2,6,5,14,5,24,11,8,6,8,,4,3,3,6,6,5,,4,,7,,,,6,5,6,6,5,5,,11,,7,11,6,6,3,6,4,2,2,6,4,3,,11,6,5,5,9,13,4,3,,3,5,10,7,7,8,12,26,32,25,24,26,29,36,,,6,7,10,5,8,3,4,4,6,12,6,10,11,9,12,,25,15,21,5,6,6,5,4,5,34,48,,29,14,13,,11,8,9,4,,2,4,8,,5,8,12,6,12,9,8,8,8,8,12,13,8,,5,6,5,13,11,,13,13,6,4,4,5,6,6,5,8,5,4,,1,2,4,,5,3,,6,7,8,7,,8,6,6,5,7,7,14,7,5,10,15,11,10,7,11,8,1,2,2,1,1,4,4,4,4,2,6,7,4,6,6,4,7,6,5,1,3,4,4,3,3,5,10,6,28,9,6,8,17,,17,4,5,9,4,4,6,5,2,13,4,18,20,6,5,16,6,8,27,13,11,7,5,1,,4,3,9,10,7,6,10,6,9,7,16,12,12,9,12,,,6,15,8,,7,12,13,14,6,6,,5,5,7,,,,,7,8,11,9,14,13,16,13,,8,9,27,15,15,13,2,3,5,3,5,,,,,3,5,5,7,5,9,4,,4,6,5,8,6,5,5,7,6,6,20,9,18,23,,10,8,5,4,9,10,5,9,4,,12,9,,19,9,,8,4,,,2,,8,,11,9,4,5,5,5,5,14,12,,5,5,30,10,,23,13,8,8,14,8,,3,8,4,8,4,3,,5,5,4,13,19,,5,4,4,,10,2,16,14,10,17,7,,4,9,,,5,3,5,4,5,2,2,5,,5,3,8,5,5,5,3,5,3,,,,5,6,4,,1,4,5,3,30,5,9,8,5,3,5,8,7,,14,10,9,4,11,8,3,,10,,11,9,8,8,21,32,42,13,9,7,9,6,5,4,,,4,6,6,5,,7,13,26,8,,6,4,,,10,10,2,7,9,6,16,7,11,4,5,20,21,12,4,,7,4,,6,11,5,12,2,14,2,4,6,6,6,4,2,4,11,11,8,14,3,3,3,8,4,6,6,6,4,3,5,11,5,7,18,5,6,10,7,8,5,4,6,12,16,19,8,6,9,9,,7,4,6,8,18,3,3,,,6,6,9,4,6,7,15,4,21,6,15,28,7,9,3,6,12,3,,8,8,9,22,11,,15,4,5,4,2,6,5,3,4,6,2,11,7,14,17,11,,12,,3,3,4,5,9,6,6,6,6,11,10,8,6,4,4,8,10,8,12,,16,6,10,15,5,2,5,2,11,7,7,3,7,5,2,4,8,8,6,6,,4,3,5,5,15,10,17,16,7,10,8,10,10,12,6,10,7,5,4,10,12,6,4,8,12,4,3,7,7,9,2,3,11,7,5,10,13,3,6,6,6,8,4,6,8,10,6,2,3,17,7,4,8,8,6,25,2,,5,3,1,14,39,3,6,2,7,7,3,8,7,6,6,4,11,4,2,2,5,8,4,6,,7,6,6,8,4,8,8,33,6,6,9,4,4,8,10,24,3,2,5,8,6,6,5,3,3,5,4,6,6,15,,4,6,10,7,9,9,8,8,,6,11,6,8,8,15,8,8,7,5,4,8,,6,,7,,6,5,6,14,11,9,16,5,13,,7,14,5,8,8,6,2,6,27,6,12,3,9,11,8,7,6,3,5,27,7,,5,,7,8,,6,12,11,19,3,6,6,4,,8,16,12,10,,,6,11,2,7,2,4,3,2,10,8,8,5,,6,6,8,4,7,7,9,7,7,,4,,11,6,2,7,22,20,4,4,9,9,8,5,6,6,4,17,3,6,5,31,3,20,8,8,8,6,10,11,7,7,9,,17,6,3,2,10,8,8,4,6,10,8,7,8,7,11,3,4,7,4,8,4,9,7,,4,5,10,3,4,4,5,3,3,3,3,3,3,22,4,7,4,10,12,31,7,6,5,8,3,3,3,2,7,6,8,5,6,3,7,10,9,9,14,14,8,5,9,7
20210423,6,SO2_24h,2,3,2,2,3,3,3,3,2,4,2,2,,,5,,5,6,5,,5,,4,4,,6,2,,5,8,3,6,2,8,8,,5,11,,6,12,6,10,4,,3,,9,3,5,8,10,5,8,9,11,6,,8,8,6,5,7,10,6,7,5,6,,5,4,6,3,11,9,,5,6,5,5,7,,6,8,6,7,6,6,,8,6,,,6,8,8,7,12,18,18,,16,13,16,15,11,,19,5,5,4,10,4,8,8,7,4,5,10,6,7,10,8,7,8,8,11,7,19,22,19,,19,15,15,20,14,24,18,16,5,6,4,9,6,,3,8,8,7,11,4,9,4,6,1,4,4,1,7,,3,6,4,6,6,7,2,5,11,12,9,7,,,,8,6,,6,11,5,,,,5,,6,4,3,5,6,5,7,4,6,,,,8,7,,5,4,5,3,4,,6,4,13,9,5,9,3,2,,5,,4,4,,5,5,,5,6,3,,5,4,5,6,10,5,7,,,5,8,9,5,4,6,6,,4,,,4,,8,8,,4,3,4,4,4,6,,6,4,6,6,5,6,5,5,4,5,5,3,5,5,8,8,3,5,2,,6,6,4,4,3,4,12,3,6,2,,5,2,4,,6,7,7,6,,6,5,6,7,5,,,5,4,5,6,4,4,7,8,6,5,5,6,8,6,7,6,6,5,4,6,7,5,,4,6,8,3,3,6,4,6,5,7,5,7,9,11,,8,10,9,8,9,7,7,6,4,6,9,6,7,5,,6,5,5,9,7,9,7,7,8,6,7,8,,8,15,14,7,5,5,5,6,9,6,8,,,11,9,8,10,11,11,10,13,15,15,11,14,5,5,8,6,3,8,5,9,4,2,3,3,4,9,,7,7,9,9,9,12,6,,,6,6,4,4,7,,11,10,7,7,,,15,9,7,8,9,10,6,7,5,7,7,,9,16,11,11,18,16,3,4,4,4,4,5,12,6,6,9,8,8,6,8,,9,7,6,7,,6,4,6,7,,,,11,16,,,,15,17,5,4,3,6,4,,4,6,2,5,4,5,4,5,5,5,5,3,5,5,4,9,,17,10,13,15,9,10,7,6,7,,7,8,6,11,12,9,8,10,10,8,44,7,10,9,5,5,4,5,,3,,5,5,4,5,3,,4,7,,,10,5,5,8,,3,7,7,,24,13,18,8,5,8,7,5,9,12,,,,7,,7,8,,6,7,7,9,5,4,3,3,3,4,,6,,,11,,12,9,6,8,10,9,14,12,,4,5,6,6,4,6,6,5,10,7,5,6,11,9,8,9,7,7,8,5,,6,6,8,,15,14,,8,10,11,8,9,,18,11,,,5,4,,7,,18,14,14,15,9,9,,10,9,,3,6,,4,,7,9,9,,12,10,8,15,7,,9,8,10,9,9,7,6,20,16,13,14,11,18,11,11,34,4,8,12,13,9,14,17,11,14,15,11,14,11,6,3,7,5,,4,8,10,9,10,6,3,5,7,11,6,6,4,4,,11,5,14,,8,7,6,6,7,,7,5,4,,3,,4,3,3,2,7,10,11,,,,6,,6,,6,4,7,,9,7,9,4,3,,4,,6,8,5,7,5,5,,10,8,12,6,5,9,,7,,,5,3,2,1,2,4,5,4,7,9,6,5,4,5,5,4,5,7,5,4,4,6,12,16,9,14,13,9,9,9,,26,17,17,8,11,15,15,16,,,,,6,6,,7,4,6,7,3,2,12,9,6,6,7,6,5,5,6,6,7,,5,15,7,,3,2,,9,5,4,5,4,4,5,4,4,9,12,8,6,,11,92,19,26,18,16,9,1,4,,5,3,3,5,1,18,9,5,5,,5,,8,5,5,4,4,8,6,9,5,,,6,10,8,10,6,4,4,3,5,5,7,,8,6,5,7,8,8,5,5,6,,4,5,9,8,8,10,7,8,7,6,6,5,8,,5,5,,2,5,13,21,,,4,4,5,4,5,6,5,6,5,,,5,6,4,5,4,,4,6,8,10,8,9,7,,7,6,8,,,4,5,,11,8,12,,12,,14,18,,,8,5,,,12,9,18,,,3,5,6,8,7,8,6,16,14,10,23,13,11,12,11,11,5,7,7,9,8,9,7,9,,7,9,14,,19,18,15,13,5,5,11,8,7,8,10,13,,,,20,19,15,14,20,12,11,8,14,12,8,16,14,16,19,19,,,21,4,,4,11,13,,10,9,7,,7,7,11,,6,5,3,6,3,1,2,6,8,13,6,16,12,9,5,8,,4,3,3,6,6,6,,4,,7,,,,4,4,6,6,4,4,,8,,10,8,6,6,4,6,4,4,6,8,7,6,2,5,3,7,6,8,9,5,4,,4,4,7,8,16,8,14,16,14,13,9,9,13,16,,,4,11,10,7,8,4,8,7,5,16,8,10,11,9,15,,10,12,12,12,9,9,8,7,17,21,26,,20,13,9,,12,9,9,5,,3,5,8,,6,8,10,5,11,8,8,8,8,8,3,5,3,,5,6,5,10,10,,9,12,7,3,4,7,6,7,6,8,5,6,,4,4,3,,5,4,,8,7,7,6,,7,5,6,6,7,7,9,6,6,8,12,12,10,8,11,10,1,2,2,6,1,6,6,6,6,6,8,9,6,7,8,4,6,6,5,2,3,3,4,3,3,6,10,8,16,9,8,9,9,,9,7,7,9,5,5,9,5,4,15,13,21,18,7,7,10,6,8,23,8,14,7,10,10,,13,7,12,12,9,7,11,8,11,6,12,8,10,10,12,,,8,13,9,,8,18,16,13,6,7,,6,5,9,,,,,6,6,8,7,7,12,14,12,,8,9,16,13,12,12,3,3,5,4,5,,,,,4,6,11,12,6,10,3,,5,7,6,8,7,5,6,8,6,6,11,10,12,14,,11,9,10,4,10,10,5,8,7,,27,8,,12,8,,10,6,,,4,,8,,11,8,6,6,6,7,5,11,9,6,5,9,13,11,,16,17,8,9,9,8,,4,6,3,6,5,4,,5,5,4,13,17,,6,7,12,,13,5,17,22,12,18,11,,9,12,,12,4,3,5,4,5,8,7,5,,6,3,10,5,5,5,3,5,4,,,,4,5,4,,1,4,5,3,13,5,9,9,5,3,5,6,7,,13,23,10,5,7,9,4,,6,,8,6,16,8,15,17,28,10,7,14,14,9,6,4,,,4,6,6,4,,9,15,15,8,,3,5,,,8,11,4,7,9,6,7,8,7,7,4,8,12,9,6,,6,4,,7,13,5,11,3,15,4,4,6,4,10,4,3,3,12,23,8,13,4,3,3,8,3,8,6,6,5,4,5,13,7,8,11,5,8,10,7,9,5,7,6,13,17,14,5,7,9,6,,4,5,4,8,14,3,4,,,7,5,9,6,5,8,7,5,8,7,9,12,7,9,4,5,6,3,,13,7,9,18,19,,28,2,5,4,2,5,4,3,5,6,2,15,11,18,12,9,,9,,3,2,4,5,6,7,8,7,7,12,10,8,6,4,5,8,9,8,9,,8,8,8,11,6,2,5,2,11,8,6,2,7,4,2,5,8,7,6,6,,5,2,7,8,19,24,12,16,10,8,8,11,10,10,7,9,8,8,7,10,9,8,4,5,8,4,6,8,5,5,2,3,7,9,6,9,19,6,16,6,6,8,5,6,7,7,7,6,3,20,7,5,5,7,6,18,2,,6,3,2,14,24,3,7,3,6,5,3,7,7,5,6,3,9,4,3,2,4,8,4,5,,7,8,6,9,4,6,8,9,7,6,5,6,5,8,11,14,3,4,6,8,6,6,6,4,3,4,4,6,6,9,,5,7,9,8,23,10,10,7,,8,12,8,8,8,16,8,8,7,5,2,10,,7,,7,,5,5,6,8,7,10,16,6,15,,7,24,6,8,7,7,4,6,10,6,13,4,9,10,11,12,6,2,5,10,8,,5,,6,2,,6,9,7,14,3,6,6,4,,7,25,16,7,,,7,9,2,9,2,3,4,4,7,8,6,7,,5,6,9,4,8,6,8,6,7,,5,,15,5,3,6,21,11,5,4,9,8,8,5,6,6,6,8,3,10,6,14,3,21,6,8,9,8,11,8,12,16,22,,16,4,3,2,19,9,8,4,6,10,8,8,7,11,12,7,4,6,4,8,4,7,8,,4,8,9,3,5,2,7,5,3,3,2,2,3,14,6,7,5,11,36,23,7,6,5,7,2,2,2,3,7,5,8,5,7,6,10,10,10,7,11,8,8,6,10,8
20210423,6,NO2,34,10,65,35,70,35,53,33,11,34,62,32,,,17,,21,16,20,,20,,22,18,,14,14,,42,50,27,37,26,50,12,,12,18,,18,17,10,8,15,,10,,25,12,30,36,31,52,47,43,40,26,,31,37,34,32,19,25,22,15,67,73,,66,24,18,26,29,33,,25,20,27,33,74,,12,56,44,74,77,45,,51,58,,,32,52,21,20,8,20,19,,16,36,17,23,18,,21,14,18,8,9,9,13,9,6,8,7,41,36,35,26,21,23,21,19,49,65,59,63,22,,56,53,66,64,70,31,37,70,64,59,68,67,67,,61,66,67,65,32,22,8,18,6,20,18,16,13,43,,66,57,54,54,48,39,23,29,21,22,27,14,,,,30,19,,19,36,24,,,,19,,50,52,36,43,49,44,32,46,17,,,,28,26,,12,18,14,16,11,,16,18,30,36,19,36,13,21,,20,,19,18,,32,40,,44,32,36,,20,33,33,23,51,43,49,,,49,44,40,40,33,45,18,,48,,,64,,38,36,,16,21,18,11,12,16,,18,36,32,47,36,21,18,19,15,18,19,10,15,21,26,25,26,16,4,,41,24,33,30,15,22,13,14,18,9,,18,14,6,,12,15,17,5,,17,11,11,11,13,,,14,16,11,17,21,13,82,81,66,73,64,72,73,73,28,19,26,17,21,42,36,18,,11,13,28,17,26,14,11,24,15,9,23,11,58,54,,62,67,35,96,56,45,50,30,16,44,43,54,8,88,,28,39,78,44,26,35,13,23,34,41,32,31,,11,53,40,21,16,18,11,19,29,14,18,,,67,48,50,53,43,68,71,67,40,54,30,47,17,14,16,11,10,21,49,36,13,11,26,16,10,13,,50,65,51,40,68,55,26,,,71,60,81,30,54,,32,30,59,28,,,38,2,7,18,4,8,5,8,15,17,6,,13,18,21,27,10,15,6,3,7,7,10,4,40,51,55,68,62,70,48,68,,26,31,60,40,,53,13,37,48,,,,19,10,,,,18,16,18,15,16,14,11,,11,13,16,16,14,17,23,30,24,20,21,4,20,30,5,32,,26,39,28,30,34,45,23,24,19,,35,34,28,7,6,6,9,18,18,15,30,24,16,31,18,15,29,13,,6,,27,34,35,21,39,,24,23,,,12,14,20,21,,10,12,18,,30,33,22,28,11,22,12,14,10,9,,,,26,,22,9,,28,47,19,56,18,14,13,7,8,12,,16,,,25,,24,23,46,14,16,10,17,12,,20,17,16,29,12,21,23,15,21,20,34,31,36,14,12,17,30,21,22,9,,21,44,36,,15,17,,14,16,16,27,13,,33,21,,,33,26,,41,,41,31,28,37,23,12,,19,16,,14,15,,11,,51,32,50,,34,49,23,29,12,,10,6,30,8,11,3,5,12,22,13,17,9,39,12,20,15,20,19,16,15,12,15,21,16,31,38,26,39,28,22,11,14,10,,6,16,17,15,28,15,15,19,19,12,8,17,15,18,,16,22,23,,11,12,11,33,7,,18,24,2,,36,,48,61,28,46,22,18,16,,,,50,,51,,21,20,7,,56,46,37,14,18,,16,,22,22,14,19,15,17,,24,36,15,21,21,13,,17,,,6,12,10,7,8,11,17,8,23,12,6,8,14,43,38,24,36,34,35,5,3,13,38,42,41,29,28,20,24,8,,20,10,25,14,16,28,28,22,,,,,23,60,,43,17,12,11,16,6,8,4,4,9,5,5,16,12,32,33,28,,9,11,26,,31,36,,62,3,25,24,22,11,18,15,16,18,18,23,17,,13,7,8,22,16,10,18,3,5,,11,6,2,6,6,9,16,15,15,,11,,15,22,22,19,15,8,8,12,7,,,9,17,10,11,13,12,10,7,9,9,44,,51,64,53,34,34,37,30,42,67,,8,26,31,44,27,31,25,13,14,13,15,32,36,,26,25,,32,37,10,34,,,27,15,15,10,14,23,26,20,28,,,29,11,15,14,14,,15,43,46,46,55,41,29,,60,58,6,,,9,16,,27,56,75,,66,,9,14,,,15,14,,,7,11,13,,,12,15,10,8,5,5,5,14,8,7,9,8,15,22,27,22,32,27,24,20,9,5,7,12,,13,28,30,,22,18,17,33,16,7,9,35,11,7,10,59,,,,11,16,20,16,13,24,17,20,23,23,8,16,4,23,27,16,,,24,6,,5,14,19,,7,18,32,,26,41,19,,14,14,19,18,23,7,13,8,40,27,31,29,27,25,5,10,,4,7,8,14,15,17,,12,,23,,,,6,16,20,14,22,15,,14,,18,19,30,35,10,42,17,9,30,26,26,14,1,30,18,21,19,26,32,34,11,,8,7,10,14,18,12,7,24,28,33,26,16,22,32,,,14,8,14,12,14,4,13,8,6,8,9,11,11,7,16,,25,18,20,9,6,9,10,4,31,32,35,,21,42,32,,60,57,68,15,,17,14,33,,38,46,42,25,36,13,13,19,15,20,38,28,28,,16,18,17,30,29,,39,29,6,9,8,10,12,14,17,7,34,21,,13,20,16,,12,18,,9,6,7,10,,28,19,20,10,18,9,8,10,4,8,10,8,6,8,6,10,6,15,22,21,30,12,15,10,10,7,6,5,6,6,9,4,2,9,3,5,5,7,8,8,8,1,10,4,28,32,33,29,7,,7,9,21,28,40,32,29,29,10,5,5,16,11,21,22,15,18,26,20,18,14,17,22,15,,14,26,14,3,13,15,23,16,28,21,25,28,25,31,37,,,10,12,9,,29,36,19,15,39,40,,31,8,15,,,,,10,26,23,22,23,10,8,28,,59,8,14,9,14,10,4,6,5,3,6,,,,,2,2,5,5,6,13,18,,2,8,9,16,8,4,6,6,17,50,14,14,49,35,,8,7,8,8,37,32,12,10,60,,10,22,,10,13,,4,16,,,5,,3,,6,5,5,2,5,7,51,53,40,,5,5,5,13,,29,27,8,20,11,31,,10,13,41,41,6,5,,12,8,2,4,25,,35,25,24,,12,5,16,18,7,10,14,,9,15,,10,20,10,9,10,12,6,3,4,,10,3,8,13,23,5,1,2,2,,,,13,14,4,,6,10,16,5,29,50,18,64,23,14,16,45,30,,72,36,11,19,47,31,17,,11,,23,20,42,13,57,49,11,12,17,21,16,19,29,6,,,67,31,46,16,,16,17,16,11,,14,17,,,38,20,22,17,23,22,29,29,22,27,16,70,50,30,12,,24,10,,53,13,27,17,3,48,15,16,7,14,8,13,12,15,57,30,17,15,6,10,4,33,33,17,5,6,4,4,7,47,26,5,71,41,41,34,21,30,26,15,49,35,47,18,36,18,33,28,,40,3,20,75,8,24,25,,,49,18,26,9,19,2,26,23,38,14,46,29,15,34,12,43,48,18,,28,41,33,17,30,,10,85,16,69,29,47,66,57,56,45,43,24,41,13,20,17,,31,,34,21,23,15,19,42,61,58,54,57,60,53,17,52,40,16,16,39,64,,14,26,67,25,18,21,38,28,24,19,11,19,16,11,12,12,41,33,43,33,,48,56,26,15,22,38,14,20,10,11,26,12,22,49,4,26,10,43,22,42,28,26,16,27,28,12,18,23,22,23,25,25,33,86,11,14,58,7,18,13,13,11,4,6,22,48,11,11,22,33,42,28,61,52,47,39,10,,22,23,10,34,23,18,20,14,45,18,27,34,19,22,39,23,19,17,22,7,16,27,25,4,,21,9,26,52,60,10,33,23,8,42,8,12,40,51,13,24,19,31,33,10,22,15,28,13,7,20,25,71,40,24,,59,14,40,55,23,8,22,6,,38,19,32,48,41,32,34,20,16,10,22,14,,12,,10,,4,19,18,34,19,15,14,22,20,,13,11,29,23,35,26,13,30,45,22,16,9,20,20,11,10,3,15,4,14,13,,56,,24,6,,7,18,18,20,21,19,49,30,,20,25,26,5,,,31,41,26,26,47,9,24,57,22,23,18,38,,53,38,42,63,53,39,36,56,38,,51,,22,37,22,32,25,22,27,20,24,32,23,20,4,5,3,5,26,34,58,63,11,12,16,40,15,33,54,62,33,10,39,,19,18,32,45,36,22,51,25,16,12,27,16,39,5,17,54,34,21,10,10,32,70,34,,8,6,29,2,7,14,26,7,21,25,60,12,55,51,19,10,15,26,28,28,61,17,9,12,30,9,40,41,48,65,10,21,19,11,51,11,55,46,19,38,7,6,22,14
20210423,6,NO2_24h,26,19,33,26,41,27,39,31,18,29,41,37,,,24,,26,24,23,,26,,34,27,,24,20,,26,23,28,20,19,26,15,,27,35,,35,34,23,27,34,,30,,28,19,23,30,34,31,32,26,33,26,,24,24,30,32,21,27,15,17,27,33,,31,25,19,25,23,26,,20,23,31,27,53,,16,35,32,47,41,36,,24,26,,,26,21,22,16,20,30,33,,24,34,30,38,40,,36,32,39,16,20,18,27,19,10,23,14,46,33,42,33,34,18,22,34,26,34,31,36,27,,32,34,41,36,44,31,24,43,39,48,43,47,39,,43,24,32,33,40,39,22,41,35,31,27,35,35,33,,53,53,48,42,55,49,42,58,44,43,48,18,,,,28,22,,19,32,26,,,,38,,28,57,48,24,54,48,35,68,48,,,,48,48,,12,32,30,33,30,,37,19,29,28,20,31,22,28,,21,,21,21,,50,36,,66,26,48,,52,66,50,26,49,35,47,,,19,37,33,37,29,45,26,,32,,,63,,46,43,,22,25,28,20,14,20,,32,39,31,42,35,16,21,23,21,26,23,14,20,19,26,25,31,18,12,,26,22,22,23,14,18,22,25,44,15,,22,23,6,,16,27,22,21,,25,21,26,18,10,,,20,20,12,15,16,15,39,36,30,34,37,34,35,43,19,23,26,27,36,35,30,30,,17,14,28,19,24,14,12,21,18,15,22,10,44,39,,53,59,40,59,44,70,48,34,17,28,37,33,27,54,,16,23,42,33,22,28,12,15,33,30,28,28,,11,51,37,18,18,16,13,16,21,19,19,,,48,39,42,33,32,40,36,36,41,38,21,26,12,13,14,10,11,22,27,25,10,11,16,8,8,12,,38,29,46,46,38,47,34,,,30,54,46,39,50,,45,44,47,41,,,60,15,13,34,10,11,14,22,25,27,12,,19,14,45,34,37,44,8,5,10,9,17,5,39,51,42,51,49,55,45,48,,32,38,49,38,,39,12,30,34,,,,21,15,,,,25,23,23,27,12,18,16,,13,14,28,19,17,19,23,25,20,25,25,4,18,28,7,29,,26,33,23,26,20,23,22,21,17,,41,45,39,20,18,16,24,28,29,23,32,35,33,37,20,14,16,14,,15,,30,31,34,29,24,,17,20,,,18,19,25,28,,24,29,26,,23,19,15,23,10,20,14,14,16,14,,,,29,,28,14,,29,30,28,35,23,17,15,17,21,28,,16,,,32,,30,21,33,20,18,15,19,18,,11,9,13,10,11,7,12,14,14,10,24,27,34,10,8,10,31,28,19,7,,9,40,38,,18,19,,14,16,16,17,16,,31,20,,,31,25,,26,,25,23,28,32,25,21,,23,21,,28,29,,22,,31,32,29,,30,27,15,14,16,,21,18,31,24,19,18,8,25,31,25,27,19,36,12,19,35,17,16,14,30,31,29,35,28,26,30,26,26,27,12,12,14,12,,6,32,37,31,38,25,14,18,14,15,13,33,33,38,,35,35,39,,21,26,31,40,25,,38,32,6,,27,,25,27,19,26,24,21,29,,,,28,,24,,16,23,11,,33,33,20,14,17,,16,,32,29,23,27,25,25,,29,32,29,17,21,16,,20,,,8,14,16,11,7,11,26,12,21,8,10,8,7,17,23,22,24,29,26,5,7,21,38,41,41,27,41,36,36,28,,31,23,39,18,18,36,31,30,,,,,31,44,,39,16,21,19,18,17,17,12,9,14,9,15,18,15,35,34,34,,19,25,36,,27,26,,37,10,22,29,29,26,24,25,27,29,35,34,36,,13,16,21,22,20,14,22,5,7,,15,7,5,12,7,17,22,25,25,,15,,12,18,18,24,19,6,5,18,12,,,9,14,15,16,19,19,16,16,11,11,42,,47,48,38,46,33,46,48,51,45,,28,35,59,55,58,39,39,35,35,34,30,22,24,,45,40,,36,40,13,31,,,25,19,15,15,24,17,11,17,12,,,28,17,18,18,20,,16,35,34,32,37,37,21,,26,29,10,,,14,13,,23,30,49,,42,,16,21,,,20,13,,,9,14,13,,,12,12,13,17,8,8,8,30,20,12,23,21,14,19,25,24,25,27,28,23,17,12,17,17,,19,24,24,,23,30,25,26,16,14,8,23,11,13,9,36,,,,52,47,68,45,36,28,31,19,26,24,12,68,55,80,75,68,,,50,16,,11,22,26,,13,18,37,,32,39,24,,20,16,17,20,25,11,13,16,34,22,31,44,38,22,13,16,,5,15,13,19,25,29,,18,,20,,,,10,20,18,19,18,16,,20,,21,19,27,21,13,24,12,11,28,28,28,12,2,13,11,11,25,29,34,27,13,,15,7,16,16,21,15,7,17,19,23,14,12,17,21,,,13,10,15,14,13,7,18,16,16,13,10,11,10,9,15,,19,16,16,7,9,11,12,7,23,23,29,,22,40,37,,29,24,30,24,,24,24,22,,27,17,20,16,15,15,14,16,15,14,27,24,25,,14,15,14,30,23,,31,27,7,14,15,15,19,24,20,19,25,23,,30,27,26,,10,16,,13,9,16,16,,13,15,17,10,19,13,11,16,6,12,12,10,12,14,11,16,5,15,16,14,21,14,17,13,12,12,11,9,13,9,15,5,6,9,7,6,5,10,11,12,12,5,8,9,31,34,31,31,24,,19,15,15,22,23,21,25,27,11,12,13,11,14,23,24,13,15,25,16,14,10,13,26,35,,34,21,19,13,19,24,23,19,28,19,26,27,25,22,43,,,9,16,12,,26,35,28,28,40,38,,37,14,28,,,,,12,23,25,29,25,13,11,27,,31,7,11,11,13,21,7,10,6,9,10,,,,,7,9,18,21,11,13,24,,4,10,10,16,17,5,9,9,22,36,14,15,22,22,,7,9,9,10,36,38,14,11,34,,11,16,,11,7,,9,25,,,10,,5,,8,7,7,9,10,22,27,40,32,20,4,7,10,16,,19,20,7,22,14,21,,16,16,25,32,15,14,,14,12,10,14,12,,29,36,20,,15,9,18,18,13,13,18,,18,20,,21,18,13,14,13,15,13,11,4,,12,5,11,16,26,4,4,3,2,,,,9,11,6,,8,13,17,6,27,21,23,47,28,25,21,24,24,,54,37,30,34,37,49,48,,15,,30,18,54,11,39,33,23,13,20,30,27,22,46,8,,,26,22,43,20,,27,23,22,14,,20,42,,,45,46,54,20,23,21,46,35,24,50,23,51,30,32,24,,26,25,,46,17,22,19,4,24,11,15,8,15,13,15,9,20,16,37,23,14,14,12,13,27,22,15,7,8,6,6,11,27,25,23,59,27,35,39,20,19,20,21,31,41,36,16,32,35,40,21,,24,8,32,30,8,24,22,,,33,18,22,28,24,3,21,36,25,16,29,19,27,25,12,25,23,22,,23,34,20,17,25,,19,43,31,48,21,24,35,38,41,24,23,26,29,17,18,16,,24,,17,24,25,31,36,39,58,51,53,46,51,40,19,41,37,15,24,24,44,,12,27,48,19,19,25,25,28,22,34,16,15,26,15,19,18,27,19,26,24,,28,25,19,15,26,56,22,29,20,14,26,11,19,41,8,37,21,54,42,37,23,25,10,32,16,16,23,26,31,27,20,21,28,31,11,18,52,28,18,22,22,11,7,5,14,31,18,14,26,18,47,28,51,34,38,30,16,,26,23,17,29,19,36,30,25,42,19,33,30,43,43,47,41,19,37,25,9,21,18,23,6,,36,13,18,47,30,9,24,9,12,19,7,12,40,37,22,21,21,25,28,20,22,26,37,24,12,13,25,37,29,29,,26,15,15,20,28,8,27,12,,25,26,31,39,26,42,33,27,18,24,28,18,,17,,26,,10,18,18,25,20,17,17,24,22,,17,14,33,28,15,17,16,23,23,16,14,13,21,17,9,11,7,14,5,9,9,,24,,18,10,,16,20,13,32,30,33,33,31,,39,23,17,4,,,39,30,26,25,38,24,33,46,36,27,31,32,,42,45,36,31,26,24,30,29,21,,25,,23,17,21,29,33,25,28,33,30,36,37,26,4,8,5,12,24,31,41,35,14,21,21,36,16,27,40,46,29,25,43,,34,26,27,25,54,24,43,20,17,23,30,21,28,16,21,40,31,26,15,17,60,54,35,,8,13,40,2,11,34,25,10,27,27,33,19,33,31,21,15,21,32,59,25,33,17,24,28,22,19,32,28,27,29,13,20,30,16,42,16,37,38,29,33,5,4,26,14
20210423,6,O3,15,27,3,,1,15,,19,28,16,,15,,,69,,68,72,67,,62,,64,68,,80,62,,34,11,39,26,34,22,106,,89,88,,91,84,95,97,99,,106,,53,63,42,54,54,29,24,20,56,46,,47,57,31,19,8,24,29,9,6,6,,10,40,37,37,32,31,,44,50,43,49,5,,42,11,38,6,3,4,,35,30,,,46,35,59,69,82,56,48,,52,43,66,53,70,,61,113,113,133,118,131,117,122,121,121,122,60,65,75,77,87,69,70,86,42,24,13,11,49,,26,16,33,24,16,37,35,9,5,20,5,15,11,,21,3,12,,31,47,47,49,52,34,35,37,33,4,,,14,5,3,13,15,26,22,24,31,20,24,,,,22,32,,46,30,39,,,,52,,,9,18,10,11,18,31,22,46,,,,38,39,,21,38,42,34,36,,33,25,22,13,24,16,30,37,,28,,37,35,,32,6,,16,8,25,,39,28,32,5,7,22,8,,,14,14,14,4,12,4,27,,3,,,12,,16,17,,38,21,32,34,54,47,,18,2,4,31,5,27,38,33,56,40,46,49,45,46,37,32,48,42,70,,5,22,8,16,4,37,47,39,43,52,,45,41,42,,41,88,80,90,,84,87,92,76,71,,,58,50,56,62,56,56,3,4,5,5,,5,5,5,2,76,57,74,71,41,43,72,,72,72,44,64,46,63,69,53,65,77,57,51,8,3,,2,3,29,,7,7,3,13,31,19,18,10,49,,,4,5,2,24,19,37,20,39,20,2,20,19,,51,1,,35,46,23,17,36,24,53,32,,,6,,9,5,28,19,9,6,6,6,14,4,42,43,48,51,54,39,12,20,40,54,39,36,42,69,,2,2,6,21,4,5,25,,,5,4,4,9,6,,16,31,11,20,,,25,88,94,81,97,95,94,84,88,82,98,,122,125,121,110,133,121,100,108,98,95,104,113,20,7,2,3,4,4,21,4,,27,25,2,9,,4,52,18,9,,,,26,98,,,,70,72,62,67,53,61,61,,61,68,84,75,78,66,49,39,50,52,56,108,29,51,44,36,,36,11,46,37,70,51,64,69,83,,32,42,49,95,90,86,90,73,68,65,63,62,63,54,39,34,20,38,,78,,49,42,37,59,28,,47,53,,,62,53,47,55,,84,80,58,,35,32,45,27,39,86,95,96,101,98,,,,41,,43,55,,36,18,68,18,47,50,50,125,120,119,,40,,,15,,16,3,2,98,83,87,89,89,,38,40,50,31,47,34,18,48,29,18,4,3,7,72,61,62,38,51,41,61,,37,19,28,,55,52,,94,83,83,64,18,,5,53,,,29,41,,25,,24,47,45,30,37,46,,49,54,,79,80,,84,,28,65,29,,58,34,62,60,87,,76,76,59,88,92,90,57,70,59,75,58,90,50,96,56,75,76,50,48,70,72,74,77,75,38,27,43,16,40,47,96,83,92,,89,104,98,99,75,110,81,89,102,95,112,28,33,30,,43,40,34,,44,55,53,28,37,,46,42,95,,33,,12,10,31,10,37,56,62,,,,16,,11,,51,50,65,,14,8,36,83,84,,83,,3,3,10,6,58,45,,54,31,53,45,46,81,,36,,,72,48,49,17,106,37,42,53,22,16,52,47,33,6,13,30,15,23,4,50,55,38,14,9,3,47,69,70,76,83,,107,113,103,84,24,47,25,56,,,,,48,3,,2,46,53,44,55,62,56,52,57,45,52,55,100,114,35,35,39,,83,75,60,,3,2,,3,62,7,44,34,55,29,45,48,58,66,59,62,,79,87,72,60,89,90,81,88,98,,75,85,100,91,97,43,36,83,83,,61,,56,62,62,58,52,60,54,69,73,,,59,61,68,66,108,102,123,125,129,124,12,,14,4,3,33,31,32,36,22,8,,58,33,32,23,39,20,23,42,15,27,31,22,20,,18,3,,,8,5,4,,,46,84,57,82,82,56,39,51,37,,,48,102,98,90,92,,78,24,18,25,18,26,55,,16,24,108,,,106,86,,64,8,1,,2,,112,119,,,102,62,,,70,83,70,,,78,60,58,60,117,118,131,96,88,96,104,98,52,56,44,36,71,54,54,60,90,83,86,69,,71,38,58,,68,81,83,50,68,102,69,47,97,106,97,43,,,,128,114,119,118,112,79,106,81,69,66,71,74,91,84,75,90,,,60,83,,80,57,65,,83,48,48,,54,45,51,,59,44,59,48,74,76,62,53,18,26,22,15,23,15,66,64,,58,62,48,45,44,45,,88,,72,,,,77,65,56,63,42,56,,36,,41,29,43,7,14,8,36,5,2,12,5,12,68,6,16,11,2,3,2,1,5,,17,6,19,22,19,23,15,10,15,14,11,26,23,27,,,29,31,35,38,25,45,35,43,47,49,63,47,54,62,29,,31,40,33,41,67,64,59,65,16,10,18,,50,27,40,,20,17,7,60,,57,46,10,,1,7,20,36,27,74,85,48,78,65,19,36,30,,80,74,80,22,25,,17,18,70,81,85,77,58,76,70,78,39,48,,76,66,70,,45,41,,62,50,51,52,,21,38,30,17,24,66,62,65,71,67,60,41,69,63,57,62,48,52,52,28,35,36,36,41,44,44,81,60,73,68,58,56,60,51,47,56,50,51,68,51,71,13,13,34,1,2,1,,43,,50,34,22,30,18,25,38,31,51,70,71,41,73,5,,52,18,34,34,32,30,28,30,44,,49,30,46,66,61,61,57,60,48,52,68,47,50,35,24,,,49,48,52,,43,22,49,48,39,22,,18,23,25,,,,,56,48,46,52,52,40,37,44,,6,90,121,104,102,118,18,79,85,81,105,,,,,66,56,50,60,96,80,12,,82,113,104,66,73,131,125,128,86,34,67,85,59,58,,110,121,106,102,25,54,107,107,17,,74,52,,85,75,,105,110,,,122,,104,,71,68,68,64,67,57,29,44,60,71,76,83,81,92,,28,12,20,66,88,63,,71,64,26,38,89,91,,61,59,70,70,48,,6,24,44,,59,53,67,33,54,94,80,,93,60,,68,56,65,62,66,78,79,82,73,,68,80,70,60,62,99,101,102,103,,,,65,54,54,,33,73,75,61,96,14,36,6,75,80,74,13,54,,1,27,50,39,9,27,54,,85,,44,58,17,54,24,39,72,55,51,65,63,48,34,61,,,9,17,2,70,,72,68,88,61,,39,29,,,20,41,45,31,41,42,19,18,22,38,63,,15,32,81,,68,46,,2,64,45,97,85,42,65,40,128,84,91,39,46,74,17,23,116,57,77,66,69,15,42,16,84,88,93,98,118,4,61,106,2,2,13,27,46,16,10,58,10,27,12,37,44,44,39,50,,8,60,36,28,98,7,8,,,8,54,46,53,39,104,45,38,19,82,15,28,34,63,11,9,9,32,,49,14,9,40,31,,70,7,42,4,4,12,4,11,14,4,3,70,28,111,63,63,,48,,12,25,20,43,33,,2,4,,8,4,2,27,7,27,29,50,3,9,,45,38,5,70,31,44,30,58,50,27,68,39,50,69,33,35,39,42,2,,,,5,50,69,54,65,36,38,74,68,37,47,36,26,46,24,58,9,49,24,58,53,57,53,33,64,102,40,55,54,50,53,32,31,90,94,40,112,34,51,73,52,77,45,35,2,44,38,45,22,19,5,14,3,1,20,47,,44,6,37,32,60,46,46,47,11,42,27,24,37,46,17,33,38,40,18,83,66,54,53,58,,,92,10,,2,40,27,29,18,20,56,25,7,19,83,28,48,47,34,80,38,42,14,29,98,70,51,1,27,59,,12,74,21,7,66,104,6,45,,3,53,28,2,11,49,14,29,66,95,60,66,,50,,76,,130,42,65,27,59,53,53,81,77,,63,79,16,44,7,23,24,15,7,22,56,51,3,41,45,54,61,38,49,27,33,,7,,7,75,,27,101,90,121,38,40,7,9,,44,21,19,67,,,45,9,37,33,17,87,71,46,87,40,72,46,,11,18,10,1,17,24,36,2,20,,12,,53,5,80,16,26,30,19,49,44,32,54,58,84,71,93,97,4,5,11,2,97,107,12,16,88,26,5,13,3,45,32,,40,58,36,19,87,56,2,47,52,65,53,51,16,92,65,31,2,3,66,46,34,4,2,,70,83,25,105,109,81,36,110,19,18,2,20,3,28,71,61,86,49,64,11,6,37,91,88,2,32,5,,42,6,98,50,51,98,36,93,27,11,66,36,89,97,72,47
20210423,6,O3_24h,105,109,102,101,93,95,105,88,106,114,96,97,,,99,,103,108,102,,100,,78,108,,103,82,,141,142,138,136,142,150,144,,102,104,,106,95,114,106,108,,111,,142,145,144,122,114,130,120,121,113,155,,153,157,154,94,100,104,112,102,119,115,,114,107,101,105,134,129,,140,137,138,135,137,,123,136,139,142,146,139,,122,116,,,116,120,102,119,130,128,119,,124,128,133,117,116,,121,118,122,141,121,140,123,125,144,131,142,137,143,144,153,152,160,151,152,139,150,202,205,215,,247,211,243,226,184,232,231,209,114,111,109,118,107,,115,103,102,98,58,62,65,53,66,58,68,51,53,103,,95,79,84,99,100,97,59,59,65,52,49,72,,,,62,74,,76,75,74,,,,65,,82,68,82,90,81,89,93,61,63,,,,70,58,,54,53,52,49,42,,49,53,52,52,51,53,68,76,,72,,73,65,,86,61,,96,64,85,,70,88,91,65,83,80,78,,,79,73,74,90,88,98,76,,103,,,54,,117,118,,81,91,69,77,97,86,,81,70,74,85,74,104,99,106,58,41,48,54,45,47,48,44,52,52,134,,140,139,144,157,214,156,140,94,78,77,,83,87,72,,97,95,106,92,,102,108,100,119,122,,,108,101,114,117,96,98,137,141,138,146,124,134,147,138,137,116,112,113,102,118,110,83,,117,131,81,82,83,75,92,85,83,95,85,81,208,215,,230,240,254,169,222,200,193,226,154,167,136,168,111,261,,106,109,103,237,115,144,146,133,195,226,204,170,,148,142,157,160,154,160,163,170,145,136,152,,,238,266,257,242,213,265,178,135,105,125,124,129,113,104,113,113,111,111,99,108,84,66,76,84,79,114,,102,94,118,137,128,150,106,,,108,126,113,112,134,,153,142,143,120,,,134,138,123,106,124,127,115,101,119,125,120,,152,155,165,134,159,147,118,136,113,117,121,129,103,92,100,84,94,82,108,81,,100,87,67,103,,93,91,79,84,,,,136,135,,,,146,136,72,70,83,76,70,,86,94,101,103,97,94,89,90,91,88,85,121,96,102,91,157,,152,153,158,154,151,148,144,152,148,,134,119,128,140,140,135,132,129,122,138,124,115,112,109,153,145,143,154,,87,,57,64,57,59,113,,108,115,,,112,100,94,78,,90,85,70,,92,81,92,77,80,110,132,132,120,116,,,,64,,72,104,,100,110,102,100,86,100,98,130,124,119,,82,,,175,,178,150,156,156,160,152,185,147,,84,79,82,82,84,89,91,104,99,92,163,174,175,147,134,147,182,179,202,115,,111,197,172,,204,216,,164,164,168,171,100,,85,157,,,118,119,,134,,139,124,136,127,180,179,,193,190,,171,152,,167,,143,131,139,,113,135,113,113,121,,131,142,121,128,132,136,131,122,120,130,118,131,128,138,122,121,128,144,135,124,103,121,121,117,144,147,153,151,150,161,137,127,136,,134,179,169,177,167,191,128,150,152,142,147,48,52,39,,59,77,67,,74,62,59,48,61,,46,55,109,,146,,151,144,158,139,143,150,151,,,,123,,122,,129,131,119,,117,116,132,134,138,,136,,92,91,84,94,118,132,,89,97,101,107,116,103,,104,,,113,54,52,50,111,94,96,111,81,80,97,84,89,100,98,88,90,103,92,70,69,87,87,74,75,137,132,125,135,142,,140,147,140,142,132,129,120,132,,,,,102,88,,87,87,121,94,102,100,87,77,84,82,88,77,170,180,96,99,99,,117,106,109,,117,111,,108,94,83,90,89,132,77,85,78,120,130,132,123,,137,141,131,151,158,159,140,88,99,,87,94,100,91,100,68,65,94,94,,99,,105,110,110,109,106,117,102,93,91,,,104,103,94,92,130,117,127,129,142,138,101,,102,121,117,96,95,98,72,77,113,,58,51,69,70,70,63,66,61,27,35,54,96,97,,62,50,,82,66,64,71,,,100,135,135,134,132,103,101,98,102,,,145,140,134,133,134,,127,123,115,126,120,122,124,,125,126,135,,,129,146,,129,120,136,,131,,228,211,,,132,90,,,125,135,111,,,130,136,126,134,133,127,137,162,134,149,137,139,132,129,126,117,138,136,130,141,116,120,110,116,,138,137,138,,136,135,147,138,139,161,126,118,136,132,137,208,,,,237,234,237,226,224,205,207,211,167,181,176,199,236,225,210,234,,,282,130,,131,204,212,,122,54,57,,57,62,59,,62,57,73,59,74,76,76,70,61,68,55,51,80,49,91,87,,88,98,94,85,80,68,,94,,85,,,,90,82,71,94,85,91,,78,,72,76,75,130,130,119,139,124,136,143,149,139,105,116,108,108,156,159,155,150,107,,110,104,92,100,93,96,106,115,106,111,100,116,100,102,,,108,118,122,122,112,151,155,147,134,149,125,110,124,118,127,,123,123,120,109,125,120,118,127,92,104,112,,152,147,138,,148,133,148,131,,140,134,116,,126,111,112,105,112,114,113,108,118,120,94,91,100,,118,118,119,85,83,,99,89,92,84,111,102,139,152,121,106,89,88,,124,118,126,,137,137,,94,90,85,91,,115,118,113,110,94,87,97,91,95,99,93,72,81,70,65,70,119,97,113,105,104,92,98,100,105,107,111,67,95,70,62,69,75,72,72,84,87,67,85,83,94,67,83,79,124,113,107,114,72,,80,105,117,80,112,108,108,108,109,101,95,129,125,97,105,94,90,99,91,93,109,113,68,74,,72,126,120,132,125,123,130,130,133,148,158,151,145,146,148,,,127,130,122,,124,104,75,104,94,82,,101,31,100,,,,,119,125,119,121,126,113,118,115,,106,132,153,136,146,152,134,116,131,100,157,,,,,66,56,153,159,147,144,93,,90,153,153,147,140,140,135,138,146,152,135,155,143,139,,140,136,145,134,88,196,132,148,167,,144,148,,129,136,,124,131,,,128,,122,,115,113,107,95,99,90,122,112,122,128,88,92,87,110,,74,83,114,110,109,137,,131,121,78,80,129,127,,112,96,79,76,115,,102,81,144,,140,122,111,124,82,107,181,,175,153,,163,89,104,93,81,90,98,100,98,,95,90,88,101,107,144,115,118,120,,,,89,82,77,,66,90,85,87,132,171,173,211,76,107,105,144,121,,134,148,65,52,84,130,61,,97,,64,112,130,96,158,163,129,92,62,131,130,122,70,93,,,119,175,99,100,,96,141,154,100,,63,55,,,61,62,62,70,78,76,55,66,71,70,113,134,131,153,162,,102,119,,182,212,163,159,102,106,132,89,140,136,106,89,99,107,152,114,128,112,80,90,76,105,117,140,134,141,140,128,124,123,162,113,134,120,118,152,110,107,109,151,120,146,99,121,105,56,101,138,,97,86,63,160,125,91,94,,,90,73,128,57,73,118,126,53,112,146,119,102,60,140,114,121,170,73,,141,91,85,99,101,,130,114,113,113,113,106,113,111,106,101,118,133,158,203,104,112,,76,,97,88,74,55,53,196,209,162,218,208,234,231,173,205,174,113,147,110,210,,113,180,239,182,140,90,105,108,101,48,68,73,73,102,58,90,137,136,124,112,,136,140,172,188,172,287,100,66,115,95,130,138,99,119,109,66,92,144,164,151,170,151,120,72,86,98,118,64,62,61,109,104,108,152,168,168,135,149,146,147,128,96,105,89,115,97,97,104,111,136,114,98,102,93,80,111,79,,70,99,104,156,109,66,71,72,96,78,52,89,60,61,101,71,83,48,74,99,79,82,79,83,,176,172,161,215,150,129,132,91,145,120,107,164,143,138,89,141,137,108,108,107,70,48,48,66,103,87,86,143,120,146,,145,126,118,111,174,144,60,103,,78,141,131,141,137,118,79,80,91,95,64,97,,104,,103,,145,86,107,113,112,95,105,113,150,,104,155,52,103,88,196,171,152,178,98,98,90,96,94,94,159,87,78,69,105,89,,114,,125,118,,105,143,141,157,85,83,99,83,,82,121,117,130,,,129,124,125,144,137,96,99,97,96,134,142,120,,117,111,120,117,122,116,103,124,154,,151,,157,128,133,113,122,129,91,106,94,90,105,145,90,94,108,110,96,67,142,131,129,236,161,154,176,170,221,280,93,131,130,,60,76,144,139,294,155,94,112,80,74,74,99,114,190,166,122,105,106,110,102,71,97,77,,123,137,86,135,140,165,144,137,104,120,102,117,108,134,166,109,105,152,311,104,146,98,109,102,119,110,98,96,116,119,131,74,157,126,217,127,215,83,126,49,134,126,132,96
20210423,6,O3_8h,29,24,15,9,14,26,4,20,35,21,3,8,,,67,,71,75,66,,68,,68,64,,79,63,,39,37,41,42,44,49,109,,89,87,,90,88,99,101,103,,100,,58,64,63,46,34,32,24,31,46,51,,78,86,35,44,38,58,66,17,41,26,,35,58,53,56,34,33,,49,50,34,55,4,,57,30,52,13,16,6,,60,51,,,42,67,72,76,73,58,48,,56,43,74,53,78,,62,111,114,133,117,128,115,117,121,121,118,54,69,73,76,84,67,60,76,74,45,38,24,50,,42,58,59,49,33,40,74,25,6,13,8,7,18,,14,21,24,12,42,50,53,45,55,44,49,42,38,11,,13,17,16,17,12,12,10,12,14,6,16,21,,,,50,53,,60,44,47,,,,57,,4,4,6,7,6,11,12,16,20,,,,10,14,,25,35,37,30,28,,28,30,29,18,30,23,16,30,,27,,31,30,,7,5,,4,2,7,,17,11,15,5,5,18,9,,,26,16,13,4,8,4,19,,2,,,6,,16,20,,38,33,42,44,63,58,,18,4,7,26,11,43,41,47,56,38,45,46,41,43,42,39,48,46,68,,22,30,19,25,10,57,47,39,45,59,,49,46,33,,47,88,87,88,,86,90,94,80,92,,,71,68,76,78,50,66,13,10,17,17,2,18,12,8,3,80,64,71,71,53,59,63,,82,70,49,68,56,63,72,75,75,71,65,66,26,20,,7,4,33,1,23,15,8,20,54,54,41,39,53,7,,13,20,2,40,27,44,30,54,29,21,28,31,,62,6,13,46,49,39,32,51,48,60,48,,,18,13,27,28,40,52,21,6,5,16,28,18,47,47,51,50,44,42,26,28,49,53,34,49,50,78,,13,35,6,13,15,6,17,,,40,4,17,9,5,,27,38,43,42,,,43,94,95,67,98,98,95,83,84,80,101,,110,113,38,96,86,63,104,110,102,102,105,116,14,4,3,8,6,12,13,10,,25,13,4,4,,6,56,17,13,,,,48,102,,,,73,79,66,67,61,65,62,,66,72,71,74,68,70,46,38,50,44,47,108,42,58,38,49,,42,26,49,56,100,76,76,67,88,,38,53,52,98,93,89,99,84,82,65,64,64,56,55,50,46,43,44,,76,,37,40,35,30,56,,69,60,,,65,56,51,66,,77,78,62,,50,50,57,39,45,96,97,102,102,98,,,,50,,57,46,,30,22,49,37,43,47,48,120,114,113,,54,,,20,,27,7,9,106,104,90,98,82,,50,52,50,49,52,54,39,52,44,30,12,7,17,75,67,72,34,47,42,65,,46,32,42,,82,80,,102,100,93,83,26,,15,62,,,34,43,,43,,42,52,34,30,57,56,,60,65,,67,66,,72,,52,23,40,,66,74,92,91,97,,72,72,64,89,82,87,49,72,63,84,56,85,57,104,76,59,90,64,64,66,69,60,70,71,49,39,49,41,49,66,98,85,88,,89,102,105,102,81,87,93,101,115,101,112,28,31,30,,38,36,38,,42,52,52,36,45,,31,39,101,,42,,33,29,47,30,40,64,61,,,,22,,17,,68,54,76,,30,18,42,88,94,,91,,5,3,6,10,41,42,,31,14,20,27,58,51,,39,,,59,41,49,13,106,54,49,56,38,26,55,51,47,16,17,18,12,18,6,53,54,31,18,15,5,65,63,69,72,71,,99,126,98,101,20,44,24,65,,,,,34,20,,16,59,62,53,65,71,61,49,56,45,49,51,103,116,21,32,34,,82,63,51,,2,2,,4,64,12,26,26,37,24,27,26,26,31,31,29,,98,97,64,90,104,96,97,86,96,,77,81,98,88,98,46,41,89,89,,74,,58,60,60,65,61,93,84,73,76,,,71,74,68,65,107,101,118,121,132,126,25,,18,4,3,10,9,10,15,7,4,,50,32,16,9,20,12,7,24,8,18,22,18,19,,18,4,,3,13,4,4,,,50,73,54,66,61,34,39,43,41,,,52,111,110,101,99,,91,14,18,22,16,17,70,,49,53,114,,,107,110,,76,48,4,,11,,116,122,,,104,67,,,85,98,78,,,84,76,44,39,125,120,132,58,72,87,105,50,68,62,46,49,63,43,48,60,86,87,88,71,,82,76,83,,100,89,65,47,76,99,88,77,101,106,100,70,,,,138,125,97,117,95,82,94,89,94,98,75,58,80,74,73,82,,,63,82,,81,72,80,,83,46,44,,49,42,50,,58,51,64,51,59,72,69,61,23,34,24,20,18,18,55,59,,57,31,25,55,49,46,,84,,73,,,,79,68,60,74,46,62,,40,,38,28,35,22,23,19,46,14,11,25,10,20,78,29,26,22,4,4,2,2,8,,19,9,21,26,24,27,12,23,25,26,24,31,32,36,,,35,40,50,50,34,52,42,47,47,58,78,55,63,72,42,,46,52,47,53,72,69,65,70,18,16,14,,44,21,29,,36,39,48,56,,54,35,14,,1,30,40,40,44,77,82,58,76,68,26,36,31,,78,80,80,19,22,,23,21,82,78,80,77,54,61,59,52,42,50,,46,60,51,,59,52,,57,52,37,33,,51,62,39,30,23,59,66,60,65,68,67,46,67,64,58,61,54,51,46,38,42,45,50,55,58,57,82,54,74,56,53,53,57,50,47,57,57,52,68,46,72,14,36,57,1,1,,,34,,44,34,32,32,36,37,42,37,51,60,57,67,80,6,2,38,16,23,33,29,44,43,22,12,,25,64,76,86,85,84,88,85,76,70,82,65,69,44,22,,,66,64,64,,55,20,38,50,42,19,,19,26,26,,,,,64,64,60,60,66,34,39,32,,6,100,126,110,111,119,24,80,88,86,110,,,,,60,46,52,50,102,93,9,,81,120,122,64,64,133,127,131,89,26,82,102,87,68,,123,121,112,104,54,50,109,123,59,,82,70,,91,87,,108,113,,,116,,102,,87,87,72,60,67,39,11,15,41,71,83,85,83,82,,45,28,50,67,82,82,,92,86,52,56,88,90,,67,61,59,60,72,,15,24,64,,66,67,74,36,53,89,80,,80,62,,70,60,63,59,69,77,81,82,80,,78,77,72,49,50,100,102,100,106,,,,71,66,58,,37,70,67,64,109,42,51,22,71,78,78,31,67,,2,36,54,38,5,22,29,,82,,52,64,38,33,21,42,70,70,57,65,61,66,32,68,,,34,35,2,74,,76,76,98,58,,24,21,,,23,18,22,26,60,62,23,34,25,16,48,3,49,24,71,,71,34,,4,98,78,91,89,67,82,56,128,90,82,44,46,74,49,44,107,67,71,67,67,14,70,43,89,94,98,100,107,31,82,108,2,10,38,26,47,33,22,64,5,26,27,44,56,48,32,57,,23,52,47,63,104,11,26,,,10,58,62,50,26,101,36,44,24,90,24,38,40,82,19,6,34,35,,73,13,23,32,26,,65,11,14,4,18,13,8,6,8,22,24,71,34,119,64,84,,57,,23,11,18,48,25,4,3,8,,21,12,3,49,5,39,44,51,13,16,,41,56,15,92,49,54,48,70,62,24,56,56,52,63,29,33,56,68,16,4,,8,25,82,88,86,87,21,38,86,68,44,70,39,22,44,13,57,24,39,52,87,70,74,64,47,58,100,50,35,42,71,74,22,71,89,95,50,114,39,38,53,54,68,51,40,3,48,38,47,58,19,4,8,2,2,24,51,,55,20,36,45,76,52,43,40,16,45,32,10,11,26,8,17,34,34,18,88,68,62,62,61,,,91,25,,11,48,30,42,28,16,57,44,10,34,87,38,52,70,54,76,50,39,14,26,90,75,47,1,16,27,,26,76,43,23,100,108,6,32,,15,64,51,7,40,32,16,14,73,90,39,67,,44,,62,,125,41,73,35,56,54,60,55,92,,67,86,34,26,17,50,29,43,20,39,58,50,6,32,45,60,65,41,51,31,36,,20,,10,65,,31,90,97,78,37,41,7,11,,33,33,36,82,,,18,18,31,24,12,89,74,58,88,42,46,36,,14,28,25,12,35,40,39,8,40,,39,,48,34,77,8,19,33,25,26,20,26,29,59,86,76,98,102,8,11,24,9,110,119,21,32,87,37,17,26,14,63,52,,31,63,38,34,110,80,12,69,61,68,64,53,28,83,72,48,2,6,62,35,16,2,4,,76,84,18,106,117,57,46,117,10,25,22,29,8,30,84,48,90,43,91,10,21,42,91,88,18,41,5,7,73,25,95,59,48,100,60,94,66,13,76,40,102,117,82,54
20210423,6,O3_8h_24h,54,24,44,28,49,50,10,30,47,29,18,8,,,70,,74,77,72,,71,,69,64,,83,64,,64,60,44,46,55,66,122,,89,88,,90,88,102,106,108,,103,,72,66,83,46,34,44,42,52,46,57,,95,97,52,69,68,97,97,29,68,55,,58,65,61,64,51,50,,80,53,67,77,4,,74,55,65,49,32,10,,80,80,,,51,80,74,82,73,61,64,,59,52,84,54,90,,70,111,118,133,117,128,115,117,121,121,120,54,70,73,76,84,67,60,76,81,52,63,46,56,,58,79,72,68,55,74,98,48,6,13,10,7,27,,14,45,34,19,57,59,64,53,66,58,65,51,53,16,,26,22,26,31,14,18,10,12,14,6,16,21,,,,60,63,,64,48,50,,,,62,,20,4,6,19,6,11,12,16,20,,,,10,14,,26,35,37,30,28,,28,36,37,30,39,34,16,30,,29,,37,30,,7,5,,4,2,7,,17,11,15,5,5,18,10,,,40,28,17,4,13,5,19,,2,,,10,,16,20,,52,60,51,50,73,65,,28,5,12,31,25,72,67,56,56,39,46,46,41,43,47,40,48,50,68,,36,36,38,40,19,72,55,39,45,62,,50,47,33,,50,90,96,91,,90,97,95,83,107,,,80,75,97,94,82,68,33,31,54,30,7,53,24,18,5,89,68,86,79,58,65,79,,87,70,50,74,59,64,73,81,77,71,68,72,34,29,,14,5,33,3,34,22,12,46,70,75,49,68,63,8,,19,28,2,59,36,45,39,75,31,38,31,39,,73,7,22,59,62,50,49,56,60,69,58,,,35,42,43,50,45,87,46,8,6,32,41,35,51,48,54,52,46,44,34,36,53,53,34,54,55,87,,20,53,6,30,34,11,23,,,60,4,34,10,5,,36,50,73,59,,,61,108,97,68,100,99,95,83,89,84,103,,110,114,38,96,86,63,109,114,108,108,107,119,22,4,4,27,16,31,13,26,,50,13,14,4,,7,58,17,16,,,,77,105,,,,74,81,67,70,70,67,64,,67,73,71,74,68,70,49,38,50,48,48,110,53,59,61,59,,43,31,62,64,116,93,95,87,88,,39,60,53,101,97,95,103,91,90,65,71,66,65,55,58,54,61,49,,76,,37,40,35,30,88,,87,67,,,78,69,62,78,,77,78,70,,63,71,76,42,63,104,98,104,103,100,,,,63,,69,57,,30,30,49,41,45,47,48,120,114,113,,73,,,25,,30,19,32,108,110,101,106,85,,56,59,54,72,54,72,60,52,53,46,23,17,19,95,82,86,36,59,42,83,,57,36,56,,106,110,,111,111,108,95,33,,30,77,,,37,43,,93,,57,58,40,43,72,65,,63,75,,67,66,,72,,65,27,54,,72,103,101,100,100,,72,72,66,98,86,89,50,73,65,90,56,89,63,111,102,90,98,80,85,66,72,60,70,71,63,53,55,65,65,77,108,93,100,,94,104,112,106,89,97,100,105,118,103,112,31,32,31,,44,40,43,,48,56,54,38,54,,33,39,103,,44,,38,39,65,40,42,70,61,,,,38,,32,,87,66,88,,51,21,49,95,99,,97,,5,3,6,10,46,48,,31,14,20,50,60,51,,40,,,59,41,49,17,108,60,51,60,45,34,59,58,54,52,39,22,33,38,10,54,54,46,19,22,6,82,63,87,76,71,,99,138,104,117,20,44,28,80,,,,,38,25,,22,71,75,68,76,87,68,49,56,47,51,51,105,116,21,46,50,,82,63,51,,2,2,,6,65,17,26,26,37,24,27,26,26,31,31,29,,121,111,64,102,109,100,108,86,96,,77,81,98,88,99,60,56,91,91,,89,,72,79,79,66,70,106,98,78,82,,,90,95,77,72,107,101,118,121,134,128,31,,19,6,3,10,9,11,15,7,4,,50,32,16,9,20,12,7,24,8,18,22,23,35,,18,6,,4,19,4,8,,,50,74,58,66,61,35,48,58,61,,,62,119,119,111,101,,102,14,18,44,26,17,83,,65,69,120,,,112,122,,94,72,6,,27,,124,134,,,107,68,,,110,123,93,,,93,90,44,43,133,127,137,58,72,97,112,50,74,78,53,60,68,62,63,60,86,88,90,76,,92,94,89,,107,91,65,58,79,99,94,86,102,106,101,81,,,,142,128,97,117,100,86,102,95,112,119,84,58,80,74,73,82,,,70,84,,81,84,96,,84,50,44,,54,42,50,,60,53,64,52,59,74,72,65,25,40,27,25,20,26,55,59,,58,31,25,60,52,46,,84,,73,,,,90,79,71,92,47,63,,40,,38,30,35,47,38,32,61,26,19,33,12,29,86,41,37,42,4,4,2,5,12,,33,12,23,29,28,29,12,38,40,37,43,36,40,40,,,52,54,70,71,56,65,52,53,52,71,90,75,79,76,51,,58,60,55,57,77,74,70,77,39,34,14,,44,23,29,,56,56,85,65,,66,35,37,,3,52,62,63,68,90,86,81,78,75,37,37,41,,79,81,82,20,29,,24,28,87,81,85,82,58,61,64,52,43,56,,46,76,51,,72,60,,60,78,37,33,,73,77,53,40,23,59,68,60,68,68,69,53,68,68,59,61,72,62,72,44,57,54,68,73,74,70,82,54,74,56,53,53,57,50,51,57,81,54,72,46,74,14,83,79,1,1,,,34,,44,34,33,42,41,41,44,49,58,60,57,91,93,8,8,49,19,35,33,29,55,53,24,12,,28,89,98,108,107,94,100,100,100,86,106,92,89,47,33,,,90,73,77,,62,20,38,51,42,19,,22,27,42,,,,,66,70,66,64,70,34,40,32,,9,114,133,111,117,120,33,82,92,88,115,,,,,60,46,54,50,106,99,9,,82,122,126,64,64,134,128,133,90,26,103,124,118,102,,126,127,113,104,88,50,110,132,95,,85,95,,101,111,,112,118,,,116,,103,,102,103,76,62,70,39,11,15,58,71,86,85,83,82,,49,56,74,74,93,99,,106,107,61,66,90,93,,82,68,59,60,88,,23,39,99,,90,83,84,37,60,89,80,,81,83,,72,77,72,72,69,77,82,82,84,,86,79,72,72,71,106,102,100,106,,,,74,72,69,,41,74,69,71,129,61,61,39,71,78,81,37,77,,3,64,56,38,5,22,29,,82,,62,68,60,33,29,52,75,83,59,75,61,78,32,72,,,61,53,2,76,,84,88,100,58,,24,21,,,25,18,22,30,69,70,24,47,26,16,52,8,64,27,71,,76,34,,12,116,107,104,90,91,94,76,128,95,82,48,52,76,84,70,108,76,71,67,67,26,94,54,93,96,100,100,107,82,97,112,2,42,62,31,65,52,55,75,14,30,35,59,63,50,48,70,,42,52,62,98,118,12,36,,,26,59,66,50,30,101,48,50,31,106,29,44,47,88,26,13,51,39,,86,13,30,52,46,,78,17,25,4,27,24,9,10,8,34,48,94,36,128,82,97,,74,,37,11,19,49,25,17,9,13,,27,17,3,71,6,52,54,52,29,18,,47,78,29,108,65,61,54,72,74,24,56,65,52,64,32,39,77,85,40,24,,21,47,106,114,116,97,21,38,90,70,58,90,47,22,44,13,57,50,41,73,100,86,99,71,68,84,100,61,35,42,92,86,22,99,100,104,55,117,47,45,55,58,68,57,43,4,48,42,49,87,19,4,8,2,3,36,52,,68,45,36,64,95,61,43,40,17,51,38,21,11,26,9,17,34,34,18,92,69,64,70,66,,,93,41,1,44,72,31,73,36,18,78,55,14,42,88,44,54,78,64,76,56,39,18,26,90,76,48,2,40,27,,46,87,72,48,113,109,6,32,,19,91,66,18,61,32,18,14,82,90,39,74,,57,,62,,125,41,78,41,65,69,71,58,98,,91,96,52,27,43,66,42,60,37,45,59,50,14,32,45,63,66,43,52,36,39,,30,,11,75,,32,91,106,93,39,41,8,15,,33,41,48,89,,,18,19,44,24,25,89,81,67,90,48,56,44,,16,34,38,22,51,44,42,10,54,,62,,60,46,77,8,23,46,34,26,20,44,29,82,88,79,103,104,10,20,63,33,121,132,26,44,92,41,33,48,37,91,73,,36,64,41,40,122,96,36,91,68,69,74,70,41,83,74,52,2,12,62,35,16,2,5,,82,87,18,106,126,57,53,127,10,53,48,38,29,46,97,48,97,43,108,22,28,46,92,88,39,49,13,41,79,55,98,61,48,107,74,104,87,13,80,40,114,126,112,69
20210423,6,CO,0.7,0.7,0.9,0.7,0.8,0.7,0.6,0.7,0.7,0.8,0.7,0.7,,,0.6,,0.9,0.7,0.6,,0.9,,0.8,1,,0.9,0.7,,0.7,0.8,0.5,0.8,0.9,0.6,0.7,,0.7,0.8,,0.7,0.9,0.4,0.3,0.3,,0.2,,0.6,0.5,0.7,0.5,0.6,0.7,0.6,0.6,0.3,0.5,,0.7,0.8,0.6,0.7,0.6,0.6,0.7,0.5,0.4,0.6,,0.4,0.5,0.5,0.7,0.7,0.8,,0.5,0.6,0.4,0.2,0.8,,0.7,0.8,0.8,1,1.4,0.7,,0.7,0.8,,,0.6,0.6,0.5,1,0.6,0.7,0.8,,1.4,1.1,0.7,0.8,0.8,,1.1,0.5,0.5,0.7,0.5,0.3,0.5,0.4,0.3,0.3,0.5,0.6,0.7,0.5,0.6,0.4,0.4,0.5,0.4,0.4,0.4,0.6,0.7,0.9,,0.6,0.6,0.7,0.4,0.3,0.6,0.7,0.9,1.2,1.4,1,1.3,1.1,,1.4,1,1.3,1.3,1.2,0.9,0.6,1.1,1,0.9,1.1,1,0.9,0.8,,1.3,1.3,0.9,0.9,1.2,1,0.8,1,1,1.1,1,0.8,,,,0.9,0.7,,1,0.8,1,,,,0.8,,1.2,1.1,1.1,1,1,1.2,1.1,1.1,1,,,,0.8,1.1,,0.9,0.7,1.4,0.7,0.8,,1.1,0.7,0.9,0.9,0.8,0.8,1.2,1.1,,1.4,,1.2,1.1,,0.8,0.6,,0.9,0.9,0.9,,0.9,1.3,0.9,0.7,0.6,0.7,0.6,,,0.6,0.6,0.7,0.6,0.6,0.5,0.5,,0.8,,,1,,1.2,1,,0.5,0.4,0.3,0.6,0.4,0.5,,0.7,0.6,0.9,0.7,0.7,0.6,0.5,0.5,1,0.7,0.7,0.8,0.7,0.8,0.6,0.6,0.6,0.8,0.5,,0.8,0.8,0.7,0.7,0.4,0.4,0.4,1.1,1,0.9,,0.9,1.4,1.2,,1,0.5,0.6,0.7,,0.5,0.6,0.7,0.7,0.6,,,0.4,0.8,0.7,0.5,0.5,0.6,0.9,1.1,0.9,1,0.8,0.8,1.2,1,0.6,0.7,0.7,0.6,0.8,0.9,0.7,0.6,,0.6,0.6,0.9,1,0.8,0.8,0.7,0.8,0.7,0.8,1,0.8,1,0.9,,0.8,1.1,0.8,1.1,0.8,0.8,0.8,0.8,0.6,0.7,0.7,0.7,0.5,0.8,,0.6,0.7,0.7,0.7,0.5,0.7,0.4,0.7,0.7,0.8,0.6,0.6,,0.6,0.7,0.6,0.6,0.6,0.3,0.4,0.7,0.7,0.4,0.5,,,1,0.8,0.9,0.7,0.8,0.7,0.9,0.7,0.6,0.8,0.4,0.5,0.6,0.7,0.5,0.7,0.6,0.7,0.6,0.5,0.5,0.6,0.7,0.5,0.4,0.6,,0.7,1.1,0.9,0.9,1,0.6,0.4,,,1.1,0.7,0.7,0.8,1.1,,1,0.9,0.9,0.8,,,1,0.6,0.4,0.4,0.6,0.6,0.6,0.5,0.5,0.6,0.7,,0.7,0.7,0.5,0.5,0.5,0.6,0.4,0.5,0.5,0.4,0.6,0.4,0.6,0.9,0.7,0.8,0.8,0.8,0.7,0.9,,0.6,0.7,0.8,0.8,,0.7,0.6,0.8,0.6,,,,0.7,0.7,,,,1.2,1,0.5,0.8,0.5,0.5,0.3,,0.5,0.9,0.6,0.7,0.8,0.8,0.5,0.7,0.8,0.6,0.7,0.6,0.6,0.7,0.4,0.9,,0.7,0.9,0.8,0.8,0.8,0.9,0.7,0.6,0.7,,1.2,1.4,1.7,0.4,0.5,0.5,0.5,1,1,1,0.7,0.6,0.7,0.5,0.6,0.6,0.5,0.5,,0.7,,0.8,1.2,1,1,0.8,,0.9,0.5,,,1,1,1.5,1,,0.5,0.7,1,,1.3,0.5,0.8,0.6,0.6,0.6,0.3,0.7,0.6,0.2,,,,0.9,,0.7,0.9,,0.9,0.6,0.5,0.8,1.1,0.9,0.9,0.3,0.3,0.4,,1.2,,,0.6,,1,0.5,0.7,0.2,0.5,0.5,0.6,0.8,,0.7,0.5,0.6,0.6,0.5,0.5,0.4,0.5,0.6,0.4,0.6,0.7,0.6,0.6,0.5,0.6,0.7,0.7,0.6,0.6,,0.5,0.8,0.9,,0.6,0.7,,0.7,0.5,0.6,0.7,0.5,,0.6,1.3,,,0.6,0.8,,0.8,,1.3,0.8,1,0.9,1.5,2,,1.6,1.8,,1.2,0.8,,1,,1.7,0.9,1.5,,1.1,1.2,0.6,0.3,0.3,,0.4,0.5,0.6,0.5,0.5,0.4,0.4,0.6,0.6,0.6,0.7,0.5,2.2,0.5,0.4,0.6,0.6,0.5,0.3,0.7,0.8,0.9,0.7,0.8,0.7,0.8,0.7,0.9,0.7,0.7,0.6,0.5,0.4,,0.3,0.5,0.5,0.4,0.4,0.5,0.5,0.4,0.3,0.3,0.1,0.9,0.8,0.9,,1.2,1.1,0.9,,0.9,0.8,0.7,0.9,0.7,,0.4,0.6,0.5,,1,,1.2,1.1,0.6,1.1,0.6,0.5,0.7,,,,0.7,,0.6,,0.9,0.8,0.8,,0.7,1,0.8,0.9,0.9,,0.9,,0.9,1.1,0.6,0.7,0.7,0.9,,0.7,0.7,0.7,0.5,0.7,0.8,,1,,,0.8,0.5,0.8,0.8,0.5,0.9,1.6,0.8,1,0.5,0.5,0.5,0.6,1.1,1,0.6,0.9,1,0.8,0.5,0.4,0.8,0.8,1.1,0.7,0.8,0.8,0.8,0.7,0.7,,1.1,0.2,0.6,0.9,0.8,0.8,0.7,0.8,,,,,0.8,0.8,,0.7,0.9,0.7,0.6,0.5,0.5,0.7,0.6,0.5,0.5,0.7,0.3,0.5,0.6,0.7,0.8,0.8,,0.8,0.9,0.7,,0.6,0.9,,1.4,0.5,0.5,0.6,0.6,0.6,0.6,0.5,0.5,0.8,0.7,0.7,0.7,,0.6,0.7,0.3,0.8,0.9,0.6,0.5,0.2,0.3,,0.3,0.4,,,0.3,0.8,1,0.5,0.5,,0.6,,0.9,0.8,0.8,0.7,0.6,0.5,0.3,0.4,0.6,,,0.4,0.5,0.6,0.6,0.3,0.4,0.5,0.4,0.7,0.6,0.9,,1,1,1,0.9,0.9,1.1,0.9,1.1,0.9,,0.9,1,1,1.1,1,1.2,1,1.1,1.1,1.1,1.1,1.2,0.9,,0.9,0.7,,0.5,0.6,0.6,0.8,,,0.8,0.4,0.3,0.4,0.2,0.9,0.6,0.9,1.1,,,0.4,1.1,1.1,1.3,1.1,,1.3,0.7,0.7,0.8,1.2,0.7,0.6,,0.6,0.8,0.7,,,0.7,0.7,,0.9,0.7,1,,0.6,,0.8,0.8,,,0.1,0.5,,,0.7,0.5,0.5,,,0.3,0.3,0.3,0.1,0.7,0.5,0.5,0.7,0.5,0.6,0.6,0.5,1.1,0.7,0.7,0.7,0.8,0.5,0.6,0.4,0.5,0.5,0.6,0.5,,0.4,0.5,0.6,,1,0.6,0.6,0.8,0.7,0.4,0.2,0.1,0.3,0.5,0.4,1,,,,0.4,0.5,0.7,0.5,0.6,0.7,0.5,0.8,0.5,0.4,0.6,0.5,0.4,0.5,0.8,0.5,,,0.7,0.2,,0.2,0.4,0.4,,0.3,0.6,0.9,,0.7,0.8,0.7,,0.7,0.9,0.7,0.8,0.6,0.6,0.7,0.7,0.9,0.8,0.8,0.8,0.7,0.9,0.6,0.5,,0.6,0.7,0.6,1.1,0.9,0.9,,0.6,,0.7,,,,0.8,0.6,0.7,0.8,0.6,0.6,,0.9,,0.9,1.2,0.8,0.8,0.6,0.8,0.6,0.8,0.6,0.5,0.6,0.6,0.2,0.7,0.5,0.5,0.5,0.5,0.6,0.6,0.4,,0.3,0.5,0.7,0.6,0.7,0.5,1.1,2.2,1.5,1.7,1.6,0.8,0.8,1,,,0.6,0.5,0.5,0.5,0.6,1,0.9,0.6,1.5,1.1,0.6,0.9,0.9,0.6,1.1,,0.9,0.9,0.9,0.9,0.8,0.8,0.9,1,0.7,0.9,0.9,,0.7,0.4,0.3,,0.7,0.7,0.7,0.8,,0.8,0.7,1,,0.9,0.7,0.8,0.7,0.9,0.9,0.9,0.9,0.7,0.9,0.7,0.7,0.7,,0.5,0.4,0.5,1.3,1.3,,1.1,1.2,0.7,0.6,0.8,0.6,0.7,0.5,0.9,0.7,0.8,0.8,,0.4,0.4,0.5,,1.1,0.8,,0.7,0.7,0.5,0.6,,0.8,0.7,0.7,0.7,1,0.8,0.8,1,0.6,0.9,1,0.8,0.8,0.6,0.6,0.8,1.4,0.9,1.6,1,0.7,1,0.8,1,0.8,0.9,1,0.8,0.9,1,0.9,0.7,0.5,0.6,0.8,0.8,0.8,0.6,0.6,1,0.5,0.4,0.9,0.3,1,0.8,0.3,0.7,0.8,,0.6,0.6,1,2.4,0.5,0.6,0.7,0.7,0.5,0.6,0.5,1,0.9,0.4,0.6,0.7,0.6,0.7,0.7,0.6,0.5,0.5,0.4,0.7,,0.7,0.6,0.6,0.4,0.5,0.5,0.9,0.8,0.8,1,0.8,0.9,0.7,0.7,0.9,,,0.7,0.5,0.6,,0.7,0.3,0.4,0.6,0.6,0.6,,0.6,0.7,0.5,,,,,0.6,0.6,0.7,0.6,0.6,0.6,0.7,0.4,,0.3,0.6,0.8,0.7,0.9,0.4,0.6,0.6,0.5,0.6,0.4,,,,,0.1,0.4,0.7,0.5,0.3,0.5,0.7,,0.8,0.5,0.5,0.5,0.4,0.5,0.5,0.5,0.5,0.5,0.8,0.8,0.6,0.7,,0.6,0.6,0.4,0.7,1,0.7,0.7,0.5,0.9,,1.2,1,,0.7,0.5,,0.4,0.3,,,0.5,,0.3,,0.4,0.4,0.6,0.6,0.6,0.6,0.7,0.7,0.8,0.8,0.6,0.5,0.6,0.5,,1,0.9,0.3,0.4,0.7,0.6,,0.4,0.4,0.7,0.7,0.3,0.3,,0.8,0.7,0.2,0.3,0.5,,0.9,0.5,0.6,,0.5,0.5,0.7,0.7,0.6,0.4,0.5,,0.4,0.7,,0.4,0.6,0.6,0.6,0.5,0.5,0.3,0.2,0.4,,0.3,0.2,0.3,0.3,0.2,1.5,0.4,0.5,0.3,,,,0.4,0.7,0.6,,0.7,0.3,0.4,0.5,1.4,0.3,1.8,0.9,0.7,0.6,0.6,0.6,0.7,,0.7,0.7,0.9,0.7,0.6,1,1,,0.6,,0.6,0.5,1,0.6,3.3,6.6,0.4,0.4,0.9,0.7,0.8,0.7,0.9,0.5,,,0.5,0.2,0.8,0.5,,1.1,1.4,1.1,0.6,,1,1.1,,,1.6,0.9,0.8,1.2,0.9,0.7,1.6,1.2,0.9,0.8,0.5,1.1,0.9,0.7,1.1,,0.8,0.8,,2.1,0.7,0.5,0.6,0.3,0.5,0.4,0.9,0.7,1.1,0.5,1,0.6,0.7,0.6,1.1,0.4,0.3,0.5,0.4,0.7,0.4,0.7,0.7,0.3,0.7,0.5,0.5,0.4,0.4,0.7,0.1,1.2,0.9,0.8,1,0.9,0.8,0.9,0.7,0.6,0.8,1.9,0.8,1.2,1.2,0.6,1.1,,0.8,0.8,0.7,1,0.1,0.6,0.4,,,0.6,0.6,0.7,0.8,0.8,0.3,0.7,1,0.5,0.4,1,0.9,0.9,0.9,0.4,0.7,0.7,0.8,,0.7,0.6,0.4,0.8,0.6,,0.1,0.7,0.6,0.9,0.6,1.3,1.4,1.2,1.1,0.7,0.8,0.7,0.6,0.8,0.5,0.9,,1.5,,1.2,1.1,1.2,1.1,1,0.9,1,1,0.9,0.8,1,0.9,0.7,0.6,0.7,0.6,0.5,0.7,0.6,,0.4,0.9,1.2,0.5,0.3,0.5,0.5,0.6,0.6,0.9,0.6,0.8,0.9,0.5,0.8,0.8,0.7,1,0.9,0.8,,0.8,1,0.8,0.8,0.7,0.5,0.6,0.6,0.7,0.6,0.9,0.5,0.6,0.7,0.4,0.3,0.3,0.9,0.9,0.8,0.6,0.8,0.5,1,0.4,0.6,0.2,0.9,1.3,1.2,0.8,0.8,0.7,0.6,0.5,0.6,1.7,0.5,0.5,0.7,0.6,0.6,0.8,0.7,0.6,1.1,0.9,0.6,1.3,1.1,1,0.5,0.9,0.6,0.7,0.9,1,,0.8,0.6,0.7,0.7,0.6,0.9,0.7,0.5,1.1,0.6,0.9,1.1,1.2,1,1.1,1,1.1,1.1,0.3,0.3,0.3,0.5,0.3,0.4,,0.8,0.4,0.7,0.8,0.6,0.6,0.6,0.5,0.5,0.5,0.5,0.6,0.8,0.8,,0.5,0.7,0.4,0.8,0.7,0.5,0.8,0.9,0.9,0.5,0.7,0.9,0.6,0.5,0.4,,0.4,0.8,0.8,0.8,0.6,0.5,0.7,1.1,,0.6,0.4,0.9,0.8,0.9,1.1,0.7,0.7,0.8,0.6,1,0.6,,0.6,,0.5,,0.1,1,0.8,0.5,0.8,1.4,1.3,0.7,0.9,,0.7,0.5,0.6,0.7,1.1,0.5,0.5,0.5,0.4,0.7,0.7,0.5,0.7,0.6,0.4,0.6,1,0.6,0.4,0.6,0.6,,0.9,,0.9,0.5,,1.3,0.9,1.1,0.8,0.6,0.9,1,0.5,,0.4,0.9,0.8,0.6,,,1.5,0.7,0.7,0.6,0.7,0.8,0.3,0.7,1,0.6,0.8,0.6,,0.5,0.8,0.7,0.6,0.6,0.7,0.5,0.9,0.8,,1,,0.4,1,0.7,0.6,0.8,0.9,1,0.8,0.5,0.7,0.7,0.7,0.2,0.5,0.4,0.6,0.7,0.7,0.6,2.2,1.2,0.8,0.4,0.5,0.7,0.7,0.9,0.7,0.8,1.8,0.8,,1.1,0.6,1,0.9,0.6,0.4,0.7,0.8,0.4,1.1,1.5,1.2,0.8,0.6,0.6,0.8,0.5,0.8,0.7,0.3,,0.8,0.8,,0.7,0.3,1.9,0.2,0.8,0.8,0.3,0.7,0.7,0.7,0.4,0.6,0.7,1,0.9,0.8,0.7,0.7,0.7,0.7,0.5,1.2,0.8,0.8,0.8,0.7,0.8,0.7,0.6,0.5,0.7,0.8,0.5,0.2,1,0.3,1.1,0.7,0.5,0.8,0.5,0.4,0.7,1.1
20210423,6,CO_24h,0.6,0.7,0.7,0.7,0.7,0.7,0.7,0.7,0.6,0.7,0.7,0.7,,,0.8,,0.9,0.9,0.7,,0.8,,0.9,1.3,,1,0.8,,0.6,0.6,0.5,0.7,0.6,0.5,0.6,,0.9,1,,1,0.9,0.4,0.3,0.3,,0.2,,0.6,0.6,0.6,0.4,0.5,0.6,0.4,0.5,0.4,0.6,,0.7,0.7,0.7,0.9,0.7,0.8,0.7,0.6,0.4,0.6,,0.4,0.6,0.6,0.8,0.6,0.6,,0.5,0.5,0.5,0.2,0.9,,0.7,0.9,0.7,1,0.8,0.8,,0.6,0.6,,,0.7,0.6,0.6,0.7,0.7,0.8,0.8,,0.9,0.8,0.7,0.8,0.8,,1,0.5,0.6,0.7,0.6,0.4,0.6,0.5,0.4,0.4,0.6,0.6,0.7,0.6,0.7,0.4,0.5,0.6,0.5,0.4,0.4,0.6,0.6,0.8,,0.5,0.7,0.7,0.5,0.3,0.6,0.7,0.7,0.8,0.6,0.6,0.6,0.5,,0.8,0.5,0.5,0.7,0.9,0.8,0.4,1,1,0.7,0.7,0.8,0.9,0.5,,1,0.9,0.6,0.6,0.9,0.8,0.5,0.8,0.8,0.8,0.8,0.6,,,,0.9,0.8,,1,0.9,1,,,,0.7,,0.8,0.7,0.8,0.6,0.7,0.8,0.8,0.8,0.9,,,,0.7,0.9,,0.7,0.7,0.8,0.6,0.7,,1,0.5,0.8,0.7,0.6,0.6,0.6,0.5,,0.6,,1,0.9,,0.6,0.3,,0.6,0.7,0.6,,0.6,0.8,0.5,0.5,0.6,0.6,0.4,,,0.4,0.6,0.6,0.5,0.5,0.4,0.5,,0.6,,,0.7,,0.7,0.6,,0.6,0.4,0.3,0.5,0.4,0.4,,0.7,0.5,0.8,0.6,0.6,0.5,0.5,0.5,1.1,0.8,0.9,0.8,0.8,0.7,0.7,0.7,0.7,0.9,0.5,,0.7,0.7,0.7,0.7,0.4,0.5,0.4,1.1,0.9,0.7,,0.8,1.3,1,,1,0.6,0.6,0.7,,0.5,0.6,0.8,0.8,0.6,,,0.1,0.5,0.5,0.3,0.3,0.5,0.9,1,0.9,1,0.8,0.6,1.1,1,0.7,0.7,0.8,0.7,0.9,0.9,0.8,0.7,,0.7,0.7,1,1,0.9,0.9,0.8,0.8,0.8,0.8,1,1,1,0.9,,0.7,0.8,0.8,0.9,0.8,0.7,0.8,0.9,0.5,0.6,0.6,0.6,0.4,0.7,,0.5,0.6,0.5,0.7,0.4,0.6,0.3,0.6,0.7,0.7,0.6,0.6,,0.6,0.7,0.6,0.6,0.6,0.4,0.4,0.8,0.6,0.4,0.5,,,0.7,0.7,0.8,0.6,0.6,0.6,0.6,0.5,0.7,0.7,0.4,0.5,0.7,0.7,0.5,0.6,0.6,0.7,0.6,0.5,0.4,0.5,0.6,0.5,0.4,0.7,,0.6,0.7,1,1,0.8,0.7,0.4,,,0.7,0.7,0.4,0.8,1.1,,1.1,1,0.8,0.9,,,1,0.6,0.5,0.4,0.6,0.6,0.7,0.7,0.6,0.6,0.7,,0.6,0.6,0.8,0.6,0.9,1,0.5,0.6,0.5,0.5,0.6,0.4,0.7,1.1,0.8,0.7,0.9,0.8,0.7,0.8,,0.6,0.7,0.9,0.8,,0.7,0.6,0.7,0.4,,,,0.5,1,,,,0.7,0.9,0.5,0.9,0.5,0.6,0.3,,0.5,0.9,0.7,0.9,0.9,0.9,0.7,0.8,0.8,0.7,0.9,0.6,0.7,0.8,0.6,1.1,,0.9,1,1,0.9,0.8,0.7,0.8,0.8,0.6,,0.9,1.1,1,0.6,0.6,0.6,0.6,0.8,0.7,0.7,0.6,0.6,0.7,0.5,0.5,0.5,0.5,0.4,,0.9,,0.7,1,1.1,0.9,0.7,,0.8,0.5,,,0.9,0.9,1.5,0.7,,0.7,1,1,,0.8,0.4,0.7,0.8,0.7,0.6,0.3,0.7,0.6,0.3,,,,0.9,,0.6,1.1,,1.1,0.8,0.8,1,0.8,0.6,0.5,0.4,0.4,0.5,,0.8,,,0.6,,0.7,0.8,0.7,0.3,0.5,0.5,0.6,0.9,,0.6,0.5,0.6,0.7,0.5,0.5,0.4,0.6,0.6,0.4,0.7,0.7,0.6,0.7,0.5,0.5,0.7,0.8,0.6,0.5,,0.5,0.9,1,,0.7,0.8,,0.7,0.6,0.8,0.7,0.6,,0.6,1,,,0.6,0.7,,0.8,,0.9,0.6,0.9,0.7,1.1,1.6,,1.3,1.5,,1.2,0.7,,0.9,,0.9,0.8,0.8,,1.1,0.9,0.5,0.2,0.3,,0.6,0.7,0.8,0.7,0.6,0.5,0.4,0.9,0.7,0.6,0.7,0.6,1.1,0.5,0.5,1.3,0.5,0.4,0.3,0.6,0.8,0.7,0.8,0.8,0.7,0.7,0.6,0.7,0.7,0.5,0.6,0.5,0.4,,0.3,0.8,0.9,0.8,0.8,0.7,0.4,0.4,0.4,0.3,0.4,0.8,0.7,0.8,,1.3,0.8,1,,0.8,1.2,1,1.1,1,,0.7,0.7,0.7,,0.9,,0.9,0.9,0.5,1,0.6,0.6,1,,,,0.8,,0.6,,1,0.9,0.9,,0.7,0.9,0.8,0.9,0.7,,0.7,,0.9,1.1,0.7,0.8,0.8,0.8,,0.9,0.8,0.8,0.6,0.8,0.8,,1,,,0.8,0.5,0.8,0.9,0.5,0.8,1.1,0.8,1,0.6,0.6,0.6,0.5,0.7,0.9,0.7,0.9,1,0.6,0.5,0.4,0.9,0.7,1.1,0.8,0.8,0.8,0.9,0.8,0.7,,1.6,0.7,0.9,0.7,0.7,0.9,0.8,0.7,,,,,0.8,0.8,,0.8,1,0.9,0.7,0.6,0.7,0.8,0.8,0.5,0.5,0.7,0.5,0.6,0.6,0.6,0.8,0.8,,0.8,0.9,0.9,,0.6,0.7,,0.8,0.6,0.6,0.7,0.7,0.8,0.8,0.6,0.6,0.7,0.7,0.7,0.7,,0.6,0.7,0.5,1.3,0.7,0.6,0.6,0.2,0.3,,0.4,0.4,0.2,0.3,0.3,0.7,0.8,0.7,0.7,,0.5,,0.5,0.4,0.4,0.6,0.4,0.4,0.2,0.3,0.4,,,0.4,0.4,0.5,0.5,0.4,0.4,0.5,0.3,0.7,0.6,0.6,,0.7,0.6,0.7,0.7,0.6,0.8,0.8,0.9,0.6,,0.9,1,0.9,0.8,0.9,0.9,0.8,1,0.9,1.2,1.1,0.8,0.6,,0.8,0.7,,0.5,0.4,0.5,0.8,,,0.8,0.4,0.4,0.5,0.3,0.8,0.6,0.8,0.9,,,0.4,1.2,1.3,1.4,1.2,,1.6,0.7,0.7,0.8,0.8,0.6,0.6,,0.6,0.8,0.7,,,0.7,0.7,,0.8,0.7,1,,0.8,,1,1,,,0.3,0.5,,,0.8,0.6,0.5,,,0.2,0.4,0.3,0.2,0.6,0.4,0.4,0.6,0.5,0.4,0.7,0.5,0.6,0.7,0.5,0.6,0.8,0.7,0.7,0.5,0.5,0.4,0.6,0.5,,0.4,0.5,0.6,,0.9,0.7,0.6,0.8,0.7,0.5,0.3,0.1,0.4,0.6,0.4,1.1,,,,1.2,1.3,1.3,1.1,1.1,0.7,0.8,0.5,0.8,0.7,0.6,1.8,1.7,1.9,1.9,2,,,1.4,0.5,,0.4,0.7,0.6,,0.5,0.5,0.8,,0.7,0.7,0.6,,0.6,0.9,0.7,0.7,0.6,0.7,0.8,0.7,0.9,0.7,0.8,0.8,0.7,0.9,0.8,0.6,,0.6,0.6,0.5,0.8,0.9,0.9,,0.7,,0.6,,,,0.8,0.6,0.7,0.8,0.7,0.7,,0.9,,0.7,0.9,0.7,0.7,0.6,0.6,0.5,0.7,0.7,0.6,0.7,0.5,0.2,0.5,0.5,0.5,0.6,0.6,0.5,0.5,0.5,,0.4,0.3,0.7,0.6,0.6,0.5,1,2,1.3,1.4,1.2,0.5,0.5,0.6,,,0.4,0.4,0.3,0.4,0.4,1,0.9,0.7,1.3,1.1,0.6,0.8,0.8,0.6,1.1,,1.1,1,1.1,0.7,0.6,0.6,0.6,0.7,0.5,0.7,0.8,,1.1,0.8,0.7,,0.9,0.9,0.9,0.8,,0.8,0.7,0.9,,0.9,0.7,0.7,0.8,0.8,0.8,0.9,0.9,0.7,0.8,0.7,0.8,0.7,,0.5,0.4,0.5,1.3,1.4,,1.1,1.1,0.8,0.8,0.9,0.7,0.8,0.7,0.9,0.9,1,1.1,,0.5,0.5,0.6,,1,0.9,,0.7,0.7,0.6,0.7,,0.7,0.7,0.7,0.8,0.9,0.8,0.9,1.1,0.8,1,1,0.8,0.9,0.7,0.7,0.9,1.3,0.9,1.5,1.1,0.7,0.9,0.7,0.8,0.7,0.7,0.9,0.8,0.9,1,1,0.8,0.6,0.8,0.8,1,0.8,0.6,0.6,1.1,0.6,0.5,0.7,0.5,1.3,0.8,0.8,0.8,0.7,,0.5,0.7,0.8,1.2,0.4,0.5,0.8,0.8,0.6,0.7,0.6,0.9,1,0.6,0.7,0.6,0.6,0.6,0.7,0.6,0.5,0.5,0.4,1,,0.8,0.6,0.6,0.5,0.5,0.6,0.9,0.9,0.9,0.9,0.7,0.8,0.8,0.7,0.8,,,0.8,0.6,0.7,,0.8,0.4,0.7,0.7,0.8,0.9,,0.6,0.7,0.5,,,,,0.6,0.6,0.7,0.6,0.7,0.5,0.6,0.5,,0.4,0.6,0.6,0.7,0.7,0.6,0.6,0.6,0.5,0.6,0.4,,,,,0.3,0.5,0.6,0.5,0.4,0.5,0.7,,0.9,0.4,0.5,0.5,0.4,0.5,0.5,0.5,0.4,0.5,0.6,0.8,0.6,0.7,,0.6,0.6,0.5,0.6,1.2,0.7,0.7,0.5,0.8,,1.7,0.8,,0.7,0.5,,0.5,0.3,,,0.7,,0.4,,0.4,0.4,0.5,0.7,0.6,0.6,0.7,0.8,0.7,0.7,0.5,0.6,0.6,0.6,,0.6,0.7,0.2,0.4,0.6,0.6,,0.4,0.5,0.3,0.7,0.4,0.4,,0.8,0.6,0.2,0.2,0.4,,0.8,0.7,0.5,,0.5,0.5,0.7,0.5,0.6,0.5,0.6,,0.5,0.6,,0.4,0.6,0.7,0.6,0.5,0.5,0.3,0.3,0.4,,0.4,0.2,0.2,0.3,0.3,0.7,0.5,0.5,0.4,,,,0.3,0.5,0.5,,0.6,0.4,0.4,0.5,0.8,0.3,1.3,0.8,0.9,0.9,0.8,0.5,0.6,,0.9,0.8,0.6,0.5,0.5,0.6,0.7,,0.6,,0.6,0.4,1.1,0.6,2,1.6,0.7,0.4,0.8,0.7,0.9,0.7,0.5,0.5,,,0.5,0.2,0.7,0.7,,1,1,1.1,0.7,,0.8,1,,,1.1,0.8,1,0.6,1,0.8,1.1,0.9,0.8,0.6,0.6,0.8,0.7,0.8,1,,0.9,0.8,,1,0.8,0.5,0.6,0.3,0.5,0.3,0.5,0.6,1,0.6,0.9,0.6,0.8,0.7,1,0.5,0.3,0.7,0.4,0.8,0.5,0.6,0.7,0.4,0.6,0.6,0.5,0.6,0.5,0.7,0.2,1.2,0.9,0.9,1,0.9,0.8,1,0.8,0.8,0.9,1.6,0.9,0.9,1,0.6,1.2,,0.7,1,0.6,0.6,0.5,0.7,0.4,,,0.7,0.6,0.6,1.1,0.7,0.3,0.7,0.8,0.5,0.4,0.7,0.7,0.8,0.8,0.4,0.8,0.6,0.8,,0.7,0.6,0.4,0.8,0.7,,0.4,0.4,0.6,0.5,0.4,0.6,0.5,0.5,0.6,0.5,0.6,0.8,0.8,0.9,0.5,0.9,,1.2,,0.8,0.7,0.7,0.8,0.8,0.8,0.9,0.9,0.8,0.7,0.9,0.7,0.7,0.6,0.7,0.6,0.5,0.7,0.5,,0.4,0.8,0.8,0.5,0.3,0.6,0.6,0.9,0.9,0.9,0.6,0.8,0.9,0.6,0.8,0.9,0.9,1,0.9,0.8,,0.7,0.8,0.8,0.7,0.7,1.1,0.7,0.7,0.8,0.6,0.9,0.6,0.6,0.8,0.4,0.5,0.5,1.1,1.1,0.9,0.7,0.8,0.3,0.8,0.4,0.6,0.3,0.8,1.3,1.2,0.6,0.7,0.7,0.4,0.5,0.5,1.6,0.5,0.5,0.8,0.9,0.7,1,0.7,0.6,0.9,0.9,0.7,0.8,1,0.7,0.4,0.7,0.5,0.5,0.6,1,,0.7,0.6,0.7,0.9,0.5,0.9,0.8,0.6,0.7,0.5,0.8,0.7,0.9,0.8,0.8,0.7,0.8,1,0.3,0.3,0.3,0.6,0.4,0.4,,0.8,0.4,0.7,0.8,0.4,0.5,0.5,0.4,0.6,0.4,0.5,0.6,0.8,0.7,0.1,0.5,0.6,0.8,0.9,0.8,0.5,0.8,0.8,0.9,0.6,0.8,0.8,0.9,0.5,0.7,,0.6,0.9,0.8,0.8,1.1,0.5,0.8,0.6,,0.6,0.4,1,0.8,0.9,1.1,0.7,0.8,0.8,0.7,0.9,0.5,,0.7,,0.7,,0.2,0.6,0.8,0.5,0.7,1.2,0.8,0.9,0.8,,0.6,0.5,0.7,0.7,0.7,0.4,0.5,0.4,0.2,0.6,0.7,0.6,0.7,0.7,0.5,0.4,1.1,0.5,0.5,0.6,0.6,,0.6,,0.9,0.7,,1.3,0.7,0.5,0.7,0.6,0.9,0.8,0.4,,0.4,0.7,0.6,0.6,,,1.8,0.7,0.5,0.6,0.6,0.8,0.6,0.7,0.9,0.5,0.9,0.4,,0.3,0.6,0.5,0.5,0.5,0.6,0.5,0.7,0.9,,0.9,,1,0.9,0.5,0.9,0.9,0.9,0.8,0.8,0.5,0.7,0.8,0.7,0.2,0.5,0.5,0.6,0.7,0.7,0.7,1,1.4,0.9,0.5,0.4,0.7,0.7,0.7,0.6,0.7,1.9,1.2,,1.3,0.5,0.9,0.7,1.2,0.5,0.7,0.5,0.2,1.2,0.8,0.9,0.6,0.6,0.5,0.9,0.5,0.8,0.8,0.4,0.7,0.6,0.6,,0.7,0.6,1.1,0.2,0.7,0.7,0.4,0.7,0.7,0.7,0.5,0.6,0.7,0.7,0.8,1,0.7,0.9,1.3,0.5,0.7,1,0.9,0.9,0.6,0.7,0.7,0.7,0.6,0.5,0.6,0.6,0.8,0.2,1,0.3,0.9,0.6,0.5,0.7,0.5,0.4,0.7,0.7
20210423,7,AQI,79,74,92,70,70,89,72,73,70,83,77,78,,,17,,27,22,21,,20,,73,21,,24,19,,73,77,85,88,75,82,79,,36,29,,54,27,32,29,29,,33,,69,52,77,63,57,67,105,79,66,63,,57,70,59,25,29,22,36,60,67,70,,70,53,54,54,63,83,,69,55,70,73,84,,62,119,118,87,89,83,,46,32,,,40,38,30,38,51,55,50,,54,55,47,53,49,,54,35,35,43,37,41,38,38,39,39,39,46,53,57,54,53,38,64,42,53,54,80,58,88,,50,55,63,72,67,78,83,60,122,110,112,127,133,,119,117,133,138,72,67,85,70,70,52,83,89,64,188,,100,85,120,70,70,122,73,82,88,139,,70,,,,92,92,,87,90,73,,,,72,,64,83,72,85,73,89,83,85,88,,,,104,103,,55,54,67,89,100,,79,97,88,104,62,69,68,28,,39,,60,55,,77,55,,92,58,73,,80,88,103,35,53,64,52,,,59,75,68,45,44,69,69,,104,,,57,,100,94,,21,40,31,50,19,36,,54,55,70,67,60,46,44,40,48,55,42,48,53,54,56,46,45,58,23,,44,40,52,49,26,31,22,39,42,33,,36,50,42,,53,34,52,46,,46,62,42,62,22,,,79,98,89,70,77,58,70,66,67,87,82,76,82,64,45,34,31,33,21,35,26,36,,32,35,53,42,37,46,35,42,49,28,45,31,58,62,,57,70,56,85,57,58,62,55,50,52,52,57,45,65,,37,68,56,66,50,58,42,38,54,53,54,47,,45,76,67,43,46,35,23,40,45,41,54,,,67,58,69,81,76,76,89,67,55,63,44,61,38,36,33,33,32,33,53,51,22,19,42,17,25,60,,54,45,45,53,59,57,57,,,46,64,60,61,59,,114,120,110,113,,,149,69,39,41,51,51,52,53,49,53,46,,54,60,59,61,54,56,30,35,31,30,31,36,68,58,70,63,67,67,55,89,,66,54,75,67,,57,34,58,43,,,,36,29,,,,54,48,27,32,25,29,24,,27,29,33,45,38,33,35,28,32,31,53,53,38,46,21,49,,56,51,53,34,39,52,36,44,39,,49,58,64,30,29,32,34,54,67,54,75,52,54,58,38,31,37,51,,27,,85,74,68,67,62,,63,65,,,49,54,54,79,,65,63,67,,98,83,89,67,95,27,31,32,35,31,,,,77,,80,55,,64,51,49,53,69,64,65,36,36,33,,64,,,54,,53,55,55,70,63,54,38,49,,37,22,31,23,47,42,44,51,51,53,43,52,52,51,41,44,55,51,52,40,,47,71,67,,42,38,,65,58,50,59,33,,44,55,,,103,,,51,,42,65,56,60,140,,,160,134,,92,,,87,,135,94,130,,95,63,30,44,25,,27,29,38,37,36,28,19,60,46,59,59,42,84,31,32,30,28,24,34,72,58,35,60,130,98,102,115,118,103,114,52,42,44,,48,54,52,66,67,66,51,40,38,43,34,58,58,59,,50,,79,,64,38,38,29,27,,32,34,31,,130,,,149,128,127,77,72,61,,,,54,,52,,91,93,110,,107,93,107,82,80,,83,,55,58,45,49,37,51,,31,36,43,35,42,26,,34,,,22,60,40,39,35,38,36,35,40,21,29,30,37,68,53,42,54,54,54,29,25,29,53,64,73,82,89,84,77,74,,60,54,55,59,68,62,69,52,,,,,73,65,,71,30,28,31,30,36,35,28,33,37,35,33,54,52,52,55,60,,59,65,72,,53,60,,80,35,36,44,40,44,56,39,57,70,67,70,79,,68,74,183,52,49,59,93,36,30,,22,26,46,30,39,70,75,56,56,,52,,92,77,77,109,89,36,43,26,26,,,37,20,66,21,35,29,38,,40,40,71,,78,98,100,68,60,67,67,67,72,,64,70,64,61,69,59,60,57,49,52,42,65,67,,58,58,,55,59,57,64,,,49,63,42,52,57,43,39,43,39,,,67,73,83,71,98,,70,65,65,71,76,77,94,,90,89,74,,,73,78,,93,59,82,,89,,64,61,,,49,34,,,54,54,45,,,51,50,47,45,41,40,48,38,38,38,42,39,46,40,40,58,42,52,41,34,50,40,40,52,,41,41,50,,39,29,50,58,46,30,33,31,43,38,40,110,,,,60,60,54,50,128,114,81,67,49,54,47,119,119,119,84,125,,,109,30,,24,69,69,,26,70,65,,64,62,70,,84,94,58,64,53,72,78,100,61,70,58,65,79,57,39,32,,26,25,32,53,70,58,,46,,80,,,,59,56,64,70,74,75,,44,,65,63,43,37,29,39,48,16,62,43,64,36,,32,45,27,52,57,60,40,21,,19,18,15,23,25,25,25,78,51,55,57,36,45,54,,,40,34,34,34,39,32,38,40,55,48,41,49,42,35,38,,47,51,43,43,34,36,36,35,57,62,61,,110,129,110,,104,119,119,65,,65,49,59,,54,52,56,57,52,56,68,55,48,53,77,92,72,,63,69,50,49,53,,57,53,45,74,49,49,52,60,69,62,34,33,,42,50,36,,45,29,,36,30,38,40,,57,52,15,30,40,31,,,23,39,,42,40,42,90,58,25,28,45,40,37,33,58,42,36,42,39,41,38,48,47,22,28,21,45,28,19,45,33,45,36,16,27,16,67,67,51,59,36,,28,29,42,55,67,68,73,51,43,49,42,53,51,35,39,49,54,59,54,55,50,34,35,26,,26,26,27,28,20,28,45,43,49,72,67,77,60,67,105,,,31,40,37,,35,38,28,28,31,38,,43,43,38,,,,,53,52,57,58,55,32,24,30,,44,32,40,51,51,51,46,57,59,58,54,,,,,31,25,37,52,54,64,37,,32,78,65,44,36,41,42,39,89,68,62,53,54,59,,82,78,65,63,108,67,50,43,79,,58,68,,29,24,,35,35,,,37,,34,,23,22,22,20,20,24,53,53,53,61,25,25,26,40,,55,43,11,22,26,88,,134,133,40,39,176,175,,40,43,18,17,23,,52,83,47,,36,40,30,22,22,30,52,,49,40,,,22,33,36,81,63,382,394,23,,21,28,24,69,52,30,30,31,28,,,,44,43,25,,40,25,25,21,51,30,128,58,22,25,24,84,79,,86,123,79,103,69,188,58,,47,,98,59,139,39,61,81,179,13,77,49,41,36,75,29,,,73,43,101,22,,52,48,53,39,,75,70,,,67,92,107,63,85,82,70,73,58,108,38,61,51,54,104,,20,45,,80,38,59,45,27,43,43,70,83,69,38,43,89,25,110,44,37,50,27,31,40,43,62,42,54,54,48,55,35,43,57,32,57,55,92,73,27,39,41,67,56,82,52,44,28,40,56,93,,58,36,92,70,37,27,28,,,45,103,78,40,52,33,51,73,59,103,85,51,59,88,18,55,62,45,,53,61,49,45,47,,145,115,31,103,85,140,127,135,114,80,78,48,35,122,57,53,,75,,64,85,38,50,50,75,92,85,74,65,62,58,42,58,54,51,54,53,100,,43,72,68,60,57,42,82,35,31,67,68,92,74,80,43,52,79,97,47,53,,107,118,90,75,82,72,32,49,27,42,90,26,,49,26,39,24,83,64,100,92,60,48,67,89,45,35,87,65,70,77,75,83,71,46,64,49,34,40,38,68,28,32,28,53,60,31,30,68,58,72,75,80,75,69,74,57,,83,57,45,51,45,59,53,33,89,66,64,63,54,52,70,79,38,57,64,25,27,37,32,23,,66,63,45,84,79,28,66,58,28,62,48,39,78,87,27,95,62,23,58,24,83,42,57,59,52,52,52,94,57,65,,113,98,62,53,54,37,31,17,,40,40,73,77,90,64,51,63,51,55,64,28,,46,,29,,42,62,62,75,63,36,40,27,42,,24,45,71,52,60,59,38,52,61,32,58,39,43,40,47,39,34,28,27,43,35,,104,,74,37,,26,64,72,61,63,61,105,33,,21,54,56,53,,,149,87,70,119,84,29,35,26,29,74,73,67,,94,82,86,83,92,84,82,71,77,,68,,133,55,66,65,52,53,64,62,52,55,64,49,26,21,218,316,34,20,92,139,83,72,55,54,84,46,63,66,56,43,49,,67,87,139,120,85,72,67,54,58,57,87,35,89,39,40,64,51,49,40,32,,76,55,,52,27,57,31,63,99,104,63,92,70,84,67,78,41,88,64,53,50,83,59,95,48,49,40,75,82,66,75,58,30,57,77,83,,142,48,202,66,42,84,28,29,85,53
20210423,7,PM2.5,58,54,68,51,51,66,52,53,51,61,56,57,,,8,,13,13,8,,9,,17,14,,15,9,,45,56,63,65,55,60,58,,25,20,,38,16,15,20,17,,15,,50,33,45,45,40,47,79,51,38,32,,27,51,24,17,20,15,23,43,48,45,,51,37,35,38,45,61,,50,39,51,53,62,,44,90,89,64,66,61,,29,22,,,28,22,21,26,27,39,31,,38,31,31,28,23,,38,16,8,10,11,8,7,9,11,14,12,32,30,32,29,37,26,46,29,34,32,59,37,65,,35,39,45,52,48,57,61,43,92,83,84,96,101,,90,88,101,105,52,48,63,51,51,36,61,66,46,141,,75,63,91,51,46,92,53,60,65,106,,51,,,,68,68,,64,67,35,,,,52,,46,61,51,63,53,66,61,63,65,,,,78,77,,39,38,48,66,75,,58,72,65,78,44,50,49,18,,27,,35,30,,56,39,,68,41,53,,43,65,77,24,26,46,36,,,42,55,41,27,26,43,42,,78,,,40,,65,70,,10,23,17,22,7,17,,38,39,51,44,36,22,22,28,24,39,29,31,29,34,39,31,31,41,15,,15,16,17,19,17,21,15,27,26,23,,24,15,14,,37,17,32,27,,29,44,17,44,9,,,58,73,66,51,56,39,43,36,40,40,48,41,44,37,30,18,17,17,13,24,14,18,,19,13,37,29,22,32,24,29,34,18,31,7,31,33,,32,32,28,62,29,8,36,33,23,21,24,25,25,27,,20,42,30,34,26,22,19,19,26,34,38,24,,20,48,41,30,25,21,16,20,27,16,24,,,38,30,36,53,45,46,60,41,33,40,26,31,20,22,23,19,22,17,22,21,9,8,10,10,12,17,,35,29,31,34,27,31,40,,,26,35,28,21,31,,86,91,83,85,,,114,50,27,22,31,34,29,29,34,31,24,,38,38,42,42,38,37,3,2,4,4,6,,32,34,36,28,35,35,34,34,,34,36,32,35,,40,22,23,23,,,,22,9,,,,38,27,13,15,13,8,6,,12,20,23,31,26,23,24,19,20,19,37,36,26,32,11,29,,29,27,27,19,16,27,19,19,19,,34,41,46,16,12,12,12,38,48,38,55,36,38,41,20,20,23,30,,18,,63,38,42,48,44,,45,47,,,34,38,38,58,,47,45,48,,73,61,66,48,71,12,8,7,8,,,,,56,,59,39,,46,22,34,37,50,46,47,19,15,12,,46,,,38,,37,35,32,51,45,38,26,34,,13,13,15,16,30,23,24,22,25,19,30,36,36,31,28,23,26,34,36,24,,22,50,48,,29,26,,47,41,35,42,23,,28,37,,,77,47,,25,,27,36,27,40,107,,,122,102,,68,,,64,,103,70,99,,71,31,21,16,12,,10,8,18,11,9,7,8,43,32,42,42,29,62,12,13,8,19,12,17,52,41,24,43,99,73,76,87,89,77,86,15,19,19,,26,36,35,46,46,46,27,19,13,30,13,41,41,42,,35,,58,,46,20,26,19,16,,22,19,2,,99,,,114,97,96,56,52,43,,,,38,,36,,62,69,83,,80,69,80,60,59,,61,,39,41,31,34,21,24,,12,25,30,20,29,18,,21,,,12,43,20,21,6,26,21,24,28,14,7,12,15,49,37,22,31,34,35,12,14,20,23,44,53,60,66,62,56,54,,43,38,32,34,49,44,50,36,,,,,53,47,,41,19,19,15,21,25,24,18,23,14,13,23,32,29,32,32,35,,42,47,52,,30,43,,58,20,22,29,28,27,29,26,32,51,48,51,58,,27,28,66,36,34,42,69,25,10,,5,10,16,13,13,51,55,39,39,,36,,68,56,56,82,66,25,30,18,15,,,14,10,13,13,17,13,25,,11,12,47,,49,73,75,49,43,48,48,44,52,,46,42,46,43,50,42,43,40,34,33,28,47,48,,41,27,,28,36,40,46,,,34,45,27,36,40,30,27,30,26,,,14,53,61,48,73,,51,42,45,39,40,34,70,,67,66,54,,,53,57,,69,42,29,,22,,29,25,,,34,12,,,31,19,26,,,35,35,30,17,26,28,33,26,22,26,29,27,32,28,28,41,29,25,28,22,35,28,28,36,,19,19,35,,23,20,27,32,13,15,23,19,30,24,28,83,,,,43,43,38,35,97,64,44,48,34,38,32,90,90,90,62,95,,,82,19,,8,50,50,,18,51,47,,46,44,51,,62,70,41,46,37,52,57,75,38,51,41,33,58,32,27,22,,18,17,22,37,51,41,,32,,59,,,,42,30,46,51,54,55,,26,,47,45,30,16,14,27,33,11,44,28,43,19,9,22,31,16,36,40,35,25,12,,13,5,10,9,9,17,17,57,31,34,37,24,20,27,,,13,14,14,22,27,17,24,28,39,23,20,34,29,22,26,,26,23,25,30,21,25,25,19,35,43,27,,83,98,83,,78,90,90,47,,47,34,42,,35,23,34,33,29,37,49,39,33,34,56,68,52,,45,50,35,26,28,,37,29,9,54,34,34,36,43,50,44,22,12,,29,35,15,,30,20,,21,21,26,28,,33,20,2,21,21,21,,,11,27,,24,25,29,37,41,8,16,31,28,14,16,41,29,25,29,23,20,25,33,14,14,14,11,18,18,13,31,23,21,25,9,12,11,40,30,2,27,25,,9,12,18,23,43,42,53,29,30,34,29,33,27,23,22,34,38,38,38,39,21,16,22,9,,10,9,14,19,13,19,29,30,23,52,47,56,29,48,79,,,17,25,21,,20,23,19,19,13,26,,25,30,26,,,,,30,35,36,41,39,12,15,21,,7,22,21,25,25,23,32,40,42,41,36,,,,,11,17,24,35,24,46,24,,22,57,47,27,23,19,26,9,66,44,44,37,36,33,,60,57,46,45,81,48,34,26,58,,41,49,,20,4,,6,8,,,8,,3,,7,7,9,11,9,10,31,35,37,26,9,8,8,28,,22,12,6,15,18,57,,46,67,27,27,52,41,,28,30,11,7,11,,36,61,31,,23,24,12,15,9,12,32,,34,28,,37,13,23,25,46,45,103,60,13,,14,19,10,22,18,1,5,9,2,,,,24,30,12,,28,9,13,9,25,20,97,30,5,12,7,62,58,,29,93,58,77,50,66,41,,30,,73,42,106,27,41,40,63,6,56,27,25,14,50,20,,,46,22,68,9,,30,29,32,17,,55,51,,,48,68,80,45,63,60,42,53,41,81,26,36,24,30,78,,9,31,,59,19,35,29,7,30,29,51,61,50,26,27,66,11,83,27,4,35,12,20,28,10,44,14,38,38,33,39,6,30,35,12,35,37,68,53,16,24,23,48,37,60,35,26,16,28,31,69,,41,25,68,38,14,16,17,,,21,77,57,28,32,4,26,53,40,64,63,17,42,65,12,39,31,31,,37,25,27,28,22,,51,87,14,77,63,107,96,103,86,59,57,29,24,31,37,37,,55,,46,63,26,35,33,55,68,43,42,27,44,40,17,24,28,22,22,27,75,,16,51,34,38,23,28,60,24,16,48,49,68,54,59,30,36,58,72,32,36,,78,89,67,55,60,41,22,34,10,29,67,18,17,34,18,27,14,61,40,75,68,43,33,48,66,31,5,64,47,51,56,55,61,39,30,42,34,9,16,25,49,19,22,15,22,42,14,16,49,38,52,55,59,55,50,54,40,,61,40,31,26,26,42,22,22,66,32,46,45,36,36,51,58,26,40,46,12,3,12,22,12,,45,45,31,62,42,12,32,27,19,34,33,17,57,64,8,71,44,11,41,12,61,29,40,42,36,36,36,42,38,47,,85,73,44,36,38,17,20,11,,28,28,53,43,67,46,26,45,34,39,46,19,,32,,20,,15,44,44,55,45,25,25,18,29,,16,31,43,34,43,42,20,25,9,22,41,23,28,22,27,27,22,8,12,22,18,,78,,54,25,,16,42,52,40,38,43,79,15,,13,36,36,33,,,114,40,51,90,62,6,24,5,2,54,53,40,,70,58,60,59,68,48,60,48,39,,44,,101,36,43,47,36,37,46,44,32,35,46,20,9,5,168,266,19,14,68,106,61,46,38,23,62,19,33,32,27,30,34,,48,64,106,91,63,52,48,38,29,40,64,24,66,27,28,42,32,34,28,22,59,49,33,,13,13,40,4,35,74,78,37,68,51,62,48,57,21,65,46,37,27,61,42,59,33,34,28,55,60,39,55,41,19,38,56,61,,108,33,152,45,29,62,8,4,63,29
20210423,7,PM2.5_24h,34,46,37,30,32,40,33,36,34,46,32,35,,,26,,30,28,26,,23,,29,27,,29,16,,48,44,50,48,45,50,45,,31,30,,40,28,20,28,28,,19,,47,43,44,39,38,38,42,36,38,30,,30,41,31,22,16,19,19,35,29,29,,30,39,33,36,41,50,,47,43,48,47,56,,38,59,57,54,47,46,,22,24,,,20,17,23,20,38,41,37,,36,38,41,41,45,,46,29,23,17,22,13,17,14,19,26,22,38,31,30,28,25,28,33,30,28,33,46,44,58,,48,48,61,47,53,68,55,60,38,35,38,36,41,,38,30,38,40,32,30,38,31,34,24,34,45,34,75,,35,33,57,34,31,66,42,44,41,58,45,29,,,,48,46,,44,43,31,,,,38,,32,36,38,32,37,40,36,39,60,,,,66,54,,34,65,62,45,48,,44,62,56,57,28,39,44,24,,28,,30,28,,38,42,,40,33,35,,39,40,45,27,16,24,21,,,21,38,25,23,19,22,23,,41,,,34,,40,44,,16,20,23,14,12,14,,40,37,39,32,31,29,24,22,24,32,31,22,27,28,34,31,28,31,16,,22,11,18,20,9,19,14,19,18,12,,14,9,8,,28,33,35,36,,43,49,33,42,16,,,19,20,16,13,19,13,39,33,34,37,38,36,37,35,30,20,13,18,17,22,19,16,,17,17,23,32,18,20,16,17,22,16,24,9,38,38,,35,34,32,46,36,47,38,34,24,23,22,22,21,30,,15,20,21,33,24,21,21,25,29,33,36,29,,30,47,35,27,28,25,22,24,25,20,24,,,36,33,38,41,43,43,34,24,30,28,25,29,22,24,24,21,23,24,24,22,10,12,15,11,12,16,,24,23,29,27,17,27,26,,,21,27,18,26,29,,99,91,72,75,,,97,54,28,30,34,36,32,35,36,36,28,,32,27,50,45,38,39,10,10,12,8,17,5,34,35,40,31,39,42,32,36,,36,34,36,34,,29,18,19,23,,,,23,21,,,,35,26,9,11,14,11,9,,21,19,21,23,25,23,19,16,16,17,23,35,18,25,14,35,,48,42,36,34,18,24,25,29,22,,44,40,52,28,21,21,21,34,35,33,54,31,40,39,16,17,16,18,,22,,23,23,24,24,39,,37,47,,,33,36,35,70,,65,52,50,,40,43,38,37,41,21,13,14,19,17,,,,49,,41,49,,56,35,33,44,27,28,29,23,23,24,,38,,,48,,40,41,46,34,28,24,30,28,,17,16,15,15,19,19,20,24,19,17,30,34,35,18,22,19,30,34,31,22,,17,49,42,,29,31,,37,32,32,29,22,,30,33,,,49,46,,25,,21,27,21,32,89,73,,92,70,,47,,,44,,66,47,60,,55,54,13,14,8,,20,23,23,29,28,20,15,41,37,37,40,35,42,9,14,20,18,9,18,54,40,33,44,50,37,36,43,46,42,32,22,23,18,,27,74,77,89,80,68,30,22,21,31,18,34,38,33,,34,,44,,37,37,36,31,32,,35,24,6,,66,,61,83,68,69,37,51,39,,,,35,,28,,65,67,77,,68,65,63,42,37,,36,,41,41,37,41,22,23,,21,19,19,20,17,18,,23,,,15,26,10,12,5,27,34,30,30,13,9,11,14,30,29,24,31,34,30,11,12,26,34,51,55,54,50,51,49,46,,35,23,28,28,36,41,38,33,,,,,49,42,,40,24,30,18,24,23,27,15,12,12,12,15,25,23,30,27,26,,29,35,45,,21,24,,30,28,28,34,33,30,35,32,44,40,42,40,47,,40,43,67,30,40,26,49,13,17,,9,8,24,44,16,45,44,36,36,,15,,24,17,17,23,20,13,16,13,14,,,10,11,10,12,15,12,22,,11,17,33,,37,39,35,35,32,36,36,34,33,,41,39,38,41,41,36,41,35,39,38,38,20,21,,40,28,,24,28,26,31,,,26,37,29,35,34,21,22,20,20,,,20,53,52,52,71,,53,29,32,22,24,21,38,,37,44,44,,,39,41,,36,28,20,,19,,37,34,,,35,23,,,35,35,23,,,26,30,28,20,24,26,27,32,30,25,28,30,21,25,23,30,51,32,40,39,29,24,25,27,,24,26,34,,21,24,24,24,24,22,22,17,29,27,29,88,,,,164,197,135,151,175,113,119,103,70,54,57,412,316,451,325,254,,,214,37,50,44,89,88,,59,39,32,,36,34,41,,51,53,30,43,23,37,33,45,28,36,26,24,42,26,28,24,,21,15,25,22,56,36,,29,,35,,,,25,21,25,35,35,36,,26,,34,36,33,21,15,26,26,20,31,25,36,19,10,17,20,15,29,38,30,27,16,,14,12,16,15,15,16,9,35,20,11,20,25,19,22,,,8,13,9,13,14,25,31,27,35,28,23,27,24,23,22,,22,24,22,24,19,21,22,16,31,33,21,,64,70,63,,64,68,64,48,,45,35,36,,32,32,35,37,32,32,37,37,34,34,34,39,36,,46,46,41,25,26,,32,26,11,27,25,26,41,49,50,49,20,18,,32,31,27,,23,21,,21,16,20,22,,19,11,14,18,13,18,,,17,25,,23,20,22,23,26,17,24,27,25,19,20,34,26,31,32,27,23,24,31,27,8,11,16,13,17,13,20,17,16,15,7,10,9,33,26,33,24,19,,9,14,19,18,34,33,32,25,29,30,34,33,32,36,31,32,29,33,33,30,26,28,16,18,,13,17,20,18,21,22,30,33,28,54,56,51,51,36,49,,,18,21,20,,21,21,18,21,31,33,,43,40,36,,,,,24,21,26,30,22,14,15,18,,9,22,22,25,23,26,36,38,38,25,40,,,,,7,7,40,42,28,28,23,,22,51,34,32,33,9,18,11,45,28,42,38,28,28,,43,46,43,43,53,41,26,18,39,,38,36,,21,3,,10,12,,,23,,5,,13,8,13,11,12,16,20,25,22,26,12,15,12,19,,16,10,9,14,16,40,,38,45,18,14,53,56,,21,22,13,10,8,,34,40,21,,20,23,20,19,13,10,24,,25,29,,34,18,16,19,175,164,68,49,8,,14,10,10,19,18,17,10,12,18,,,,16,14,16,,13,10,10,11,25,18,77,36,8,32,21,50,42,,22,56,44,76,26,47,33,,31,,47,45,106,22,39,42,76,10,38,43,34,19,38,12,,,29,20,36,31,,29,28,32,21,,44,37,,,25,51,53,33,42,40,25,23,24,58,24,32,20,26,52,,25,35,,50,26,39,35,4,25,27,39,46,34,15,14,24,25,64,27,14,23,27,21,32,8,32,27,35,35,31,36,10,25,40,20,26,30,67,45,20,23,22,40,29,52,32,20,19,30,29,62,,30,25,43,22,9,17,14,,,20,48,48,33,29,10,23,40,43,46,67,20,32,41,18,33,22,26,,34,17,20,28,18,,53,39,16,35,27,33,38,37,38,23,49,24,32,30,34,19,,42,,31,30,24,32,29,47,51,41,37,33,37,34,21,26,26,19,30,24,41,,11,39,33,31,20,30,44,44,13,36,48,41,46,32,27,28,64,73,27,28,,68,72,58,67,63,194,15,42,23,19,38,25,18,35,15,29,16,66,71,57,42,51,10,46,47,27,16,49,33,26,47,51,50,33,26,33,34,21,12,34,49,17,22,11,23,31,23,19,23,36,36,40,34,30,39,33,30,,47,29,37,34,23,40,32,36,42,33,33,37,34,37,39,32,17,32,31,21,8,10,11,13,,40,25,30,42,25,20,24,17,25,16,21,22,48,50,31,57,37,18,28,27,34,26,35,31,30,25,35,39,36,33,,70,74,41,38,89,24,19,16,,35,28,53,41,57,47,31,41,34,42,24,20,,33,,26,,16,23,37,49,48,38,39,32,28,,17,26,42,26,21,17,16,17,23,24,29,25,25,26,24,41,22,14,12,17,19,,28,,37,18,,21,32,35,31,35,47,51,18,,19,35,30,22,,,91,28,42,45,44,16,34,15,23,52,52,31,,44,46,37,39,43,30,36,36,35,,37,,93,32,37,47,31,40,27,45,24,31,43,31,9,5,313,376,18,24,46,59,55,46,38,24,36,28,33,33,24,27,34,,37,34,77,69,197,33,44,15,16,53,67,32,53,34,27,37,25,41,28,20,44,25,33,,17,50,25,6,29,45,56,33,44,35,36,37,33,23,54,51,47,37,173,33,52,19,32,26,47,37,32,36,26,17,42,35,44,,132,26,98,24,30,43,6,5,46,32
20210423,7,PM10,62,46,59,59,55,61,70,45,49,55,69,64,,,12,,27,17,13,,18,,96,21,,16,14,,95,78,80,81,93,83,91,,23,13,,15,27,21,20,29,,13,,79,54,103,62,61,83,136,108,82,75,,63,83,67,12,9,22,36,17,82,90,,90,51,58,53,69,66,,77,51,57,72,106,,60,129,112,101,101,92,,46,31,,,38,38,23,29,52,53,50,,50,60,47,56,49,,43,29,33,24,25,23,29,21,20,30,26,39,55,63,57,48,36,65,40,56,58,52,65,51,,49,45,52,56,46,46,93,55,61,60,62,63,76,,58,64,70,61,68,61,66,68,76,53,78,83,51,107,,87,62,62,86,90,88,70,57,62,67,66,46,,,,97,38,,83,95,95,,,,51,,75,94,93,73,85,90,61,78,105,,,,103,101,,60,44,36,68,68,,44,70,51,58,42,41,51,28,,35,,69,60,,87,56,,124,62,82,,110,107,105,35,56,72,53,,,66,71,85,45,44,87,88,,112,,,48,,150,103,,21,40,31,50,13,36,,55,57,86,83,69,46,44,33,48,46,36,48,56,58,61,46,39,51,15,,44,40,54,49,26,31,19,36,42,29,,36,50,42,,37,34,54,46,,46,56,42,68,17,,,89,102,78,73,68,66,89,81,84,123,114,101,114,77,45,34,31,33,21,29,26,36,,32,35,35,26,37,24,26,31,25,28,26,31,66,73,,63,89,62,120,63,66,74,60,50,54,53,63,45,79,,37,85,61,82,50,65,42,38,57,56,52,47,,45,102,83,42,46,35,20,40,45,41,57,,,83,66,87,111,101,102,128,84,59,76,44,72,38,36,31,33,30,33,56,52,22,19,42,17,25,69,,57,45,42,56,67,63,49,,,46,78,69,72,68,,97,116,102,109,,,159,69,39,41,51,51,53,56,48,56,46,,50,70,62,71,53,61,10,12,14,3,11,7,85,65,89,76,84,83,60,127,,81,58,100,84,,58,34,65,43,,,,36,29,,,,54,48,27,32,25,29,24,,27,20,20,24,27,27,27,24,32,31,31,56,29,33,14,49,,61,51,56,34,39,53,36,44,39,,47,61,68,30,29,32,34,35,41,27,54,53,50,36,38,31,37,52,,24,,90,97,85,75,55,,69,61,,,30,24,11,73,,40,68,57,,100,93,100,83,73,12,7,5,10,7,,,,73,,68,56,,43,51,41,52,58,51,61,14,22,24,,34,,,54,,48,59,59,31,38,39,37,40,,37,22,31,16,47,42,44,51,51,56,42,47,47,52,41,44,59,52,50,40,,47,91,76,,35,36,,45,48,44,60,32,,44,59,,,96,,,51,,42,79,61,69,98,116,,110,136,,62,,,63,,145,94,133,,110,76,28,44,20,,27,29,38,37,36,25,19,37,35,38,36,26,88,14,32,26,23,24,34,27,35,34,34,63,95,121,103,122,100,120,53,42,44,,48,57,54,81,84,82,52,40,38,34,34,49,50,45,,50,,72,,60,38,33,29,27,,31,34,11,,114,,109,165,134,128,82,75,72,,,,54,,52,,132,107,92,,120,94,117,78,80,,80,,48,55,40,47,37,51,,31,35,30,35,34,21,,34,,,20,29,40,39,18,34,36,32,38,21,29,30,37,70,50,42,58,57,57,29,25,28,55,78,74,81,85,89,76,72,,62,54,59,67,41,51,60,49,,,,,80,80,,91,30,23,31,30,11,18,28,32,37,35,29,58,53,54,60,70,,44,53,64,,56,69,,110,35,36,44,36,44,62,39,63,70,63,68,64,,86,98,315,53,42,47,41,15,15,,6,,46,30,39,67,61,61,61,,39,,72,63,63,82,54,22,33,18,26,,,37,19,81,21,35,28,17,17,16,17,91,,105,111,106,70,65,60,65,84,78,,66,90,62,72,73,55,54,48,41,53,42,66,70,,64,66,,59,68,46,76,,,27,41,42,42,52,40,30,40,39,,,84,80,84,92,54,,89,80,80,92,102,103,88,,92,81,69,,,87,66,,69,64,114,,128,,77,71,,,29,34,,,57,58,45,,,51,42,47,45,41,38,38,35,38,36,26,29,41,40,38,49,35,53,41,34,38,21,19,26,,41,41,41,,39,24,50,65,46,12,33,31,34,38,37,139,,,,40,53,40,48,103,178,111,61,45,57,47,125,107,111,100,115,,,112,30,,24,50,67,,17,68,66,,48,58,56,,78,70,53,72,37,55,70,65,72,82,66,80,72,63,39,24,,23,24,31,42,64,57,,44,,79,,,,60,61,49,67,80,82,,44,,51,54,35,37,29,30,34,13,74,43,78,36,9,23,30,27,52,54,70,40,21,,13,18,5,23,25,22,20,88,51,59,63,36,45,58,,,40,34,34,34,32,32,38,29,42,48,41,41,40,35,37,,47,51,43,37,34,36,34,35,64,74,71,,121,105,108,,113,102,101,35,,43,35,53,,58,54,61,63,54,61,58,50,47,56,79,73,76,,70,47,49,49,55,,64,55,45,39,39,42,30,37,45,38,34,33,,26,34,36,,45,28,,36,25,29,29,,64,53,15,28,40,31,26,23,16,27,44,42,40,32,130,39,25,28,35,30,37,33,27,34,34,30,39,41,38,35,47,22,28,21,45,28,16,34,29,45,35,16,27,16,84,83,51,68,34,,28,29,42,60,83,85,95,51,43,41,37,56,52,35,39,49,51,68,45,51,50,34,35,26,,26,26,27,16,20,25,45,33,49,71,83,62,70,81,85,,,31,40,37,,35,38,21,23,31,36,,43,38,34,,,,,55,54,63,54,59,32,24,27,,44,27,40,51,52,52,42,51,60,50,58,,,,,31,20,37,54,57,55,37,,31,61,53,44,36,32,42,38,77,86,33,54,57,67,,80,75,79,64,136,82,50,43,98,,59,61,,23,4,,10,15,,,19,,5,,10,10,22,16,20,24,56,55,46,72,10,11,17,21,,60,43,8,22,26,126,,217,216,40,39,302,300,,36,32,14,12,23,,48,61,47,,36,40,30,21,22,20,53,,41,30,,30,22,26,27,111,47,485,495,23,,20,25,22,87,54,2,13,15,6,,,,44,34,25,,17,12,23,21,52,30,102,65,12,17,12,88,84,,121,133,32,36,61,325,52,,47,,90,63,117,32,71,100,307,10,64,49,41,36,99,23,,,95,43,151,15,,54,48,56,39,,68,35,,,35,84,111,48,75,83,89,61,44,111,28,71,52,58,62,,14,29,,98,38,67,45,22,31,43,41,80,87,19,43,47,15,98,44,7,45,27,31,29,43,67,42,44,51,44,46,21,36,63,25,63,60,94,92,27,39,41,84,61,88,53,44,28,35,61,126,,60,36,83,89,37,27,28,,,45,77,60,31,53,6,52,78,68,155,104,52,53,80,16,54,74,41,,49,72,49,45,47,,240,80,31,57,76,66,73,89,59,64,68,48,35,194,63,56,,80,,64,85,34,41,50,84,126,119,97,79,72,65,42,66,57,51,58,56,136,,43,94,85,70,64,42,42,16,31,49,67,78,71,95,42,46,105,102,47,55,,163,128,88,64,112,93,25,49,27,34,72,21,,38,19,29,24,88,77,95,81,61,28,62,105,41,12,83,58,53,72,59,90,92,46,78,49,17,40,38,41,22,18,28,55,70,31,30,70,66,77,96,106,90,87,74,49,,75,38,29,52,45,51,56,33,109,81,69,56,58,42,74,83,31,46,53,23,27,37,30,23,,81,42,44,114,107,28,82,66,27,74,48,39,90,83,7,83,61,23,34,21,93,40,48,39,41,42,45,137,64,58,,128,96,55,55,46,37,31,17,,28,39,76,104,92,55,52,70,51,39,53,27,,35,,24,,14,66,64,96,52,34,40,21,40,,24,38,91,54,52,62,38,54,71,31,46,39,43,40,47,37,34,28,27,43,35,,80,,62,37,,26,78,67,71,75,72,120,33,,21,57,61,56,,,124,124,80,144,102,12,14,11,23,63,75,83,,91,114,121,115,112,118,82,92,104,,85,,108,60,81,54,52,29,53,52,53,59,51,49,13,17,348,338,34,20,105,187,91,93,60,57,42,46,76,81,62,31,47,,51,79,147,133,92,72,74,46,66,58,48,19,88,38,39,77,52,47,40,32,107,102,60,,53,20,49,12,75,46,115,75,52,67,65,52,69,41,81,27,46,50,85,68,139,44,34,26,88,44,82,65,40,28,64,68,90,,172,27,176,81,34,60,10,13,81,56
20210423,7,PM10_24h,36,42,45,39,42,36,42,44,36,46,44,51,,,33,,37,35,37,,39,,70,41,,35,28,,70,65,75,70,72,66,75,,31,33,,31,43,36,37,39,,35,,72,62,81,62,62,66,76,67,64,73,,67,69,75,24,20,29,19,21,56,50,,49,47,47,48,54,54,,65,71,63,67,86,,52,86,70,78,65,66,,36,35,,,31,32,32,33,66,69,68,,66,74,73,84,82,,76,53,68,37,30,32,42,30,37,45,35,75,64,72,58,54,51,73,54,51,66,81,88,98,,97,90,95,82,78,99,96,92,67,55,57,59,60,,62,48,58,51,62,52,53,55,71,37,62,69,53,61,,56,64,64,53,60,58,54,48,54,54,54,30,,,,63,37,,55,64,58,,,,60,,61,67,77,53,64,63,50,64,95,,,,104,84,,53,54,75,56,64,,51,59,45,44,44,37,51,34,,36,,48,48,,70,61,,87,60,68,,92,89,81,40,45,44,36,,,34,47,55,42,45,61,45,,66,,,63,,106,81,,40,36,42,32,31,35,,63,62,71,69,61,46,57,35,44,49,32,35,47,48,53,47,43,42,30,,49,41,51,51,34,32,37,30,35,14,,32,30,24,,26,51,62,57,,58,61,56,62,18,,,27,25,24,26,26,20,66,73,62,74,74,70,78,70,56,28,29,31,29,28,26,28,,28,31,27,20,26,24,23,22,19,26,24,21,78,73,,72,85,69,94,74,106,76,70,55,58,56,59,47,79,,37,47,53,83,55,56,49,51,69,67,70,60,,46,89,74,55,60,53,47,53,53,51,55,,,80,72,78,98,92,96,76,68,57,57,49,65,42,43,43,38,41,45,53,49,25,26,33,29,29,24,,47,32,47,52,49,54,52,,,30,55,47,53,59,,127,128,96,110,,,140,68,54,73,77,59,76,76,68,74,69,,52,52,98,63,72,86,19,37,52,25,48,29,84,72,111,78,86,75,70,112,,77,68,109,78,,54,32,42,38,,,,49,50,,,,63,63,36,33,30,36,32,,40,27,22,29,30,26,23,24,30,31,29,52,23,27,21,50,,55,49,54,46,43,50,48,49,54,,79,71,85,55,50,53,59,52,40,36,56,56,41,40,39,38,43,34,,33,,40,42,38,35,46,,60,67,,,47,34,32,64,,57,78,56,,58,63,60,54,42,36,24,23,32,32,,,,63,,50,66,,59,62,56,56,27,30,38,28,32,38,,30,,,73,,71,68,69,56,54,52,56,67,,35,32,34,34,40,38,39,52,47,53,57,56,63,47,49,50,65,65,62,42,,48,86,78,,65,66,,68,65,69,63,39,,59,55,,,66,80,,57,,40,54,67,59,85,87,,88,102,,51,,,50,,90,65,85,,80,59,32,32,30,,49,61,54,78,67,55,29,87,68,70,65,60,89,30,46,54,34,21,43,38,48,44,43,61,67,81,70,80,70,54,100,96,101,,96,116,131,137,139,110,62,52,43,60,48,42,47,41,,55,,60,,54,50,50,44,44,,52,46,8,,78,,78,116,88,87,64,67,67,,,,61,,53,,106,100,94,,90,84,86,64,56,,50,,55,51,56,53,44,45,,27,33,29,26,23,20,,29,,,24,30,30,21,11,37,52,47,49,30,37,27,36,48,47,46,53,56,50,27,27,40,65,74,77,70,73,85,70,70,,48,57,43,54,48,57,57,51,,,,,76,76,,88,32,44,43,54,37,33,25,30,32,32,39,64,54,59,58,49,,53,56,78,,44,45,,79,50,51,66,52,60,74,64,72,60,62,64,72,,140,148,317,71,47,42,49,14,22,,41,33,99,116,123,56,43,55,55,,22,,29,25,25,30,23,18,17,15,17,,,19,15,43,17,28,32,22,25,21,23,62,,72,74,64,57,57,51,62,66,62,,71,91,64,71,70,59,60,57,54,69,66,40,42,,74,76,,61,60,40,58,,,24,50,36,44,50,35,30,34,35,,,72,83,92,93,87,,95,64,63,56,64,79,52,,49,56,58,,,62,62,,48,49,57,,56,,71,60,,,43,56,,,64,63,40,,,67,67,39,36,55,56,44,46,53,40,43,38,37,43,43,60,73,74,74,65,36,28,33,32,,60,49,55,,55,59,68,61,54,39,68,57,55,61,50,125,,,,226,249,248,189,225,164,168,117,79,86,73,513,363,465,374,401,,,257,75,92,70,129,126,,43,49,49,,44,48,48,,50,56,46,53,34,37,45,40,56,62,51,57,54,47,34,33,,26,31,34,33,64,60,,38,,46,,,,49,45,38,50,47,51,,42,,44,43,42,42,34,44,46,28,52,44,66,30,12,25,28,27,58,58,76,52,35,,35,24,30,29,29,28,10,58,34,36,37,30,38,42,,,23,23,22,23,21,44,57,49,48,54,48,43,38,45,36,,38,41,36,37,33,33,36,31,49,59,57,,104,89,91,,88,73,81,62,,62,60,46,,58,53,56,57,54,53,49,51,48,48,51,52,57,,58,55,53,37,49,,50,52,50,37,28,35,38,45,44,42,35,37,,37,33,40,,31,26,,32,20,28,25,,29,24,26,30,42,32,33,32,28,32,36,32,35,31,44,35,34,28,37,31,31,41,39,41,44,42,39,42,38,39,46,13,21,18,30,32,16,25,24,30,26,13,20,14,72,59,70,68,51,,46,36,36,50,68,69,69,62,50,50,50,70,60,55,58,43,52,86,53,46,54,44,30,36,,34,50,39,30,36,33,47,49,49,72,78,74,72,51,93,,,34,30,34,,42,47,42,38,60,58,,57,51,54,,,,,39,45,51,53,44,24,27,40,,28,32,42,54,51,69,51,55,61,59,71,,,,,26,17,67,69,49,47,37,,39,67,60,54,60,23,45,36,76,71,56,71,47,50,,66,71,63,63,95,84,52,47,99,,67,66,,29,4,,31,42,,,42,,9,,20,15,22,31,25,32,47,56,41,38,16,23,23,24,,31,29,16,27,33,131,,131,133,31,34,316,344,,35,32,18,20,15,,74,72,41,,39,43,33,30,37,27,83,,60,70,,78,32,27,28,736,576,383,340,15,,25,28,25,76,75,184,104,124,103,,,,36,35,24,,12,37,37,37,56,33,82,74,21,41,33,83,54,,68,100,44,44,39,152,64,,30,,53,56,132,31,75,77,368,11,55,94,71,37,88,19,,,52,50,87,36,,63,64,78,36,,58,44,,,27,87,105,45,48,59,55,31,29,95,30,53,41,50,41,,37,51,,90,71,65,51,17,31,69,39,69,62,26,24,21,33,80,66,28,37,39,57,36,32,49,51,50,53,46,48,21,36,74,48,49,48,95,78,29,32,32,68,59,92,48,36,33,50,60,111,,45,35,51,71,28,32,24,,,44,59,58,45,37,17,41,68,69,168,96,41,53,53,38,60,56,34,,65,44,44,53,58,,248,66,34,52,48,52,56,55,69,39,47,47,51,88,48,30,,60,,56,45,38,45,47,80,107,100,86,88,83,73,47,62,70,53,70,48,106,,48,84,82,76,48,47,24,21,24,42,64,48,69,56,34,36,96,102,44,48,,119,95,88,83,96,260,37,51,38,29,63,31,31,45,26,36,31,101,117,79,65,69,18,56,63,32,27,64,34,27,63,52,74,77,51,59,59,54,28,40,39,23,29,25,41,57,53,40,54,68,69,50,69,55,63,49,49,,61,31,37,53,40,50,65,43,75,78,54,57,60,54,63,53,17,44,45,39,32,40,29,29,,79,62,48,91,69,47,54,47,42,51,44,53,85,68,15,78,51,26,29,22,56,45,46,41,36,29,44,85,54,68,,105,103,56,53,108,53,43,19,,41,56,82,93,84,74,56,68,43,43,36,26,,43,,33,,22,33,46,72,60,47,53,37,44,,27,52,87,45,35,35,37,39,56,36,49,49,56,49,42,61,40,27,30,40,35,,47,,43,35,,32,63,47,61,72,84,92,44,,37,63,49,40,,,103,63,61,82,82,24,25,29,34,64,93,53,,67,93,88,69,71,64,56,61,78,,69,,93,51,80,59,53,52,31,72,49,57,68,65,13,27,1137,1002,44,43,72,95,89,95,68,62,61,61,76,85,50,53,65,,51,47,103,89,259,67,82,19,22,49,44,24,69,57,74,76,45,60,37,27,65,61,60,,87,74,31,76,52,48,90,55,46,41,36,40,39,38,84,52,62,51,187,59,111,23,35,30,43,38,43,38,38,36,63,44,80,,175,47,135,47,50,55,9,19,64,40
20210423,7,SO2,3,3,3,1,3,3,3,3,1,4,2,3,,,5,,6,8,6,,5,,4,3,,7,2,,7,10,3,7,3,12,7,,5,9,,6,12,6,10,2,,3,,10,5,9,5,6,3,6,6,8,6,,7,6,5,3,6,8,5,6,5,6,,6,3,6,3,11,10,,7,6,7,6,7,,5,12,8,10,10,4,,8,5,,,7,6,8,7,7,11,12,,12,9,9,8,4,,12,4,6,4,10,4,8,8,8,5,1,8,5,5,9,6,5,6,6,10,5,20,30,17,,17,15,14,19,15,25,22,18,5,6,5,9,7,,4,10,10,8,11,3,10,4,5,2,8,2,1,8,,3,6,5,7,6,7,2,4,12,12,8,7,,,,8,6,,7,13,6,,,,4,,5,5,3,5,6,5,7,4,6,,,,2,7,,5,3,4,3,4,,5,5,5,16,7,7,3,3,,5,,9,9,,4,5,,6,6,2,,5,5,5,6,11,8,8,,,7,12,13,6,4,6,6,,7,,,3,,8,8,,5,3,4,5,4,6,,5,4,6,7,5,6,5,4,5,5,5,4,6,6,13,9,4,6,2,,4,6,3,3,2,3,12,1,4,2,,5,1,3,,5,6,6,6,,6,5,5,7,5,,,5,4,5,6,5,4,9,9,7,6,5,6,10,7,6,6,6,5,4,6,7,5,,5,6,9,5,4,8,5,8,6,8,6,8,10,10,,8,10,9,7,9,7,6,5,3,6,9,8,6,5,,5,5,5,8,5,7,6,5,7,10,15,6,,9,27,14,6,5,3,4,5,10,9,8,,,14,7,8,10,15,13,11,8,13,37,7,16,7,5,10,6,3,8,5,8,4,3,2,3,4,10,,9,26,10,20,11,12,8,,,22,19,5,3,10,,7,13,8,5,,,10,20,7,7,8,9,6,5,5,7,7,,10,22,8,8,10,10,3,4,3,4,4,5,11,6,6,11,8,9,6,8,,10,7,5,9,,7,4,7,7,,,,7,14,,,,14,16,5,4,3,6,5,,4,6,3,6,6,9,6,5,6,9,9,5,5,5,2,7,,12,8,11,9,16,45,7,6,10,,4,5,5,8,11,7,6,11,12,8,47,9,10,18,5,5,4,7,,2,,6,10,7,5,3,,5,11,,,10,5,5,9,,2,6,5,,74,15,17,8,4,7,6,5,8,10,,,,10,,7,8,,7,6,7,10,5,5,3,3,3,4,,5,,,6,,11,7,6,6,8,8,14,8,,5,5,6,6,5,6,16,5,32,31,4,7,14,8,7,8,6,8,6,12,,14,6,6,,14,10,,12,13,18,34,6,,15,10,,,8,7,,6,,20,15,12,25,9,9,,9,9,,2,,,2,,15,10,18,,12,10,12,31,5,,5,6,6,6,7,5,6,14,17,11,12,7,21,10,10,9,4,9,11,12,7,23,29,32,11,16,10,16,10,7,5,8,5,,4,6,8,7,6,5,3,5,7,11,5,5,3,3,,9,,6,,11,5,4,2,5,,3,3,4,,4,,6,3,6,2,6,14,11,,,,11,,6,,15,4,7,,14,7,14,5,5,,5,,6,9,6,7,9,6,,15,8,13,7,6,8,,8,,,6,1,3,1,2,5,4,4,6,6,6,5,4,13,6,8,7,8,5,3,5,7,11,16,3,9,9,7,4,8,,11,7,26,14,6,15,10,28,,,,,23,12,,8,7,8,4,2,1,17,7,7,6,8,5,4,4,7,6,7,,5,14,9,,3,3,,20,5,4,5,5,4,4,4,3,8,10,7,5,,7,8,1,21,18,10,7,1,4,,5,4,3,4,2,11,8,4,4,,5,,8,6,6,4,4,8,6,8,4,,,5,10,8,9,6,4,4,4,5,4,7,,8,6,6,7,7,8,5,5,7,,3,4,7,9,7,9,7,8,6,10,5,6,8,,5,5,,3,8,6,7,,,5,4,6,4,5,10,8,7,6,,,18,6,4,4,3,,4,8,10,14,13,10,6,,8,7,4,,,3,8,,10,9,13,,12,,11,15,,,5,5,,,12,9,23,,,2,4,7,9,5,6,5,19,9,16,14,16,12,11,10,14,2,4,4,5,7,7,9,8,,10,10,9,,15,8,16,16,7,4,9,8,7,8,10,13,,,,5,6,5,6,7,9,8,7,10,5,5,10,5,11,15,9,,,9,2,,2,7,9,,8,11,8,,6,8,10,,5,5,7,6,4,2,2,7,4,16,5,21,6,7,6,4,,4,3,3,7,5,6,,4,,5,,,,6,5,6,6,6,7,,8,,11,11,6,6,3,5,3,2,3,6,5,4,,8,1,4,5,7,16,3,4,,3,5,9,7,19,7,12,25,27,28,21,24,35,44,,,8,8,10,5,7,5,8,16,63,10,6,10,10,4,16,,23,24,19,6,6,5,5,5,1,15,24,,16,11,9,,13,10,10,5,,2,4,8,,5,7,10,5,12,9,8,8,8,8,6,7,6,,5,6,5,12,12,,14,13,7,4,4,6,6,5,6,8,4,4,,1,4,4,,6,3,,7,6,8,8,,9,6,5,5,7,7,19,6,5,13,17,9,12,8,9,10,1,3,2,1,1,4,4,4,4,2,6,9,5,7,7,4,6,5,5,1,3,4,3,3,3,6,12,6,18,10,6,8,16,,11,4,6,9,4,10,25,4,2,22,14,26,11,7,6,17,6,9,32,37,11,8,4,1,,4,3,9,12,7,5,10,7,10,4,8,6,7,9,11,,,6,11,10,,5,21,10,14,6,6,,5,5,7,,,,,8,6,8,12,9,13,15,13,,8,10,13,18,19,12,2,3,5,2,5,,,,,4,5,5,8,5,10,4,,5,8,5,10,7,5,6,8,6,5,11,13,21,20,,10,8,5,4,8,10,6,9,4,,12,8,,17,7,,8,4,,,3,,8,,11,9,5,5,5,4,6,16,13,10,5,4,18,14,,27,16,8,9,9,8,,2,7,7,6,4,3,,5,5,5,14,18,,5,4,5,,12,2,16,13,15,16,8,,4,9,,,10,3,5,4,5,4,5,5,,5,2,8,4,5,6,4,7,3,,,,5,5,4,,1,4,4,3,48,6,9,8,5,3,5,9,7,,14,10,9,4,11,9,3,,5,,10,7,7,8,22,39,7,12,10,6,10,5,5,4,,,4,6,6,5,,5,12,17,9,,7,4,,,9,10,2,6,10,6,9,8,9,4,4,22,24,16,5,,8,5,,7,10,5,10,2,14,8,3,6,6,10,4,2,4,13,10,7,16,4,2,2,8,7,6,6,5,5,3,5,11,5,7,27,6,6,9,7,9,5,7,8,14,19,22,8,6,9,5,,6,4,5,10,16,3,3,,,8,7,9,3,8,8,9,3,19,7,10,32,7,10,4,9,34,4,,9,9,9,26,31,,15,3,5,4,2,6,6,4,4,7,2,12,8,15,21,26,,12,,3,3,4,5,6,6,7,6,7,11,12,8,6,6,4,8,10,9,12,,15,6,10,10,6,3,5,2,11,8,7,4,7,7,2,4,7,6,7,7,,4,2,5,5,17,23,15,14,7,9,8,9,11,11,7,10,7,4,3,9,12,4,5,9,9,4,6,10,5,6,1,3,13,7,6,21,19,4,6,6,5,9,4,6,7,14,6,2,8,28,7,5,7,8,6,26,2,,8,3,2,12,35,3,7,2,6,7,3,7,7,6,6,4,12,6,2,2,6,9,4,5,,8,6,6,8,5,6,10,30,5,7,14,4,4,8,10,12,4,3,5,9,5,6,6,3,4,6,7,6,9,8,,5,6,9,34,8,9,8,8,,6,12,6,9,8,14,8,8,7,5,3,8,,7,,7,,6,5,6,10,8,10,13,5,13,,7,13,5,8,7,10,2,6,28,6,11,2,9,10,9,7,6,2,5,20,6,,6,,7,9,,6,11,12,15,3,6,8,4,,7,15,12,11,,,6,13,10,8,3,3,2,2,4,8,11,5,,19,5,9,4,7,7,8,7,6,,3,,13,6,2,6,21,26,4,6,10,9,9,6,6,6,9,7,3,4,5,21,3,20,9,8,7,6,10,11,7,8,10,,16,7,4,2,11,8,8,4,6,11,13,7,4,7,10,2,4,6,4,8,4,8,8,,4,5,10,3,4,4,4,4,3,3,3,3,3,20,4,7,5,10,14,23,7,5,4,6,3,3,3,2,9,8,8,4,9,,13,10,10,10,12,9,7,5,9,7
20210423,7,SO2_24h,2,3,2,2,3,3,3,3,2,4,2,2,,,5,,5,6,5,,4,,4,4,,6,2,,5,9,3,6,2,8,8,,5,11,,6,12,6,10,4,,3,,9,3,5,8,10,5,7,9,11,6,,8,8,6,5,7,10,6,7,5,6,,5,4,6,3,11,9,,5,6,5,5,7,,6,8,7,7,6,6,,8,6,,,6,8,8,7,11,17,17,,15,13,15,14,10,,18,5,5,4,10,4,8,8,7,4,4,10,6,7,10,8,6,8,8,11,7,19,23,19,,18,15,15,20,14,24,18,16,5,6,4,9,6,,3,9,8,7,11,4,9,4,6,1,4,4,1,7,,3,6,4,6,6,7,2,5,11,12,9,7,,,,8,6,,7,11,5,,,,5,,6,4,3,5,6,5,7,4,6,,,,8,7,,5,4,5,3,4,,6,4,13,10,5,8,3,2,,5,,5,5,,5,5,,5,6,3,,5,4,5,6,10,5,7,,,5,8,9,5,4,6,6,,4,,,4,,8,8,,4,3,4,4,4,6,,6,4,6,6,5,6,5,5,4,5,4,3,5,5,8,8,3,5,2,,6,6,4,4,3,4,11,3,7,2,,5,2,4,,6,6,7,6,,6,5,6,7,5,,,5,4,5,6,4,4,7,8,6,5,5,6,8,6,7,6,6,5,4,6,7,5,,4,6,8,3,3,6,4,7,5,7,5,7,9,11,,8,10,9,8,9,7,7,6,4,6,9,6,7,5,,6,5,5,9,7,9,7,6,8,7,7,8,,8,16,14,7,5,5,5,6,9,7,8,,,12,9,8,11,12,11,10,13,15,15,10,13,5,5,8,6,3,8,5,9,4,2,3,3,4,9,,8,8,10,10,9,12,6,,,7,7,4,4,8,,11,10,7,7,,,15,9,7,8,9,9,6,6,5,7,7,,9,16,11,11,16,16,3,4,4,4,4,5,12,6,6,9,8,8,6,8,,9,7,6,7,,6,4,6,7,,,,11,16,,,,15,17,5,4,3,6,4,,4,6,2,5,4,5,4,5,5,5,5,3,5,5,4,9,,16,10,13,14,10,11,7,6,7,,6,8,6,11,12,8,8,9,10,8,46,7,10,9,5,5,4,5,,3,,5,5,4,5,3,,4,7,,,10,5,5,8,,3,7,7,,27,13,18,8,5,8,7,5,9,11,,,,7,,7,8,,6,7,7,9,5,4,3,3,3,4,,6,,,10,,12,9,6,8,10,9,12,12,,4,5,6,6,5,6,6,5,11,8,5,6,11,9,8,9,7,7,8,5,,6,6,8,,15,14,,7,10,11,9,9,,19,11,,,6,4,,7,,18,14,14,16,9,9,,10,9,,3,,,4,,8,9,9,,12,10,8,15,7,,8,8,10,9,9,7,6,20,16,13,14,11,16,11,11,33,4,8,11,11,9,14,16,11,13,15,11,14,11,6,3,7,5,,4,8,10,9,9,6,3,5,7,11,6,5,4,4,,11,,14,,8,7,6,6,7,,7,5,4,,3,,4,4,3,2,7,10,11,,,,7,,6,,6,4,7,,9,7,10,4,3,,4,,6,8,5,7,6,5,,10,8,12,6,5,9,,7,,,5,3,2,1,2,4,5,4,6,9,6,5,4,6,5,4,5,7,5,4,4,6,12,16,8,14,13,9,9,9,,26,15,17,8,11,15,15,16,,,,,7,7,,7,3,6,7,3,2,13,9,6,6,7,6,4,5,6,6,7,,5,16,7,,3,2,,10,5,4,5,4,4,5,4,3,9,12,8,6,,11,80,19,26,17,16,9,1,4,,5,3,3,5,1,18,9,5,5,,5,,8,5,5,4,4,8,6,9,4,,,6,10,8,10,6,4,4,3,5,5,7,,8,6,5,7,8,8,5,5,6,,4,5,9,8,8,10,7,8,7,6,5,5,8,,5,5,,2,5,12,21,,,4,4,5,4,5,7,5,6,5,,,5,6,4,5,4,,4,6,8,10,8,10,7,,7,6,8,,,4,5,,11,8,12,,12,,14,18,,,7,5,,,12,9,18,,,3,4,6,8,7,8,6,15,13,10,22,13,11,12,11,11,5,7,7,8,8,9,7,9,,7,9,14,,19,17,15,13,5,5,11,8,7,8,10,13,,,,20,19,15,14,20,12,11,8,11,9,7,15,14,16,19,17,,,21,4,5,4,11,13,,9,9,7,,7,7,11,,6,5,3,6,3,1,1,6,8,14,6,16,12,9,5,8,,4,3,3,6,6,6,,4,,6,,,,5,4,6,6,4,4,,8,,10,9,6,6,4,6,4,4,5,8,6,6,2,5,3,7,6,8,9,4,4,,4,4,7,8,17,8,14,16,15,14,9,10,15,18,,,4,10,9,6,8,4,8,7,8,15,8,9,10,9,15,,11,12,12,12,9,9,8,6,15,20,25,,20,13,9,,12,9,9,5,,3,5,8,,6,8,10,5,11,8,8,8,8,8,4,5,3,,5,6,5,11,10,,10,12,7,3,4,7,6,7,6,8,5,6,,4,4,3,,6,4,,8,7,7,6,,7,5,5,6,7,7,10,6,6,9,12,12,10,7,11,9,1,2,2,6,1,6,6,6,6,6,8,10,6,7,8,4,6,6,5,2,3,3,4,3,3,6,10,7,17,9,8,9,9,,9,6,7,9,5,5,9,5,4,16,13,21,17,7,7,10,6,8,24,9,13,7,10,9,,13,7,12,12,9,7,11,8,10,6,12,8,10,10,13,,,8,13,9,,7,18,16,13,6,7,,6,5,9,,,,,6,6,8,7,7,12,14,12,,8,9,16,13,13,12,3,3,5,4,5,,,,,4,6,10,12,6,10,3,,5,7,6,8,7,5,6,8,6,6,11,10,12,13,,10,9,10,4,10,10,5,8,7,,27,8,,12,8,,10,6,,,4,,8,,11,8,6,6,6,7,5,12,10,6,5,9,13,11,,16,17,8,9,9,8,,4,6,4,6,5,4,,5,5,4,13,17,,6,7,12,,13,5,17,22,12,18,11,,9,12,,12,4,3,5,4,5,8,7,5,,6,3,10,5,5,5,3,5,4,,,,4,5,4,,1,4,5,3,15,5,9,9,5,3,4,6,7,,13,21,10,5,7,9,4,,6,,8,6,17,8,15,18,28,10,7,13,13,9,6,4,,,4,6,6,4,,9,15,16,8,,3,5,,,8,10,4,7,9,6,7,8,7,6,4,8,12,9,6,,6,4,,7,13,5,11,3,15,4,4,6,5,10,4,2,3,12,22,8,13,4,3,3,8,3,8,6,6,5,4,5,13,6,8,12,5,8,10,7,9,5,7,6,13,17,14,5,7,9,6,,4,4,4,8,14,3,4,,,7,5,9,6,5,8,7,4,9,7,9,13,7,9,4,6,7,3,,13,7,9,18,20,,28,2,5,4,2,5,4,3,5,6,2,15,11,19,13,9,,9,,3,2,4,5,5,7,8,7,7,12,10,8,6,4,5,8,9,8,9,,8,8,8,11,6,2,5,2,11,8,6,2,7,4,2,5,8,7,6,6,,5,2,6,8,15,24,13,16,10,8,8,10,10,10,7,9,8,8,7,10,9,8,4,5,8,4,6,8,5,5,2,3,7,9,6,9,19,6,16,6,6,8,5,6,7,8,7,5,4,20,7,5,5,8,6,18,2,,6,3,2,14,24,3,7,3,6,5,3,7,7,5,6,3,9,4,3,2,4,8,4,5,,7,8,6,9,4,6,8,10,7,6,5,6,5,8,11,14,3,4,5,8,6,6,6,4,3,4,4,6,6,8,,5,7,9,9,17,10,10,7,,8,12,8,8,8,16,8,8,7,5,2,10,,7,,7,,5,5,6,8,7,10,16,6,15,,7,23,6,8,7,7,4,6,10,6,14,3,10,10,11,11,6,2,5,9,8,,5,,6,3,,6,9,7,14,3,6,6,4,,7,25,16,8,,,7,9,3,9,2,3,4,3,7,8,6,7,,5,6,9,4,8,6,8,6,7,,5,,15,5,3,6,21,12,5,5,9,8,8,5,6,6,6,8,3,10,6,15,3,21,6,8,9,8,11,9,12,16,22,,17,4,3,2,19,9,8,4,6,10,8,8,7,11,12,7,4,6,4,8,4,7,8,,4,8,10,3,5,2,7,5,3,3,2,2,3,14,6,7,5,11,34,22,7,6,5,7,2,2,2,3,7,5,8,5,7,,9,10,10,7,11,9,8,6,10,8
20210423,7,NO2,46,9,48,51,48,53,53,28,13,25,53,37,,,34,,23,21,25,,25,,32,22,,18,16,,44,31,31,38,36,42,12,,17,19,,20,21,8,12,26,,11,,30,20,41,34,34,44,49,47,43,25,,25,26,23,32,16,22,29,16,64,53,,50,27,22,29,27,29,,26,29,31,32,63,,14,58,43,66,55,37,,30,43,,,49,32,30,15,8,21,23,,18,39,23,25,25,,27,19,22,7,13,8,12,10,7,10,7,41,48,45,33,36,26,25,25,63,72,42,64,29,,57,50,56,57,65,42,48,58,59,60,70,62,60,,59,52,68,54,38,30,15,30,18,27,17,21,18,52,,51,45,47,54,43,30,21,28,20,19,25,17,,,,38,23,,22,38,35,,,,24,,36,36,30,28,34,36,26,33,24,,,,26,22,,13,22,18,18,14,,18,17,41,42,18,40,12,20,,15,,22,23,,28,26,,42,20,33,,30,40,38,24,48,48,55,,,52,48,44,41,35,41,29,,52,,,46,,42,37,,28,33,21,17,12,18,,30,32,27,45,32,18,16,16,18,22,22,14,19,27,44,33,36,20,4,,31,27,26,29,11,27,16,16,29,8,,20,15,6,,12,20,20,15,,18,18,16,14,14,,,18,25,13,22,27,18,78,74,66,73,61,69,67,66,42,21,27,21,38,54,31,29,,18,13,28,20,24,19,19,38,30,16,25,10,60,55,,59,58,49,95,56,38,53,32,16,52,41,65,10,80,,27,38,76,44,25,52,10,31,40,46,39,40,,11,53,40,26,18,24,10,25,39,13,24,,,68,42,52,50,49,71,61,66,39,49,31,45,16,12,15,12,13,25,23,37,14,14,34,12,10,16,,46,65,56,40,60,51,31,,,73,59,79,28,54,,29,51,66,32,,,49,2,8,24,4,10,6,17,17,16,6,,18,17,24,30,20,24,8,3,7,8,8,3,34,47,44,56,44,53,27,65,,16,19,52,26,,51,11,44,49,,,,24,14,,,,18,20,16,16,11,14,10,,10,19,25,20,17,24,22,24,19,26,25,4,18,40,6,41,,52,49,34,50,40,35,22,23,23,,36,44,30,14,26,8,26,29,30,17,26,33,21,34,23,20,37,18,,7,,22,45,49,19,35,,25,22,,,11,13,19,27,,14,18,23,,30,25,23,26,11,28,18,18,11,14,,,,28,,26,9,,24,31,43,57,19,15,18,15,15,23,,14,,,26,,27,18,39,20,16,13,18,12,,22,20,35,18,38,20,25,25,25,25,21,28,31,14,10,13,21,27,27,14,,29,34,35,,18,17,,15,22,24,38,14,,34,24,,,26,22,,35,,44,35,35,45,23,14,,19,17,,15,,,13,,46,30,40,,34,42,52,55,17,,11,6,46,18,31,5,4,23,31,15,18,8,67,10,10,11,34,23,16,22,18,26,39,27,31,41,29,46,28,24,18,15,16,,8,27,20,18,29,23,17,24,16,22,16,24,20,26,,24,,26,,13,12,20,28,9,,9,23,3,,46,,44,50,39,55,22,18,19,,,,30,,44,,19,16,6,,54,49,44,15,17,,17,,26,21,18,20,28,21,,30,25,21,20,30,13,,19,,,6,16,12,9,8,11,20,9,27,12,7,12,17,37,33,16,35,40,32,5,11,11,37,44,42,24,34,26,20,8,,28,13,50,31,15,39,30,28,,,,,33,58,,47,18,17,19,17,9,12,6,4,11,5,9,23,14,28,32,25,,9,12,37,,31,38,,66,3,23,24,34,32,20,19,19,20,16,16,29,,17,17,8,25,23,16,23,3,5,,13,6,2,9,4,12,17,18,18,,15,,19,26,26,20,18,9,9,12,7,,,12,16,11,12,23,20,12,12,13,11,50,,55,50,41,36,31,34,34,42,47,,12,21,26,37,29,40,31,12,13,16,20,24,27,,28,29,,34,41,17,37,,,24,19,16,16,17,29,19,23,24,,,27,12,15,13,14,,12,49,55,43,51,53,30,,42,46,8,,,12,19,,45,50,72,,60,,16,18,,,16,11,,,10,14,15,,,13,17,10,11,7,8,8,23,14,7,20,14,21,35,27,28,29,17,19,18,13,7,12,14,,20,30,37,,38,24,21,58,22,10,16,30,9,16,13,67,,,,12,18,23,18,15,15,15,16,28,26,9,28,6,25,34,21,,,21,5,,7,16,18,,7,18,39,,25,38,25,,19,17,23,23,32,13,15,13,47,33,38,39,27,16,7,10,,4,9,8,20,17,20,,28,,44,,,,5,16,20,16,17,18,,16,,24,17,34,28,8,25,13,6,30,28,24,15,1,19,13,21,17,24,31,28,11,,13,6,14,15,27,14,6,25,27,35,21,15,22,32,,,16,9,15,13,15,4,16,16,14,15,8,10,11,8,20,,23,22,19,9,8,10,11,7,35,27,22,,18,28,25,,41,31,40,19,,21,20,35,,29,41,36,29,35,20,18,18,17,18,35,26,31,,26,21,20,31,32,,40,29,7,12,9,14,14,15,18,8,27,24,,20,28,21,,12,20,,9,5,9,14,,30,22,29,12,18,17,8,17,4,9,14,8,7,11,9,12,6,19,33,16,27,10,16,12,11,10,6,7,9,6,13,3,1,11,12,5,6,8,11,12,9,2,14,12,27,28,32,28,22,,10,13,27,32,38,38,47,25,9,6,10,13,12,24,19,16,22,24,22,20,18,27,16,27,,20,36,22,2,27,28,34,27,37,19,23,29,21,41,37,,,12,25,25,,37,35,33,33,49,42,,28,11,12,,,,,18,38,28,36,27,8,8,28,,58,8,19,12,21,14,5,8,5,4,7,,,,,1,3,7,6,7,13,28,,2,8,9,16,10,4,7,9,19,51,14,16,57,47,,7,7,10,10,37,32,11,12,53,,13,23,,11,17,,4,18,,,4,,4,,5,5,4,3,5,7,67,27,33,35,5,6,6,18,,36,25,8,24,13,38,,10,11,28,34,8,5,,12,9,12,14,34,,33,35,27,,14,6,27,16,22,11,14,,12,30,,13,29,12,14,11,13,6,7,4,,12,3,5,11,20,4,4,2,1,,,,12,14,4,,12,9,14,5,39,43,20,64,31,16,16,32,38,,66,42,16,27,52,39,28,,21,,27,19,46,13,48,42,8,19,18,28,15,28,45,5,,,53,38,51,18,,23,18,23,13,,19,20,,,42,23,23,17,28,30,32,32,29,26,18,65,37,19,12,,30,16,,51,17,26,28,3,38,16,10,8,16,22,14,16,15,30,36,19,19,8,10,4,28,36,19,6,6,5,4,7,42,20,7,66,40,34,42,26,31,25,20,30,46,47,17,42,27,30,18,,28,7,24,45,10,27,25,,,53,17,26,13,25,3,22,28,32,21,48,34,19,51,10,38,44,19,,42,50,27,26,37,,10,75,17,60,29,47,61,64,56,59,41,33,43,16,29,27,,29,,28,17,21,24,22,40,57,56,50,47,58,48,19,46,55,25,36,35,65,,16,30,65,35,27,22,30,27,31,27,13,21,19,20,14,13,36,26,48,43,,41,51,31,16,45,43,22,26,17,11,31,10,30,53,12,39,10,50,16,51,27,29,24,29,26,12,19,28,19,20,27,26,26,52,9,85,67,12,23,15,17,10,5,9,21,43,14,11,37,29,38,31,43,61,51,35,10,,25,23,11,49,15,23,21,15,48,23,23,29,21,22,36,26,22,21,23,8,17,22,20,5,,20,10,21,43,60,12,36,21,8,42,11,19,37,57,14,28,16,22,34,15,30,23,33,14,14,21,29,63,43,19,,33,18,33,35,26,13,21,11,,37,23,27,49,34,47,42,36,18,14,18,16,,12,,13,,6,21,24,35,22,13,11,17,21,,16,12,38,19,37,28,13,29,44,18,13,9,22,12,11,11,3,24,9,15,18,,56,,22,18,,5,21,25,14,18,20,48,30,,28,28,22,8,,,30,41,37,41,35,10,26,26,21,23,24,61,,43,42,42,54,45,41,49,51,40,,47,,27,38,17,37,28,31,24,20,23,34,24,20,5,6,4,7,28,27,43,55,11,22,22,41,17,41,51,67,31,19,42,,34,21,43,51,44,22,48,27,20,16,30,14,33,11,14,37,36,22,9,10,39,43,34,,13,5,34,1,8,16,25,7,21,24,51,15,58,48,23,10,25,44,41,24,52,16,7,14,30,8,41,39,52,60,10,19,22,,57,15,63,45,24,46,7,5,22,11
20210423,7,NO2_24h,27,19,34,27,42,28,39,31,18,29,41,37,,,24,,25,23,23,,25,,34,27,,24,20,,26,23,28,21,20,26,15,,26,33,,35,33,22,24,33,,28,,28,19,23,31,34,32,33,26,34,26,,24,24,29,32,20,26,15,17,28,33,,32,25,19,25,24,26,,21,24,31,28,54,,16,36,33,48,42,36,,24,28,,,27,22,23,16,19,28,30,,23,34,28,36,38,,35,31,38,15,19,17,26,18,10,22,13,45,34,42,32,34,18,21,34,28,35,32,36,27,,33,34,41,36,45,32,25,44,41,49,45,47,41,,44,25,34,34,40,39,22,41,34,31,26,35,35,34,,54,54,49,43,56,49,42,59,44,43,48,19,,,,28,22,,19,33,26,,,,38,,28,58,47,24,54,49,35,68,47,,,,48,47,,12,32,29,33,30,,36,19,29,29,20,32,22,28,,21,,21,22,,49,36,,66,26,48,,51,66,50,26,50,36,48,,,20,38,34,36,29,44,27,,34,,,64,,47,44,,22,24,27,20,14,20,,32,39,32,43,35,16,21,23,20,24,22,13,19,19,26,24,30,18,12,,27,22,22,23,14,17,21,25,44,15,,23,23,6,,17,25,21,20,,24,20,25,17,10,,,21,20,12,15,17,15,41,38,32,36,38,37,37,44,20,23,27,27,37,36,30,31,,17,15,28,20,24,15,13,22,19,15,23,10,44,39,,52,59,40,60,45,70,48,34,17,30,39,35,26,57,,17,24,44,34,22,29,12,16,34,31,29,28,,11,51,36,18,18,16,13,16,21,18,19,,,49,39,42,35,33,42,38,38,41,38,21,26,13,13,15,10,11,22,27,25,11,11,17,8,8,12,,38,30,47,46,39,47,34,,,31,54,46,39,50,,45,43,47,41,,,59,14,13,34,10,11,13,21,26,27,11,,17,15,44,31,34,41,8,5,10,9,16,5,39,51,42,52,49,56,45,49,,31,37,49,38,,39,12,30,34,,,,21,15,,,,24,22,23,27,12,18,16,,13,14,28,19,17,19,24,26,20,25,25,4,18,29,7,29,,26,34,23,27,21,24,22,22,18,,40,45,39,19,17,16,22,27,27,22,32,34,32,37,20,14,17,14,,14,,30,32,35,28,24,,17,20,,,18,19,24,28,,23,28,26,,24,19,16,23,10,21,14,14,15,14,,,,29,,29,13,,30,31,28,37,23,17,15,17,20,28,,16,,,31,,29,22,33,19,17,15,18,17,,12,10,14,10,12,7,12,14,15,11,24,27,34,10,8,10,31,28,19,7,,9,39,37,,18,19,,14,16,15,17,15,,31,20,,,32,25,,26,,26,24,29,33,25,20,,22,20,,28,,,22,,32,33,30,,31,28,16,15,15,,21,18,33,24,19,18,8,24,31,24,26,17,36,10,17,33,16,16,12,29,30,27,34,28,25,29,24,25,26,13,12,14,12,,6,29,34,29,36,24,14,18,13,15,13,32,31,38,,34,,38,,20,26,30,39,25,,37,30,6,,28,,26,28,19,27,24,21,29,,,,29,,25,,15,22,11,,34,34,21,14,17,,16,,32,28,23,27,25,25,,29,32,30,17,22,16,,20,,,8,13,16,11,7,11,25,12,21,8,10,8,7,18,23,22,25,30,27,5,7,21,38,41,41,26,40,35,35,26,,32,20,38,18,18,36,31,30,,,,,31,44,,40,16,21,19,18,17,17,12,8,13,8,15,17,13,35,35,34,,18,23,36,,28,27,,39,10,22,29,29,26,24,25,26,28,34,33,36,,13,15,20,22,20,13,22,5,7,,15,7,5,12,7,17,22,24,24,,15,,13,18,18,24,20,6,5,18,12,,,9,14,15,16,19,19,15,16,11,11,43,,48,49,38,46,33,47,48,52,46,,28,35,59,56,59,40,40,35,35,33,29,23,25,,44,39,,36,40,13,31,,,25,19,15,15,23,18,11,17,13,,,27,16,18,18,20,,16,37,35,33,39,39,21,,26,29,10,,,14,13,,24,32,49,,42,,16,21,,,19,14,,,9,14,13,,,11,12,13,17,8,8,8,29,19,11,22,21,14,20,24,23,26,27,28,23,16,12,16,17,,18,24,23,,23,29,24,27,16,14,8,23,11,12,9,38,,,,50,45,66,43,35,27,31,19,24,22,12,65,52,71,69,57,,,49,15,13,11,22,26,,12,19,36,,30,39,24,,20,15,17,19,25,10,13,16,34,23,31,43,38,21,13,15,,4,14,12,19,24,28,,18,,21,,,,10,20,18,19,17,16,,19,,21,19,27,21,13,24,12,11,28,28,27,12,2,13,11,12,24,28,32,28,12,,15,7,16,16,21,16,7,17,20,23,15,12,17,22,,,13,10,14,13,13,7,18,16,15,13,10,11,10,9,15,,18,16,16,7,9,11,11,7,22,22,28,,22,40,37,,30,24,30,24,,24,25,23,,27,18,20,17,15,15,15,16,15,14,27,24,25,,14,15,14,30,24,,32,26,8,14,15,15,19,23,20,18,25,24,,30,27,26,,10,16,,13,8,15,16,,14,15,18,10,19,13,11,17,6,12,12,10,12,14,11,15,5,16,17,14,22,13,17,12,12,11,11,8,12,9,15,5,5,9,7,5,5,10,11,11,12,5,8,9,31,34,31,30,24,,19,15,15,23,24,21,25,27,11,12,13,11,14,23,24,13,15,25,17,14,10,13,26,35,,34,21,19,12,19,24,23,18,28,19,25,27,25,23,42,,,9,15,12,,26,36,29,29,41,39,,37,14,28,,,,,12,23,25,29,24,13,11,28,,32,7,11,11,13,19,7,10,6,9,10,,,,,6,8,18,21,11,13,25,,4,10,10,16,17,5,9,9,22,36,13,15,22,22,,7,9,9,10,36,38,13,11,34,,11,16,,11,8,,9,25,,,9,,5,,8,7,7,8,10,21,30,41,32,21,4,7,10,16,,20,19,7,21,14,21,,15,16,25,32,14,13,,14,12,10,14,13,,29,36,20,,15,10,18,18,13,13,18,,18,19,,19,19,13,14,13,15,13,10,4,,12,5,11,16,25,4,5,3,2,,,,9,11,6,,8,13,17,6,26,21,22,47,28,24,21,24,24,,54,34,29,34,39,50,48,,15,,30,18,54,12,40,33,22,13,19,28,26,22,47,8,,,27,21,44,20,,25,22,20,14,,20,42,,,46,46,54,20,23,22,45,35,24,50,23,52,29,31,23,,26,24,,45,16,21,19,4,25,12,15,8,15,13,15,9,20,17,37,22,14,14,12,12,28,22,15,6,8,6,6,10,28,25,22,60,27,34,38,21,19,20,21,31,41,36,16,33,34,40,20,,25,8,32,30,8,24,23,,,32,19,22,27,25,3,21,35,25,15,29,21,26,27,12,25,23,21,,22,33,21,17,25,,18,45,30,49,22,25,37,40,42,25,24,25,29,18,19,17,,25,,18,25,26,30,36,39,58,52,53,45,50,40,20,42,38,15,24,24,46,,12,27,48,19,20,25,25,28,23,33,16,15,25,15,19,18,27,19,27,24,,29,26,18,14,25,56,23,29,19,14,26,11,19,42,9,38,20,54,40,37,23,24,10,31,16,16,22,26,31,27,20,20,28,30,11,19,52,28,18,22,22,11,7,6,14,32,17,14,26,18,48,28,52,36,39,30,16,,27,22,17,30,18,36,30,24,43,19,32,30,43,43,48,41,20,36,25,9,21,18,23,6,,35,13,18,47,32,9,24,9,12,20,6,13,40,38,22,20,21,24,27,20,23,25,37,23,12,13,25,38,30,29,,26,15,16,21,26,8,27,12,,25,26,30,39,26,43,34,28,18,22,28,18,,16,,25,,10,18,17,26,20,17,17,24,21,,17,13,33,28,15,16,16,24,24,16,14,13,21,17,9,11,6,14,4,9,10,,26,,18,10,,16,19,13,28,29,32,34,30,,38,23,17,4,,,38,31,25,26,37,23,32,46,35,27,31,33,,42,44,35,32,27,24,31,29,21,,26,,24,18,21,30,32,25,28,33,30,36,37,25,4,8,5,12,24,31,42,36,15,21,21,36,16,27,41,47,29,24,42,,34,26,28,26,53,24,43,21,17,22,30,21,29,16,19,41,32,26,15,17,60,55,36,,8,12,41,2,11,33,24,10,27,26,33,18,34,32,21,15,20,33,57,25,34,18,23,27,22,18,33,28,28,30,13,21,29,,41,16,38,39,28,33,5,4,26,14
20210423,7,O3,15,30,19,15,21,6,3,30,24,29,6,13,,,54,,66,69,65,,62,,54,62,,76,60,,28,51,39,26,28,38,96,,87,89,,93,82,101,92,84,,104,,44,61,42,56,48,34,19,19,42,47,,55,58,44,20,9,21,16,12,14,23,,26,41,37,35,31,33,,42,46,40,44,11,,35,9,36,7,19,9,,61,49,,,28,58,55,88,85,59,46,,50,49,63,54,66,,57,109,110,136,116,131,119,121,124,122,122,61,51,58,67,69,52,57,65,28,22,32,13,37,,31,33,47,30,20,26,29,22,9,20,2,17,11,,21,6,9,6,20,38,39,38,42,28,39,32,33,6,,16,22,13,9,26,35,28,21,25,28,23,24,,,,22,36,,41,29,23,,,,43,,11,30,26,23,33,27,37,44,44,,,,47,46,,17,35,38,30,32,,32,23,13,7,24,13,31,38,,38,,37,36,,36,15,,21,26,28,,26,27,24,9,10,19,13,,,15,16,14,8,12,12,16,,11,,,18,,15,19,,24,13,29,47,60,48,,8,3,11,38,5,33,39,29,56,41,44,43,43,39,25,28,42,41,73,,15,19,14,16,9,38,43,35,34,48,,41,40,37,,40,79,71,74,,78,75,81,69,70,,,54,44,57,52,47,51,6,10,6,5,1,6,6,6,3,76,66,71,54,31,50,65,,60,71,38,51,37,47,49,28,36,61,49,41,8,3,,3,5,13,1,9,7,3,12,24,6,13,2,42,,,7,3,5,25,16,32,13,25,13,7,18,10,,41,3,1,31,42,15,15,30,14,55,27,,,6,,10,12,22,17,19,10,8,8,10,6,44,46,49,47,42,35,34,19,36,46,30,44,40,61,,4,3,6,26,4,6,18,,,5,4,3,9,5,,26,8,4,13,,,15,86,92,76,97,94,94,75,87,79,98,,117,126,120,109,123,110,96,109,98,93,98,115,30,12,2,6,24,11,54,4,,50,42,4,34,,7,51,8,6,,,,27,84,,,,63,61,65,64,57,60,62,,58,57,69,64,64,50,50,43,52,45,50,107,35,34,65,20,,11,,37,19,62,64,77,76,78,,36,37,49,95,72,84,75,60,53,58,67,55,62,50,32,28,9,34,,84,,63,32,23,68,30,,43,63,,,82,72,66,45,,78,67,50,,43,40,51,36,42,84,98,100,110,99,,,,35,,35,62,,50,55,41,15,46,52,46,113,113,105,,56,,,13,,10,15,4,87,86,78,80,91,,32,38,31,41,4,30,18,26,24,11,13,5,8,72,65,63,44,42,30,48,,28,38,26,,44,49,,88,74,68,46,18,,4,45,,,39,49,,34,,19,36,31,22,48,51,,53,58,,78,,,76,,36,62,40,,56,41,35,30,77,,82,84,42,77,64,88,47,58,54,76,59,91,28,98,80,94,63,51,55,65,65,57,56,62,44,32,48,23,48,44,85,80,84,,85,105,111,105,88,100,80,77,91,80,100,28,30,29,,34,,33,,36,54,39,29,44,,52,38,98,,27,,14,12,29,6,36,59,58,,,,46,,17,,54,58,60,,12,7,16,86,89,,86,,2,2,6,5,48,53,,50,43,45,49,33,76,,35,,,70,45,47,14,109,51,41,53,20,26,51,41,27,8,20,34,19,10,4,47,44,30,18,4,4,44,55,60,82,77,,88,95,69,63,16,37,22,53,,,,,36,3,,2,48,45,39,46,56,55,51,58,46,52,51,84,103,45,37,48,,86,76,42,,3,3,,4,48,7,41,22,18,29,38,39,53,65,66,44,,64,63,75,54,76,79,79,86,96,,70,82,98,88,96,39,35,72,72,,57,,57,65,65,54,45,56,52,71,77,,,59,63,68,66,95,91,120,122,128,125,15,,14,17,16,36,40,43,26,13,27,,47,40,40,31,35,15,23,50,24,31,28,33,32,,16,8,,3,8,6,4,,,39,75,58,79,76,51,46,51,40,,,41,100,94,92,95,,86,17,10,28,20,11,54,,32,31,104,,,99,76,,25,14,5,,5,,98,108,,,109,65,,,67,81,66,,,76,64,56,56,111,104,121,84,82,95,87,84,47,41,47,23,78,69,63,76,79,81,79,68,,66,41,47,,42,60,76,41,67,96,62,50,100,95,100,39,,,,123,110,112,104,107,108,113,113,55,51,93,60,85,81,66,87,,,79,82,,76,57,68,,83,51,44,,59,49,47,,57,45,63,50,61,78,68,59,17,26,16,14,25,26,60,70,,72,54,45,44,41,40,,66,,55,,,,81,67,60,63,42,49,,32,,41,28,31,13,15,32,46,8,6,8,7,14,69,20,19,6,5,6,3,5,13,,12,7,16,21,11,21,16,7,15,12,15,21,20,27,,,26,33,39,38,23,42,32,27,35,35,59,52,58,52,28,,38,41,38,42,57,57,51,56,26,15,35,,51,50,54,,53,55,43,54,,54,39,8,,2,16,33,34,40,67,72,62,68,67,23,48,36,,70,74,77,18,22,,15,16,72,78,86,71,66,81,67,71,45,47,,66,60,63,,49,36,,57,52,50,43,,23,32,27,17,24,48,72,63,72,73,57,53,72,62,58,64,61,48,25,26,39,39,35,38,39,37,79,53,70,66,48,55,65,55,40,58,56,52,68,47,73,9,14,26,2,2,1,,24,,41,30,12,26,21,10,8,36,57,70,62,58,72,6,1,47,10,39,30,29,22,13,25,25,,37,13,28,68,32,39,38,42,30,61,67,44,58,15,25,,,35,31,34,,28,23,32,38,37,22,,16,17,25,,,,,41,25,38,35,44,40,37,41,,5,87,87,103,97,111,21,80,81,79,102,,,,,60,56,48,55,88,77,6,,82,108,106,64,72,131,123,123,79,29,63,80,43,40,,113,122,101,94,22,51,106,108,23,,66,53,,85,75,,109,110,,,116,,107,,72,70,67,62,62,59,13,80,73,70,78,80,81,80,,21,20,33,64,72,46,,73,69,41,49,86,91,,67,63,56,53,33,,7,13,35,,55,48,61,32,50,93,77,,76,37,,67,50,61,55,58,69,79,75,73,,66,78,75,63,73,95,95,98,88,,,,61,50,55,,18,80,77,59,85,19,40,5,69,79,76,41,45,,4,22,44,32,12,17,33,,73,,39,64,8,41,34,48,78,39,50,59,72,33,18,65,,,22,9,16,69,,60,63,71,57,,34,27,,,16,43,51,33,42,46,15,20,17,42,62,,30,52,73,,62,38,,3,50,46,43,84,45,69,64,124,86,66,36,39,78,48,13,118,59,74,65,74,19,39,10,84,94,92,97,110,2,66,101,3,1,17,19,37,12,11,55,40,15,11,43,40,33,46,57,,26,56,32,78,88,3,9,,,5,51,46,46,35,105,56,31,38,64,13,26,31,30,16,24,14,32,,37,,16,26,22,,76,11,35,9,6,18,8,6,14,5,6,56,26,102,45,55,,47,,27,26,33,36,30,1,3,5,,12,6,3,22,11,9,21,26,4,15,,35,28,7,43,25,44,42,68,39,25,65,44,46,51,35,34,44,54,4,2,,2,4,36,58,46,58,21,37,60,63,30,58,26,18,32,19,59,2,70,15,49,56,48,46,34,66,111,33,67,66,44,50,37,73,88,36,36,108,10,52,69,51,77,41,31,3,41,37,23,33,25,6,25,6,7,21,49,,38,12,48,14,71,44,59,39,18,36,40,30,40,53,27,27,32,37,25,80,64,57,57,56,,,96,12,8,5,37,21,31,13,20,46,13,8,14,84,24,59,57,36,74,35,36,13,35,84,62,52,2,26,64,,47,50,10,34,51,95,6,28,,2,55,36,4,15,30,5,8,59,82,70,61,,54,,72,,132,42,54,33,58,72,71,85,72,,61,85,12,54,8,20,21,20,6,24,61,58,6,48,46,53,62,27,39,30,22,,16,,6,55,,30,96,77,131,31,38,20,11,,34,14,13,66,,,49,7,29,14,31,90,70,82,90,40,69,28,,22,16,11,5,21,22,23,2,15,,9,,49,8,91,16,27,29,23,53,44,34,56,57,83,67,91,95,5,22,12,10,91,93,5,15,93,19,8,9,4,31,28,,25,59,26,13,76,52,2,46,48,54,44,69,21,77,73,48,3,4,61,48,26,20,4,,63,85,14,99,112,77,37,111,17,26,12,20,8,34,60,66,68,22,51,19,18,39,95,90,4,32,7,4,37,6,85,53,51,,41,94,25,20,62,29,88,92,71,64
20210423,7,O3_24h,105,109,102,101,93,95,105,88,106,114,96,97,,,99,,103,108,102,,100,,78,108,,103,82,,141,142,138,136,142,150,144,,102,104,,106,95,114,106,108,,111,,142,145,144,122,114,130,120,121,113,155,,153,157,154,94,100,104,112,102,119,115,,114,107,101,105,134,129,,140,137,138,135,137,,123,136,139,142,146,139,,122,116,,,116,120,102,119,130,128,119,,124,128,133,117,116,,121,118,122,141,121,140,123,125,144,131,142,137,143,144,153,152,160,151,152,139,150,202,205,215,,247,211,243,226,184,232,231,209,114,111,109,118,107,,115,103,102,98,58,62,65,53,66,58,68,51,53,103,,95,79,84,99,100,97,59,59,65,52,49,62,,,,62,74,,76,75,74,,,,65,,82,68,82,90,81,89,93,61,63,,,,70,58,,54,53,52,49,42,,49,52,52,52,51,53,64,71,,69,,73,65,,86,61,,96,64,85,,70,88,91,65,83,80,78,,,79,73,74,90,88,98,76,,103,,,54,,117,118,,81,91,69,77,97,86,,81,70,74,85,74,104,99,106,58,41,48,54,45,47,48,44,52,52,134,,140,139,144,157,214,156,140,94,78,77,,83,87,72,,97,95,106,92,,102,108,100,119,122,,,108,101,114,117,96,98,137,141,138,146,124,134,147,138,137,116,112,113,102,118,110,83,,117,131,81,82,83,75,92,85,83,95,85,81,208,215,,230,240,254,169,222,200,193,226,154,167,136,168,111,261,,106,109,103,237,115,144,146,133,195,226,204,170,,148,142,157,160,154,160,163,170,145,136,152,,,238,266,257,242,213,265,178,135,105,125,124,129,113,104,113,113,111,111,99,108,84,66,76,84,79,114,,102,94,118,137,128,150,106,,,108,126,113,112,134,,153,142,143,120,,,134,138,123,106,124,127,115,101,119,125,120,,152,155,165,134,159,147,118,136,113,117,121,129,103,92,100,84,94,82,108,81,,100,87,67,103,,93,91,79,84,,,,136,135,,,,146,136,72,70,83,76,70,,86,94,101,103,97,94,89,90,91,88,85,121,96,102,91,157,,152,153,158,154,151,148,144,152,148,,134,119,128,140,140,135,132,129,122,138,124,115,112,109,153,145,143,154,,87,,63,64,56,68,113,,108,115,,,112,100,94,78,,90,85,70,,92,81,92,77,80,110,124,125,120,116,,,,64,,69,104,,100,110,102,100,83,93,96,130,124,119,,81,,,175,,178,150,156,156,160,152,185,147,,84,79,82,82,84,89,91,104,99,92,163,174,175,147,134,147,182,179,202,115,,111,197,172,,204,216,,164,164,168,171,100,,85,157,,,118,119,,134,,139,124,136,127,180,179,,193,190,,171,,,167,,143,131,139,,113,135,113,113,121,,131,130,121,128,132,126,131,122,120,130,118,131,128,138,122,121,128,144,135,124,103,121,121,117,144,147,153,151,150,161,137,127,136,,134,179,169,177,167,191,128,150,152,142,147,48,52,39,,59,,67,,74,62,59,48,60,,52,55,107,,146,,151,144,158,139,143,150,151,,,,123,,122,,129,131,119,,117,116,132,134,138,,136,,92,91,84,94,118,132,,89,97,101,107,116,103,,104,,,113,54,52,50,111,94,96,111,81,80,97,84,89,100,98,88,90,103,92,70,69,87,87,74,75,137,132,125,135,142,,140,147,140,142,132,129,120,132,,,,,102,88,,87,87,121,94,102,100,87,77,84,82,88,77,170,180,96,99,99,,117,106,109,,117,111,,108,94,83,90,89,132,77,85,78,120,130,132,123,,137,141,131,151,158,159,140,88,99,,87,94,100,91,100,68,65,94,94,,99,,101,109,109,105,106,117,102,90,91,,,100,103,94,92,130,117,127,129,142,138,101,,102,121,117,96,95,98,72,77,113,,58,51,69,70,70,57,62,55,26,35,54,96,97,,62,50,,82,66,64,71,,,100,135,135,134,132,103,101,98,102,,,145,140,134,133,134,,127,123,115,126,120,122,124,,125,126,135,,,129,146,,129,120,136,,131,,228,211,,,132,90,,,125,135,111,,,130,136,126,134,133,127,137,162,134,149,137,139,132,129,126,117,138,136,130,141,116,120,110,116,,138,137,138,,136,135,147,138,139,161,126,118,136,132,137,208,,,,237,234,237,226,224,205,207,211,167,181,176,199,236,225,210,234,,,282,130,152,131,204,212,,122,54,57,,59,62,59,,62,57,73,59,74,78,76,70,61,68,55,51,80,49,91,87,,88,98,94,85,80,68,,94,,85,,,,90,82,71,94,85,91,,78,,72,76,75,130,130,119,139,124,136,143,149,139,105,116,108,108,156,159,155,150,107,,110,104,92,100,93,96,106,115,106,111,100,116,100,102,,,108,118,122,122,112,151,155,147,134,149,125,110,124,118,127,,123,123,120,109,125,120,118,127,92,104,112,,152,147,138,,148,133,148,131,,140,134,116,,126,111,112,105,112,114,113,108,118,120,94,91,100,,118,118,119,85,83,,99,89,92,84,111,102,139,152,121,106,89,88,,124,118,126,,137,137,,94,90,85,91,,115,118,113,110,94,87,97,91,95,99,93,72,81,70,65,70,119,97,113,105,104,92,98,100,105,107,111,67,95,70,62,69,75,72,72,84,87,67,85,83,94,67,83,79,124,113,107,114,72,,80,105,117,80,112,108,108,108,109,101,95,129,125,97,105,94,90,99,91,93,109,113,68,74,,72,126,120,132,125,123,130,130,133,148,158,151,145,146,148,,,127,130,122,,124,104,75,104,94,82,,101,31,100,,,,,119,125,119,121,126,113,118,115,,106,132,153,136,146,152,134,116,131,100,157,,,,,66,56,153,159,147,144,93,,90,153,153,147,140,140,135,138,146,152,135,155,143,139,,140,136,145,134,88,196,132,148,167,,144,148,,129,136,,124,131,,,128,,122,,115,113,107,95,99,90,122,112,122,128,88,92,87,110,,74,83,114,110,109,137,,131,121,78,80,129,127,,112,96,79,76,115,,102,81,144,,140,122,111,124,82,107,181,,175,153,,163,89,104,93,81,90,98,100,98,,95,90,88,101,107,144,115,118,120,,,,89,81,77,,66,85,85,87,132,171,173,211,76,107,105,144,121,,134,148,65,52,84,130,61,,97,,64,112,130,96,158,163,129,92,62,131,130,122,70,93,,,119,175,99,100,,96,141,154,100,,63,55,,,50,62,62,60,78,76,55,64,62,70,113,134,131,153,162,,102,119,,182,212,163,159,102,106,132,89,140,136,106,89,99,107,152,114,128,112,80,90,76,105,117,140,134,141,140,128,124,123,162,113,134,120,118,152,110,107,109,151,120,146,99,121,105,56,101,138,,97,86,63,160,125,91,94,,,90,73,128,57,73,118,126,53,112,146,119,102,60,140,114,121,170,73,,141,91,85,99,101,,130,114,113,113,113,106,113,111,106,101,118,133,158,203,104,112,,76,,97,88,67,55,53,196,209,162,218,208,234,231,173,205,174,113,147,110,210,,113,180,239,182,140,90,105,108,101,48,68,73,73,102,58,90,137,136,124,112,,136,140,172,188,172,287,100,66,115,95,130,138,99,119,109,66,92,144,164,151,170,151,120,72,86,98,118,64,67,66,109,104,108,152,168,168,135,149,146,147,128,96,105,89,115,97,97,104,111,136,114,98,102,93,80,111,79,,70,99,104,156,109,66,71,72,96,78,52,89,56,60,101,71,81,48,74,99,79,82,79,83,,176,172,161,215,150,129,132,91,145,120,107,164,143,138,89,141,137,108,108,107,70,48,48,66,103,87,86,143,120,146,,145,126,118,111,174,144,60,103,,78,141,131,141,137,118,79,80,91,95,70,97,,104,,103,,138,82,107,113,112,95,105,113,150,,104,155,52,103,88,196,171,152,178,98,98,90,96,94,94,159,87,78,69,105,89,,114,,125,118,,105,143,141,157,85,83,99,83,,82,121,117,130,,,129,124,125,144,137,96,99,97,96,134,142,120,,117,111,120,117,122,116,103,124,154,,151,,157,128,133,113,122,129,91,106,94,90,105,145,90,94,108,110,96,67,142,131,129,236,161,154,176,170,221,280,93,131,130,,60,76,144,139,294,155,94,112,80,74,74,99,114,190,166,122,105,106,110,102,71,97,77,,123,137,81,135,140,165,144,137,104,120,102,117,108,134,166,109,105,152,311,104,146,98,109,102,119,110,98,96,116,119,131,74,157,,217,127,215,83,126,49,134,126,132,96
20210423,7,O3_8h,27,25,16,10,15,23,4,21,33,22,3,9,,,65,,70,74,66,,68,,66,64,,79,62,,37,39,41,39,41,48,107,,89,87,,90,87,99,99,101,,100,,56,64,60,47,36,32,23,29,45,50,,75,82,37,40,34,53,59,16,37,26,,34,56,51,53,34,33,,48,50,35,53,5,,54,27,50,12,16,7,,60,51,,,40,66,69,78,75,58,48,,55,44,73,53,77,,61,111,113,134,117,129,116,118,121,121,119,55,66,71,75,82,65,60,75,68,42,38,22,48,,40,55,57,46,31,38,68,24,6,14,7,8,17,,15,19,22,11,38,48,51,44,53,42,48,40,38,10,,13,18,15,16,14,15,12,13,15,10,17,22,,,,46,51,,57,42,43,,,,55,,5,8,9,9,10,13,15,20,23,,,,15,19,,24,35,37,30,29,,28,29,27,16,29,22,18,31,,29,,32,31,,11,7,,7,6,10,,18,13,16,6,6,18,10,,,24,16,13,4,9,5,19,,3,,,8,,16,20,,36,30,40,45,62,57,,16,4,8,27,10,42,41,44,56,39,45,46,41,42,40,37,47,45,69,,21,28,18,24,9,54,46,38,43,57,,48,45,34,,46,86,85,86,,85,88,92,78,89,,,69,64,74,74,50,64,12,10,16,15,1,17,11,8,3,80,64,71,68,50,58,63,,79,70,47,66,54,61,69,68,69,69,63,63,23,17,,7,4,30,1,21,14,7,19,49,47,37,34,51,5,,12,17,2,38,25,42,27,50,26,19,26,28,,59,6,11,44,48,35,29,48,43,59,45,,,17,11,24,26,37,47,21,7,5,15,25,16,46,47,51,49,44,41,28,26,47,52,33,48,49,76,,12,30,6,15,14,6,17,,,35,4,15,9,5,,27,34,37,37,,,39,93,95,69,98,98,95,82,84,80,101,,111,115,50,98,91,70,103,109,102,100,104,116,16,5,3,8,9,12,19,9,,29,17,4,9,,6,55,16,12,,,,45,100,,,,72,77,66,66,60,65,62,,65,70,70,72,67,67,46,39,50,44,47,108,41,54,42,45,,38,23,47,51,95,74,76,68,86,,37,51,52,98,90,88,95,81,78,64,65,62,57,54,48,43,38,42,,77,,40,39,33,35,52,,65,61,,,67,59,53,63,,77,77,60,,49,49,56,39,45,94,97,102,103,98,,,,48,,54,48,,33,27,48,34,43,48,48,119,114,112,,54,,,19,,24,8,8,103,101,88,95,84,,48,50,47,48,45,50,36,48,41,28,12,7,16,74,67,70,36,46,40,62,,44,33,40,,76,75,,100,96,89,78,25,,13,59,,,35,44,,42,,39,49,34,28,56,55,,59,64,,69,,,72,,50,29,40,,64,69,84,82,94,,73,74,61,87,79,87,48,70,61,83,56,86,53,103,76,64,86,62,63,66,69,60,68,70,48,38,49,38,49,63,96,85,88,,88,102,106,103,82,89,91,98,112,98,110,28,31,30,,37,,37,,41,53,50,35,45,,34,39,101,,40,,31,27,44,26,40,64,61,,,,26,,17,,66,55,74,,28,16,38,88,93,,90,,4,3,6,9,42,44,,34,18,24,30,54,55,,38,,,60,41,49,13,107,54,48,55,35,26,54,50,44,15,18,20,13,17,5,52,53,31,18,13,5,62,62,68,74,72,,97,122,94,96,20,43,24,63,,,,,34,18,,14,57,59,51,62,69,60,49,56,45,50,51,100,114,25,33,36,,82,65,50,,2,2,,4,62,11,28,25,35,25,29,28,30,36,36,31,,93,92,66,84,100,94,94,86,96,,76,81,98,88,98,45,40,86,86,,71,,58,61,61,63,59,88,80,73,77,,,69,73,68,65,105,100,118,121,131,126,24,,18,6,5,14,13,15,16,8,7,,49,33,19,12,22,13,9,28,10,20,22,20,21,,17,4,,3,13,4,4,,,48,73,54,68,63,36,40,44,41,,,50,110,108,100,98,,90,15,16,23,17,16,68,,47,50,112,,,106,105,,69,43,4,,10,,114,120,,,105,67,,,83,95,76,,,83,75,45,41,123,118,130,62,74,88,102,55,65,59,47,46,65,47,51,62,85,86,87,70,,80,71,78,,92,85,67,46,74,99,84,73,101,104,100,66,,,,136,123,99,115,97,86,96,92,89,92,78,58,81,75,72,82,,,65,82,,80,70,78,,83,47,44,,51,43,50,,57,50,63,51,59,73,69,61,22,32,23,19,19,19,56,61,,59,35,28,53,48,45,,81,,70,,,,79,68,60,72,46,60,,39,,38,28,34,20,22,21,46,13,11,22,9,19,77,27,25,20,4,4,2,3,9,,18,9,20,26,22,26,13,21,24,24,23,30,30,35,,,34,39,49,48,32,50,40,44,45,55,76,55,62,69,40,,45,50,46,51,70,67,63,68,20,16,17,,45,25,32,,39,41,47,56,,54,36,13,,1,28,39,39,43,75,80,58,75,67,25,38,32,,77,79,79,19,22,,22,20,80,78,81,76,55,64,60,54,42,49,,49,60,52,,58,50,,57,52,39,34,,47,58,37,28,23,57,67,60,66,69,66,47,68,64,58,61,55,50,43,36,41,44,48,53,55,54,81,54,73,57,52,53,58,51,46,57,57,52,68,46,72,13,33,53,1,1,1,,32,,44,33,29,31,34,33,37,37,52,62,57,66,79,6,2,40,15,26,33,29,41,39,23,13,,27,56,69,84,78,77,81,79,70,69,80,62,68,40,22,,,62,59,60,,51,21,37,48,41,19,,19,25,26,,,,,61,59,57,57,63,35,39,33,,6,98,120,109,109,118,23,80,87,85,109,,,,,60,47,52,51,100,91,9,,81,119,120,64,65,133,127,130,87,27,79,98,80,64,,121,121,111,103,49,50,109,121,54,,80,67,,90,85,,108,113,,,116,,102,,85,85,71,60,66,42,11,24,46,70,82,84,83,81,,42,27,48,67,80,76,,89,84,50,55,88,91,,67,61,58,59,66,,14,22,60,,64,65,72,36,53,89,80,,79,58,,70,59,63,58,67,76,81,81,79,,76,77,72,51,53,99,101,100,103,,,,69,64,58,,34,72,68,63,105,38,49,19,71,78,77,33,64,,2,34,53,37,6,22,30,,81,,50,64,34,34,23,43,71,66,56,64,62,61,30,68,,,32,31,4,73,,74,74,94,58,,25,22,,,22,22,26,27,57,60,22,32,24,19,50,3,46,28,72,,70,35,,4,91,74,84,88,64,80,57,127,89,80,43,45,75,49,40,108,66,72,67,68,15,66,39,88,94,97,99,108,27,80,107,2,9,35,25,45,30,21,63,10,25,24,44,53,46,34,57,,23,53,45,66,101,10,23,,,9,57,60,49,27,102,39,42,26,86,22,37,38,75,18,9,31,34,,68,11,22,31,25,,66,11,17,5,16,14,8,6,9,20,22,69,33,117,61,80,,56,,23,13,20,46,26,3,3,8,,20,12,3,45,6,35,40,47,12,16,,40,52,14,85,45,53,47,69,58,24,57,54,51,62,30,33,54,66,14,4,,7,22,75,84,80,83,21,38,82,68,42,69,37,22,42,14,57,20,44,46,81,68,71,61,45,59,101,47,40,45,67,71,24,71,89,86,48,114,35,40,56,53,69,49,39,3,47,38,44,54,20,5,10,3,2,24,50,,53,19,37,41,75,51,45,40,16,44,34,13,15,29,11,18,34,35,19,87,67,62,62,60,,,91,23,1,10,46,28,41,26,17,56,39,10,31,86,36,53,68,51,75,48,39,14,28,89,73,48,1,18,33,,29,72,38,25,93,106,6,32,,13,63,49,7,36,32,15,13,71,89,44,66,,45,,64,,126,41,71,34,57,57,62,59,90,,66,86,31,30,16,46,28,40,18,37,59,52,6,34,45,59,65,39,49,31,34,,20,,9,64,,31,91,94,86,36,40,9,11,,33,30,32,79,,,22,16,31,23,15,89,74,61,88,41,49,35,,15,27,23,11,33,38,37,7,36,,35,,48,31,79,9,20,33,25,30,23,28,33,59,86,75,97,101,8,13,22,9,107,115,19,30,88,35,16,23,12,58,48,,30,63,37,31,105,76,10,66,59,66,61,56,27,82,73,48,2,6,62,37,17,5,4,,74,84,17,105,116,60,44,116,11,25,21,27,8,30,80,51,87,40,85,11,20,42,91,88,16,40,6,7,68,22,94,58,48,,57,94,60,14,74,38,100,114,80,55
20210423,7,O3_8h_24h,54,25,44,28,49,50,10,30,47,29,18,9,,,70,,74,77,72,,71,,69,64,,83,64,,64,60,44,46,55,66,122,,89,88,,90,88,102,106,108,,103,,72,66,83,47,36,44,42,52,46,57,,95,97,52,69,68,97,97,29,68,55,,58,65,61,64,51,50,,80,53,67,77,5,,74,55,65,49,32,10,,80,80,,,51,80,74,82,75,61,64,,59,52,84,54,90,,70,111,118,134,117,129,116,118,121,121,120,55,70,73,76,84,67,60,76,81,52,63,46,56,,58,79,72,68,55,74,98,48,6,14,10,8,27,,15,45,34,19,57,59,64,53,66,58,65,51,53,16,,26,22,26,31,14,18,12,13,15,10,17,22,,,,60,63,,64,48,50,,,,62,,20,8,9,19,10,13,15,20,23,,,,15,19,,26,35,37,30,29,,28,36,37,30,39,34,18,31,,29,,37,31,,11,7,,7,6,10,,18,13,16,6,6,18,10,,,40,28,17,4,13,5,19,,3,,,10,,16,20,,52,60,51,50,73,65,,28,5,12,31,25,72,67,56,56,39,46,46,41,43,47,40,48,50,69,,36,36,38,40,19,72,55,39,45,62,,50,47,34,,50,90,96,91,,90,97,95,83,107,,,80,75,97,94,82,68,33,31,54,30,7,53,24,18,5,89,68,86,79,58,65,79,,87,70,50,74,59,64,73,81,77,71,68,72,34,29,,14,5,33,3,34,22,12,46,70,75,49,68,63,8,,19,28,2,59,36,45,39,75,31,38,31,39,,73,7,22,59,62,50,49,56,60,69,58,,,35,42,43,50,45,87,46,8,6,32,41,35,51,48,54,52,46,44,34,36,53,53,34,54,55,87,,20,53,6,30,34,11,23,,,60,4,34,10,5,,36,50,73,59,,,61,108,97,69,100,99,95,83,89,84,103,,111,115,50,98,91,70,109,114,108,108,107,119,22,5,4,27,16,31,19,26,,50,17,14,9,,7,58,17,16,,,,77,105,,,,74,81,67,70,70,67,64,,67,73,71,74,68,70,49,39,50,48,48,110,53,59,61,59,,43,31,62,64,116,93,95,87,88,,39,60,53,101,97,95,103,91,90,65,71,66,65,55,58,54,61,49,,77,,40,40,35,35,88,,87,67,,,78,69,62,78,,77,78,70,,63,71,76,42,63,104,98,104,103,100,,,,63,,69,57,,33,30,49,41,45,48,48,120,114,113,,73,,,25,,30,19,32,108,110,101,106,85,,56,59,54,72,54,72,60,52,53,46,23,17,19,95,82,86,36,59,42,83,,57,36,56,,106,110,,111,111,108,95,33,,30,77,,,37,44,,93,,57,58,40,43,72,65,,63,75,,69,,,72,,65,29,54,,72,103,101,100,100,,73,74,66,98,86,89,50,73,65,90,56,89,63,111,102,90,98,80,85,66,72,60,70,71,63,53,55,65,65,77,108,93,100,,94,104,112,106,89,97,100,105,118,103,112,31,32,31,,44,,43,,48,56,54,38,54,,34,39,103,,44,,38,39,65,40,42,70,61,,,,38,,32,,87,66,88,,51,21,49,95,99,,97,,5,3,6,10,46,48,,34,18,24,50,60,55,,40,,,60,41,49,17,108,60,51,60,45,34,59,58,54,52,39,22,33,38,10,54,54,46,19,22,6,82,63,87,76,72,,99,138,104,117,20,44,28,80,,,,,38,25,,22,71,75,68,76,87,68,49,56,47,51,51,105,116,25,46,50,,82,65,51,,2,2,,6,65,17,28,26,37,25,29,28,30,36,36,31,,121,111,66,102,109,100,108,86,96,,77,81,98,88,99,60,56,91,91,,89,,72,79,79,66,70,106,98,78,82,,,90,95,77,72,107,101,118,121,134,128,31,,19,6,5,14,13,15,16,8,7,,50,33,19,12,22,13,9,28,10,20,22,23,35,,18,6,,4,19,4,8,,,50,74,58,68,63,36,48,58,61,,,62,119,119,111,101,,102,15,18,44,26,17,83,,65,69,120,,,112,122,,94,72,6,,27,,124,134,,,107,68,,,110,123,93,,,93,90,45,43,133,127,137,62,74,97,112,55,74,78,53,60,68,62,63,62,86,88,90,76,,92,94,89,,107,91,67,58,79,99,94,86,102,106,101,81,,,,142,128,99,117,100,86,102,95,112,119,84,58,81,75,73,82,,,70,84,,81,84,96,,84,50,44,,54,43,50,,60,53,64,52,59,74,72,65,25,40,27,25,20,26,56,61,,59,35,28,60,52,46,,84,,73,,,,90,79,71,92,47,63,,40,,38,30,35,47,38,32,61,26,19,33,12,29,86,41,37,42,4,4,2,5,12,,33,12,23,29,28,29,13,38,40,37,43,36,40,40,,,52,54,70,71,56,65,52,53,52,71,90,75,79,76,51,,58,60,55,57,77,74,70,77,39,34,17,,45,25,32,,56,56,85,65,,66,36,37,,3,52,62,63,68,90,86,81,78,75,37,38,41,,79,81,82,20,29,,24,28,87,81,85,82,58,64,64,54,43,56,,49,76,52,,72,60,,60,78,39,34,,73,77,53,40,23,59,68,60,68,69,69,53,68,68,59,61,72,62,72,44,57,54,68,73,74,70,82,54,74,57,53,53,58,51,51,57,81,54,72,46,74,14,83,79,1,1,1,,34,,44,34,33,42,41,41,44,49,58,62,57,91,93,8,8,49,19,35,33,29,55,53,24,13,,28,89,98,108,107,94,100,100,100,86,106,92,89,47,33,,,90,73,77,,62,21,38,51,42,19,,22,27,42,,,,,66,70,66,64,70,35,40,33,,9,114,133,111,117,120,33,82,92,88,115,,,,,60,47,54,51,106,99,9,,82,122,126,64,65,134,128,133,90,27,103,124,118,102,,126,127,113,104,88,50,110,132,95,,85,95,,101,111,,112,118,,,116,,103,,102,103,76,62,70,42,11,24,58,71,86,85,83,82,,49,56,74,74,93,99,,106,107,61,66,90,93,,82,68,59,60,88,,23,39,99,,90,83,84,37,60,89,80,,81,83,,72,77,72,72,69,77,82,82,84,,86,79,72,72,71,106,102,100,106,,,,74,72,69,,41,74,69,71,129,61,61,39,71,78,81,37,77,,3,64,56,38,6,22,30,,82,,62,68,60,34,29,52,75,83,59,75,62,78,32,72,,,61,53,4,76,,84,88,100,58,,25,22,,,25,22,26,30,69,70,24,47,26,19,52,8,64,28,72,,76,35,,12,116,107,104,90,91,94,76,128,95,82,48,52,76,84,70,108,76,72,67,68,26,94,54,93,96,100,100,108,82,97,112,2,42,62,31,65,52,55,75,14,30,35,59,63,50,48,70,,42,53,62,98,118,12,36,,,26,59,66,50,30,102,48,50,31,106,29,44,47,88,26,13,51,39,,86,13,30,52,46,,78,17,25,5,27,24,9,10,9,34,48,94,36,128,82,97,,74,,37,13,20,49,26,17,9,13,,27,17,3,71,6,52,54,52,29,18,,47,78,29,108,65,61,54,72,74,24,57,65,52,64,32,39,77,85,40,24,,21,47,106,114,116,97,21,38,90,70,58,90,47,22,44,14,57,50,44,73,100,86,99,71,68,84,101,61,40,45,92,86,24,99,100,104,55,117,47,45,56,58,69,57,43,4,48,42,49,87,20,5,10,3,3,36,52,,68,45,37,64,95,61,45,40,17,51,38,21,15,29,11,18,34,35,19,92,69,64,70,66,,,93,41,1,44,72,31,73,36,18,78,55,14,42,88,44,54,78,64,76,56,39,18,28,90,76,48,2,40,33,,46,87,72,48,113,109,6,32,,19,91,66,18,61,32,18,14,82,90,44,74,,57,,64,,126,41,78,41,65,69,71,59,98,,91,96,52,30,43,66,42,60,37,45,59,52,14,34,45,63,66,43,52,36,39,,30,,11,75,,32,91,106,93,39,41,9,15,,33,41,48,89,,,22,19,44,24,25,89,81,67,90,48,56,44,,16,34,38,22,51,44,42,10,54,,62,,60,46,79,9,23,46,34,30,23,44,33,82,88,79,103,104,10,20,63,33,121,132,26,44,92,41,33,48,37,91,73,,36,64,41,40,122,96,36,91,68,69,74,70,41,83,74,52,2,12,62,37,17,5,5,,82,87,18,106,126,60,53,127,11,53,48,38,29,46,97,51,97,43,108,22,28,46,92,88,39,49,13,41,79,55,98,61,48,,74,104,87,14,80,40,114,126,112,69
20210423,7,CO,0.8,0.6,0.9,0.8,0.8,0.8,0.7,0.7,0.7,0.8,0.8,0.8,,,0.7,,1,0.7,0.6,,0.7,,0.9,1,,0.9,0.7,,0.7,0.8,0.5,0.8,0.9,0.7,0.6,,0.7,0.5,,0.6,0.5,0.4,0.3,0.3,,0.2,,0.6,0.5,0.9,0.5,0.5,0.7,0.7,0.6,0.4,0.5,,0.8,0.7,0.6,0.8,0.6,0.7,0.7,0.5,0.5,0.6,,0.5,0.5,0.5,0.7,0.7,0.8,,0.6,0.7,0.5,0.2,1,,0.7,0.9,0.8,1.2,1,0.7,,0.9,0.7,,,0.9,1.1,0.5,0.9,0.6,0.6,0.6,,1.7,1,0.6,0.7,0.7,,1.4,0.5,0.5,0.7,0.5,0.4,0.5,0.4,0.3,0.3,0.5,0.6,0.7,0.6,0.6,0.5,0.5,0.6,0.4,0.5,0.5,0.6,0.8,1,,0.6,0.6,0.7,0.4,0.3,0.6,0.8,0.8,1.1,1.1,0.9,1,0.8,,1.2,0.9,1,1.1,1.4,0.9,0.7,1.1,1.2,0.9,1.1,1,1,0.9,,1.3,1.3,0.9,1,1.1,1,0.7,1,1,1.1,1,0.9,,,,0.9,0.7,,0.9,0.7,1,,,,0.9,,1.2,1,1.1,1,0.8,1.1,1,1,1.2,,,,0.9,1.2,,0.9,0.7,1.5,0.8,0.9,,1.2,0.6,0.9,0.9,0.8,0.8,1,0.9,,1,,1.2,1.1,,0.9,0.6,,0.9,1.1,1,,1,1.1,1,0.8,0.6,0.8,0.7,,,0.6,0.6,0.8,0.7,0.6,0.4,0.6,,0.9,,,1,,1.2,1.1,,0.7,0.6,0.3,0.6,0.4,0.5,,0.8,0.7,0.9,0.8,0.8,0.6,0.5,0.5,1,0.7,0.8,0.9,0.8,0.8,0.6,0.7,0.6,0.8,0.5,,0.8,0.8,0.7,0.8,0.4,0.4,0.4,1.3,1,0.9,,0.9,1.4,1.1,,1,0.6,0.6,0.7,,0.5,0.6,0.7,0.8,0.6,,,0.3,0.7,0.6,0.5,0.5,0.6,1,1.1,1,1,1,0.8,1.4,1.1,0.6,0.6,0.7,0.6,0.8,0.9,0.7,0.7,,0.6,0.6,1,1.1,0.8,0.8,0.8,0.8,0.8,0.8,1,0.8,1.1,0.9,,0.8,0.9,0.9,1,0.8,0.9,1,0.9,0.6,0.7,0.7,0.8,0.5,0.9,,0.6,0.8,0.7,0.7,0.5,0.7,0.4,0.7,0.7,0.8,0.6,0.6,,0.6,0.7,0.6,0.7,0.7,0.4,0.4,0.8,0.8,0.4,0.5,,,1,0.8,1,0.8,0.8,0.8,0.8,0.7,0.6,0.8,0.4,0.5,0.7,0.8,0.5,0.7,0.6,0.7,0.6,0.6,0.5,0.6,0.7,0.5,0.4,0.6,,0.7,1.2,1,1,1,0.6,0.4,,,1.2,0.8,0.6,0.8,1.4,,0.9,1,1,0.8,,,0.9,0.8,0.5,0.5,0.6,0.6,0.6,0.5,0.6,0.6,0.7,,0.7,0.7,0.5,0.4,0.5,0.6,0.4,0.5,0.5,0.4,0.6,0.3,0.7,1,0.9,0.7,0.8,0.8,0.7,0.9,,0.6,0.7,0.8,0.8,,0.8,0.6,0.8,0.7,,,,0.6,0.8,,,,1,1.3,0.4,0.8,0.5,0.5,0.3,,0.5,0.8,0.6,0.7,0.8,0.8,0.5,0.7,0.7,0.7,0.8,0.6,0.7,0.8,0.4,1.2,,0.8,1.4,0.8,1,0.8,0.8,0.7,0.7,0.7,,1,1.4,1.3,0.4,0.6,0.6,0.6,1.4,1.5,1,0.7,0.6,0.7,0.6,0.6,0.6,0.6,0.5,,0.7,,0.8,1.3,1.2,1,0.9,,0.9,0.6,,,0.9,0.8,1.3,1,,0.6,0.8,1.1,,1.5,0.4,0.9,0.6,0.6,0.6,0.3,0.7,0.6,0.2,,,,1,,0.9,0.9,,0.9,0.6,0.6,0.8,1.1,0.9,0.9,0.4,0.3,0.4,,0.9,,,0.7,,1.1,0.4,0.9,0.3,0.5,0.5,0.7,0.8,,0.7,0.5,0.7,0.6,0.7,0.5,0.5,0.6,0.7,0.5,0.7,0.7,0.7,0.7,0.6,0.6,0.7,0.8,0.7,0.7,,0.7,0.8,1,,0.6,0.8,,0.7,0.6,0.7,0.8,0.5,,0.7,1.3,,,0.6,0.7,,0.8,,1.2,0.8,1,1,1.4,1.8,,1.4,1.7,,1.2,,,1,,1.4,1,1.2,,1.2,1.2,0.8,0.4,0.3,,0.4,0.5,0.8,0.5,0.6,0.4,0.4,0.7,0.6,0.7,0.7,0.5,3.5,0.6,0.4,0.5,0.6,0.5,0.3,0.8,0.9,1,0.9,1,0.7,0.8,0.7,0.9,0.7,0.7,0.7,0.6,0.4,,0.3,0.5,0.6,0.5,0.4,0.5,0.5,0.4,0.4,0.3,0.2,0.9,0.7,0.9,,1.2,,1,,0.9,0.9,0.7,0.9,0.7,,0.3,0.5,0.5,,1,,1.2,1,0.6,1.1,0.6,0.6,0.7,,,,0.8,,0.7,,0.9,0.7,0.8,,0.9,1.1,0.9,1,0.9,,0.9,,0.9,1.1,0.6,0.8,0.8,0.9,,0.8,0.7,0.7,0.5,0.8,0.8,,1,,,0.8,0.5,0.8,1,0.4,0.9,1.6,0.8,1,0.5,0.5,0.5,0.6,0.9,1,0.6,0.9,1.3,0.8,0.6,0.4,0.8,0.8,1.2,0.8,0.8,0.8,0.9,0.7,0.7,,0.6,0.2,1.1,1,0.8,0.9,0.7,0.8,,,,,1,1.1,,0.8,0.9,0.7,0.6,0.5,0.5,0.7,0.7,0.5,0.5,0.6,0.3,0.6,0.6,0.7,0.8,0.9,,0.8,1,0.9,,0.7,1,,1.3,0.5,0.5,0.7,0.6,0.7,0.7,0.6,0.5,0.8,0.7,0.7,0.7,,0.6,0.8,0.3,0.9,1,0.8,0.6,0.2,0.3,,0.4,0.4,0.1,,0.3,1,1.1,0.9,0.9,,0.6,,0.8,0.6,0.6,0.8,0.7,0.5,0.3,0.4,0.5,,,0.4,0.5,0.5,0.6,0.4,0.5,0.5,0.4,0.8,0.6,0.9,,1.1,0.9,1,0.9,0.9,1.2,1,1.1,0.9,,1,1.1,1,1,1,1.2,1,1.2,1.1,1.3,1.1,1.2,0.9,,1,0.8,,0.6,0.6,0.7,0.9,,,0.8,0.4,0.3,0.4,0.3,0.9,0.7,1,1.1,,,0.6,1.1,1.1,1.3,1.1,,1.3,0.7,0.7,0.9,1.3,0.9,0.7,,0.7,0.8,0.8,,,0.7,0.8,,1,0.8,1,,0.7,,0.8,0.8,,,0.1,0.5,,,0.8,0.6,0.5,,,0.3,0.4,0.3,0.2,0.7,0.5,0.4,0.6,0.6,0.6,0.7,0.7,1.1,0.8,0.7,1,0.8,0.4,0.6,0.4,0.6,0.5,0.6,0.5,,0.6,0.6,0.8,,1.1,0.6,0.7,1,0.8,0.5,0.3,0.1,0.4,0.5,0.4,1.1,,,,0.4,0.4,0.5,0.5,0.5,0.4,0.3,0.4,0.6,0.5,0.6,0.6,0.5,0.5,0.8,0.5,,,0.7,0.2,,0.2,0.4,0.4,,0.3,0.6,0.9,,0.7,0.9,0.7,,0.7,0.9,0.7,0.7,0.7,0.6,0.7,0.7,0.9,0.8,0.8,0.8,0.7,0.9,0.6,0.5,,0.6,0.8,0.6,1.2,0.9,1,,0.6,,0.9,,,,0.8,0.6,0.7,0.8,0.6,0.6,,0.9,,0.9,1,0.7,0.9,0.6,0.6,0.6,0.8,0.6,0.6,0.7,0.7,0.2,0.6,0.5,0.6,0.6,0.6,0.6,0.6,0.4,,0.4,0.5,0.9,0.7,0.7,0.6,1.1,2.3,1.6,1.8,1.6,0.9,0.8,1,,,0.7,0.6,0.5,0.5,0.6,1,0.9,0.7,1.6,1.1,0.7,0.8,0.9,0.6,1.1,,0.9,1,1,0.9,0.8,0.8,0.9,1,0.7,1,0.8,,0.7,0.5,0.4,,0.7,0.8,0.7,0.8,,0.8,0.7,1.1,,1,0.8,0.8,0.8,0.9,0.9,0.9,0.9,0.7,0.9,0.8,0.7,0.8,,0.5,0.4,0.5,1.3,1.3,,1.1,1.2,0.7,0.7,0.8,0.6,0.7,0.6,0.9,0.8,0.9,0.8,,0.5,0.5,0.6,,1,0.9,,0.7,0.7,0.5,0.6,,1,0.7,0.6,0.9,1.1,0.9,0.8,0.9,0.6,0.9,1.2,0.7,0.8,0.6,0.6,0.8,1.4,1,1.6,1,0.8,1,0.8,1,0.8,0.9,1,0.8,0.9,1,1,0.7,0.5,0.6,0.9,0.8,0.8,0.6,0.6,1.4,0.5,0.5,1,0.4,1.1,0.8,0.6,0.7,0.9,,0.6,0.6,1,2.4,0.6,0.8,1.1,0.8,0.5,0.7,0.6,1,0.8,0.5,0.6,0.7,0.8,0.8,0.8,0.7,0.5,0.5,0.3,0.9,,0.7,0.6,0.6,0.4,0.6,0.6,1,0.9,0.9,0.9,0.8,0.8,0.7,0.8,0.8,,,0.8,0.6,0.7,,0.8,0.3,0.7,0.9,1.2,1.1,,0.6,0.7,0.5,,,,,0.6,0.7,0.7,0.7,0.6,0.5,0.7,0.4,,0.3,0.7,0.5,1,1.2,0.4,0.6,0.6,0.5,0.6,0.4,,,,,0.1,0.4,0.7,0.5,0.4,0.6,0.8,,0.8,0.6,0.5,0.5,0.4,0.5,0.5,0.5,0.4,0.5,0.8,0.8,0.7,0.7,,0.6,0.6,0.4,0.7,1,0.7,0.7,0.5,0.9,,1.2,1,,0.7,0.5,,0.4,0.3,,,0.4,,0.3,,0.4,0.4,0.6,0.7,0.6,0.6,0.7,0.7,0.8,0.7,0.6,0.6,0.6,0.5,,1.2,1.2,0.3,0.5,0.7,0.8,,0.3,0.4,0.4,0.6,0.3,0.3,,0.9,0.7,0.2,0.3,0.4,,0.9,0.6,0.6,,0.5,0.5,0.8,0.6,0.7,0.4,0.6,,0.4,0.8,,0.4,0.6,0.7,0.6,0.6,0.5,0.3,0.3,0.4,,0.3,0.2,0.2,0.3,0.1,1.4,0.4,0.5,0.4,,,,0.4,0.7,0.6,,0.7,0.3,0.4,0.5,2.5,0.3,1.8,0.9,0.7,0.7,0.7,0.6,0.7,,0.8,0.8,0.9,0.7,0.6,1.1,1.1,,0.6,,0.7,0.5,1.1,0.6,4.4,8.1,0.2,0.6,0.9,0.7,0.8,0.8,1,0.5,,,0.5,0.2,0.9,0.6,,1.1,1.1,1.5,0.6,,1,1.3,,,1.4,1,0.9,1,0.9,0.7,1.7,1.3,1,0.9,0.7,1,0.8,0.7,1.1,,0.9,0.8,,1.1,0.7,0.6,0.7,0.3,0.5,0.6,0.4,0.7,1.1,0.6,1,0.7,0.7,0.6,1,0.5,0.4,0.6,0.3,0.7,0.4,0.8,0.7,0.3,0.7,0.5,0.5,0.4,0.4,0.7,0.2,1.2,1,0.8,1.1,0.9,0.9,1,0.7,0.8,0.9,2.3,0.7,1,1.2,0.6,1,,0.8,0.8,0.8,0.9,0.2,0.7,0.4,,,0.9,0.6,0.7,0.8,0.9,0.3,0.8,1,0.6,0.5,1.2,1,0.9,0.9,0.4,0.9,0.7,0.8,,0.8,0.7,0.5,0.9,0.8,,0.2,0.7,0.7,0.8,0.8,1.3,1.1,1.6,0.9,0.9,0.8,1,0.6,0.9,0.6,1,,1.4,,1.2,1,1.2,1.2,0.9,0.9,1,1.1,0.9,0.7,1,0.9,0.7,0.6,0.7,0.7,0.6,0.7,0.7,,0.5,0.9,1.1,0.6,0.4,0.5,0.5,0.6,0.5,0.9,0.6,0.8,0.9,0.5,0.8,0.8,0.7,0.9,1,0.9,,0.8,1,0.9,0.8,0.7,0.6,0.6,0.6,0.8,0.6,1,0.5,0.7,0.8,0.5,0.5,0.4,0.9,0.9,0.9,0.7,0.7,0.5,1.1,0.3,0.7,0.2,1,1.2,1.3,0.8,0.8,0.7,0.6,0.5,0.9,1.9,0.5,0.6,0.7,0.7,0.7,0.8,0.7,0.6,1,0.9,0.6,1,1.2,1.1,0.6,0.9,0.7,0.7,1,1,,0.9,0.6,0.6,0.7,0.5,1,0.9,0.5,1,0.6,1,1,1.2,1.1,1.2,0.9,1.1,1.2,1.2,0.3,0.3,0.5,0.3,0.4,,0.9,0.4,0.7,0.8,0.7,0.6,0.6,0.6,0.5,0.5,0.6,0.7,0.8,0.8,,0.6,0.8,0.4,0.8,0.7,0.5,0.8,0.9,0.9,0.6,0.8,0.9,0.7,0.6,0.4,,0.4,0.9,0.8,1.1,0.5,0.6,0.8,1.2,,0.8,0.4,0.9,1,0.9,1.2,0.7,0.9,0.9,0.7,0.9,0.4,,0.7,,0.5,,0.1,1,1,0.5,0.8,1.2,0.9,0.8,0.8,,0.7,0.6,0.7,0.7,1,0.6,0.5,0.6,0.6,0.7,0.7,0.5,0.7,0.6,0.4,0.6,1,0.6,0.5,0.6,0.6,,1.4,,0.9,0.6,,1.2,1,1.4,0.7,0.7,1,1.2,0.5,,0.4,0.9,0.8,0.7,,,1.6,0.8,0.8,0.7,1,0.5,0.3,0.3,0.4,0.6,0.8,0.6,,0.5,0.8,0.7,0.7,0.7,0.8,0.6,1.1,0.9,,1,,1.2,1.1,0.7,0.8,0.6,1,1.1,0.9,0.6,0.7,0.8,0.7,0.2,0.5,0.5,0.6,0.8,0.6,0.6,1.4,1.2,0.8,0.5,0.5,0.7,0.8,0.9,0.8,0.8,1.9,0.9,,1.3,0.7,1,0.9,0.7,0.5,0.8,0.7,0.3,1.2,1.4,0.9,0.7,0.6,0.5,0.8,0.7,0.8,0.7,0.3,,0.9,0.8,,0.7,0.3,1.8,0.3,0.8,0.7,0.3,0.8,0.7,0.7,0.5,0.7,0.8,1.1,0.9,0.9,0.7,0.9,0.7,0.7,0.6,1.1,0.5,0.5,0.8,0.7,0.9,0.8,0.7,0.6,0.7,0.6,0.5,,1.2,0.3,1.1,0.7,0.6,0.8,0.5,0.4,0.7,0.7
20210423,7,CO_24h,0.6,0.7,0.7,0.7,0.7,0.7,0.7,0.7,0.6,0.7,0.7,0.7,,,0.8,,0.9,0.9,0.7,,0.8,,0.9,1.3,,1,0.8,,0.6,0.6,0.5,0.7,0.6,0.5,0.6,,0.9,1,,1,0.9,0.4,0.3,0.3,,0.2,,0.6,0.5,0.6,0.4,0.5,0.6,0.4,0.5,0.4,0.5,,0.7,0.7,0.7,0.9,0.7,0.8,0.7,0.6,0.4,0.6,,0.4,0.6,0.6,0.8,0.6,0.6,,0.5,0.6,0.5,0.2,0.9,,0.7,0.9,0.8,1,0.9,0.8,,0.6,0.6,,,0.7,0.7,0.6,0.7,0.7,0.8,0.8,,0.8,0.8,0.7,0.8,0.8,,1,0.5,0.6,0.7,0.6,0.4,0.6,0.4,0.4,0.4,0.6,0.6,0.7,0.6,0.7,0.4,0.5,0.6,0.5,0.4,0.4,0.6,0.7,0.8,,0.5,0.7,0.7,0.5,0.4,0.6,0.7,0.7,0.8,0.6,0.6,0.6,0.5,,0.8,0.5,0.6,0.7,0.9,0.8,0.5,1,1,0.7,0.8,0.8,0.9,0.5,,1,0.9,0.6,0.6,0.9,0.8,0.5,0.8,0.8,0.9,0.8,0.7,,,,0.9,0.8,,1,0.9,1,,,,0.7,,0.8,0.7,0.8,0.6,0.7,0.8,0.8,0.9,0.9,,,,0.7,0.9,,0.7,0.7,0.9,0.6,0.7,,1,0.5,0.8,0.7,0.7,0.6,0.6,0.5,,0.7,,1,0.9,,0.6,0.4,,0.6,0.8,0.7,,0.6,0.8,0.6,0.5,0.6,0.6,0.5,,,0.4,0.6,0.6,0.6,0.5,0.4,0.5,,0.6,,,0.7,,0.7,0.7,,0.6,0.4,0.3,0.5,0.4,0.4,,0.7,0.6,0.8,0.6,0.6,0.5,0.5,0.5,1.1,0.7,0.8,0.8,0.8,0.7,0.7,0.7,0.7,0.9,0.5,,0.7,0.7,0.7,0.7,0.4,0.5,0.4,1.1,0.9,0.7,,0.8,1.3,1,,1,0.6,0.6,0.7,,0.5,0.6,0.7,0.8,0.6,,,0.1,0.5,0.5,0.3,0.3,0.5,0.9,1,1,1,0.8,0.6,1.2,1,0.7,0.7,0.8,0.7,0.9,0.9,0.8,0.7,,0.6,0.7,1,1,0.9,0.9,0.8,0.8,0.8,0.8,1,1,1,0.9,,0.7,0.8,0.8,0.9,0.8,0.7,0.8,0.9,0.5,0.6,0.7,0.6,0.4,0.7,,0.5,0.6,0.5,0.7,0.5,0.7,0.3,0.6,0.7,0.7,0.6,0.6,,0.6,0.7,0.6,0.6,0.6,0.4,0.4,0.8,0.6,0.4,0.5,,,0.8,0.7,0.8,0.6,0.7,0.6,0.6,0.5,0.7,0.7,0.4,0.5,0.7,0.7,0.5,0.7,0.6,0.7,0.6,0.5,0.4,0.5,0.6,0.5,0.4,0.7,,0.6,0.7,1,1,0.8,0.7,0.4,,,0.7,0.7,0.4,0.8,1.1,,1,1,0.8,0.9,,,1,0.6,0.5,0.4,0.6,0.7,0.7,0.7,0.6,0.6,0.7,,0.6,0.6,0.8,0.6,0.8,1,0.5,0.6,0.5,0.5,0.6,0.4,0.7,1.1,0.8,0.7,0.9,0.8,0.7,0.8,,0.6,0.7,0.9,0.8,,0.7,0.7,0.7,0.5,,,,0.5,1,,,,0.7,0.9,0.5,0.9,0.5,0.6,0.3,,0.5,0.9,0.7,0.9,0.9,0.9,0.7,0.8,0.8,0.7,0.8,0.6,0.7,0.8,0.6,1.1,,0.9,1,1,0.9,0.8,0.7,0.8,0.8,0.6,,0.9,1.2,1,0.6,0.6,0.6,0.6,0.8,0.8,0.7,0.6,0.6,0.7,0.5,0.5,0.5,0.5,0.4,,0.9,,0.7,1,1,0.9,0.7,,0.8,0.5,,,0.9,0.9,1.5,0.8,,0.7,1,1,,0.9,0.5,0.7,0.8,0.7,0.6,0.3,0.7,0.6,0.2,,,,0.9,,0.6,1.1,,1.1,0.8,0.8,1,0.8,0.6,0.5,0.4,0.4,0.5,,0.8,,,0.6,,0.7,0.8,0.7,0.3,0.5,0.5,0.6,0.9,,0.6,0.5,0.6,0.7,0.5,0.5,0.4,0.6,0.6,0.4,0.7,0.7,0.6,0.7,0.5,0.5,0.7,0.8,0.6,0.5,,0.5,0.9,1,,0.7,0.8,,0.7,0.6,0.8,0.7,0.6,,0.6,1,,,0.6,0.7,,0.8,,0.9,0.7,0.9,0.7,1.1,1.7,,1.3,1.5,,1.2,,,0.9,,0.9,0.8,0.8,,1.1,0.9,0.5,0.2,0.3,,0.6,0.7,0.8,0.7,0.6,0.5,0.4,0.8,0.7,0.6,0.7,0.6,1,0.5,0.4,1.2,0.5,0.4,0.3,0.6,0.8,0.7,0.9,0.8,0.7,0.7,0.6,0.7,0.7,0.5,0.6,0.5,0.4,,0.3,0.7,0.8,0.7,0.7,0.7,0.4,0.4,0.4,0.3,0.4,0.8,0.7,0.9,,1.3,,1,,0.8,1.2,1,1.1,1,,0.7,0.7,0.7,,0.9,,0.9,0.9,0.5,1,0.6,0.5,0.9,,,,0.8,,0.6,,1,0.9,0.9,,0.7,0.9,0.8,0.9,0.7,,0.7,,0.9,1.1,0.7,0.8,0.8,0.8,,0.9,0.8,0.8,0.6,0.8,0.8,,1,,,0.8,0.5,0.8,0.9,0.5,0.8,1.1,0.7,0.9,0.6,0.5,0.6,0.5,0.7,0.9,0.7,0.9,1,0.7,0.5,0.4,0.9,0.7,1.1,0.8,0.8,0.8,0.9,0.8,0.7,,1.6,0.6,0.9,0.7,0.7,1,0.8,0.7,,,,,0.8,0.8,,0.8,1,0.8,0.7,0.6,0.7,0.8,0.8,0.5,0.5,0.7,0.5,0.5,0.6,0.7,0.8,0.8,,0.8,0.9,0.9,,0.6,0.7,,0.8,0.6,0.6,0.7,0.7,0.8,0.8,0.6,0.6,0.7,0.7,0.7,0.7,,0.6,0.7,0.5,1.3,0.7,0.6,0.6,0.2,0.3,,0.4,0.4,0.1,0.3,0.3,0.7,0.9,0.7,0.7,,0.5,,0.5,0.4,0.4,0.6,0.4,0.4,0.2,0.3,0.4,,,0.4,0.4,0.5,0.5,0.4,0.4,0.5,0.3,0.7,0.6,0.7,,0.7,0.6,0.7,0.7,0.7,0.9,0.8,0.9,0.6,,0.9,1,0.9,0.8,0.9,0.9,0.8,1,0.9,1.2,1.1,0.9,0.6,,0.8,0.7,,0.5,0.5,0.5,0.8,,,0.8,0.4,0.4,0.5,0.3,0.8,0.6,0.8,0.9,,,0.4,1.2,1.3,1.4,1.2,,1.6,0.8,0.7,0.9,0.8,0.6,0.6,,0.6,0.8,0.7,,,0.7,0.7,,0.8,0.7,1,,0.8,,1.1,1,,,0.2,0.5,,,0.8,0.6,0.5,,,0.2,0.4,0.3,0.2,0.6,0.5,0.4,0.6,0.5,0.4,0.7,0.5,0.7,0.7,0.5,0.7,0.8,0.7,0.7,0.5,0.5,0.5,0.6,0.5,,0.4,0.5,0.6,,0.9,0.7,0.6,0.8,0.7,0.5,0.3,0.1,0.4,0.6,0.4,1.1,,,,1.2,1.2,1.2,1.1,1.1,0.7,0.8,0.5,0.7,0.5,0.6,1.6,1.6,1.6,1.7,1.7,,,1.4,0.5,0.3,0.4,0.6,0.6,,0.5,0.5,0.8,,0.7,0.7,0.6,,0.6,0.9,0.6,0.7,0.6,0.7,0.8,0.7,0.9,0.7,0.8,0.8,0.7,0.9,0.8,0.6,,0.6,0.6,0.5,0.8,0.9,0.9,,0.7,,0.6,,,,0.8,0.6,0.7,0.8,0.7,0.7,,0.9,,0.7,1,0.8,0.7,0.6,0.6,0.6,0.7,0.7,0.6,0.7,0.5,0.2,0.5,0.5,0.5,0.6,0.6,0.6,0.6,0.5,,0.4,0.4,0.7,0.6,0.6,0.5,1,2.1,1.3,1.4,1.2,0.6,0.5,0.6,,,0.5,0.4,0.3,0.4,0.4,1,0.9,0.7,1.3,1.1,0.7,0.8,0.8,0.6,1.1,,1.1,1,1.1,0.7,0.6,0.6,0.6,0.7,0.5,0.7,0.8,,1.1,0.7,0.7,,0.9,0.9,0.9,0.8,,0.8,0.7,0.9,,0.9,0.7,0.7,0.8,0.8,0.9,0.9,0.9,0.7,0.8,0.7,0.8,0.7,,0.5,0.4,0.5,1.3,1.3,,1.1,1.1,0.8,0.8,0.9,0.7,0.8,0.7,0.9,0.9,1,1.1,,0.5,0.5,0.6,,1,0.9,,0.7,0.7,0.6,0.7,,0.7,0.7,0.7,0.8,0.9,0.8,0.9,1.1,0.8,1,1,0.8,0.9,0.7,0.7,0.9,1.3,0.9,1.5,1,0.7,0.9,0.7,0.9,0.7,0.7,0.9,0.8,0.9,1,1,0.8,0.6,0.8,0.8,0.9,0.8,0.6,0.6,1.1,0.6,0.5,0.7,0.5,1.3,0.8,0.8,0.8,0.7,,0.5,0.7,0.8,1.2,0.4,0.5,0.8,0.8,0.6,0.7,0.6,0.9,1,0.6,0.7,0.6,0.6,0.6,0.8,0.6,0.5,0.5,0.4,1,,0.8,0.6,0.6,0.4,0.5,0.6,0.9,0.9,0.9,0.9,0.7,0.8,0.8,0.7,0.8,,,0.8,0.6,0.7,,0.8,0.4,0.7,0.7,0.8,0.9,,0.6,0.7,0.5,,,,,0.6,0.6,0.7,0.6,0.7,0.6,0.6,0.5,,0.4,0.6,0.6,0.7,0.8,0.6,0.6,0.6,0.5,0.6,0.4,,,,,0.2,0.5,0.6,0.5,0.4,0.5,0.7,,0.9,0.4,0.5,0.5,0.4,0.5,0.5,0.5,0.4,0.5,0.6,0.8,0.6,0.7,,0.6,0.6,0.5,0.6,1.2,0.7,0.7,0.5,0.8,,1.7,0.9,,0.7,0.5,,0.5,0.3,,,0.7,,0.4,,0.4,0.4,0.5,0.7,0.6,0.6,0.7,0.8,0.7,0.7,0.5,0.6,0.6,0.6,,0.7,0.7,0.2,0.4,0.7,0.6,,0.4,0.5,0.4,0.7,0.4,0.4,,0.8,0.7,0.2,0.2,0.4,,0.8,0.6,0.5,,0.5,0.5,0.7,0.5,0.6,0.5,0.6,,0.5,0.6,,0.4,0.6,0.7,0.6,0.5,0.5,0.3,0.3,0.4,,0.4,0.2,0.3,0.3,0.3,0.8,0.5,0.5,0.4,,,,0.3,0.5,0.5,,0.6,0.4,0.4,0.5,0.8,0.3,1.4,0.8,0.8,0.9,0.8,0.5,0.7,,0.9,0.8,0.7,0.6,0.5,0.6,0.7,,0.6,,0.6,0.4,1.1,0.6,2.1,1.9,0.7,0.4,0.8,0.7,0.9,0.7,0.6,0.5,,,0.5,0.2,0.7,0.7,,1,1,1.1,0.7,,0.9,1,,,1.1,0.8,1,0.7,1,0.8,1.2,0.9,0.8,0.7,0.6,0.8,0.7,0.8,1,,0.9,0.8,,1,0.8,0.5,0.6,0.3,0.5,0.3,0.5,0.6,1,0.6,0.9,0.6,0.8,0.7,1,0.5,0.3,0.7,0.4,0.8,0.5,0.6,0.7,0.4,0.6,0.5,0.5,0.6,0.5,0.7,0.2,1.2,0.9,0.9,1,0.9,0.8,1,0.8,0.8,0.9,1.6,0.9,1,1,0.6,1.2,,0.7,0.9,0.7,0.6,0.5,0.7,0.4,,,0.7,0.6,0.6,1.1,0.7,0.3,0.7,0.9,0.5,0.4,0.7,0.7,0.8,0.8,0.4,0.8,0.6,0.8,,0.7,0.6,0.4,0.8,0.7,,0.4,0.4,0.6,0.5,0.4,0.7,0.6,0.5,0.6,0.5,0.7,0.8,0.8,0.9,0.5,0.9,,1.2,,0.8,0.8,0.8,0.8,0.8,0.8,0.9,0.9,0.8,0.7,0.9,0.7,0.7,0.6,0.7,0.6,0.5,0.7,0.5,,0.4,0.8,0.9,0.5,0.3,0.6,0.6,0.9,0.9,0.9,0.6,0.8,0.9,0.6,0.8,0.9,0.9,1,0.9,0.8,,0.7,0.9,0.8,0.7,0.7,1.1,0.7,0.7,0.8,0.6,0.9,0.6,0.6,0.8,0.4,0.5,0.5,1,1.1,0.9,0.6,0.8,0.3,0.9,0.4,0.6,0.3,0.8,1.3,1.2,0.6,0.7,0.7,0.4,0.5,0.5,1.6,0.5,0.5,0.8,0.8,0.7,1,0.7,0.6,0.9,0.9,0.7,0.8,1,0.7,0.4,0.7,0.5,0.6,0.7,1,,0.7,0.6,0.7,0.9,0.5,0.9,0.8,0.6,0.7,0.5,0.8,0.7,0.9,0.9,0.8,0.7,0.8,1,0.3,0.3,0.3,0.6,0.4,0.4,,0.8,0.4,0.7,0.8,0.5,0.5,0.5,0.4,0.6,0.4,0.5,0.6,0.8,0.7,0.1,0.5,0.6,0.8,0.9,0.8,0.5,0.8,0.9,0.9,0.6,0.8,0.8,0.8,0.5,0.7,,0.6,0.9,0.8,0.8,0.9,0.5,0.8,0.6,,0.6,0.4,1,0.8,0.9,1.1,0.7,0.8,0.8,0.7,0.8,0.5,,0.7,,0.7,,0.2,0.6,0.8,0.5,0.7,1.2,0.8,0.9,0.8,,0.6,0.6,0.7,0.7,0.7,0.5,0.5,0.4,0.2,0.6,0.7,0.6,0.7,0.7,0.5,0.4,1.1,0.5,0.5,0.6,0.6,,0.6,,0.9,0.7,,1.3,0.7,0.6,0.7,0.6,0.9,0.8,0.4,,0.4,0.7,0.6,0.6,,,1.8,0.7,0.5,0.6,0.6,0.8,0.5,0.7,0.9,0.5,0.9,0.5,,0.3,0.6,0.5,0.5,0.5,0.6,0.5,0.7,0.9,,0.9,,0.9,0.9,0.6,0.9,0.8,0.9,0.8,0.9,0.5,0.7,0.8,0.7,0.2,0.5,0.5,0.6,0.7,0.7,0.7,1,1.4,0.9,0.5,0.4,0.7,0.7,0.7,0.6,0.7,1.9,1.2,,1.3,0.5,0.9,0.8,1.2,0.5,0.7,0.5,0.2,1.2,0.9,0.9,0.6,0.6,0.5,0.9,0.5,0.9,0.8,0.4,0.7,0.6,0.7,,0.7,0.6,1.2,0.2,0.7,0.7,0.3,0.7,0.7,0.7,0.5,0.6,0.7,0.7,0.8,1,0.7,0.9,1.3,0.5,0.7,1,0.9,0.9,0.7,0.7,0.7,0.7,0.6,0.5,0.6,0.6,0.7,,1,0.3,0.9,0.6,0.5,0.7,0.5,0.4,0.7,0.7
20210423,8,AQI,65,100,65,47,53,78,74,50,55,84,67,67,,,19,,27,22,22,,20,,21,20,,27,21,,66,82,74,88,74,78,70,,28,28,,48,29,29,30,33,,32,,58,50,68,55,57,65,71,60,62,60,,54,56,58,22,33,29,51,,70,69,,78,55,45,54,72,75,,70,62,73,77,93,,59,108,109,87,88,82,,44,33,,,53,40,33,36,48,38,41,,50,47,36,52,45,,48,35,36,43,36,41,38,38,37,36,38,50,45,55,43,53,45,115,52,53,54,60,53,97,,52,48,58,54,65,80,74,67,118,104,115,119,123,,115,113,117,119,67,67,89,70,73,60,67,98,64,159,,89,77,103,69,68,103,60,72,69,124,,79,,,,87,85,,84,92,69,,,,68,,58,67,65,73,55,77,67,59,82,,,,97,94,,51,48,65,83,83,,57,97,88,102,62,70,69,24,,39,,55,56,,105,65,,89,60,94,,92,79,117,43,53,72,51,,,64,83,74,38,38,69,65,,108,,,48,,93,87,,22,21,33,44,21,32,,59,56,70,64,66,51,45,43,46,55,45,50,52,56,60,52,48,53,23,,38,52,47,53,29,42,33,36,38,25,,39,42,29,,58,44,57,57,,62,62,51,64,22,,,79,85,68,64,83,51,64,63,67,95,83,74,74,61,64,25,32,36,24,35,28,33,,32,26,49,42,36,46,33,40,48,34,49,31,62,63,,59,67,57,88,62,59,68,58,53,54,55,57,51,72,,46,55,62,71,53,55,47,44,55,59,59,44,,38,79,71,48,47,53,25,38,53,39,59,,,65,63,68,97,84,84,85,77,57,65,55,59,40,36,39,34,34,37,44,53,19,16,44,14,21,45,,54,58,47,64,62,57,63,,,68,67,67,62,49,,103,127,108,124,,,148,69,39,46,53,49,51,53,51,48,48,,53,54,60,64,58,62,25,33,30,27,28,36,60,52,75,63,58,60,51,90,,56,58,73,53,,62,38,,45,,,,39,37,,,,59,51,22,21,26,25,24,,25,32,38,53,40,38,36,31,30,39,48,55,39,46,21,46,,61,53,49,40,50,51,36,41,34,,45,57,59,30,26,30,34,55,67,58,89,56,57,57,43,44,50,38,,31,,62,78,83,63,59,,61,67,,,38,32,29,77,,67,57,79,,110,83,79,73,85,30,31,33,36,28,,,,84,,83,53,,62,44,53,54,77,84,79,32,32,30,,42,,,59,,52,55,60,68,55,49,33,46,,37,35,23,30,54,40,46,52,46,54,46,48,50,49,48,45,43,50,63,40,,53,75,70,,30,33,,54,46,49,56,38,,70,54,,,80,59,,59,,48,60,75,66,122,,,119,109,,97,,,103,,137,103,132,,95,58,38,54,23,,29,30,43,35,36,27,19,52,43,54,50,40,77,26,29,31,25,22,28,84,68,40,75,165,84,95,90,95,104,110,61,42,46,,49,60,59,100,76,56,50,40,40,53,42,57,59,58,,49,,72,,73,43,40,41,32,,39,30,30,,118,,81,162,127,124,62,67,50,,,,65,,59,,107,89,127,,109,88,92,85,79,,80,,49,55,45,51,33,51,,37,38,33,39,41,26,,29,,,22,55,28,32,34,40,38,40,43,28,33,31,46,67,56,44,53,,58,29,28,29,51,65,75,83,87,82,77,75,,63,62,60,66,59,60,68,59,,,,,70,70,,80,25,38,34,43,22,39,32,28,34,34,34,55,51,50,55,52,,58,58,78,,59,65,,87,20,33,44,40,39,55,53,47,70,67,77,83,,68,74,169,54,54,59,94,26,29,,24,31,32,36,31,72,73,63,63,,49,,97,67,67,114,102,50,49,32,30,,,29,19,63,20,32,28,35,,39,40,70,,74,87,102,65,55,59,69,71,75,,63,69,74,73,77,49,49,59,46,48,52,57,60,,56,51,,61,60,54,69,,,42,58,48,50,49,,43,50,38,,,88,64,73,72,90,,80,75,83,78,84,87,102,,100,99,,,,77,87,,93,75,77,,106,,68,69,,,42,45,,,60,58,44,,,57,53,49,50,43,48,50,26,31,35,35,32,46,38,35,48,41,47,35,29,55,43,53,57,,57,42,60,,55,36,59,67,49,29,37,29,40,37,45,112,,,,54,53,49,42,95,69,68,58,53,54,42,,87,85,73,88,,,84,30,,31,69,52,,30,64,64,,55,58,67,,74,77,55,59,36,78,87,98,59,76,64,64,90,57,38,29,,28,25,26,44,69,57,,59,,93,,,,53,57,65,62,80,84,,42,,70,74,48,48,20,36,53,15,64,43,60,33,,36,52,29,63,60,63,49,24,,30,20,32,28,30,26,20,65,64,70,54,36,44,58,,,48,40,42,40,39,29,39,36,52,50,40,42,43,39,44,,50,54,42,49,40,38,40,45,57,70,76,,99,85,64,,107,119,122,65,,65,47,58,,64,53,54,57,58,55,64,55,50,51,77,73,67,,59,65,69,49,50,,62,54,48,63,49,52,49,59,67,62,40,31,,42,53,36,,46,33,,33,32,40,39,,57,48,33,30,37,32,,,21,29,,34,38,40,72,54,38,30,43,45,29,31,48,39,38,30,39,39,37,45,46,23,29,23,50,33,28,40,39,42,40,15,29,20,65,66,60,62,41,,29,28,51,52,67,60,75,53,55,46,49,58,53,36,42,45,59,59,60,48,51,38,38,21,,28,26,29,32,30,35,46,50,59,67,60,64,54,74,94,,,40,48,46,,41,34,24,30,31,42,,38,37,30,,,,,55,59,67,70,60,30,30,31,,38,32,41,49,51,51,54,62,57,52,61,,,,,34,25,33,47,52,,39,,32,82,60,45,39,42,45,36,85,64,60,57,54,60,,75,84,62,64,88,68,52,48,79,,65,63,,35,34,,33,34,,,36,,32,,20,21,20,19,19,19,54,55,57,60,27,24,24,39,,47,57,11,26,30,99,,109,113,42,38,118,119,,40,43,24,23,28,,59,62,52,,38,42,30,23,28,30,45,,53,39,,,18,25,26,119,109,185,176,24,,23,28,23,69,81,30,28,25,28,,,,41,46,26,,23,24,23,25,54,64,110,60,25,25,25,85,94,,94,104,72,99,69,78,50,,58,,84,58,134,38,67,64,156,11,68,41,37,53,73,32,,,64,51,102,22,,53,50,54,36,,79,67,,,64,102,117,60,84,78,76,77,62,110,38,62,62,56,119,,22,48,,88,40,67,54,26,42,50,32,80,68,32,37,45,23,128,44,37,50,36,41,33,33,56,44,54,54,49,57,35,43,59,31,60,57,94,70,25,41,45,57,63,92,54,45,37,38,53,100,,59,39,68,,36,31,30,,,61,119,75,46,52,31,44,67,54,111,103,55,58,89,33,72,67,48,,57,59,56,49,51,,94,119,48,109,109,123,123,134,118,102,80,60,54,121,59,55,,73,,64,77,40,43,49,78,89,81,77,62,64,72,49,56,57,47,58,56,104,,47,75,66,60,59,42,84,28,25,65,65,103,75,85,46,50,98,107,56,85,,109,138,83,73,75,75,24,50,32,54,89,29,52,46,22,43,30,77,62,104,99,55,45,69,92,42,35,87,65,55,69,69,62,76,49,85,55,34,50,41,69,28,26,28,44,63,31,29,75,67,69,142,83,94,99,70,52,,84,49,24,56,42,73,64,36,77,64,63,55,55,49,59,79,45,42,67,28,23,29,28,20,,76,59,45,85,76,45,49,62,28,67,50,52,83,,28,84,62,29,45,28,90,44,64,62,68,62,57,91,60,48,,110,112,60,84,39,48,33,22,69,40,37,72,80,88,77,50,73,52,49,58,39,,42,,26,,39,48,59,64,58,34,39,32,46,,18,46,,53,63,69,42,48,52,28,46,45,53,42,50,38,31,22,26,44,44,,124,,63,32,,32,65,74,60,63,64,114,38,,20,59,63,54,,,137,168,75,94,77,27,36,29,27,55,60,54,79,92,79,83,79,88,66,69,70,84,,73,,89,59,73,55,53,99,68,63,56,46,63,42,25,22,364,223,36,18,76,122,83,83,56,58,77,48,66,67,58,30,65,,64,89,135,119,83,102,63,57,59,69,79,45,64,50,42,62,63,57,40,30,107,72,56,,52,27,62,31,62,89,80,65,89,62,69,67,63,57,107,62,62,58,114,60,98,42,39,30,83,73,58,30,55,54,69,87,68,,152,42,149,67,35,74,32,28,84,55
20210423,8,PM2.5,47,75,47,31,37,57,54,35,39,62,48,48,,,6,,9,10,6,,7,,12,14,,11,7,,41,60,54,65,54,57,51,,14,12,,33,9,16,19,23,,10,,34,31,49,39,38,43,43,43,32,26,,24,33,22,15,23,19,26,,48,39,,57,39,31,38,52,55,,51,44,53,56,69,,42,81,82,64,65,60,,26,23,,,37,17,23,25,25,26,25,,35,26,24,28,21,,33,17,10,12,12,9,8,9,12,14,13,35,31,36,30,35,31,87,36,35,38,43,37,72,,32,33,41,36,47,59,54,39,89,78,87,90,93,,87,85,88,90,48,48,66,51,53,43,48,73,46,121,,66,56,77,50,49,77,43,52,50,94,,58,,,,64,63,,62,68,38,,,,49,,41,48,41,53,39,56,48,42,60,,,,72,70,,33,33,47,61,61,,40,72,65,76,44,51,50,14,,25,,35,32,,79,47,,66,43,70,,51,58,88,30,26,52,32,,,46,61,46,24,22,45,37,,81,,,33,,56,64,,11,11,21,21,9,16,,42,38,51,42,42,24,24,30,24,39,31,29,36,31,39,36,31,36,13,,16,18,17,21,19,29,23,25,24,17,,19,14,13,,41,27,24,32,,44,44,24,46,9,,,58,63,49,46,61,34,41,34,42,38,50,43,35,35,37,16,18,22,14,24,14,17,,19,14,34,29,20,32,23,25,33,19,34,6,37,37,,35,34,31,64,34,10,42,37,30,25,37,29,31,36,,28,31,37,42,32,21,22,22,27,38,42,27,,19,55,46,33,23,27,17,22,28,18,29,,,40,39,39,72,62,47,53,44,36,43,34,31,22,25,27,20,21,19,27,26,10,8,12,8,12,18,,38,33,32,40,25,34,45,,,33,39,30,29,34,,77,96,81,94,,,113,50,27,24,29,34,29,29,29,29,24,,36,38,43,42,41,37,8,2,5,6,6,2,31,34,37,30,32,34,33,35,,32,34,33,35,,36,20,,28,,,,21,12,,,,31,26,4,9,11,15,16,,17,20,26,37,28,26,25,20,20,18,33,39,27,32,9,26,,34,31,25,26,16,22,19,24,22,,31,40,42,17,9,12,14,39,48,41,66,36,40,40,24,24,25,24,,14,,44,31,36,45,42,,42,48,,,24,22,20,56,,48,40,58,,83,61,58,53,63,12,12,7,12,2,,,,62,,61,36,,44,14,29,32,56,62,58,22,20,11,,29,,,42,,35,39,33,49,39,34,23,32,,15,20,15,19,27,26,24,24,19,27,32,33,35,34,30,24,28,35,42,25,,29,55,51,,21,23,,38,32,30,36,26,,29,38,,,59,42,,35,,24,34,26,42,92,,,90,82,,72,,,77,,104,77,100,,71,26,26,29,14,,13,9,23,12,10,9,9,36,30,38,35,28,50,16,10,8,17,10,19,62,49,28,55,125,62,71,67,71,78,83,20,22,19,,26,42,42,75,41,36,30,23,19,32,29,40,42,41,,34,,52,,53,30,28,22,22,,27,18,3,,89,,,123,96,94,44,48,35,,,,47,,42,,80,66,96,,82,65,68,63,58,,59,,34,39,31,34,20,25,,25,26,23,22,28,18,,19,,,13,39,15,22,8,28,21,28,26,19,12,12,17,48,34,23,33,,41,13,14,20,20,41,55,61,64,60,56,55,,45,44,40,40,42,43,49,42,,,,,51,48,,48,17,26,13,26,15,27,22,19,12,13,17,36,32,31,30,33,,41,41,57,,36,39,,64,12,23,29,28,24,27,27,32,51,48,56,61,,30,29,53,38,38,42,70,12,14,,6,,16,25,13,52,53,42,42,,34,,72,48,48,86,76,35,34,22,21,,,11,11,11,13,9,13,15,,12,28,42,,47,64,76,47,39,42,50,46,55,,45,41,54,53,56,34,34,42,32,32,36,40,43,,39,21,,34,37,38,50,,,29,41,33,35,34,28,30,29,26,,,37,46,53,39,67,,44,55,51,52,61,44,76,,75,74,,,,56,64,,69,55,30,,27,,31,25,,,29,9,,,34,27,28,,,40,37,30,9,30,29,35,18,17,24,24,22,32,26,24,30,26,24,22,20,39,30,37,40,,22,17,43,,26,22,29,31,16,2,23,17,28,24,31,84,,,,38,37,34,29,71,38,49,41,37,35,28,,64,63,53,65,,,62,21,,5,50,36,,21,46,46,,39,41,48,,54,56,39,42,23,57,64,73,41,53,36,27,67,25,26,20,,19,17,18,29,50,40,,42,,69,,,,37,28,47,44,59,62,,27,,51,54,33,13,12,25,37,10,46,30,43,17,8,25,36,20,45,43,44,29,13,,21,13,12,10,14,8,11,47,46,28,33,25,20,27,,,16,24,19,24,27,20,27,24,36,27,24,29,27,23,26,,29,27,28,34,25,26,28,23,30,51,27,,74,63,46,,80,90,92,47,,47,32,41,,36,32,35,27,34,34,46,39,30,31,56,53,48,,42,47,50,28,25,,44,30,12,45,34,36,34,42,48,44,22,15,,29,37,17,,23,23,,21,22,28,27,,37,22,5,21,18,22,,,12,20,,23,26,28,33,38,26,21,30,31,16,17,33,27,26,21,27,25,24,31,21,14,12,13,15,14,19,28,27,29,28,9,16,14,38,32,8,28,19,,9,19,25,19,48,40,51,31,39,30,28,37,35,19,23,29,42,35,43,33,19,20,26,11,,11,11,20,22,15,23,32,35,17,48,38,46,17,54,62,,,22,30,28,,22,14,16,21,16,26,,24,4,21,,,,,39,39,36,51,43,16,20,21,,16,22,24,24,24,23,38,44,40,36,40,,,,,7,17,21,30,25,35,25,,22,60,40,30,25,16,26,20,63,46,43,40,37,35,,55,62,44,46,65,45,35,16,58,,47,45,,24,,,6,10,,,7,,5,,6,8,10,10,10,11,34,39,40,24,11,7,9,27,,24,17,4,14,14,64,,43,53,27,21,47,39,,28,30,13,16,19,,35,41,31,,26,29,21,10,7,12,31,,37,27,,34,9,17,18,52,54,89,50,12,,16,16,12,22,19,4,4,8,9,,,,22,19,18,,16,14,16,9,27,46,83,35,6,13,5,63,70,,34,78,52,74,50,57,35,,41,,62,41,102,26,45,39,46,5,49,23,22,24,49,22,,,45,24,72,6,,34,28,34,18,,58,48,,,46,76,88,43,62,57,48,56,44,83,26,44,29,37,90,,7,33,,65,19,45,33,7,29,32,22,59,49,22,25,31,9,97,22,8,28,25,18,23,2,34,26,38,38,34,40,8,30,42,10,42,36,70,51,17,25,25,40,45,68,36,28,15,26,30,75,,41,22,49,,25,19,19,,,26,90,55,32,32,5,29,48,31,74,77,22,41,66,23,52,39,33,,40,26,26,32,24,,41,90,22,82,82,93,93,102,89,76,59,27,38,32,42,34,,53,,46,56,28,30,33,57,66,45,50,30,46,52,25,28,31,17,41,37,78,,14,54,35,34,24,26,62,19,3,47,47,77,55,63,32,35,73,80,39,63,,82,105,61,53,55,44,16,32,22,38,66,20,22,32,13,30,21,56,38,78,74,39,31,50,68,29,12,64,47,39,50,50,44,44,34,63,39,11,21,24,50,19,18,17,24,45,14,20,55,48,50,108,61,70,74,51,36,,62,34,12,29,19,53,24,25,56,31,45,39,38,34,42,58,31,29,48,19,3,5,14,11,,54,42,31,63,45,14,32,31,19,41,35,19,61,,13,62,25,4,31,15,67,27,46,44,49,44,40,51,40,33,,83,84,43,62,24,29,20,7,50,28,21,52,44,65,56,25,53,34,34,41,27,,29,,18,,12,29,42,46,41,20,23,22,32,,12,32,,33,45,50,22,25,9,19,27,23,29,22,28,26,19,9,16,23,17,,94,,45,22,,19,43,54,39,40,45,86,15,,12,42,45,33,,,104,42,55,70,55,4,25,8,5,39,40,38,58,68,53,47,46,65,31,50,37,43,,47,,66,39,52,39,34,74,49,45,33,32,45,24,13,5,314,173,21,12,53,92,61,40,38,32,56,27,39,34,31,15,36,,46,66,103,90,59,76,43,40,30,50,58,31,46,35,29,42,40,40,28,21,80,51,35,,13,12,44,4,39,66,59,47,66,44,50,48,45,30,80,44,44,41,86,35,73,29,27,21,61,53,41,14,25,29,50,64,49,,116,29,114,48,24,54,9,7,62,39
20210423,8,PM2.5_24h,35,48,38,30,33,41,34,37,35,48,33,36,,,25,,28,26,25,,22,,28,27,,28,16,,48,45,50,49,46,51,45,,30,28,,40,27,20,27,28,,19,,47,42,44,40,38,38,42,36,38,30,,30,40,31,21,16,18,19,36,30,30,,31,38,33,36,41,51,,48,44,49,48,57,,38,61,59,55,49,47,,23,23,,,21,17,23,20,36,38,35,,34,37,38,38,42,,45,28,22,16,21,12,17,14,18,26,22,37,31,29,27,24,27,34,29,29,33,45,43,55,,47,47,59,46,52,65,55,58,42,38,41,39,44,,42,32,41,43,33,31,40,32,36,25,35,47,36,79,,37,34,59,35,32,69,43,45,42,61,46,31,,,,49,47,,45,44,31,,,,39,,33,37,39,33,38,41,37,40,62,,,,69,56,,34,65,63,47,50,,44,64,57,59,29,40,45,23,,28,,30,29,,40,43,,42,34,37,,40,42,48,27,17,25,21,,,22,40,26,22,19,23,23,,44,,,35,,42,46,,16,19,23,14,12,14,,41,37,40,33,32,29,25,22,23,31,30,22,27,27,34,30,28,30,16,,22,12,18,20,10,19,14,19,19,12,,14,9,9,,29,33,34,35,,42,48,31,41,15,,,20,22,18,15,21,14,39,33,35,37,38,36,37,35,30,20,14,18,17,23,19,16,,17,17,24,32,19,20,17,18,22,16,23,9,38,38,,35,34,32,47,36,45,38,35,25,23,23,22,22,31,,16,21,22,34,24,21,21,25,30,34,36,29,,30,48,35,28,28,25,22,24,25,19,24,,,37,33,38,43,45,44,36,25,30,28,25,29,22,24,24,21,23,24,24,23,10,12,15,11,13,16,,25,23,29,27,17,28,27,,,21,27,18,26,29,,99,92,73,76,,,98,55,28,30,33,36,32,35,36,36,28,,32,27,49,45,36,37,10,9,12,8,16,5,34,35,40,31,39,42,33,36,,36,35,36,34,,29,18,,23,,,,23,21,,,,34,26,9,11,13,11,10,,20,19,21,24,25,22,20,17,16,17,24,36,19,25,13,35,,47,41,36,33,18,24,25,29,22,,44,40,52,27,19,19,20,34,36,33,56,32,41,40,16,17,17,19,,21,,25,23,25,25,39,,37,48,,,32,35,35,68,,62,51,50,,42,44,39,38,42,20,12,13,19,16,,,,51,,42,49,,56,34,33,43,29,30,30,23,22,23,,38,,,47,,40,42,45,35,28,24,30,28,,17,16,15,15,20,19,20,24,19,17,30,34,35,19,22,19,30,35,31,22,,17,50,43,,29,31,,38,32,32,30,22,,30,33,,,50,47,,26,,22,28,22,34,89,71,,90,70,,47,,,45,,68,49,62,,57,54,13,15,8,,20,22,23,28,28,20,15,39,35,37,38,34,42,9,12,19,18,9,17,55,40,32,44,54,38,37,44,46,42,34,22,22,18,,27,63,66,79,66,60,30,23,21,31,19,34,39,34,,34,,45,,38,37,36,31,33,,36,24,6,,67,,59,85,69,69,37,51,39,,,,35,,29,,66,67,79,,67,65,64,43,37,,37,,41,42,37,41,21,23,,21,20,20,20,17,18,,22,,,15,26,10,12,5,27,32,30,30,13,9,11,14,31,29,24,31,,31,11,12,26,34,50,55,54,50,51,47,46,,35,23,28,28,36,41,39,34,,,,,49,43,,40,23,29,18,23,23,27,16,13,12,12,15,25,22,30,28,27,,29,34,44,,22,25,,32,28,28,34,33,30,35,32,43,41,43,40,48,,40,41,69,30,41,26,52,14,17,,9,8,25,44,16,46,45,36,36,,16,,26,19,19,26,22,14,16,13,15,,,10,11,10,13,14,13,22,,11,17,34,,38,41,38,37,33,36,37,35,34,,42,40,40,42,43,36,41,36,39,39,38,21,22,,40,28,,25,29,26,32,,,25,37,29,34,34,21,23,21,20,,,20,53,52,52,71,,53,30,33,23,26,22,40,,39,45,,,,40,42,,38,29,21,,20,,38,34,,,34,21,,,35,34,24,,,26,30,28,20,24,26,28,31,29,25,28,29,22,25,23,31,50,31,39,37,30,25,26,28,,24,25,33,,20,23,23,23,24,22,22,17,29,27,29,88,,,,154,183,129,142,171,109,117,101,56,42,51,,283,371,273,257,,,211,33,46,38,86,84,,57,38,32,,36,34,42,,50,54,30,42,24,38,34,47,29,36,26,23,42,25,28,24,,21,15,24,22,56,36,,30,,38,,,,26,22,27,37,37,38,,26,,35,37,33,21,16,27,27,20,32,25,37,18,11,17,21,15,29,38,30,27,16,,15,12,16,15,15,15,9,36,21,12,21,24,19,22,,,8,12,9,12,14,25,30,26,35,28,23,27,24,23,22,,22,23,23,24,19,21,22,16,31,33,21,,64,69,62,,64,68,65,48,,46,36,36,,32,32,35,37,32,32,38,37,34,34,36,41,37,,45,45,41,25,26,,33,26,11,28,25,26,39,47,48,47,21,18,,32,31,26,,23,21,,22,16,21,23,,20,11,14,18,14,18,,,17,25,,23,20,22,24,26,18,24,27,25,19,20,34,26,31,31,26,23,24,31,27,8,11,16,13,17,13,21,18,17,16,8,10,9,34,26,31,24,19,,9,14,19,18,35,33,33,26,30,30,33,33,32,36,31,33,30,33,34,30,26,28,16,17,,13,16,20,18,20,22,29,32,27,54,55,51,49,37,51,,,18,21,20,,21,21,18,21,31,33,,43,39,36,,,,,24,21,26,30,22,14,15,18,,10,22,22,25,23,26,37,38,38,25,40,,,,,7,7,39,41,28,28,23,,23,52,34,32,32,10,18,11,46,28,42,38,28,29,,44,47,43,43,55,41,26,18,39,,38,36,,22,2,,10,12,,,20,,5,,12,8,13,11,11,15,19,25,22,25,12,14,12,19,,16,10,9,14,16,41,,39,47,18,15,53,57,,22,22,13,11,9,,34,40,22,,20,24,20,18,12,10,24,,26,29,,34,18,17,19,172,158,70,50,8,,14,10,10,19,17,16,10,12,18,,,,16,14,16,,13,10,10,11,25,18,77,36,8,30,20,51,43,,23,57,45,75,27,48,34,,32,,49,45,107,23,39,43,77,10,38,40,32,20,40,13,,,29,20,39,29,,29,28,32,21,,46,38,,,26,53,56,34,42,41,26,24,25,61,24,32,20,26,53,,24,34,,51,26,39,34,5,25,27,39,47,34,15,15,24,24,65,26,13,23,28,21,31,8,31,27,34,33,30,35,9,26,40,19,26,31,68,46,20,23,22,40,30,53,33,20,19,30,30,64,,30,25,44,,11,17,14,,,20,51,48,34,30,10,23,41,43,48,67,20,32,43,18,34,22,26,,33,18,20,28,18,,54,42,16,38,30,36,42,40,42,26,49,24,32,31,35,20,,44,,32,32,24,33,29,48,52,42,38,33,37,34,21,26,26,19,30,25,44,,11,40,34,31,20,30,45,41,13,37,47,43,46,34,27,28,64,73,27,30,,68,73,52,67,54,189,15,41,21,20,39,24,18,35,15,29,16,66,71,58,42,50,11,46,49,27,15,50,34,27,46,51,51,33,26,34,34,20,12,34,49,17,23,11,23,32,22,19,25,36,37,43,36,33,41,34,31,,49,30,37,34,23,41,33,36,43,33,34,38,35,37,40,33,17,32,32,21,8,10,12,13,,40,26,29,43,27,20,24,17,25,14,22,21,49,51,30,58,37,18,28,27,36,26,36,32,31,26,35,39,36,34,,71,75,41,39,72,24,19,15,34,35,28,53,42,58,48,31,42,34,41,25,20,,33,,26,,16,23,36,49,49,37,38,31,29,,17,26,,27,22,18,16,17,22,24,29,25,25,26,24,40,22,14,12,18,19,,31,,37,18,,21,32,35,31,36,47,54,17,,19,35,31,22,,,92,28,43,46,45,15,33,14,21,52,51,31,47,45,46,37,39,43,30,36,36,35,,38,,91,32,37,47,29,40,28,46,25,31,44,30,8,5,320,375,18,23,47,61,56,47,38,25,37,28,33,33,24,26,34,,38,36,78,70,192,34,44,16,17,53,66,32,54,35,27,38,25,41,28,20,46,26,34,,17,45,26,6,30,45,56,34,46,36,37,37,34,24,54,52,45,37,171,33,53,20,32,25,48,38,33,36,25,17,43,36,44,,125,26,99,26,29,43,6,5,45,33
20210423,8,PM10,52,82,41,47,44,55,64,33,49,78,61,68,,,10,,27,14,11,,15,,15,20,,12,13,,81,81,69,91,74,67,83,,8,14,,18,29,22,18,33,,15,,66,50,68,52,64,80,92,64,74,70,,58,62,66,12,14,29,51,24,89,87,,79,44,40,51,63,52,,69,62,62,70,117,,64,117,107,102,100,89,,44,31,,,41,40,21,27,48,32,41,,49,47,36,53,45,,37,28,36,24,24,23,30,21,21,29,26,47,36,59,38,55,37,87,45,55,55,58,54,66,,54,48,53,57,49,52,77,84,81,60,70,65,62,,62,73,50,53,73,61,66,70,86,61,66,83,58,95,,80,63,60,86,86,76,62,47,43,46,51,66,,,,88,40,,78,110,88,,,,58,,63,66,80,73,56,59,53,46,95,,,,98,100,,52,44,36,68,71,,42,63,66,70,36,42,50,24,,39,,59,62,,118,60,,118,69,108,,134,107,122,41,55,78,51,,,74,79,97,38,38,88,80,,113,,,37,,135,94,,22,21,33,44,21,32,,63,62,90,77,82,52,45,39,46,53,39,50,51,61,70,51,48,56,15,,38,54,47,55,29,40,32,31,38,24,,39,42,29,,38,44,63,63,,51,51,51,76,17,,,70,85,61,66,78,51,77,76,84,140,115,98,98,71,77,25,32,36,24,27,28,33,,32,26,38,30,36,28,32,40,30,34,30,31,74,75,,68,84,64,125,73,67,85,65,56,57,59,64,52,93,,46,59,74,92,55,60,47,44,60,68,58,44,,38,107,92,42,47,55,21,38,56,39,67,,,80,76,86,126,94,118,119,104,64,80,59,67,40,32,38,34,34,37,44,55,19,16,44,14,21,45,,54,65,47,78,74,63,62,,,85,84,84,74,42,,87,117,103,124,,,154,66,39,46,56,46,51,56,51,48,48,,55,58,68,77,62,73,13,13,14,1,13,6,69,53,100,76,65,69,51,129,,62,66,95,56,,74,38,,45,,,,39,37,,,,68,52,22,21,26,25,24,,22,32,24,34,29,26,27,31,30,39,31,46,31,32,15,46,,72,56,49,40,50,51,36,41,34,,43,57,61,30,23,30,34,41,46,29,70,62,32,35,43,44,50,38,,31,,68,106,116,58,55,,72,69,,,38,17,11,64,,45,61,74,,116,88,92,85,78,19,14,5,18,7,,,,78,,70,56,,29,44,56,58,63,61,66,22,22,27,,22,,,48,,54,46,70,46,36,42,27,46,,37,35,23,30,58,40,46,53,46,58,33,42,50,42,48,45,43,47,76,40,,55,94,79,,29,28,,50,34,49,62,32,,89,55,,,74,51,,68,,48,69,100,81,91,80,,93,126,,68,,,79,,137,102,141,,120,66,38,58,23,,29,30,43,35,36,26,19,30,30,38,30,23,103,11,28,24,17,19,26,29,32,31,38,73,85,116,84,100,99,114,72,42,46,,49,70,61,92,101,61,50,40,40,55,34,45,46,47,,48,,59,,64,43,33,41,29,,33,30,2,,112,,111,170,131,130,58,48,48,,,,62,,56,,134,118,106,,112,93,110,77,104,,72,,48,52,44,51,33,52,,37,38,28,39,41,18,,29,,,22,38,28,32,20,37,38,30,43,28,33,31,46,69,62,44,55,,61,29,28,25,52,79,80,82,82,84,74,72,,58,57,69,81,26,49,73,53,,,,,78,90,,110,25,14,34,43,17,39,31,28,34,34,34,60,51,50,59,53,,50,52,73,,68,79,,116,20,30,44,25,39,60,55,47,63,68,68,62,,86,97,288,51,46,56,46,13,11,,12,31,29,7,17,73,62,76,76,,39,,80,56,56,89,73,32,38,21,26,,,29,15,76,19,32,27,14,23,16,17,90,,97,88,91,67,58,50,79,91,80,,66,87,77,93,79,42,42,47,40,48,47,60,60,,62,51,,72,70,49,78,,,29,38,47,40,40,46,35,50,36,,,126,71,86,94,93,,110,95,116,105,118,124,92,,82,97,,,,87,66,,76,73,104,,161,,86,88,,,26,45,,,70,65,44,,,51,43,49,50,39,48,42,26,31,24,18,28,35,38,29,48,41,47,35,22,32,17,25,31,,64,42,50,,60,36,67,84,49,17,37,29,37,37,43,150,,,,38,53,45,40,74,88,70,47,44,57,42,,79,80,78,80,,,74,29,,31,54,49,,19,67,68,,51,63,58,,60,72,51,67,36,74,66,80,68,102,77,78,78,64,33,26,,21,23,23,44,63,62,,58,,106,,,,52,63,53,72,85,98,,42,,59,63,36,48,20,18,52,15,52,41,63,33,9,25,29,22,58,67,75,49,24,,29,20,32,28,30,26,20,79,62,90,57,34,44,65,,,48,40,42,40,39,28,38,36,40,50,40,40,43,39,44,,50,57,42,46,40,36,37,45,63,80,102,,110,66,71,,114,87,95,43,,51,47,64,,77,56,58,63,66,60,59,53,50,52,63,59,60,,38,52,77,49,50,,70,57,48,38,32,52,40,36,44,38,40,31,,27,30,36,,46,32,,33,29,33,30,,63,48,33,29,37,31,21,23,20,19,29,34,35,35,94,34,30,29,35,35,29,31,30,33,29,27,37,39,37,36,46,23,29,23,50,33,24,29,30,42,28,15,29,16,80,81,70,74,41,,29,27,52,53,73,69,99,56,42,46,49,65,56,36,42,45,57,68,55,47,52,38,31,21,,28,26,29,18,30,35,45,47,67,64,69,53,58,86,137,,,40,48,46,,41,34,24,20,31,42,,38,37,28,,,,,60,68,83,71,61,30,30,31,,38,28,41,49,52,52,44,53,60,54,71,,,,,34,22,33,47,54,59,39,,31,65,69,45,39,32,45,34,76,76,35,58,58,70,,90,84,65,65,123,85,54,48,102,,67,56,,31,12,,10,17,,,17,,4,,12,13,10,19,12,19,57,54,48,70,10,8,15,18,,47,64,11,26,30,147,,168,176,42,38,185,188,,36,35,24,19,25,,67,73,54,,38,38,29,23,24,26,43,,43,29,,24,16,20,24,188,168,319,302,23,,20,28,21,87,112,27,9,9,8,,,,41,46,23,,17,20,21,25,58,42,97,70,12,18,9,73,74,,138,114,31,37,65,68,34,,61,,68,63,115,33,83,78,261,7,64,41,37,56,96,22,,,78,52,154,12,,55,50,57,36,,68,33,,,38,94,114,51,73,80,101,66,58,108,28,73,74,61,74,,12,48,,104,40,83,57,24,34,50,17,83,75,23,37,36,12,100,44,14,50,33,41,31,33,62,44,48,52,47,49,17,42,53,26,69,64,95,84,25,41,45,55,64,92,57,45,37,33,56,112,,68,39,63,,35,31,30,,,72,91,52,34,54,7,44,70,58,172,107,59,58,84,18,66,83,44,,54,67,61,49,52,,137,86,48,63,88,72,73,88,75,59,77,70,54,191,57,59,,88,,62,63,32,42,49,84,123,111,103,73,76,68,49,62,63,47,59,62,151,,47,100,82,69,68,42,38,12,15,45,64,85,74,103,44,47,132,122,61,75,,164,137,78,55,64,99,24,50,28,38,81,26,53,43,22,31,24,78,73,100,87,56,28,59,95,36,14,78,61,51,74,57,61,102,49,92,50,17,50,41,39,23,22,28,44,74,31,29,92,78,74,169,106,112,115,70,44,,88,41,11,61,42,56,78,33,89,77,65,49,59,41,64,83,38,37,53,16,23,29,28,20,,101,48,43,109,102,45,49,73,25,83,48,53,94,,11,70,74,29,38,28,99,44,52,44,48,51,46,132,70,44,,124,114,59,76,39,48,33,22,84,40,37,76,110,90,80,50,91,54,46,56,29,,31,,24,,22,48,67,77,56,34,39,30,43,,17,45,,55,54,72,42,48,54,27,46,45,56,42,50,38,31,22,26,44,44,,76,,50,28,,32,79,74,70,76,78,126,38,,20,67,67,57,,,114,286,83,106,104,19,23,5,24,48,70,56,99,107,107,116,108,94,81,86,90,118,,96,,60,68,96,45,56,39,63,52,62,45,63,42,10,22,341,296,36,17,102,142,93,115,62,65,42,48,81,84,66,30,80,,58,91,144,146,116,98,76,50,68,49,48,17,64,36,31,74,76,58,35,30,144,94,62,,54,26,54,12,73,74,81,76,54,60,54,48,71,64,94,24,63,58,173,70,123,38,23,5,89,51,60,30,60,57,80,76,63,,192,29,196,83,34,65,13,16,81,39
20210423,8,PM10_24h,37,44,45,39,41,37,43,44,37,47,45,53,,,31,,36,33,35,,37,,68,40,,34,27,,71,67,75,71,73,67,77,,29,31,,29,41,35,35,39,,33,,74,62,81,62,63,67,77,68,65,73,,66,68,71,22,18,28,20,20,57,51,,50,45,46,47,54,54,,66,71,64,68,89,,53,89,72,80,68,67,,36,35,,,32,33,32,33,64,64,65,,61,73,70,80,79,,72,51,66,36,29,32,41,30,35,44,35,73,63,70,56,53,49,72,53,51,65,79,86,96,,94,87,93,80,75,96,95,91,68,56,58,60,60,,62,49,58,52,63,53,54,56,72,39,63,70,54,63,,58,65,65,56,62,60,55,48,54,55,55,31,,,,65,38,,56,67,60,,,,60,,61,68,78,54,64,63,50,64,97,,,,106,85,,52,53,74,57,65,,50,59,46,46,44,38,51,34,,36,,50,48,,73,62,,90,62,70,,96,91,84,40,45,46,36,,,36,49,57,40,43,61,47,,69,,,62,,109,82,,39,33,40,33,30,35,,64,62,73,70,63,47,57,34,43,48,31,35,45,47,52,46,42,41,29,,48,41,51,51,34,32,34,31,36,15,,34,32,25,,28,50,61,56,,57,60,55,62,18,,,29,27,26,28,28,21,68,74,64,77,77,73,79,71,58,28,30,31,29,29,26,29,,28,31,27,20,26,24,24,23,19,27,24,21,78,73,,72,85,68,95,74,105,76,70,55,58,56,60,47,81,,37,48,54,84,56,56,49,51,68,67,70,60,,46,90,74,55,60,53,47,53,53,50,54,,,81,72,78,101,94,98,80,71,56,56,48,62,42,43,43,38,41,45,53,49,25,26,33,28,29,25,,47,33,44,52,49,54,51,,,32,56,48,54,58,,127,128,96,112,,,141,70,53,72,76,59,74,75,68,73,68,,51,53,96,64,69,85,19,36,52,24,48,28,84,71,112,78,85,76,70,114,,80,69,109,78,,54,32,,38,,,,49,50,,,,64,63,35,33,31,36,32,,40,27,23,29,30,26,23,25,30,32,30,52,24,28,21,50,,56,50,54,46,44,51,48,50,54,,78,71,85,54,47,50,57,50,39,35,56,56,41,40,38,38,43,34,,33,,42,45,42,36,47,,60,68,,,47,33,32,64,,55,77,56,,61,66,62,56,45,33,22,22,30,29,,,,65,,52,67,,59,62,55,56,29,31,40,28,31,37,,30,,,71,,70,69,69,55,53,51,55,67,,35,32,34,33,41,38,39,53,47,53,56,55,62,47,49,51,64,64,62,41,,48,86,78,,64,66,,68,64,68,63,39,,60,55,,,68,81,,57,,41,54,70,61,84,86,,87,101,,51,,,51,,93,68,89,,83,60,32,32,29,,48,60,54,75,65,53,28,81,65,68,61,57,84,27,42,50,31,21,38,37,46,42,42,61,66,80,69,79,70,57,98,94,99,,94,103,115,123,124,103,61,51,42,59,48,43,47,42,,55,,60,,55,50,50,44,44,,53,46,8,,79,,80,118,90,89,65,66,67,,,,62,,54,,108,101,95,,91,85,86,65,58,,51,,55,52,57,54,44,46,,28,34,29,27,24,20,,29,,,24,31,29,22,12,37,51,46,49,30,37,27,37,50,48,46,54,,51,26,27,40,65,72,76,70,74,83,68,69,,48,55,42,54,46,57,59,52,,,,,77,77,,88,32,42,42,52,36,34,25,30,31,32,39,64,53,60,60,50,,52,54,77,,46,48,,82,50,50,65,51,59,74,64,71,61,62,65,73,,140,147,328,70,48,43,50,14,21,,38,34,99,115,122,57,45,55,55,,22,,31,26,26,31,25,19,17,15,18,,,19,14,44,17,28,31,21,24,21,23,64,,75,76,65,58,57,51,64,67,64,,72,93,66,73,71,59,60,57,54,70,65,41,43,,73,75,,62,60,41,59,,,24,49,37,43,49,36,31,35,35,,,72,83,93,93,87,,96,67,66,59,68,83,54,,51,58,,,,65,62,,49,51,59,,60,,74,63,,,42,56,,,64,63,40,,,66,65,40,37,55,57,44,45,50,39,42,37,37,42,43,59,71,72,71,63,36,28,33,32,,60,49,53,,53,56,66,61,54,38,67,57,54,60,50,126,,,,214,233,237,179,219,161,166,116,73,73,67,,329,392,323,340,,,253,69,88,65,124,120,,42,49,49,,43,47,48,,49,55,44,52,33,38,47,42,56,64,51,57,55,48,34,32,,25,30,33,34,63,59,,40,,51,,,,49,47,40,51,50,54,,41,,44,44,42,42,34,43,45,28,53,44,66,30,13,25,28,26,57,58,75,52,34,,35,24,30,30,30,28,10,60,36,39,39,29,38,43,,,23,21,22,22,21,44,56,48,47,53,47,43,38,44,36,,39,41,36,36,33,32,36,31,49,60,58,,105,88,90,,90,74,82,62,,63,61,47,,59,52,55,57,54,53,49,52,49,49,53,54,59,,58,53,54,38,50,,52,52,50,37,28,35,38,44,44,42,36,37,,37,34,40,,32,27,,32,21,29,25,,31,25,26,30,42,32,34,33,28,32,37,32,35,31,46,36,33,28,37,31,30,41,38,40,43,41,38,41,38,38,45,13,21,18,31,32,17,25,25,31,27,13,20,14,73,60,70,69,50,,46,36,37,51,69,69,71,63,50,50,50,70,60,55,57,44,52,86,53,46,53,44,30,35,,34,48,37,29,35,32,45,47,49,72,78,73,71,53,95,,,34,31,34,,42,47,42,38,59,58,,58,53,54,,,,,39,44,52,53,44,25,27,40,,29,32,42,54,51,68,51,55,61,59,71,,,,,27,18,66,68,48,47,38,,39,67,60,54,60,24,45,36,76,71,55,71,47,51,,67,72,63,63,98,84,52,47,99,,68,65,,29,5,,31,41,,,40,,8,,20,14,22,31,25,31,48,56,42,40,17,23,23,24,,32,29,16,27,33,135,,135,138,32,35,321,350,,36,33,18,20,15,,71,72,42,,40,43,33,30,35,27,82,,60,68,,76,32,26,28,708,550,390,346,16,,26,28,25,78,77,167,104,123,101,,,,37,36,25,,13,36,36,37,56,32,83,74,21,37,30,84,55,,72,101,44,44,40,154,63,,33,,54,57,132,32,75,78,377,11,54,87,67,37,90,19,,,52,48,92,34,,61,64,77,36,,60,44,,,27,89,107,46,50,61,57,32,30,98,31,53,42,50,42,,35,51,,91,70,64,50,18,30,67,38,70,63,26,25,21,32,80,64,26,37,39,57,36,33,50,51,48,50,44,47,20,37,73,45,49,48,96,79,29,32,32,69,60,92,49,37,34,49,61,113,,48,35,53,,28,32,25,,,44,61,58,45,38,16,42,68,70,171,95,42,52,55,36,61,56,34,,61,43,45,52,56,,252,67,35,53,50,53,57,57,70,40,47,48,51,95,48,31,,63,,57,46,38,45,47,80,109,100,87,87,83,73,47,62,71,53,69,49,110,,48,84,82,77,47,46,24,19,22,43,63,50,69,59,34,36,99,104,45,49,,122,97,81,81,84,256,37,51,36,30,64,30,32,44,26,36,31,101,118,80,63,68,18,56,66,32,25,66,36,28,63,52,76,78,51,58,58,52,29,40,40,23,29,25,41,59,51,40,56,68,70,57,71,58,66,50,50,,64,31,36,54,40,50,66,43,76,79,54,57,60,53,64,55,18,44,46,40,32,40,30,30,,79,62,47,92,72,47,54,47,42,51,44,53,85,69,15,78,52,25,28,22,59,44,47,41,38,31,44,89,55,67,,106,104,56,54,91,52,43,19,65,41,56,82,95,85,75,55,68,43,43,37,27,,44,,33,,21,33,46,73,61,46,52,36,45,,27,52,,46,35,35,38,39,55,35,50,50,56,49,43,59,40,27,30,41,36,,49,,44,35,,33,63,48,59,72,84,96,43,,35,63,50,41,,,103,73,62,84,84,23,24,27,32,63,92,54,79,69,94,90,71,72,64,57,63,80,,71,,92,51,81,59,52,50,32,73,51,58,70,64,12,28,1135,1003,44,42,74,98,90,98,69,63,60,60,76,85,51,51,65,,51,49,105,92,255,66,82,20,24,48,44,24,71,56,72,77,47,60,37,28,69,63,61,,86,68,31,70,53,49,90,56,47,43,36,41,40,39,85,52,62,52,176,60,112,24,34,28,44,39,44,38,39,37,65,46,80,,168,46,138,49,50,54,9,20,63,40
20210423,8,SO2,3,3,1,1,3,3,3,1,2,4,2,3,,,5,,5,7,6,,5,,4,4,,6,2,,9,8,3,10,3,8,7,,4,9,,5,12,6,10,2,,3,,9,4,6,6,11,5,7,7,9,7,,7,9,5,4,6,8,5,6,5,6,,6,4,6,3,12,10,,11,12,9,11,11,,6,11,11,12,10,6,,9,5,,,7,7,7,7,7,11,12,,13,9,10,8,3,,13,4,4,4,10,4,8,8,8,5,3,8,5,5,10,6,5,5,6,12,6,19,32,17,,16,15,13,18,13,26,22,16,5,7,6,9,7,,3,10,9,8,12,4,10,4,6,2,8,3,1,8,,4,5,5,6,6,6,2,4,12,12,8,8,,,,9,7,,9,14,7,,,,4,,5,4,3,5,6,5,7,4,6,,,,3,7,,5,3,4,4,4,,12,5,5,20,6,10,3,3,,5,,13,10,,4,5,,5,6,2,,5,4,5,6,10,8,7,,,8,12,12,6,5,7,7,,5,,,3,,8,8,,5,4,4,4,4,5,,6,4,7,7,6,7,6,6,5,6,6,5,7,5,13,9,4,6,3,,4,6,4,3,2,4,24,3,5,2,,5,1,3,,4,6,6,6,,6,5,6,6,5,,,5,4,5,6,6,4,8,8,6,5,5,6,10,7,6,14,7,5,6,6,7,6,,5,6,9,5,5,7,5,8,6,8,6,7,15,11,,9,9,12,9,12,6,10,6,4,6,8,8,6,6,,6,5,8,11,10,7,8,5,10,16,18,6,,8,32,24,6,5,5,4,6,13,11,11,,,15,9,8,12,17,19,12,9,12,23,9,13,5,5,8,5,3,8,5,9,4,3,3,2,4,9,,7,29,12,22,11,15,8,,,26,23,7,4,13,,6,11,8,5,,,10,33,8,7,8,10,6,6,5,7,8,,9,26,9,10,10,13,4,5,3,4,5,5,10,6,6,12,8,9,7,8,,11,7,5,8,,8,4,,8,,,,7,14,,,,12,13,5,4,3,6,5,,3,7,3,6,7,7,12,5,5,7,16,5,5,5,2,10,,15,13,14,15,12,44,8,7,11,,4,6,5,8,11,8,6,11,14,10,52,9,13,11,5,5,4,5,,2,,5,9,9,5,3,,5,9,,,10,4,5,8,,2,5,5,,24,13,27,21,5,7,6,5,8,11,,,,9,,8,8,,7,6,8,9,5,4,3,3,2,4,,4,,,10,,13,10,17,6,9,8,13,9,,7,5,6,7,6,6,13,4,18,28,7,9,21,8,8,8,9,9,7,9,,14,9,7,,11,10,,12,13,16,34,6,,16,10,,,7,6,,9,,32,18,20,30,9,9,,9,9,,2,,,3,,12,10,12,,16,11,19,42,8,,5,6,7,6,7,6,6,14,17,10,11,7,26,11,9,9,4,9,11,16,8,24,26,17,11,15,10,16,10,6,4,9,6,,4,6,8,8,7,5,3,5,7,11,5,6,3,3,,10,,8,,13,4,4,3,5,,3,3,4,,4,,6,4,6,2,7,12,12,,,,14,,9,,13,4,7,,14,8,11,4,3,,4,,7,8,6,7,9,6,,20,8,15,6,6,8,,8,,,6,1,2,2,2,5,4,4,6,6,6,5,5,13,6,8,7,,6,3,5,6,11,16,3,9,9,6,4,16,,12,11,30,22,5,18,9,17,,,,,18,11,,8,6,8,5,3,1,19,7,6,6,9,5,4,3,7,6,6,,5,14,6,,3,3,,17,5,4,5,4,4,4,4,3,8,10,7,5,,8,15,1,26,15,11,8,1,4,,5,3,3,4,1,11,8,5,5,,6,,8,6,6,5,5,10,7,8,4,,,5,10,8,9,6,4,4,4,4,4,6,,9,6,5,7,8,8,5,5,6,,3,4,6,7,7,9,9,10,7,10,5,6,8,,5,5,,3,5,7,8,,,5,4,5,5,5,,40,12,8,,,21,6,3,4,3,,4,14,13,17,14,15,6,,7,7,,,,3,5,,11,11,10,,12,,9,12,,,5,5,,,21,14,26,,,3,4,12,12,5,6,5,22,10,16,15,17,12,12,10,14,2,4,4,5,8,8,7,8,,10,12,8,,18,9,25,19,6,5,10,9,6,8,9,12,,,,5,7,4,6,9,9,8,8,10,5,5,,6,14,20,9,,,9,3,,2,7,9,,8,10,7,,6,10,11,,6,6,7,6,4,3,3,6,5,17,4,16,6,7,4,3,,4,3,3,7,6,6,,5,,7,,,,7,5,7,7,8,10,,10,,5,8,5,6,3,6,4,2,4,7,4,6,,6,1,5,5,9,10,5,4,,3,6,8,7,14,7,13,31,29,25,19,18,28,48,,,6,9,10,6,8,5,25,29,61,11,8,9,9,9,23,,25,25,24,5,5,6,6,5,2,15,16,,16,9,8,,14,9,10,8,,5,6,10,,6,18,15,7,22,9,8,8,8,9,5,5,5,,11,6,7,12,12,,19,12,7,4,4,6,6,7,5,8,5,3,,5,4,4,,5,3,,11,6,9,8,,19,6,6,5,8,6,9,5,5,9,14,7,14,11,9,12,1,3,1,2,1,4,4,4,4,2,7,8,5,6,8,3,8,5,5,1,3,4,4,3,3,6,14,6,20,11,6,8,18,,13,5,12,8,4,6,23,10,8,17,14,27,27,8,6,12,7,9,33,38,12,17,4,1,,4,3,11,8,9,6,11,6,10,4,7,4,6,9,11,,,6,9,7,,5,16,15,12,6,7,,5,4,8,,,,,13,8,9,12,16,13,14,13,,8,9,17,12,16,9,2,4,5,3,5,,,,,3,5,5,7,5,,4,,5,8,5,14,10,5,6,8,6,5,11,13,19,19,,10,8,5,4,7,10,6,9,5,,11,9,,18,7,,8,5,,,4,,9,,11,8,5,5,5,5,11,18,14,12,5,4,9,13,,21,19,7,9,9,8,,3,7,7,19,4,3,,5,5,5,14,18,,5,5,5,,12,3,16,29,12,16,8,,5,9,,,6,3,5,4,5,2,5,5,,6,2,9,4,5,5,3,6,5,,,,4,5,4,,1,4,4,2,88,10,9,9,5,4,4,6,6,,14,10,9,4,10,7,3,,5,,8,6,6,8,21,13,9,13,11,6,10,6,6,3,,,4,5,6,5,,5,11,14,11,,10,5,,,9,10,3,7,11,8,11,8,8,5,5,28,24,15,6,,7,8,,10,11,6,10,2,17,17,4,6,5,8,4,3,4,12,12,7,15,4,2,2,8,4,10,5,4,4,3,5,11,5,7,32,6,6,9,7,10,6,9,10,14,17,26,7,6,10,6,,6,5,5,,24,3,3,,,8,8,10,4,11,8,7,4,10,7,11,33,7,11,4,9,27,4,,10,10,10,21,44,,12,2,5,4,2,6,5,4,5,7,2,17,9,13,26,37,,14,,4,3,4,6,6,7,7,7,8,11,14,12,6,6,5,8,10,8,12,,15,6,10,20,6,3,6,2,11,8,6,6,7,8,2,4,11,8,8,9,,4,2,6,5,15,15,15,14,8,8,8,8,15,9,7,12,8,4,4,9,13,4,5,10,9,4,4,8,5,5,4,4,11,7,4,28,14,5,8,6,6,11,4,6,7,12,6,2,12,38,7,6,5,8,8,19,2,,8,3,5,13,34,1,7,2,6,8,1,6,6,6,5,4,17,6,3,2,6,9,5,5,,10,8,6,8,5,6,12,39,5,8,12,6,5,8,10,12,4,2,5,8,3,6,6,3,4,7,5,6,10,8,,7,6,9,42,6,14,9,8,22,8,12,7,13,8,12,8,9,7,5,3,29,,7,,7,,5,5,6,9,8,10,13,4,13,,8,13,,10,8,10,3,7,25,6,4,18,10,8,10,6,6,2,6,23,5,,6,,6,21,,6,12,15,16,3,6,8,5,,7,25,16,13,,,6,21,8,8,5,2,5,2,4,9,8,6,3,41,6,10,4,7,9,12,7,7,,3,,11,7,2,6,23,36,5,7,11,9,9,5,6,7,5,23,3,4,11,15,4,19,10,8,8,6,11,11,7,8,12,,17,7,4,3,32,9,8,4,6,8,9,7,5,8,10,3,6,7,4,9,4,8,8,,16,5,11,3,4,4,5,3,3,3,1,3,3,40,5,7,5,18,13,16,8,5,3,5,2,1,4,5,8,6,8,4,9,,16,12,12,10,14,4,8,4,8,7
20210423,8,SO2_24h,2,3,2,2,3,3,3,2,2,4,2,2,,,5,,5,6,5,,4,,4,4,,6,2,,5,9,3,6,2,8,8,,5,10,,6,12,6,10,4,,3,,9,3,5,8,10,5,7,9,11,6,,8,8,6,4,7,9,6,7,5,6,,5,4,6,3,11,9,,5,6,5,5,8,,7,8,7,8,6,6,,8,6,,,6,8,8,7,10,16,17,,14,13,14,13,9,,17,5,5,4,10,4,8,8,7,4,4,10,6,7,10,8,6,7,8,11,7,19,23,19,,18,15,14,20,14,24,18,16,5,6,4,9,6,,3,9,8,8,11,4,9,4,6,1,4,4,1,7,,3,6,5,6,6,7,2,5,11,12,9,7,,,,8,6,,7,11,5,,,,5,,6,4,3,5,6,5,7,4,6,,,,8,7,,5,4,5,3,4,,6,4,13,10,5,8,3,3,,5,,5,5,,4,5,,5,6,3,,5,4,5,6,10,5,7,,,5,8,9,5,4,6,6,,4,,,4,,8,8,,4,3,4,4,4,5,,6,4,6,6,5,6,5,5,4,5,4,3,5,5,8,8,3,5,2,,6,6,4,4,3,4,10,3,7,2,,5,2,4,,6,6,7,6,,6,5,6,7,5,,,5,4,5,6,4,4,7,8,6,5,5,6,8,7,7,6,6,5,5,6,7,5,,4,6,8,4,3,6,4,7,5,7,5,7,10,10,,8,10,9,8,9,7,7,6,4,6,9,6,7,5,,6,5,5,9,7,9,7,6,8,7,8,8,,8,16,14,7,6,5,5,6,9,7,8,,,12,9,8,11,12,12,10,13,14,15,9,12,5,5,8,6,3,8,5,9,4,2,3,3,4,9,,8,9,10,10,9,12,6,,,8,7,4,4,8,,11,10,7,7,,,15,10,7,8,9,9,6,6,5,7,7,,9,17,11,10,15,15,3,4,4,4,4,5,11,6,6,9,8,8,6,8,,9,7,6,7,,6,4,,7,,,,11,16,,,,15,17,5,4,3,6,4,,4,6,2,5,4,5,5,5,5,5,5,3,5,5,4,9,,16,10,13,14,10,13,7,6,8,,6,8,6,11,12,8,8,9,10,8,48,7,10,9,5,5,4,5,,3,,5,5,4,5,3,,4,7,,,10,5,5,8,,3,7,7,,28,13,19,9,5,8,7,5,9,11,,,,7,,7,8,,6,7,7,9,5,4,3,3,3,4,,6,,,10,,12,9,6,7,9,9,12,11,,5,5,6,6,5,6,6,5,11,9,5,6,11,9,8,9,7,7,7,5,,6,6,7,,15,14,,7,9,11,10,9,,19,11,,,6,4,,8,,19,14,15,17,9,9,,10,9,,3,,,4,,8,9,9,,13,10,8,17,7,,8,8,10,9,9,7,6,19,16,13,13,10,16,11,11,31,4,8,11,11,9,14,16,10,13,15,11,14,11,6,3,7,5,,4,7,9,8,8,6,3,5,7,11,6,5,4,4,,11,,14,,8,7,6,6,7,,6,5,4,,3,,4,4,3,2,7,10,11,,,,7,,6,,7,4,7,,10,7,9,4,3,,4,,6,8,5,7,6,5,,11,8,13,6,5,9,,7,,,5,3,2,1,2,4,4,4,6,9,6,5,4,6,5,5,5,,5,4,4,6,12,16,7,14,13,9,8,9,,26,14,17,9,10,15,15,17,,,,,7,7,,7,4,6,7,3,2,13,8,6,6,7,6,4,5,6,6,7,,5,16,7,,3,2,,10,5,4,5,4,4,5,4,3,9,12,8,6,,10,79,19,27,17,15,10,1,4,,5,3,3,4,1,18,9,5,5,,5,,8,5,5,4,4,8,6,9,4,,,6,10,8,10,6,4,4,3,5,4,7,,8,6,5,7,8,8,5,5,6,,4,4,9,8,8,10,7,8,7,7,5,5,8,,5,5,,2,5,12,21,,,4,4,5,4,5,7,6,6,5,,,5,6,4,5,4,,4,7,9,11,9,10,7,,7,6,,,,4,5,,11,9,12,,12,,14,18,,,7,5,,,13,10,19,,,3,4,6,9,7,8,6,15,12,10,21,12,12,12,11,11,5,7,7,8,8,9,7,9,,7,9,14,,18,16,14,12,5,5,11,8,7,8,10,13,,,,19,18,14,13,19,12,11,8,10,7,7,,14,15,19,15,,,20,3,5,4,11,13,,9,9,7,,6,7,10,,6,5,3,6,3,2,2,6,8,14,5,16,12,9,5,8,,4,3,3,6,6,6,,4,,6,,,,5,4,6,6,5,5,,8,,10,9,6,6,4,6,4,4,5,8,6,5,2,5,3,7,6,8,8,4,4,,4,4,7,8,17,8,14,17,16,15,10,10,16,20,,,4,10,9,6,8,4,9,8,10,15,7,9,10,9,15,,11,13,13,12,9,9,8,6,13,18,25,,20,12,8,,12,9,9,5,,3,5,8,,6,8,10,6,11,8,8,8,8,8,4,5,3,,5,6,5,11,10,,10,12,7,3,4,7,6,7,5,8,5,6,,4,4,4,,5,4,,8,7,7,7,,8,5,5,6,7,7,10,6,6,9,12,11,10,8,11,9,1,2,2,6,1,5,6,6,6,5,8,9,5,7,8,4,6,6,5,1,3,3,4,3,3,6,10,7,17,9,8,9,10,,9,6,7,8,5,5,10,6,4,16,12,21,17,7,7,10,6,8,25,11,12,8,9,8,,12,7,11,11,9,7,10,8,10,6,11,8,10,10,12,,,8,13,9,,7,18,16,13,6,7,,6,5,9,,,,,6,6,8,7,8,12,14,12,,8,9,16,13,13,12,3,3,5,4,5,,,,,4,6,10,11,6,10,3,,5,7,6,8,7,5,6,8,6,6,11,10,12,13,,10,9,10,4,10,10,5,8,7,,27,9,,12,8,,10,6,,,4,,8,,11,8,6,6,5,6,5,12,10,6,5,9,14,11,,16,16,8,9,9,9,,4,6,4,6,5,4,,5,5,4,14,17,,6,7,12,,13,5,17,22,11,18,11,,9,12,,12,4,3,5,4,5,5,5,5,,6,3,10,5,5,5,3,5,4,,,,4,5,4,,1,4,5,3,18,5,9,9,5,3,4,6,7,,13,15,10,5,7,9,4,,6,,8,6,17,8,15,18,28,10,7,12,12,9,6,4,,,4,6,6,4,,9,15,16,8,,4,5,,,8,10,4,7,9,6,7,8,7,6,4,9,12,10,6,,6,4,,7,13,5,11,3,15,5,4,6,5,10,4,2,3,12,21,8,13,4,3,3,8,3,8,6,5,4,4,5,13,6,8,12,5,8,10,7,9,5,7,6,13,17,15,5,7,9,6,,4,4,4,,15,3,4,,,7,6,9,6,5,8,7,4,9,7,9,15,7,9,4,6,7,3,,12,7,9,19,21,,28,2,5,4,2,5,4,3,5,6,2,16,11,19,13,10,,10,,3,2,4,5,5,7,8,7,7,12,10,8,6,4,5,8,9,8,10,,8,8,8,11,6,2,5,2,11,8,6,2,7,4,2,5,8,7,6,6,,5,2,6,7,13,24,13,16,10,8,8,10,10,10,7,9,8,8,7,10,9,7,4,5,8,4,6,8,5,5,2,3,8,8,5,10,18,6,16,6,6,8,5,6,7,8,7,5,4,20,7,5,5,8,6,18,2,,6,3,2,14,25,3,7,2,6,5,3,7,7,5,6,3,9,4,3,2,4,8,4,5,,7,8,6,8,4,6,8,11,7,6,5,6,5,8,11,14,3,3,5,8,6,6,6,4,3,5,4,6,6,8,,5,7,9,11,12,10,10,7,16,8,12,8,8,8,16,8,8,7,5,2,11,,7,,7,,5,5,6,8,7,10,16,6,15,,7,18,,8,7,7,4,6,10,6,14,4,9,10,11,11,6,2,5,10,7,,5,,6,4,,6,9,7,14,3,6,6,4,,7,25,14,8,,,7,9,3,9,2,3,4,3,6,8,6,7,4,7,6,9,4,7,6,8,6,7,,5,,14,5,2,6,21,12,5,5,9,8,8,5,6,6,6,9,3,10,6,15,3,22,6,8,9,8,11,9,12,16,22,,17,5,3,2,20,9,8,4,6,10,8,8,7,11,12,7,4,6,4,8,4,7,8,,4,7,10,3,5,3,7,4,3,3,2,2,3,16,6,7,5,11,33,22,7,6,5,7,2,2,2,3,7,5,9,5,7,,9,10,10,7,11,9,8,6,9,8
20210423,8,NO2,37,16,31,32,33,45,51,16,22,38,45,28,,,32,,24,24,24,,28,,28,28,,14,15,,34,26,25,30,18,26,11,,20,23,,25,30,15,12,21,,16,,23,14,26,24,24,31,34,37,33,21,,26,46,19,28,23,27,30,20,41,38,,35,31,19,29,23,24,,23,27,35,31,61,,14,52,55,54,52,35,,20,23,,,38,26,25,20,8,17,24,,20,32,23,25,26,,33,18,21,8,14,9,12,10,8,14,8,44,65,54,44,45,20,32,63,82,88,30,62,40,,38,39,55,52,48,40,36,54,55,69,63,70,48,,51,46,54,49,36,40,26,39,38,35,18,27,10,38,,38,34,37,42,37,22,21,27,17,22,22,22,,,,31,27,,19,38,34,,,,30,,18,36,28,20,41,31,21,41,25,,,,25,19,,14,26,21,17,13,,14,22,39,34,22,38,13,20,,18,,22,20,,36,24,,39,25,42,,30,38,44,21,46,47,47,,,52,49,43,37,34,34,28,,38,,,35,,44,41,,24,21,24,16,13,14,,32,29,32,45,38,19,17,26,21,26,24,17,19,26,49,28,33,24,5,,24,22,20,26,9,42,32,17,35,11,,21,14,8,,13,27,21,26,,25,22,25,13,14,,,24,28,17,27,26,22,81,77,65,73,67,66,60,71,57,28,33,29,42,37,31,46,,24,16,24,27,19,21,25,39,38,23,30,11,60,51,,54,50,38,98,56,42,58,31,20,37,38,54,14,75,,35,40,78,41,36,40,12,32,45,47,38,34,,10,51,40,28,20,31,10,25,38,12,33,,,66,54,48,56,51,66,64,65,34,42,33,35,14,14,17,15,16,20,21,35,15,18,37,18,17,19,,43,63,52,50,60,51,34,,,71,60,75,32,51,,33,50,66,37,,,55,2,12,37,6,17,7,27,27,18,8,,17,24,25,38,38,25,23,3,11,15,22,4,28,34,46,53,40,45,29,54,,20,23,49,23,,54,11,,47,,,,23,14,,,,22,24,18,21,9,16,14,,11,20,27,25,24,24,32,25,21,30,34,5,14,35,6,50,,48,51,40,58,31,33,26,24,24,,33,55,32,22,20,13,55,30,37,22,35,37,34,36,20,19,27,8,,10,,20,35,40,30,29,,22,22,,,14,14,18,26,,23,26,28,,27,26,23,23,7,27,24,22,12,23,,,,32,,26,9,,28,24,32,42,20,14,14,26,26,33,,16,,,27,,25,16,39,20,19,16,18,12,,20,23,30,29,27,20,19,27,26,23,23,28,30,18,18,17,20,31,32,15,,32,36,35,,14,16,,15,16,18,24,16,,33,23,,,23,16,,50,,33,24,38,50,20,14,,17,16,,19,,,17,,37,29,31,,39,32,43,56,36,,22,9,72,26,42,8,5,46,32,14,19,8,61,22,6,11,38,30,14,37,21,29,46,27,30,49,23,51,36,23,26,16,29,,10,27,23,23,28,19,19,24,16,26,25,23,20,35,,23,,25,,19,13,18,26,12,,15,26,4,,48,,48,48,40,50,16,16,14,,,,28,,27,,20,25,13,,53,44,38,16,21,,17,,34,24,23,25,28,21,,36,28,37,19,26,14,,28,,,12,20,17,20,8,11,25,11,24,16,14,13,22,32,36,17,35,,35,8,12,12,42,53,43,34,49,34,29,11,,37,20,78,45,13,57,32,43,,,,,47,61,,46,17,33,33,26,22,16,20,6,13,19,15,31,20,26,30,34,,10,13,49,,35,38,,77,3,24,30,37,37,31,30,23,20,19,26,25,,30,37,13,29,24,25,29,5,6,,12,6,3,8,5,16,20,28,28,,20,,20,26,26,20,19,11,11,15,9,,,21,20,13,13,19,23,17,21,15,13,41,,40,29,26,42,34,32,28,32,40,,11,20,21,26,24,44,29,30,18,18,19,19,21,,40,24,,35,37,23,40,,,20,22,20,16,21,26,18,23,23,,,27,16,17,17,17,,14,47,44,41,47,47,25,,26,31,,,,13,16,,40,43,59,,60,,21,21,,,19,13,,,12,16,14,,,15,14,15,11,23,14,20,38,21,8,31,17,36,44,29,30,27,16,17,23,17,10,24,16,,31,28,49,,41,41,31,72,24,14,19,26,11,12,16,42,,,,12,22,25,18,17,15,18,17,36,30,10,,14,36,48,24,,,21,6,,8,27,23,,8,19,30,,24,34,24,,22,16,22,22,27,11,17,8,35,33,36,48,31,15,10,15,,5,9,10,29,19,19,,20,,36,,,,7,22,24,22,19,21,,17,,24,17,31,24,7,25,19,4,29,28,23,12,1,14,13,20,19,27,31,30,15,,19,5,12,15,21,14,6,28,32,39,22,16,19,27,,,14,11,14,13,16,5,18,18,15,17,12,10,10,10,20,,24,24,23,11,11,12,12,9,24,22,18,,22,21,19,,30,19,26,20,,22,18,41,,33,36,33,32,26,24,25,22,21,18,27,22,16,,23,23,23,35,34,,44,29,7,18,13,20,14,22,22,27,35,33,,28,28,21,,16,23,,13,10,12,18,,37,28,39,15,18,15,9,19,7,9,16,8,13,13,12,14,5,20,37,17,21,13,16,15,15,15,11,8,16,8,15,4,3,18,12,6,5,14,14,13,15,3,12,12,28,34,31,32,43,,32,19,23,23,34,26,38,31,11,8,7,13,17,23,20,15,25,30,24,20,18,23,17,39,,33,24,39,6,42,50,49,37,41,16,32,38,19,44,46,,,14,29,31,,41,35,47,44,57,52,,30,15,13,,,,,23,43,44,51,35,13,10,34,,52,9,28,11,20,21,5,9,7,6,9,,,,,5,8,9,9,15,14,27,,2,23,12,21,17,5,12,20,34,50,21,20,60,43,,10,8,16,12,38,40,14,18,58,,14,23,,23,7,,6,20,,,4,,6,,10,7,5,5,5,8,41,44,40,38,5,11,13,27,,32,24,8,27,15,47,,10,11,31,45,9,6,,16,16,20,15,32,,32,35,27,,16,16,27,28,8,11,23,,19,28,,,26,14,16,11,16,5,5,4,,16,2,7,10,18,4,6,4,6,,,,15,15,5,,16,11,17,6,70,42,13,62,25,18,19,20,29,,59,44,15,31,50,45,26,,14,,27,22,47,16,52,31,18,22,19,36,18,41,43,5,,,35,38,41,20,,36,26,18,18,,21,17,,,50,22,24,16,28,24,35,34,32,29,30,65,40,26,18,,28,21,,55,16,46,46,4,22,19,14,12,18,24,12,11,18,15,38,20,16,9,11,7,30,26,15,5,6,5,5,9,43,21,10,67,45,35,40,34,35,33,16,28,52,41,22,37,23,30,22,,22,9,26,,25,32,23,,,48,19,25,18,28,4,23,31,22,41,43,32,19,47,19,29,34,23,,39,48,39,22,37,,12,59,18,59,29,52,53,53,57,44,40,39,44,20,29,25,,29,,34,15,23,26,20,40,67,55,54,40,56,49,20,44,48,23,26,32,69,,25,42,63,29,29,24,30,27,16,36,17,18,19,29,16,14,32,26,54,65,,42,48,41,17,58,43,33,40,27,15,33,20,42,50,18,60,26,48,19,51,33,29,30,30,21,15,22,28,22,20,35,28,15,62,10,81,59,17,28,20,21,12,8,7,16,38,13,17,40,32,41,43,40,46,33,31,10,,30,18,5,52,16,28,32,18,31,20,19,26,22,28,28,27,22,18,15,9,18,20,25,6,,33,12,18,45,51,25,28,19,7,45,20,24,37,59,14,19,16,34,37,18,26,27,32,15,15,20,30,50,35,14,,23,13,36,45,22,22,22,19,31,43,26,29,52,32,54,40,42,20,20,25,27,,9,,21,,10,19,27,27,20,12,12,20,24,,20,13,,20,39,23,17,20,30,13,17,15,20,13,14,12,4,18,12,13,16,,55,,22,22,,24,20,36,17,20,29,36,30,,24,28,23,7,,,28,42,37,27,33,16,33,17,28,15,29,42,37,41,35,35,46,43,25,36,40,53,,40,,18,47,22,38,34,43,24,19,20,33,23,28,4,8,6,11,34,32,58,41,14,29,20,43,17,44,55,68,33,22,63,,31,18,44,53,60,27,47,29,21,17,28,17,22,15,18,47,43,23,16,10,43,40,29,,25,6,45,2,8,18,19,9,18,19,45,17,40,45,30,10,23,52,39,24,29,16,13,19,46,10,41,19,50,25,10,20,22,,59,16,62,41,42,32,8,7,40,13
20210423,8,NO2_24h,27,18,34,27,42,29,40,30,18,30,42,36,,,24,,24,22,23,,24,,33,28,,24,20,,26,22,29,21,20,26,15,,25,32,,33,31,21,22,32,,27,,27,18,23,30,34,32,33,27,34,26,,23,24,28,32,19,26,16,17,29,33,,32,25,18,25,24,26,,21,24,31,28,55,,16,36,34,49,44,37,,24,28,,,28,22,22,16,19,27,29,,22,34,27,34,36,,34,30,36,14,18,17,24,17,10,21,13,45,35,43,32,34,18,21,35,30,37,32,38,28,,33,34,41,37,45,32,25,44,41,50,46,48,42,,44,26,35,35,40,39,22,41,34,31,25,35,34,34,,55,54,50,44,56,49,42,59,44,43,48,19,,,,28,21,,19,33,27,,,,37,,28,57,47,24,54,49,35,68,47,,,,48,47,,12,31,29,32,29,,36,19,30,29,20,33,22,29,,21,,21,22,,50,36,,66,26,48,,52,66,51,25,51,37,48,,,22,39,35,35,29,43,26,,35,,,64,,48,44,,22,23,26,19,14,20,,33,39,32,43,36,16,20,22,20,24,22,13,18,18,26,23,29,18,12,,26,22,22,23,14,17,21,25,44,15,,22,22,6,,16,24,20,18,,23,18,24,16,10,,,21,20,13,16,17,15,42,40,33,38,40,38,38,45,21,23,27,27,37,36,30,32,,17,15,28,20,24,15,14,22,20,16,23,10,45,39,,52,59,40,61,45,69,49,34,18,30,40,37,26,59,,18,25,47,34,23,29,12,16,34,32,30,28,,11,50,35,19,18,17,13,16,22,18,19,,,50,40,42,36,34,44,40,40,40,37,21,26,13,13,15,10,11,22,27,25,11,12,18,8,8,12,,39,32,47,46,40,48,34,,,33,54,47,39,51,,45,43,46,40,,,58,14,13,35,9,12,12,21,26,26,11,,16,15,43,31,33,39,8,5,10,8,16,5,39,51,42,52,48,56,44,50,,30,37,50,38,,39,12,,35,,,,21,14,,,,23,21,22,27,12,18,16,,13,15,28,20,17,19,24,26,21,26,26,4,18,30,7,30,,27,35,24,28,21,24,22,22,18,,40,45,39,18,15,14,21,26,27,22,32,34,32,37,20,14,17,14,,14,,29,32,35,28,24,,17,20,,,17,19,24,27,,22,27,26,,23,19,16,24,10,20,14,14,15,14,,,,29,,29,13,,30,31,28,38,23,17,15,17,20,27,,16,,,30,,28,22,33,18,17,14,18,16,,12,10,15,11,13,8,12,15,15,11,23,26,33,10,9,10,31,28,20,6,,10,39,36,,18,19,,14,15,14,17,15,,31,20,,,32,25,,26,,27,24,29,34,24,19,,21,19,,27,,,21,,32,33,30,,31,28,16,16,15,,22,18,34,23,20,17,8,24,30,24,25,17,36,10,15,30,15,17,11,28,28,26,34,27,24,28,23,25,25,13,12,14,12,,6,27,30,24,33,22,14,18,13,16,13,31,30,38,,34,,37,,20,25,30,39,25,,36,30,6,,29,,27,29,20,28,24,20,28,,,,29,,26,,15,22,11,,35,34,21,14,17,,16,,32,28,23,27,26,25,,30,33,30,18,22,16,,20,,,8,13,16,12,7,11,25,12,21,8,10,8,8,20,24,22,26,,27,5,7,21,39,42,41,26,40,35,34,25,,32,19,38,19,17,38,31,30,,,,,32,45,,40,16,21,19,18,17,17,12,8,13,9,15,17,12,34,35,34,,16,22,37,,30,29,,41,10,22,29,29,26,25,25,26,28,34,34,36,,13,15,18,21,20,13,22,5,7,,15,7,5,12,7,17,22,22,22,,15,,13,19,19,24,20,6,5,17,12,,,9,14,15,16,18,19,15,16,11,11,44,,49,49,39,47,34,47,48,52,46,,28,35,59,56,58,41,41,35,35,32,29,23,25,,44,38,,37,40,13,31,,,25,19,15,15,23,19,12,18,14,,,27,16,17,17,18,,15,38,36,34,40,40,21,,25,28,,,,14,12,,25,33,50,,42,,16,21,,,19,13,,,9,13,12,,,12,12,13,17,8,8,8,29,18,11,22,20,15,21,24,24,26,26,28,22,17,12,16,17,,18,23,22,,22,28,23,28,16,14,8,23,10,11,9,38,,,,46,43,64,41,34,27,30,19,24,20,11,,51,62,64,43,,,48,13,13,10,22,26,,12,19,35,,29,38,24,,19,15,16,19,25,10,14,15,33,23,30,40,38,20,12,15,,4,14,12,19,23,26,,18,,21,,,,10,20,18,19,17,15,,18,,21,18,27,22,13,25,11,11,28,28,27,12,2,13,11,12,23,28,32,27,12,,15,7,15,16,21,15,7,18,20,24,15,12,18,22,,,12,10,14,13,12,7,17,15,15,13,10,11,10,9,15,,18,16,16,7,9,11,11,7,22,22,27,,22,39,36,,29,23,29,24,,24,25,23,,28,19,21,17,16,15,15,17,15,14,27,24,25,,15,15,15,30,24,,33,27,8,14,14,15,18,23,19,19,26,24,,30,27,26,,11,16,,13,8,15,16,,15,15,19,10,20,14,11,17,6,12,12,10,12,14,11,15,5,16,18,14,22,13,17,12,11,11,10,8,12,9,15,5,5,10,7,5,5,10,11,12,12,5,8,9,31,34,31,30,25,,20,16,15,23,25,20,25,26,12,11,13,11,14,23,24,13,15,24,17,14,9,14,26,35,,34,22,19,11,19,25,24,18,28,19,25,27,24,24,42,,,9,15,13,,27,36,30,30,42,41,,38,14,28,,,,,12,23,25,29,24,13,10,29,,32,6,11,10,13,18,7,10,6,9,10,,,,,6,8,17,21,10,13,25,,4,10,10,16,17,5,9,9,22,36,13,15,22,22,,7,9,9,10,36,38,13,10,35,,11,16,,11,8,,9,25,,,8,,5,,8,6,7,8,9,20,31,42,33,22,4,7,10,16,,20,19,7,21,14,21,,15,15,26,32,12,11,,14,12,10,15,14,,28,35,19,,14,10,18,18,11,13,17,,18,18,,18,19,13,14,13,15,12,10,4,,12,5,11,16,24,4,5,3,2,,,,9,11,6,,8,13,17,6,26,21,22,48,28,24,20,24,24,,55,32,28,34,40,51,48,,15,,30,18,54,12,40,33,22,13,18,27,25,22,48,8,,,28,22,45,19,,23,21,19,14,,20,42,,,46,45,53,20,23,22,45,35,25,50,23,52,29,30,23,,26,25,,45,16,21,19,4,25,12,15,8,15,13,15,9,20,17,36,21,14,13,12,12,28,22,15,6,8,5,5,10,29,24,21,60,28,34,38,21,19,21,20,32,41,37,16,34,33,40,19,,25,7,32,,10,25,23,,,33,19,22,26,25,3,21,35,25,15,30,21,24,29,11,26,23,20,,21,33,22,17,25,,16,47,30,50,22,26,38,41,43,26,24,26,29,18,19,17,,25,,18,25,26,29,35,39,58,52,53,45,50,40,20,43,38,15,24,25,49,,12,27,49,19,20,25,25,27,23,33,15,15,24,15,18,17,27,19,28,26,,30,27,19,14,24,56,24,28,19,14,26,10,20,43,9,39,20,55,39,37,22,24,11,30,17,16,22,26,31,27,20,20,28,31,11,20,53,28,18,22,21,11,7,6,14,32,17,15,26,18,49,29,52,38,40,30,16,,27,22,16,30,18,35,29,24,43,19,31,30,43,43,48,41,21,36,25,9,21,18,23,7,,35,12,18,47,33,10,24,9,12,20,6,13,39,40,21,20,21,23,27,19,23,25,37,23,12,13,25,38,31,28,,26,14,18,22,23,8,28,12,33,26,26,29,40,26,44,34,28,17,20,28,19,,16,,24,,10,18,17,26,21,16,16,24,21,,17,13,,28,16,15,16,24,24,16,15,13,21,17,9,11,6,14,4,9,10,,27,,19,11,,17,18,13,25,29,32,35,30,,38,23,17,4,,,38,31,25,26,37,22,31,45,34,26,30,34,31,42,43,34,33,28,24,30,30,23,,26,,23,19,20,32,31,25,28,33,30,36,37,25,4,9,5,12,25,32,43,36,14,21,21,37,16,27,41,48,29,24,42,,34,26,28,27,54,23,43,21,17,20,29,20,29,15,18,42,32,26,15,17,60,56,36,,9,11,43,2,10,32,24,10,26,26,33,17,34,33,21,15,19,33,56,24,33,18,21,26,23,18,33,28,28,31,13,21,29,,40,15,39,39,28,33,6,4,25,14
20210423,8,O3,37,39,46,46,43,24,16,53,34,28,22,37,,,59,,70,70,70,,61,,67,60,,85,65,,50,63,58,45,66,68,94,,88,88,,91,76,91,93,92,,101,,63,80,72,80,65,66,50,54,62,55,,61,42,56,20,16,14,27,23,39,40,,45,46,47,42,42,46,,51,57,42,53,18,,41,16,24,25,24,31,,87,89,,,58,78,77,82,86,72,49,,50,62,67,56,66,,57,109,111,135,115,131,119,120,118,115,119,56,32,43,45,58,50,42,26,11,11,52,22,27,,61,72,58,52,47,40,52,48,14,13,8,11,27,,31,9,21,15,34,28,28,29,35,25,36,27,43,25,,33,32,29,22,39,46,40,29,36,32,30,20,,,,44,51,,60,39,36,,,,41,,44,42,41,44,32,44,58,36,51,,,,53,56,,38,32,35,49,50,,56,24,19,18,23,20,27,38,,36,,45,41,,27,23,,24,26,22,,26,32,22,21,15,30,16,,,26,20,24,31,25,22,28,,27,,,28,,22,21,,36,37,31,54,57,62,,9,4,17,35,8,30,40,30,62,44,47,42,47,44,29,40,55,45,71,,31,32,27,26,27,29,21,42,43,52,,45,45,52,,47,61,67,54,,62,65,61,74,70,,,51,46,57,48,55,45,14,20,8,12,4,8,38,33,12,70,63,63,54,53,55,45,,52,64,42,38,46,37,36,26,25,44,37,40,14,11,,9,15,33,6,15,8,10,22,35,28,18,14,45,,,17,11,8,38,15,43,37,36,13,12,24,25,,37,6,12,34,46,23,22,33,20,57,29,,,14,8,22,30,34,39,29,23,9,11,13,18,43,45,44,42,37,43,33,23,38,37,32,39,32,54,,3,4,15,20,4,9,15,,,6,5,5,10,7,,28,10,7,7,,,13,83,87,63,96,88,93,66,77,70,97,,129,121,118,102,103,112,80,103,96,86,87,114,45,31,3,8,36,20,51,6,,50,41,4,42,,9,53,,10,,,,21,78,,,,58,53,59,57,58,56,55,,59,50,62,53,53,45,39,44,42,38,39,107,41,42,67,18,,24,11,30,23,71,65,78,79,72,,45,30,52,83,83,77,47,60,52,53,54,54,51,49,46,38,31,61,,79,,72,55,44,49,39,,46,64,,,84,75,71,41,,62,53,38,,50,46,54,51,56,94,97,105,114,89,,,,30,,34,63,,57,70,57,39,48,66,66,98,102,94,,54,,,18,,20,20,19,95,93,84,88,89,,34,32,31,23,18,30,29,36,29,15,22,11,18,67,55,59,49,40,27,64,,35,42,35,,60,61,,100,93,84,73,22,,7,43,,,53,68,,34,,48,64,29,25,61,63,,74,65,,69,,,64,,48,62,49,,44,53,46,29,57,,63,80,18,72,55,84,51,37,57,75,63,87,35,81,90,99,64,69,68,53,59,49,44,59,56,30,72,29,45,49,79,79,77,,92,108,107,106,93,115,80,76,92,72,83,33,36,25,,44,,42,,28,49,40,32,50,,47,33,93,,27,,12,18,28,11,62,69,74,,,,51,,53,,51,51,71,,26,38,19,91,89,,91,,3,6,4,4,54,62,,42,36,24,47,37,57,,32,,,51,43,43,6,108,50,37,44,29,23,45,40,23,14,18,38,19,,7,43,43,46,17,3,4,37,38,50,73,72,,76,83,34,47,14,29,30,42,,,,,22,4,,2,45,35,26,31,45,50,40,58,44,39,46,79,97,49,45,44,,86,78,29,,4,4,,5,57,6,30,9,8,15,20,41,51,64,55,54,,42,47,73,50,76,72,71,81,90,,74,80,102,91,99,34,30,56,56,,50,,52,66,66,54,44,56,50,67,70,,,51,59,65,62,101,89,110,106,122,119,31,,30,42,32,22,31,41,27,20,28,,48,40,40,35,39,31,46,42,28,40,39,39,39,,25,19,,12,20,5,5,,,40,66,50,72,65,70,67,68,59,,,37,90,90,84,82,,85,25,26,37,34,23,67,,57,55,,,,103,95,,39,36,23,,9,,96,108,,,98,66,,,70,83,80,,,76,72,48,50,88,96,100,70,73,88,72,79,38,37,49,34,84,73,68,76,76,76,64,69,,56,54,31,,36,42,69,40,64,92,69,69,100,100,96,84,,,,118,103,107,100,108,111,111,116,41,39,89,,73,68,49,79,,,80,80,,73,48,63,,83,69,74,,71,76,67,,66,61,67,56,67,78,82,71,23,26,19,17,26,30,62,67,,67,56,44,46,45,44,,72,,60,,,,85,73,60,65,43,50,,39,,36,24,29,28,33,26,43,20,17,23,18,29,78,28,19,16,14,14,9,10,20,,16,21,22,27,21,24,27,9,12,10,15,36,32,35,,,30,29,37,41,24,50,33,33,40,40,72,57,62,59,50,,51,52,44,45,48,48,44,51,42,27,46,,54,75,76,,62,65,56,60,,61,52,12,,2,48,54,44,66,64,62,65,58,68,44,66,74,,78,68,80,19,22,,12,20,73,70,78,59,77,73,69,52,35,31,,61,61,65,,49,46,,51,51,55,46,,29,27,29,21,24,60,72,61,66,77,65,52,62,57,57,62,71,41,13,23,50,34,36,35,36,34,73,50,62,54,46,56,62,45,47,61,59,49,64,55,68,10,10,20,4,4,3,,11,,19,20,16,34,13,19,18,28,55,62,67,58,55,10,4,45,12,35,30,30,24,18,20,10,,26,18,11,46,21,17,23,30,24,65,62,41,68,13,18,,,33,26,27,,22,21,25,49,35,18,,16,16,22,,,,,36,22,22,26,38,34,34,29,,10,80,85,105,102,104,27,79,74,75,97,,,,,62,54,51,52,78,80,9,,80,82,98,50,62,132,118,113,56,31,56,76,45,45,,107,120,93,89,26,40,100,102,17,,65,57,,76,107,,105,108,,,114,,100,,64,65,63,57,59,54,46,60,64,66,84,76,74,72,,30,28,27,64,69,33,,77,72,39,36,85,89,,62,56,48,54,40,,3,14,41,,59,37,50,35,87,95,60,,68,39,,,56,61,52,55,62,79,78,76,,61,76,71,65,74,95,88,80,89,,,,55,55,52,,20,76,71,57,55,29,64,12,78,78,78,68,62,,14,34,50,30,19,21,38,,80,,39,62,15,32,31,53,70,35,59,51,74,22,24,71,,,40,16,26,70,,44,50,74,47,,41,50,,,10,50,51,36,49,59,16,17,14,47,54,1,29,44,58,,69,44,,6,66,46,40,83,59,73,56,116,87,66,42,41,73,60,14,118,67,74,66,69,21,50,29,92,104,105,96,109,3,73,99,4,8,18,30,31,10,13,69,44,18,15,50,52,41,53,58,,46,59,30,,84,2,18,,,7,62,53,39,37,99,56,34,57,38,41,31,37,36,21,42,31,34,,36,,7,33,24,,76,24,34,18,8,14,26,22,12,14,19,49,28,102,56,54,,48,,22,33,31,41,40,10,5,10,3,22,13,10,40,17,19,42,45,6,27,,39,20,14,65,35,49,46,74,78,20,70,58,49,39,36,38,58,63,8,3,,7,8,18,48,37,62,13,27,45,58,32,47,13,19,34,9,40,7,70,18,43,59,44,40,48,60,110,31,61,70,42,51,60,62,92,38,42,107,7,58,65,47,70,45,34,11,45,26,21,31,30,25,32,16,24,39,54,,32,33,76,19,77,44,43,28,37,41,47,39,42,54,42,32,31,59,42,78,61,57,51,53,,1,92,18,11,15,32,34,31,15,27,41,18,20,24,87,40,61,51,34,78,47,37,21,38,81,66,55,20,34,83,,60,64,35,23,50,82,6,24,16,,62,31,8,12,14,11,3,51,65,63,42,,68,,68,,124,58,49,53,62,76,79,76,69,,57,92,,54,16,40,38,47,25,35,54,52,11,43,43,56,60,24,34,28,22,,20,,22,60,,15,100,75,130,38,43,34,27,,48,28,46,74,,,50,13,38,42,34,85,62,90,85,68,63,56,31,30,35,28,14,32,59,48,34,16,,14,,76,8,92,20,18,12,38,58,53,43,58,54,79,64,86,90,7,16,20,28,82,89,13,16,96,19,13,16,9,29,7,,36,77,23,14,65,49,3,48,47,46,39,62,51,69,69,31,4,3,54,52,22,26,7,,62,86,10,98,118,75,64,115,28,46,25,25,33,32,47,69,65,17,61,25,50,46,91,87,14,46,24,63,50,75,72,67,61,,74,89,57,29,46,58,102,88,48,60
20210423,8,O3_24h,105,109,102,101,93,95,105,88,106,114,96,97,,,99,,103,108,102,,100,,78,108,,103,82,,141,142,138,136,142,150,144,,102,104,,106,95,114,106,108,,111,,142,145,144,122,114,130,120,121,113,155,,153,157,154,94,100,104,112,102,119,115,,114,107,101,105,134,129,,140,137,138,135,137,,123,136,139,142,146,139,,122,116,,,116,120,102,119,130,128,119,,124,128,133,117,116,,121,118,122,141,121,140,123,125,144,131,142,137,143,144,153,152,160,151,152,139,150,202,205,215,,247,211,243,226,184,232,231,209,114,111,109,118,107,,115,103,102,98,58,62,65,53,66,58,68,51,53,103,,95,79,84,99,100,97,59,59,65,52,49,55,,,,62,74,,76,75,74,,,,65,,82,68,82,90,81,89,93,61,63,,,,70,58,,54,53,52,49,50,,56,52,52,52,50,52,57,66,,65,,73,65,,86,60,,96,64,85,,70,88,91,65,83,80,78,,,79,73,74,90,88,98,76,,103,,,54,,117,118,,81,91,69,77,97,86,,81,70,74,85,74,104,99,106,62,44,48,54,47,47,48,44,55,52,134,,140,139,144,157,214,156,140,94,78,77,,83,87,72,,97,95,106,92,,102,108,100,119,122,,,108,101,114,117,96,98,137,141,138,146,124,134,147,138,137,116,112,113,102,118,110,83,,117,131,81,82,83,75,92,85,83,95,85,81,208,215,,230,240,254,169,222,200,193,226,154,167,136,168,111,261,,106,109,103,237,115,144,146,133,195,226,204,170,,148,142,157,160,154,160,163,170,145,136,152,,,238,266,257,242,213,265,178,135,105,125,124,129,113,104,113,113,111,111,99,108,84,66,76,84,79,114,,102,94,118,137,128,150,106,,,108,126,113,112,134,,153,142,143,120,,,134,138,123,106,124,127,115,101,119,125,120,,152,155,165,134,159,147,118,136,113,117,121,129,103,92,100,84,94,82,108,81,,100,87,67,103,,93,91,,84,,,,136,135,,,,146,136,72,70,83,76,70,,83,94,101,103,97,94,89,90,91,88,85,121,96,102,91,157,,152,153,158,154,151,148,144,152,148,,134,119,128,140,140,135,132,129,122,138,124,115,112,109,153,145,143,154,,87,,72,64,56,68,113,,108,115,,,112,100,94,78,,90,85,70,,92,81,92,77,80,110,122,123,118,116,,,,64,,69,104,,100,110,102,100,80,91,87,130,124,119,,81,,,175,,178,150,156,156,160,152,185,147,,84,79,82,82,84,89,91,104,99,92,163,174,175,147,134,147,182,179,202,115,,111,197,172,,204,216,,164,164,168,171,100,,85,157,,,118,119,,134,,139,124,136,127,180,179,,193,190,,171,,,167,,143,131,139,,113,135,113,113,121,,131,130,121,128,132,126,131,122,120,130,118,131,128,138,122,121,128,133,135,124,103,121,121,117,144,147,153,151,150,161,137,127,136,,134,179,169,177,167,191,128,150,152,142,147,48,52,39,,59,,67,,74,62,59,48,60,,52,55,107,,146,,151,144,158,139,143,150,151,,,,123,,122,,129,131,119,,117,116,132,134,138,,136,,92,91,84,94,118,132,,89,97,101,107,116,103,,104,,,113,54,52,50,111,94,96,111,81,80,97,84,89,100,98,88,90,,92,70,69,87,87,74,75,137,132,125,135,142,,140,147,140,142,132,129,120,132,,,,,102,88,,87,87,121,94,102,100,87,77,84,82,88,77,170,180,96,99,99,,117,106,109,,117,111,,108,94,83,90,89,132,77,85,78,120,130,132,123,,137,141,131,151,158,159,140,88,99,,87,94,102,91,100,68,65,94,94,,99,,101,109,109,103,103,117,102,90,91,,,100,103,94,92,130,117,127,129,142,138,101,,102,121,117,96,95,98,72,77,113,,58,51,67,70,70,53,56,52,28,40,54,96,97,,62,50,,82,66,64,71,,,100,135,135,134,132,103,101,98,102,,,145,140,134,133,134,,127,123,115,126,120,122,124,,125,126,,,,129,146,,129,120,136,,131,,228,211,,,132,90,,,125,135,111,,,130,136,126,134,133,127,137,162,134,149,137,139,132,129,126,117,138,136,130,141,116,120,110,116,,138,137,138,,136,135,147,138,139,161,126,118,136,132,137,208,,,,237,234,237,226,224,205,207,211,167,181,176,,236,225,210,234,,,282,130,152,131,204,212,,122,69,74,,71,76,67,,66,61,73,59,74,78,82,71,61,68,55,51,45,49,91,87,,88,98,94,85,80,68,,94,,85,,,,90,82,71,94,85,91,,78,,72,76,75,130,130,119,139,124,136,143,149,139,105,116,108,108,156,159,155,150,107,,110,104,92,100,93,96,106,115,106,111,100,116,100,102,,,108,118,122,122,112,151,155,147,134,149,125,110,124,118,127,,123,123,120,109,125,120,118,127,92,104,112,,152,147,138,,148,133,148,131,,140,134,116,,126,111,112,105,112,114,113,108,118,120,94,91,100,,118,118,119,85,83,,99,89,92,84,111,102,139,152,121,106,89,88,,124,118,126,,137,137,,94,90,85,91,,115,118,113,110,94,87,97,91,95,99,93,72,81,70,65,70,119,97,113,105,104,92,98,100,105,107,111,67,95,70,62,69,75,72,72,84,87,67,85,83,94,67,83,79,124,113,107,114,72,,80,105,117,80,112,108,108,108,109,101,95,129,125,97,105,94,90,99,91,93,109,113,68,74,,72,126,120,132,125,123,130,130,133,148,158,151,145,146,148,,,127,130,122,,124,104,75,104,94,82,,101,31,100,,,,,119,125,119,121,126,113,118,115,,106,132,153,136,146,152,134,116,131,100,157,,,,,66,56,153,159,147,144,93,,90,153,153,147,140,140,135,138,146,152,135,155,143,139,,140,136,145,134,88,196,132,148,167,,144,148,,129,136,,124,131,,,128,,122,,115,113,107,95,99,90,122,112,122,128,88,92,87,110,,74,83,114,110,109,137,,131,121,78,80,129,127,,112,96,79,76,115,,102,81,144,,140,122,111,124,87,107,181,,175,153,,163,89,104,93,81,90,98,100,98,,95,90,88,101,107,131,115,118,120,,,,88,81,77,,66,85,85,87,132,171,173,211,78,107,105,144,121,,134,148,65,52,84,130,61,,97,,64,112,130,96,158,163,129,92,62,131,130,122,70,93,,,119,175,99,100,,96,141,154,100,,63,55,,,50,62,62,60,78,76,55,62,51,70,113,134,131,153,162,,102,119,,182,212,163,159,102,106,132,89,140,136,106,89,99,107,152,114,128,112,80,90,76,105,117,140,134,141,140,128,124,123,162,113,134,120,118,152,110,107,109,151,120,146,99,121,105,56,101,138,,97,86,63,,125,91,94,,,90,73,128,57,73,118,126,53,112,146,119,102,60,140,114,121,170,73,,141,91,85,99,101,,130,114,113,113,113,106,113,111,106,101,118,133,158,203,104,112,,76,,97,88,65,55,53,196,209,162,218,208,234,231,173,205,174,113,147,110,210,,113,180,239,182,140,90,105,108,101,48,70,73,73,102,58,90,137,136,124,112,,136,140,172,188,172,287,100,66,115,95,130,138,99,119,109,66,92,144,164,151,170,151,120,72,86,98,118,64,67,70,109,104,108,152,168,168,135,149,146,147,128,96,105,89,115,97,97,104,111,136,114,98,102,93,80,111,79,,70,99,104,156,109,66,71,72,96,78,52,89,54,54,101,71,73,59,74,99,79,82,79,83,,176,172,161,215,150,129,132,91,145,120,107,164,143,138,89,141,137,108,108,107,70,48,48,66,103,87,86,143,120,146,,145,126,118,111,174,144,60,103,110,78,141,131,141,137,118,79,80,91,95,70,97,,104,,103,,134,78,107,113,112,95,105,113,150,,104,155,,103,88,196,171,152,178,98,98,90,96,94,94,159,87,78,69,105,89,,114,,125,118,,105,143,141,157,85,83,99,83,,82,121,117,130,,,129,124,125,144,137,96,99,97,96,134,142,120,120,117,111,120,117,122,116,103,124,154,,151,,157,128,133,113,122,129,91,106,94,90,105,145,90,94,108,110,96,67,142,131,129,236,161,154,176,170,221,280,93,131,130,,60,77,144,139,294,155,94,112,80,74,74,99,114,190,166,122,105,106,110,102,71,97,77,,123,137,74,126,140,165,144,137,104,120,102,117,108,134,166,109,105,152,311,104,146,98,109,102,119,110,98,96,116,119,131,74,157,,217,127,215,83,126,58,134,126,132,96
20210423,8,O3_8h,28,27,20,14,18,23,5,25,33,23,6,12,,,64,,70,74,66,,67,,66,63,,79,63,,39,42,43,40,44,50,106,,89,88,,91,86,98,99,100,,100,,56,66,61,52,40,37,27,32,48,51,,73,77,39,38,31,48,55,17,37,28,,35,54,50,51,35,34,,48,51,36,53,6,,52,26,47,14,17,10,,64,55,,,42,67,70,78,76,60,48,,54,46,72,53,75,,61,110,113,134,117,129,116,118,121,120,119,55,62,67,71,79,63,58,69,60,38,39,22,45,,43,57,58,47,33,38,66,27,7,14,7,8,19,,17,18,22,11,38,46,48,42,51,40,46,38,38,12,,16,19,17,17,17,19,16,15,18,12,19,22,,,,46,51,,57,42,42,,,,53,,10,12,13,14,12,17,21,22,27,,,,20,24,,26,35,37,32,32,,32,28,26,16,29,21,19,32,,30,,34,32,,13,9,,9,8,12,,19,15,17,8,7,20,11,,,25,17,14,8,11,8,20,,6,,,10,,17,20,,36,31,39,46,62,57,,16,4,9,28,10,40,41,42,56,39,45,45,42,42,39,38,48,45,69,,22,29,19,24,12,51,43,39,43,57,,48,45,36,,46,83,82,82,,82,85,88,78,87,,,66,62,72,71,50,62,12,11,15,15,2,16,15,11,4,78,64,70,66,50,57,61,,75,69,47,62,53,58,65,63,64,66,60,60,22,16,,7,5,30,1,20,13,7,19,48,45,34,31,50,4,,13,17,3,38,24,42,28,48,25,18,26,28,,56,6,11,43,48,34,28,46,40,59,43,,,16,11,24,26,37,46,22,9,6,14,24,16,46,47,50,48,43,41,28,26,46,50,33,47,47,73,,11,27,7,16,12,6,17,,,31,4,14,9,5,,27,31,34,34,,,36,92,94,68,98,96,94,80,84,79,100,,113,115,58,99,92,75,100,109,101,98,102,116,20,8,3,8,12,13,23,8,,31,20,4,13,,7,55,,12,,,,42,97,,,,70,74,65,65,60,64,61,,64,67,69,70,65,64,45,40,49,43,46,108,41,53,45,42,,36,21,45,47,92,73,76,70,84,,38,48,52,96,89,87,89,78,74,62,64,61,56,54,48,43,37,45,,78,,44,41,34,37,51,,63,61,,,69,61,56,60,,75,74,58,,50,48,56,40,46,94,97,102,105,97,,,,46,,51,50,,36,32,49,34,44,50,50,116,113,110,,54,,,19,,24,10,9,102,100,88,94,84,,46,47,45,44,42,48,35,46,40,26,14,7,16,74,65,69,37,45,38,63,,43,34,39,,74,74,,100,96,88,77,25,,12,57,,,37,47,,41,,40,51,33,28,57,56,,61,64,,69,,,71,,49,33,41,,62,67,79,76,90,,72,74,56,85,76,87,49,66,61,82,57,86,51,100,78,69,84,63,64,64,68,58,65,68,49,37,52,37,48,61,94,84,86,,89,103,106,103,84,92,90,95,109,95,107,29,32,29,,38,,38,,40,52,49,35,45,,36,38,100,,38,,28,26,42,24,42,64,62,,,,29,,22,,64,54,73,,27,19,36,88,92,,90,,4,4,6,8,43,46,,35,20,24,32,52,55,,38,,,59,42,48,12,107,53,46,54,35,26,53,48,41,15,18,22,14,,6,51,52,33,18,12,5,59,59,66,74,72,,94,117,87,90,19,41,24,61,,,,,33,16,,12,56,56,48,58,66,59,48,56,45,48,50,98,112,28,35,37,,83,67,47,,3,2,,4,62,10,28,23,31,24,28,29,33,39,38,34,,86,87,67,80,97,91,91,85,95,,76,81,99,88,98,44,39,82,82,,69,,57,61,61,62,57,84,76,72,76,,,67,71,68,64,105,98,117,119,130,125,25,,19,10,8,15,16,18,18,9,10,,49,34,22,15,25,15,14,30,12,22,24,23,23,,18,6,,4,14,4,4,,,47,72,54,69,64,40,44,47,43,,,49,107,106,98,96,,89,16,18,25,19,17,68,,48,50,,,,105,104,,65,42,7,,10,,112,119,,,104,66,,,81,94,76,,,82,74,46,42,118,115,127,63,74,88,99,58,62,56,47,44,67,50,53,64,84,85,84,70,,77,69,72,,85,80,67,45,73,98,82,72,100,104,99,68,,,,134,120,100,113,98,89,98,95,83,85,79,,80,74,69,82,,,67,82,,79,68,76,,83,50,48,,53,47,52,,58,51,64,52,60,74,70,62,22,32,23,19,20,21,57,61,,60,37,30,52,48,45,,80,,69,,,,80,69,60,72,46,59,,39,,38,28,34,21,23,21,46,14,11,22,10,20,77,28,24,19,5,5,3,4,10,,18,10,21,26,22,26,15,19,22,22,22,31,31,35,,,34,38,47,48,31,50,39,43,45,53,75,55,62,68,41,,46,50,46,51,67,65,60,66,22,18,20,,46,32,38,,42,44,48,56,,55,38,13,,1,30,41,40,46,74,78,59,73,68,28,42,37,,77,78,79,19,22,,20,20,79,77,81,74,58,65,61,54,42,47,,50,60,54,,57,49,,56,52,41,36,,45,54,36,27,24,58,68,60,66,70,66,48,67,63,58,62,57,49,40,34,42,43,46,50,53,51,80,53,72,57,51,54,59,50,46,58,57,51,68,48,72,13,30,48,2,2,1,,30,,40,32,27,31,32,31,35,36,52,62,59,65,76,7,2,40,14,27,32,29,39,36,22,13,,27,52,62,79,71,70,74,73,64,68,78,60,68,37,22,,,58,55,56,,48,21,36,48,40,19,,18,24,26,,,,,58,54,53,53,60,35,38,32,,6,96,116,108,108,116,24,80,86,84,108,,,,,60,48,52,51,97,89,9,,81,114,117,62,65,133,126,128,84,27,76,96,76,62,,120,121,108,101,46,49,108,119,49,,78,66,,88,88,,108,112,,,116,,102,,82,82,70,60,65,43,16,29,48,69,83,83,82,80,,40,27,45,66,79,71,,88,82,49,52,88,90,,66,61,57,58,63,,12,21,58,,63,61,69,36,57,90,77,,78,56,,70,58,63,57,66,74,81,80,79,,74,77,72,53,56,99,99,98,102,,,,68,63,57,,32,72,69,62,99,37,51,18,72,78,77,37,63,,4,34,53,36,8,22,31,,81,,49,63,32,34,24,44,71,62,57,63,64,56,29,68,,,33,30,7,72,,70,71,92,57,,27,26,,,21,26,30,28,56,60,21,30,23,23,51,3,44,30,70,,70,36,,4,88,70,78,88,63,80,57,126,89,78,43,44,74,50,37,110,66,72,67,68,16,64,37,89,95,98,99,108,24,79,106,2,8,33,26,44,28,20,64,14,24,23,45,53,45,36,57,,26,53,43,,99,9,23,,,9,58,59,48,28,101,41,41,30,80,25,36,38,70,19,13,31,34,,64,10,20,31,25,,68,13,19,6,15,14,10,8,9,19,22,66,32,115,61,77,,55,,23,16,21,45,28,4,3,8,,20,12,4,44,7,33,41,47,11,17,,40,48,14,83,44,52,47,70,61,23,59,54,51,59,31,34,55,66,14,4,,7,20,68,79,75,80,20,36,77,66,41,66,34,22,41,13,55,19,47,43,77,66,67,58,45,59,102,45,42,48,64,68,29,70,90,80,48,113,32,42,57,52,69,49,38,4,46,37,41,51,21,7,13,5,5,26,51,,50,21,42,38,76,50,45,39,19,44,35,16,19,32,15,20,33,38,22,86,66,61,60,59,,,92,22,3,11,45,29,40,24,18,54,37,11,30,86,36,54,66,49,76,48,38,15,29,88,72,49,4,20,39,,32,71,38,25,88,103,6,31,10,12,63,47,7,33,29,14,12,68,86,46,63,,48,,64,,126,43,68,37,57,59,64,62,87,,65,87,,33,16,45,29,41,19,36,58,52,7,35,45,59,64,37,48,31,32,,20,,11,63,,29,92,92,91,37,41,12,13,,35,30,34,79,,,26,16,32,25,18,88,72,65,88,45,51,37,16,17,28,24,11,33,40,38,10,34,,32,,52,28,81,10,20,30,27,33,27,30,36,58,85,74,96,100,8,13,22,11,104,112,18,28,89,33,15,22,12,55,43,,31,64,35,29,100,73,9,64,58,64,59,56,30,80,72,46,2,6,61,39,18,8,4,,72,84,16,104,116,62,47,116,13,28,21,27,11,31,76,53,84,37,82,13,24,42,91,88,16,40,8,14,66,29,91,59,50,,59,94,59,16,70,41,100,110,76,56
20210423,8,O3_8h_24h,54,27,44,28,49,50,10,30,47,29,18,12,,,70,,74,77,72,,71,,69,64,,83,64,,64,60,44,46,55,66,122,,89,88,,91,88,102,106,108,,103,,72,66,83,52,40,44,42,52,48,57,,95,97,52,69,68,97,97,29,68,55,,58,65,61,64,51,50,,80,53,67,77,6,,74,55,65,49,32,10,,80,80,,,51,80,74,82,76,61,64,,59,52,84,54,90,,70,111,118,134,117,129,116,118,121,121,120,55,70,73,76,84,67,60,76,81,52,63,46,56,,58,79,72,68,55,74,98,48,7,14,10,8,27,,17,45,34,19,57,59,64,53,66,58,65,51,53,16,,26,22,26,31,17,19,16,15,18,12,19,22,,,,60,63,,64,48,50,,,,62,,20,12,13,19,12,17,21,22,27,,,,20,24,,26,35,37,32,32,,32,36,37,30,39,34,19,32,,30,,37,32,,13,9,,9,8,12,,19,15,17,8,7,20,11,,,40,28,17,8,13,8,20,,6,,,10,,17,20,,52,60,51,50,73,65,,28,5,12,31,25,72,67,56,56,39,46,46,42,43,47,40,48,50,69,,36,36,38,40,19,72,55,39,45,62,,50,47,36,,50,90,96,91,,90,97,95,83,107,,,80,75,97,94,82,68,33,31,54,30,7,53,24,18,5,89,68,86,79,58,65,79,,87,70,50,74,59,64,73,81,77,71,68,72,34,29,,14,5,33,3,34,22,12,46,70,75,49,68,63,8,,19,28,3,59,36,45,39,75,31,38,31,39,,73,7,22,59,62,50,49,56,60,69,58,,,35,42,43,50,45,87,46,9,6,32,41,35,51,48,54,52,46,44,34,36,53,53,34,54,55,87,,20,53,7,30,34,11,23,,,60,4,34,10,5,,36,50,73,59,,,61,108,97,69,100,99,95,83,89,84,103,,113,115,58,99,92,75,109,114,108,108,107,119,22,8,4,27,16,31,23,26,,50,20,14,13,,7,58,,16,,,,77,105,,,,74,81,67,70,70,67,64,,67,73,71,74,68,70,49,40,50,48,48,110,53,59,61,59,,43,31,62,64,116,93,95,87,88,,39,60,53,101,97,95,103,91,90,65,71,66,65,55,58,54,61,49,,78,,44,41,35,37,88,,87,67,,,78,69,62,78,,77,78,70,,63,71,76,42,63,104,98,104,105,100,,,,63,,69,57,,36,32,49,41,45,50,50,120,114,113,,73,,,25,,30,19,32,108,110,101,106,85,,56,59,54,72,54,72,60,52,53,46,23,17,19,95,82,86,37,59,42,83,,57,36,56,,106,110,,111,111,108,95,33,,30,77,,,37,47,,93,,57,58,40,43,72,65,,63,75,,69,,,72,,65,33,54,,72,103,101,100,100,,73,74,66,98,86,89,50,73,65,90,57,89,63,111,102,90,98,80,85,66,72,60,70,71,63,53,55,65,65,77,108,93,100,,94,104,112,106,89,97,100,105,118,103,112,31,32,31,,44,,43,,48,56,54,38,54,,36,39,103,,44,,38,39,65,40,42,70,62,,,,38,,32,,87,66,88,,51,21,49,95,99,,97,,5,4,6,10,46,48,,35,20,24,50,60,55,,40,,,60,42,49,17,108,60,51,60,45,34,59,58,54,52,39,22,33,,10,54,54,46,19,22,6,82,63,87,76,72,,99,138,104,117,20,44,28,80,,,,,38,25,,22,71,75,68,76,87,68,49,56,47,51,51,105,116,28,46,50,,83,67,51,,3,2,,6,65,17,28,26,37,25,29,29,33,39,38,34,,121,111,67,102,109,100,108,86,96,,77,81,99,88,99,60,56,91,91,,89,,72,79,79,66,70,106,98,78,82,,,90,95,77,72,107,101,118,121,134,128,31,,19,10,8,15,16,18,18,9,10,,50,34,22,15,25,15,14,30,12,22,24,23,35,,18,6,,4,19,4,8,,,50,74,58,69,64,40,48,58,61,,,62,119,119,111,101,,102,16,18,44,26,17,83,,65,69,,,,112,122,,94,72,7,,27,,124,134,,,107,68,,,110,123,93,,,93,90,46,43,133,127,137,63,74,97,112,58,74,78,53,60,68,62,63,64,86,88,90,76,,92,94,89,,107,91,67,58,79,99,94,86,102,106,101,81,,,,142,128,100,117,100,89,102,95,112,119,84,,81,75,73,82,,,70,84,,81,84,96,,84,50,48,,54,47,52,,60,53,64,52,60,74,72,65,25,40,27,25,20,26,57,61,,60,37,30,60,52,46,,84,,73,,,,90,79,71,92,47,63,,40,,38,30,35,47,38,32,61,26,19,33,12,29,86,41,37,42,5,5,3,5,12,,33,12,23,29,28,29,15,38,40,37,43,36,40,40,,,52,54,70,71,56,65,52,53,52,71,90,75,79,76,51,,58,60,55,57,77,74,70,77,39,34,20,,46,32,38,,56,56,85,65,,66,38,37,,3,52,62,63,68,90,86,81,78,75,37,42,41,,79,81,82,20,29,,24,28,87,81,85,82,58,65,64,54,43,56,,50,76,54,,72,60,,60,78,41,36,,73,77,53,40,24,59,68,60,68,70,69,53,68,68,59,62,72,62,72,44,57,54,68,73,74,70,82,54,74,57,53,54,59,51,51,58,81,54,72,48,74,14,83,79,2,2,1,,34,,44,34,33,42,41,41,44,49,58,62,59,91,93,8,8,49,19,35,33,29,55,53,24,13,,28,89,98,108,107,94,100,100,100,86,106,92,89,47,33,,,90,73,77,,62,21,38,51,42,19,,22,27,42,,,,,66,70,66,64,70,35,40,33,,9,114,133,111,117,120,33,82,92,88,115,,,,,60,48,54,51,106,99,9,,82,122,126,64,65,134,128,133,90,27,103,124,118,102,,126,127,113,104,88,50,110,132,95,,85,95,,101,111,,112,118,,,116,,103,,102,103,76,62,70,43,16,29,58,71,86,85,83,82,,49,56,74,74,93,99,,106,107,61,66,90,93,,82,68,59,60,88,,23,39,99,,90,83,84,37,60,90,80,,81,83,,72,77,72,72,69,77,82,82,84,,86,79,72,72,71,106,102,100,106,,,,74,72,69,,41,74,69,71,129,61,61,39,72,78,81,37,77,,4,64,56,38,8,22,31,,82,,62,68,60,34,29,52,75,83,59,75,64,78,32,72,,,61,53,7,76,,84,88,100,58,,27,26,,,25,26,30,30,69,70,24,47,26,23,52,8,64,30,72,,76,36,,12,116,107,104,90,91,94,76,128,95,82,48,52,76,84,70,110,76,72,67,68,26,94,54,93,96,100,100,108,82,97,112,2,42,62,31,65,52,55,75,14,30,35,59,63,50,48,70,,42,53,62,,118,12,36,,,26,59,66,50,30,102,48,50,31,106,29,44,47,88,26,13,51,39,,86,13,30,52,46,,78,17,25,6,27,24,10,10,9,34,48,94,36,128,82,97,,74,,37,16,21,49,28,17,9,13,,27,17,4,71,7,52,54,52,29,18,,47,78,29,108,65,61,54,72,74,24,59,65,52,64,32,39,77,85,40,24,,21,47,106,114,116,97,21,38,90,70,58,90,47,22,44,14,57,50,47,73,100,86,99,71,68,84,102,61,42,48,92,86,29,99,100,104,55,117,47,45,57,58,69,57,43,4,48,42,49,87,21,7,13,5,5,36,52,,68,45,42,64,95,61,45,40,19,51,38,21,19,32,15,20,34,38,22,92,69,64,70,66,,,93,41,3,44,72,31,73,36,18,78,55,14,42,88,44,54,78,64,76,56,39,18,29,90,76,49,4,40,39,,46,87,72,48,113,109,6,32,13,19,91,66,18,61,32,18,14,82,90,46,74,,57,,64,,126,43,78,41,65,69,71,62,98,,91,96,,33,43,66,42,60,37,45,59,52,14,35,45,63,66,43,52,36,39,,30,,11,75,,32,92,106,93,39,41,12,15,,35,41,48,89,,,26,19,44,25,25,89,81,67,90,48,56,44,28,17,34,38,22,51,44,42,10,54,,62,,60,46,81,10,23,46,34,33,27,44,36,82,88,79,103,104,10,20,63,33,121,132,26,44,92,41,33,48,37,91,73,,36,64,41,40,122,96,36,91,68,69,74,70,41,83,74,52,2,12,62,39,18,8,5,,82,87,18,106,126,62,53,127,13,53,48,38,29,46,97,53,97,43,108,22,28,46,92,88,39,49,13,41,79,55,98,61,50,,74,104,87,16,80,41,114,126,112,69
20210423,8,CO,0.8,0.7,0.9,0.7,0.7,0.8,0.7,0.6,0.7,0.9,0.8,0.8,,,0.7,,0.9,0.7,0.7,,0.7,,0.7,1.1,,0.8,0.6,,0.7,0.8,0.6,0.8,0.9,0.6,0.6,,0.4,0.9,,0.4,0.4,0.5,0.3,0.3,,0.2,,0.7,0.5,0.8,0.4,0.5,0.6,0.5,0.5,0.4,0.5,,0.7,0.9,0.6,0.8,0.7,0.9,0.7,0.6,0.5,0.6,,0.5,0.5,0.5,0.7,0.7,0.7,,0.6,0.7,0.5,0.3,1.2,,0.7,1,1,1.4,1.2,0.8,,0.9,0.6,,,0.8,0.9,0.6,1.2,0.6,0.6,0.6,,1.7,0.9,0.5,0.7,0.7,,1.2,0.4,0.5,0.7,0.5,0.4,0.5,0.4,0.3,0.3,0.5,0.6,0.9,0.7,0.7,0.6,0.5,0.8,0.7,0.8,0.6,0.6,0.8,1.1,,0.6,0.6,0.7,0.4,0.3,0.7,0.7,0.7,1.2,1.3,1.4,1,0.9,,1.1,0.9,0.9,1.1,1.2,1,0.8,1.3,1.4,1.2,1.1,1,1,0.8,,1.3,1.3,0.9,1,1.2,1.1,0.7,0.9,1,1.1,1,1.1,,,,0.8,0.7,,0.9,0.8,1,,,,0.9,,1.2,1.1,1.3,1,0.9,1,1.1,1.1,1.2,,,,1,1.2,,1,0.7,1.6,0.6,0.8,,1,0.7,0.9,0.9,0.9,0.8,1,0.9,,0.9,,1.2,1.1,,1,0.7,,0.9,1.1,1,,1,1.2,1,0.8,0.6,0.8,0.5,,,0.6,0.7,0.8,0.6,0.7,0.4,0.6,,1.1,,,1,,1.1,1.1,,0.6,0.5,0.4,0.6,0.4,0.5,,0.8,0.7,1,0.7,0.9,0.6,0.5,0.5,1,0.8,0.8,0.9,0.8,0.8,0.7,0.7,0.7,0.9,0.5,,0.8,0.8,0.7,0.8,0.5,0.4,0.5,1.1,0.9,0.8,,0.8,1.3,1.1,,0.9,0.7,0.6,0.8,,0.6,0.6,0.9,0.7,0.6,,,0.3,0.7,0.7,0.5,0.6,0.7,0.9,1,0.9,0.9,1.2,0.8,1.1,0.9,0.6,0.9,0.7,0.7,1,0.9,0.8,0.7,,0.7,0.6,1,1.1,0.8,0.8,0.8,0.9,0.8,0.8,1,0.9,1.1,0.9,,0.8,0.9,0.9,1.1,0.9,0.9,1.7,0.9,0.6,0.7,0.8,0.8,0.6,0.9,,0.7,0.8,0.7,0.8,0.6,0.7,0.4,0.8,0.7,0.9,0.7,0.7,,0.7,0.8,0.6,0.8,0.7,0.5,0.4,1,1,0.4,0.8,,,1,0.9,1,0.8,0.8,0.7,0.9,0.7,0.7,0.8,0.6,0.6,0.6,0.8,0.5,0.7,0.6,0.8,0.6,0.7,0.5,0.7,0.6,0.5,0.5,0.6,,0.9,1.4,1.1,1,1.1,0.6,0.5,,,1.3,1,0.8,1,1.4,,0.9,1.1,1.1,1,,,1,0.9,0.5,0.6,0.6,0.7,0.6,0.6,0.6,0.7,0.7,,0.6,0.8,0.6,0.7,0.5,0.8,0.6,0.6,0.5,0.5,0.7,0.3,0.7,1.1,0.9,0.8,0.9,0.9,0.7,0.9,,0.7,0.7,0.9,0.8,,0.9,0.7,,0.8,,,,0.6,0.9,,,,0.5,1,0.5,0.8,0.5,0.5,0.4,,0.4,0.8,0.6,0.8,0.9,0.8,0.6,0.7,0.8,0.8,0.9,0.6,0.7,0.8,0.4,1.4,,1.1,1.8,1,1.1,0.8,0.8,0.7,0.7,0.5,,0.8,1.3,1.2,0.5,0.5,0.6,0.7,1.2,1.5,1.2,0.8,0.8,0.9,0.7,0.6,0.6,0.7,0.4,,0.8,,0.7,1.2,1.2,1,0.8,,0.9,0.6,,,1,1.1,1.6,0.9,,0.8,0.9,1.1,,1.3,0.5,0.9,0.8,0.5,0.6,0.4,1.1,0.6,0.3,,,,1.2,,1.1,1,,1,0.7,0.6,0.9,1.1,0.8,0.8,0.4,0.4,0.5,,0.9,,,0.7,,1.1,0.4,1.1,0.4,0.6,0.6,0.7,0.9,,0.7,0.5,0.7,0.6,0.6,0.6,0.6,0.9,0.9,0.6,0.8,0.8,0.7,0.8,0.6,0.6,0.7,0.9,0.9,0.8,,0.9,0.9,1.1,,0.7,0.9,,0.8,0.6,0.8,0.7,0.6,,0.9,1.5,,,0.5,0.6,,0.9,,1.8,0.9,2,1.6,1.2,1.6,,1.2,1.5,,1.2,,,1.1,,1.1,1.1,0.9,,1.4,1,0.8,0.5,0.4,,0.5,0.5,0.9,0.7,0.6,0.5,0.4,0.8,0.6,0.6,0.6,0.5,3.6,0.6,0.4,0.5,0.8,0.5,0.3,1,1.1,1,1.3,1.7,0.8,0.9,0.6,1,0.8,0.7,0.8,0.6,0.4,,0.3,0.5,0.6,0.5,0.5,0.5,0.5,0.5,0.4,0.4,0.2,0.9,0.8,0.9,,1.1,,1,,0.9,0.9,0.8,0.9,0.7,,0.3,0.5,0.6,,1,,1.3,1.1,0.7,1.1,0.6,0.5,0.8,,,,0.8,,0.7,,1,0.7,0.7,,0.9,1,0.9,1,1,,0.9,,1.1,1.1,0.7,0.9,0.8,0.9,,0.9,0.8,0.9,0.6,0.8,0.8,,1.1,,,0.9,0.6,0.8,0.9,0.4,0.9,1.7,0.8,1.1,0.6,0.6,0.5,0.6,1,1.1,0.7,1.1,,1,0.6,0.4,0.8,0.7,1.4,0.9,0.8,1,1,0.8,0.7,,0.7,0.3,1.5,1.3,0.8,1.2,0.7,0.9,,,,,1,1.5,,1.1,1,0.8,0.7,0.7,0.6,0.8,0.7,0.5,0.5,0.7,0.4,0.7,0.7,0.7,0.8,0.9,,0.8,1,1.1,,0.8,1,,1.5,0.5,0.6,0.7,0.8,0.8,0.8,0.6,0.6,0.8,0.8,0.8,0.7,,0.7,1,0.3,0.9,0.8,0.8,0.7,0.2,0.4,,0.4,0.4,0.1,,0.3,1,1.1,1.1,1.1,,0.7,,1,0.8,0.8,1.1,1,0.5,0.3,0.4,0.5,,,0.5,0.5,0.6,0.6,0.4,0.5,0.6,0.5,0.9,0.6,0.9,,1.1,0.9,1,1.1,1,1.3,1,1.1,0.9,,1,1.1,1.1,1,1,1.5,1.4,1.2,1.2,1.3,1.3,1.2,0.9,,1,1,,0.6,0.6,0.7,1,,,0.9,0.4,0.3,0.4,0.3,0.9,0.7,0.9,0.9,,,0.5,1,1.1,1.2,1.1,,1.2,0.8,0.8,1,1.3,0.8,0.7,,0.7,0.8,,,,0.8,0.8,,1,0.8,1.1,,0.8,,0.8,0.8,,,0.1,0.5,,,0.8,0.6,0.5,,,0.3,0.4,0.3,0.2,0.8,0.6,0.6,0.7,0.6,0.6,0.7,0.6,1,0.8,0.7,1.2,0.8,0.5,0.6,0.4,0.7,0.6,0.8,0.5,,0.7,0.6,1,,1.1,0.7,0.7,1.1,0.8,0.5,0.2,0.1,0.4,0.6,0.5,1.2,,,,0.4,0.5,0.5,0.5,0.6,0.3,0.4,0.4,0.7,0.6,0.6,,0.6,0.6,1,0.5,,,0.7,0.2,,0.2,0.5,0.4,,0.3,0.6,0.8,,0.7,0.8,0.6,,0.7,0.9,0.7,0.7,0.6,0.6,0.7,0.7,0.9,0.8,0.8,0.9,0.7,0.9,0.6,0.6,,0.6,0.8,0.7,1.2,0.9,1,,0.7,,0.8,,,,0.8,0.6,0.7,0.8,0.7,0.7,,0.9,,0.9,1.1,0.8,0.9,0.6,0.7,0.7,0.8,0.9,0.7,0.8,0.7,0.2,0.5,0.6,0.7,0.8,1,0.6,0.6,0.6,,0.4,0.5,0.8,0.7,0.7,0.7,1.2,2.4,2.4,2.6,1.7,0.8,0.8,1,,,0.9,0.7,0.7,0.6,0.9,1,1,0.7,1.6,1.2,0.6,0.8,0.9,0.6,1,,1.1,1,1.1,0.9,0.9,0.9,1,1,0.6,1,0.8,,1.4,0.6,0.5,,0.7,0.6,0.7,0.8,,0.8,0.7,1.2,,1,0.9,0.9,0.9,1,1,1,0.9,0.7,0.9,0.7,0.7,0.7,,0.7,0.4,0.6,1.2,1.3,,1.2,1.1,0.8,0.7,0.8,0.7,0.7,0.6,0.9,0.9,0.9,0.9,,0.7,0.5,0.8,,1,0.9,,0.8,0.7,0.5,0.7,,1.1,1,0.7,0.8,1.2,0.9,0.7,1,0.6,0.9,1.1,0.7,0.9,0.6,0.6,0.8,1.4,1,1.7,1.1,0.8,1,0.8,1,0.8,0.9,1,0.9,1,1,1,0.7,0.5,0.7,0.9,0.8,0.8,0.6,0.6,1.2,0.6,0.5,1,0.5,1.4,1,1.1,0.8,0.9,,0.7,0.7,1,1.7,0.6,0.6,1,0.9,0.5,0.8,0.6,1.1,1.1,0.6,0.7,0.7,0.9,0.7,0.8,0.7,0.5,0.5,0.3,1.1,,0.7,0.7,0.7,0.4,0.6,0.7,1.1,1,1,0.9,0.8,0.9,0.7,0.9,1.1,,,0.8,0.6,0.8,,0.9,0.4,1.2,1.2,2.3,1.1,,0.7,0.8,0.5,,,,,0.6,0.8,0.8,0.9,0.7,0.7,0.8,0.5,,0.4,0.7,0.8,0.5,1,0.4,0.6,0.7,0.5,0.6,0.4,,,,,0.2,0.5,0.8,0.6,0.5,0.6,0.9,,0.8,0.8,0.6,0.6,0.6,0.6,0.5,0.6,0.6,0.7,0.8,1,0.7,0.8,,0.7,0.7,0.6,0.8,1.1,0.7,0.7,0.5,1,,1.2,1,,0.9,0.6,,0.4,0.3,,,0.5,,0.4,,0.4,0.5,0.6,0.7,0.6,0.6,0.8,0.8,0.9,0.7,0.6,0.7,0.6,0.7,,1.4,1.4,0.3,0.6,0.8,0.9,,0.3,0.4,0.4,0.7,0.3,0.3,,0.9,0.8,0.3,0.3,0.5,,1,0.8,0.6,,0.5,0.7,0.8,0.8,0.6,0.4,0.6,,0.5,0.8,,,0.6,0.7,0.6,0.6,0.5,0.3,0.2,0.4,,0.3,0.2,0.2,0.3,0.1,1.4,0.5,0.5,0.4,,,,0.4,0.7,0.6,,0.7,0.4,0.4,0.5,4.7,0.5,1.4,0.9,0.8,0.7,0.6,0.6,0.8,,0.8,0.7,0.9,0.7,0.6,1,1.1,,0.6,,1,0.5,1.2,0.7,3.1,1.6,0.2,0.6,0.9,0.6,0.8,1,1,0.5,,,0.6,0.3,1,0.5,,0.9,1,1.1,0.7,,1,1.2,,,1.4,1.1,1.1,1,0.9,0.7,1.8,1.5,1.2,1,1.1,1,0.8,0.8,1.2,,0.8,0.8,,1.6,0.8,0.7,0.9,0.3,0.6,0.7,0.6,0.8,1.1,0.6,1,0.7,0.7,0.5,1.1,0.5,0.4,0.6,0.4,0.8,0.4,0.7,0.7,0.4,0.8,0.6,0.5,0.4,0.4,0.7,0.2,1.3,1.2,1,1.1,1.2,1.2,1.2,0.7,0.8,0.9,2,0.9,0.8,1.2,0.6,1,,0.8,0.9,1,,0.5,1,0.4,,,1,0.6,0.7,0.9,0.9,0.4,0.8,1,0.6,0.7,0.8,1.1,0.9,1,0.5,0.8,0.8,0.8,,0.9,0.7,0.7,0.8,0.8,,0.2,0.7,0.7,0.8,1.1,1.2,0.9,1.4,0.9,0.9,0.8,1.1,0.8,0.8,0.5,1,,1.6,,1.2,1,1.2,1.2,0.8,1.1,1.1,1,0.9,0.7,1.1,0.9,0.8,0.6,0.8,0.7,0.6,0.8,0.7,,0.6,1.1,1.1,0.6,0.3,0.4,0.5,0.6,0.5,0.9,0.6,0.8,0.9,0.6,0.8,0.9,0.6,0.8,1.1,1.2,,0.8,1.1,0.9,0.8,0.7,0.6,0.8,0.7,1,0.7,1,0.6,0.8,1,0.5,0.8,0.5,0.9,0.9,1,0.8,0.8,0.6,1.1,0.4,0.7,0.2,1.1,1.2,1.2,0.8,0.8,0.6,0.6,0.6,1,1.6,0.5,0.7,0.7,0.7,0.8,0.8,0.7,0.6,1,0.9,0.7,1.1,1.1,1.1,0.8,1.1,1,0.9,0.9,0.9,,1,0.5,0.5,0.9,0.5,1.2,1,0.6,1,0.7,1,1.1,1.2,1.1,1,1,1.1,1,0.8,0.3,0.3,0.5,0.3,0.4,,1.2,0.5,0.7,0.9,0.7,0.6,0.7,0.7,0.6,0.6,0.8,0.8,0.8,0.8,,0.5,0.6,0.5,0.8,0.8,0.5,0.8,1,0.8,0.6,0.8,0.9,0.5,0.6,0.7,,0.3,0.8,0.9,1.2,0.5,0.7,1.1,1.4,0.9,1.5,0.4,1,1.2,0.9,1.3,0.7,1.3,0.9,0.8,0.9,0.4,,0.6,,0.6,,0.2,0.8,1.1,0.6,0.8,1.2,0.6,0.8,0.8,,0.7,0.6,,0.8,0.9,0.7,0.6,0.6,0.5,0.7,0.7,0.6,0.8,0.6,0.4,0.5,1,0.6,0.5,0.7,0.7,,1.4,,0.7,0.6,,1.5,1,1.7,0.5,0.8,1,1.3,0.5,,0.4,0.9,0.8,0.7,,,1.5,0.9,0.8,0.7,0.8,0.4,0.4,0.3,0.3,0.8,0.9,0.6,0.6,0.5,0.8,0.7,0.6,0.7,0.8,0.7,0.8,0.9,,1,,0.7,1.1,0.7,0.8,0.7,1.1,1.1,0.9,0.6,0.8,0.8,0.7,0.2,0.5,0.5,0.7,0.9,0.7,1.2,1.1,1.2,0.8,0.4,0.5,0.7,0.8,1,0.9,1.2,2.1,1.3,,1.3,0.5,1,1,0.9,0.6,1,0.7,0.4,1.1,1.2,1,0.6,0.7,0.6,1.1,1,0.9,0.7,0.3,1,1,0.7,,1.9,0.3,1.7,0.2,0.9,0.8,0.3,0.8,0.6,0.7,0.4,0.7,0.8,1.9,1.1,0.9,0.8,1.7,0.8,0.8,0.5,1,0.3,0.4,0.8,0.7,0.9,0.6,0.7,0.4,0.7,0.6,0.5,,1.2,0.4,1.1,0.7,0.6,0.8,0.5,0.4,0.7,0.8
20210423,8,CO_24h,0.7,0.7,0.8,0.7,0.7,0.7,0.7,0.7,0.7,0.8,0.8,0.7,,,0.8,,0.9,0.9,0.7,,0.8,,0.9,1.3,,1,0.8,,0.6,0.7,0.5,0.7,0.6,0.5,0.6,,0.9,0.9,,0.9,0.9,0.4,0.3,0.3,,0.2,,0.6,0.5,0.6,0.4,0.5,0.6,0.4,0.5,0.4,0.5,,0.7,0.7,0.7,0.9,0.7,0.8,0.7,0.6,0.4,0.6,,0.4,0.6,0.6,0.8,0.6,0.6,,0.5,0.6,0.5,0.2,1,,0.7,0.9,0.8,1,0.9,0.8,,0.6,0.6,,,0.7,0.7,0.6,0.8,0.7,0.7,0.7,,0.8,0.8,0.6,0.7,0.7,,0.9,0.5,0.6,0.7,0.6,0.4,0.6,0.4,0.4,0.4,0.6,0.6,0.7,0.6,0.7,0.4,0.5,0.6,0.5,0.4,0.4,0.6,0.7,0.8,,0.5,0.7,0.7,0.4,0.4,0.6,0.7,0.7,0.8,0.7,0.6,0.7,0.5,,0.8,0.6,0.6,0.7,0.9,0.8,0.5,1,1,0.7,0.8,0.9,0.9,0.5,,1,1,0.6,0.7,0.9,0.8,0.6,0.8,0.8,0.9,0.8,0.7,,,,0.9,0.8,,1,0.9,1,,,,0.7,,0.8,0.7,0.8,0.7,0.8,0.8,0.8,0.9,1,,,,0.7,1,,0.7,0.7,0.9,0.6,0.7,,1,0.6,0.8,0.8,0.7,0.7,0.6,0.5,,0.7,,1,0.9,,0.6,0.4,,0.6,0.8,0.7,,0.7,0.8,0.6,0.5,0.6,0.6,0.5,,,0.4,0.6,0.7,0.6,0.5,0.4,0.5,,0.7,,,0.7,,0.7,0.7,,0.6,0.4,0.3,0.5,0.4,0.4,,0.7,0.6,0.8,0.6,0.7,0.5,0.5,0.5,1.1,0.7,0.8,0.8,0.8,0.7,0.7,0.7,0.7,0.9,0.5,,0.7,0.7,0.7,0.7,0.4,0.5,0.4,1.1,1,0.7,,0.8,1.3,1,,1,0.6,0.6,0.7,,0.5,0.5,0.7,0.7,0.6,,,0.1,0.5,0.5,0.3,0.3,0.5,0.9,1,1,1,0.8,0.6,1.2,1,0.7,0.7,0.8,0.7,0.9,0.9,0.8,0.7,,0.6,0.7,1,1.1,0.9,0.9,0.8,0.8,0.8,0.8,1,1,1,0.9,,0.7,0.8,0.8,0.9,0.8,0.7,0.8,0.9,0.6,0.6,0.7,0.6,0.4,0.7,,0.5,0.6,0.5,0.7,0.5,0.7,0.3,0.6,0.7,0.7,0.6,0.6,,0.6,0.7,0.6,0.6,0.7,0.4,0.4,0.8,0.6,0.4,0.5,,,0.8,0.7,0.8,0.6,0.7,0.6,0.6,0.5,0.7,0.7,0.4,0.5,0.7,0.7,0.5,0.7,0.6,0.7,0.6,0.6,0.4,0.5,0.6,0.5,0.4,0.7,,0.6,0.7,1,1,0.8,0.7,0.4,,,0.8,0.7,0.4,0.8,1.1,,1,1,0.8,0.9,,,0.9,0.6,0.5,0.4,0.6,0.7,0.7,0.7,0.6,0.6,0.7,,0.6,0.6,0.7,0.6,0.8,0.9,0.5,0.5,0.5,0.5,0.6,0.4,0.7,1.1,0.8,0.7,0.9,0.8,0.7,0.8,,0.6,0.7,0.9,0.8,,0.7,0.7,,0.5,,,,0.5,1,,,,0.6,0.9,0.5,0.9,0.5,0.6,0.3,,0.5,0.9,0.7,0.9,0.9,0.9,0.7,0.8,0.8,0.7,0.8,0.6,0.7,0.8,0.6,1.2,,0.9,1,1,0.9,0.8,0.7,0.8,0.8,0.6,,0.9,1.2,1,0.6,0.6,0.6,0.6,0.8,0.8,0.8,0.6,0.6,0.7,0.6,0.5,0.5,0.5,0.4,,0.9,,0.7,1,1,0.9,0.7,,0.8,0.5,,,1,0.9,1.5,0.8,,0.7,1,1.1,,0.9,0.5,0.7,0.8,0.7,0.6,0.3,0.7,0.6,0.2,,,,0.9,,0.6,1.1,,1,0.8,0.8,0.9,0.8,0.6,0.5,0.4,0.4,0.5,,0.9,,,0.6,,0.8,0.8,0.7,0.3,0.5,0.5,0.6,0.9,,0.6,0.5,0.6,0.7,0.6,0.5,0.4,0.6,0.6,0.4,0.7,0.7,0.6,0.7,0.5,0.5,0.7,0.8,0.6,0.6,,0.5,0.9,1,,0.7,0.8,,0.7,0.6,0.8,0.7,0.6,,0.6,1.1,,,0.6,0.7,,0.8,,0.9,0.7,0.9,0.8,1.1,1.7,,1.3,1.5,,1.2,,,0.9,,0.9,0.8,0.8,,1.1,0.9,0.5,0.2,0.3,,0.6,0.7,0.8,0.7,0.6,0.5,0.4,0.8,0.6,0.6,0.7,0.6,1.1,0.5,0.4,1.2,0.5,0.4,0.2,0.7,0.8,0.8,0.9,0.9,0.7,0.7,0.6,0.7,0.6,0.5,0.6,0.5,0.4,,0.3,0.6,0.7,0.6,0.6,0.6,0.4,0.4,0.4,0.3,0.4,0.8,0.7,0.9,,1.3,,1,,0.8,1.2,1,1.1,1,,0.7,0.7,0.7,,0.9,,1,0.9,0.5,1,0.5,0.5,0.9,,,,0.8,,0.6,,1,0.9,0.9,,0.7,0.9,0.8,0.9,0.7,,0.7,,0.9,1.1,0.7,0.8,0.8,0.8,,0.9,0.8,0.8,0.6,0.8,0.8,,1,,,0.8,0.5,0.8,0.9,0.5,0.8,1.2,0.7,0.9,0.6,0.5,0.6,0.5,0.7,0.9,0.7,0.9,,0.7,0.5,0.4,0.9,0.7,1.1,0.8,0.8,0.8,0.9,0.8,0.7,,1.6,0.6,0.9,0.7,0.7,1,0.8,0.8,,,,,0.8,0.8,,0.8,1,0.8,0.7,0.6,0.6,0.8,0.8,0.5,0.5,0.7,0.5,0.5,0.5,0.7,0.8,0.8,,0.7,0.9,0.9,,0.6,0.7,,0.9,0.6,0.6,0.7,0.7,0.8,0.8,0.6,0.6,0.7,0.7,0.7,0.7,,0.6,0.7,0.5,1.2,0.7,0.6,0.6,0.2,0.3,,0.4,0.4,0.1,0.3,0.3,0.7,0.9,0.7,0.7,,0.5,,0.5,0.4,0.4,0.6,0.5,0.4,0.2,0.3,0.4,,,0.4,0.4,0.5,0.6,0.4,0.4,0.5,0.3,0.7,0.6,0.7,,0.8,0.6,0.7,0.7,0.7,0.9,0.8,0.9,0.6,,0.9,1,1,0.9,0.9,1,0.8,1.1,1,1.2,1.2,0.9,0.6,,0.8,0.7,,0.5,0.5,0.5,0.8,,,0.8,0.4,0.4,0.5,0.3,0.8,0.6,0.8,0.9,,,0.4,1.2,1.3,1.4,1.2,,1.6,0.8,0.7,0.9,0.9,0.7,0.6,,0.6,0.8,,,,0.7,0.7,,0.8,0.7,1,,0.7,,1,1,,,0.2,0.5,,,0.8,0.6,0.5,,,0.2,0.4,0.3,0.2,0.6,0.5,0.4,0.6,0.5,0.4,0.7,0.5,0.7,0.7,0.6,0.7,0.8,0.6,0.7,0.5,0.5,0.5,0.6,0.5,,0.4,0.5,0.6,,0.8,0.6,0.6,0.8,0.7,0.5,0.3,0.1,0.4,0.6,0.4,1.1,,,,1.1,1.2,1.1,1,1.1,0.7,0.8,0.5,0.7,0.5,0.6,,1.6,1.4,1.5,1.3,,,1.3,0.4,0.3,0.3,0.6,0.6,,0.4,0.5,0.8,,0.7,0.7,0.6,,0.6,0.9,0.6,0.7,0.6,0.7,0.8,0.7,0.9,0.7,0.8,0.8,0.7,0.9,0.8,0.5,,0.6,0.6,0.5,0.9,0.9,0.9,,0.7,,0.6,,,,0.8,0.6,0.7,0.8,0.7,0.7,,0.9,,0.8,1,0.8,0.7,0.6,0.7,0.6,0.7,0.7,0.7,0.7,0.5,0.2,0.5,0.5,0.5,0.6,0.6,0.6,0.6,0.5,,0.4,0.4,0.7,0.6,0.6,0.5,1,2.1,1.4,1.5,1.2,0.6,0.6,0.6,,,0.5,0.4,0.3,0.4,0.5,1,0.9,0.6,1.3,1.1,0.7,0.8,0.8,0.6,1.1,,1.1,1,1.1,0.7,0.6,0.6,0.7,0.7,0.5,0.7,0.8,,1,0.7,0.7,,0.8,0.9,0.9,0.8,,0.8,0.7,0.9,,0.9,0.7,0.7,0.8,0.8,0.8,0.9,0.9,0.7,0.8,0.7,0.8,0.7,,0.5,0.4,0.5,1.3,1.3,,1.2,1.1,0.8,0.7,0.9,0.7,0.8,0.7,0.9,0.9,1,1.1,,0.5,0.5,0.6,,1,0.9,,0.8,0.7,0.6,0.7,,0.8,0.7,0.7,0.8,0.9,0.8,0.9,1.1,0.8,1,1,0.8,0.9,0.7,0.7,0.9,1.3,1,1.5,1,0.7,0.9,0.7,0.9,0.7,0.7,0.9,0.8,0.9,1,1,0.8,0.6,0.8,0.8,0.9,0.8,0.6,0.6,1.1,0.6,0.5,0.7,0.5,1.3,0.8,0.8,0.8,0.7,,0.5,0.7,0.8,1.3,0.4,0.5,0.8,0.8,0.6,0.7,0.6,0.9,1,0.6,0.7,0.6,0.6,0.6,0.8,0.6,0.5,0.5,0.4,1,,0.8,0.6,0.6,0.4,0.5,0.6,0.9,0.9,0.9,0.9,0.7,0.8,0.8,0.7,0.8,,,0.8,0.6,0.7,,0.8,0.3,0.7,0.8,0.9,0.9,,0.6,0.7,0.5,,,,,0.6,0.6,0.7,0.6,0.6,0.6,0.7,0.5,,0.4,0.6,0.6,0.7,0.8,0.6,0.6,0.6,0.5,0.6,0.4,,,,,0.2,0.5,0.6,0.5,0.4,0.5,0.7,,0.9,0.5,0.5,0.5,0.4,0.5,0.5,0.5,0.4,0.5,0.6,0.8,0.6,0.7,,0.6,0.6,0.5,0.6,1.2,0.7,0.7,0.5,0.8,,1.7,0.9,,0.7,0.5,,0.5,0.3,,,0.7,,0.4,,0.4,0.4,0.5,0.7,0.6,0.6,0.7,0.8,0.7,0.7,0.5,0.6,0.6,0.6,,0.7,0.7,0.2,0.4,0.7,0.6,,0.4,0.5,0.4,0.7,0.4,0.4,,0.8,0.7,0.2,0.2,0.4,,0.8,0.6,0.5,,0.5,0.5,0.7,0.5,0.6,0.5,0.6,,0.5,0.6,,0.4,0.6,0.7,0.6,0.5,0.5,0.3,0.3,0.4,,0.4,0.2,0.3,0.3,0.2,0.8,0.5,0.5,0.4,,,,0.3,0.6,0.5,,0.6,0.4,0.4,0.5,1,0.3,1.4,0.8,0.8,0.9,0.8,0.5,0.7,,0.8,0.7,0.7,0.6,0.5,0.6,0.8,,0.6,,0.6,0.4,1.1,0.6,2.1,1.9,0.7,0.4,0.8,0.7,0.9,0.7,0.6,0.5,,,0.5,0.2,0.7,0.7,,1,1,1.1,0.7,,0.9,1.1,,,1.1,0.8,1,0.7,1,0.8,1.2,1,0.8,0.7,0.6,0.8,0.7,0.8,1,,0.9,0.8,,1,0.8,0.5,0.6,0.3,0.5,0.3,0.5,0.6,1,0.6,0.9,0.6,0.8,0.7,0.9,0.5,0.3,0.7,0.4,0.8,0.5,0.6,0.7,0.3,0.6,0.5,0.5,0.5,0.5,0.7,0.2,1.2,0.9,0.9,1,0.9,0.8,1,0.8,0.8,0.9,1.6,0.9,1,1,0.6,1.2,,0.7,0.9,0.7,,0.5,0.7,0.4,,,0.7,0.6,0.6,1.1,0.8,0.3,0.7,0.9,0.5,0.4,0.7,0.8,0.8,0.8,0.4,0.8,0.6,0.8,,0.7,0.6,0.4,0.8,0.7,,0.4,0.4,0.6,0.6,0.4,0.7,0.6,0.6,0.6,0.6,0.7,0.8,0.8,0.9,0.5,0.9,,1.2,,0.8,0.8,0.8,0.9,0.8,0.8,0.9,0.9,0.8,0.7,0.9,0.7,0.7,0.6,0.7,0.6,0.5,0.7,0.5,,0.4,0.8,0.9,0.5,0.3,0.6,0.6,0.8,0.9,0.9,0.6,0.8,0.9,0.6,0.8,0.9,0.8,0.9,0.9,0.8,,0.7,0.9,0.7,0.7,0.6,1.1,0.6,0.7,0.7,0.6,0.9,0.6,0.6,0.8,0.4,0.5,0.5,1,1.1,0.8,0.6,0.8,0.3,0.9,0.4,0.6,0.3,0.8,1.2,1.1,0.7,0.7,0.7,0.4,0.5,0.6,1.7,0.5,0.5,0.8,0.8,0.7,1,0.7,0.6,0.9,0.9,0.7,0.9,1,0.8,0.5,0.7,0.5,0.6,0.7,1,,0.7,0.6,0.7,0.8,0.5,0.9,0.8,0.6,0.7,0.6,0.8,0.7,0.9,0.9,0.8,0.7,0.9,1,0.3,0.3,0.3,0.5,0.4,0.4,,0.8,0.4,0.7,0.8,0.5,0.5,0.5,0.4,0.6,0.4,0.5,0.7,0.8,0.7,,0.5,0.6,0.7,0.9,0.9,0.5,0.8,0.9,0.9,0.6,0.8,0.8,0.8,0.5,0.6,,0.5,0.9,0.8,0.8,0.8,0.5,0.8,0.7,0.8,0.7,0.4,0.9,0.8,0.9,1.1,0.7,0.8,0.8,0.6,0.8,0.5,,0.7,,0.6,,0.2,0.6,0.8,0.5,0.7,1.2,0.8,0.9,0.8,,0.6,0.6,,0.7,0.7,0.5,0.5,0.5,0.2,0.6,0.7,0.6,0.7,0.7,0.5,0.4,1.1,0.5,0.5,0.6,0.6,,0.7,,0.9,0.7,,1.3,0.7,0.6,0.6,0.6,0.9,0.8,0.4,,0.4,0.7,0.6,0.6,,,1.8,0.7,0.5,0.6,0.6,0.8,0.5,0.7,0.9,0.5,0.8,0.5,0.5,0.4,0.6,0.5,0.5,0.5,0.7,0.5,0.7,0.9,,0.9,,0.8,0.9,0.6,0.9,0.8,0.9,0.8,0.9,0.5,0.7,0.8,0.7,0.2,0.5,0.5,0.6,0.7,0.7,0.7,1,1.4,0.9,0.5,0.4,0.7,0.7,0.7,0.6,0.8,1.9,1.1,,1.4,0.6,0.9,0.8,1.2,0.5,0.7,0.6,0.2,1.2,0.9,0.9,0.6,0.6,0.5,0.9,0.5,0.9,0.8,0.4,0.7,0.7,0.7,,0.7,0.5,1.2,0.2,0.7,0.7,0.3,0.7,0.7,0.7,0.5,0.6,0.7,0.8,0.8,1,0.6,0.9,1.3,0.6,0.6,1,0.9,0.9,0.7,0.7,0.8,0.7,0.6,0.5,0.6,0.6,0.7,,0.9,0.3,0.9,0.6,0.5,0.7,0.5,0.4,0.7,0.7
20210423,9,AQI,46,65,48,36,45,54,49,26,37,79,39,48,,,24,,27,25,26,,23,,24,26,,29,20,,75,69,77,85,68,77,94,,25,27,,40,27,32,31,36,,33,,47,47,63,51,53,54,42,50,42,56,,53,84,52,24,,41,51,57,54,42,,58,43,36,53,57,62,,54,58,52,53,93,,70,92,114,85,83,78,,41,39,,,51,37,32,41,46,28,31,,44,40,30,43,39,,42,35,37,43,37,41,37,38,36,37,38,97,59,60,67,69,63,80,80,55,54,54,56,83,,51,48,47,39,58,79,78,57,117,105,124,127,125,,110,114,112,115,62,62,85,73,69,77,64,85,64,117,,77,73,67,68,66,69,58,62,62,108,,98,,,,85,64,,79,78,63,,,,62,,55,62,64,70,64,62,70,70,74,,,,72,65,,41,50,65,67,64,,41,93,74,87,63,63,78,48,,49,,70,59,,92,70,,82,78,85,,114,79,112,,50,69,52,,,72,82,71,37,33,52,55,,104,,,55,,86,72,,25,25,25,27,24,27,,65,60,67,59,62,39,52,52,46,52,52,50,51,57,65,48,46,49,24,,33,47,34,47,39,50,46,39,37,23,,31,36,24,,54,46,57,56,,62,55,52,52,24,,,64,85,77,62,77,57,64,62,,69,69,65,64,60,65,32,30,38,24,35,27,27,,33,25,52,46,42,52,35,40,46,38,49,36,71,67,,63,70,59,87,68,66,70,59,53,51,52,56,49,72,,51,60,61,69,54,55,44,52,58,65,60,47,,45,80,67,57,54,51,28,48,51,40,,,,67,65,69,97,82,98,84,84,58,64,60,57,36,38,34,38,52,43,54,52,19,27,,31,39,42,,55,64,47,69,81,56,62,,,58,75,65,65,50,,99,139,102,133,,,132,68,48,56,52,51,53,58,53,52,52,,57,55,59,70,56,62,29,32,27,27,26,38,59,55,85,63,57,55,55,84,,60,63,78,63,,61,33,,48,,,,52,38,,,,36,47,19,26,24,31,24,,38,35,42,53,45,40,34,31,40,39,42,49,38,43,26,51,,66,65,48,56,50,58,39,39,58,,35,51,45,31,31,27,32,53,62,58,102,57,59,59,55,48,34,25,,22,,57,62,73,60,44,,53,59,,,33,28,39,74,,54,55,64,,113,73,85,73,74,30,31,32,36,29,,,,95,,83,56,,62,34,53,57,73,67,70,39,34,31,,55,,,55,,54,62,56,59,48,40,34,44,,35,35,40,39,40,43,51,54,53,58,48,52,52,49,46,44,45,49,65,43,,56,79,82,,,39,,57,49,51,55,40,,66,55,,,77,50,,73,,53,53,81,71,119,,,110,100,,95,,,100,,118,104,118,,104,65,54,58,36,,31,31,40,34,35,27,22,45,39,49,53,40,72,32,,29,29,24,24,97,73,46,83,173,59,64,58,64,64,85,58,43,48,,54,60,,84,72,62,49,44,42,52,41,60,58,62,,50,,68,,69,50,52,41,33,,38,41,27,,132,,153,156,127,135,49,54,42,,,,64,,62,,93,,119,,102,94,87,83,74,,74,,55,64,53,53,40,51,,52,45,35,44,50,26,,26,,,29,45,30,34,31,39,33,44,53,53,37,23,52,82,55,49,59,,63,29,,28,51,61,68,83,85,79,80,79,,113,59,66,63,53,59,60,60,,,,,69,73,,,33,36,41,48,37,36,36,36,35,42,37,59,56,52,52,54,,54,55,77,,74,65,,95,21,29,49,36,33,53,43,53,73,77,70,89,,76,81,120,57,60,55,74,28,26,,23,52,31,29,49,77,78,58,58,,33,,,62,62,113,104,50,,35,36,,,27,19,59,22,37,33,36,,37,36,62,,74,73,89,54,48,54,63,65,68,,58,57,63,60,68,42,40,55,40,43,49,52,49,,40,54,,62,56,59,74,,,42,49,50,52,46,,51,57,55,,,81,73,67,75,82,,70,75,80,,88,,97,,112,114,,,,82,,,89,82,78,,102,,72,57,,,49,35,,,66,60,45,,,52,58,54,52,61,51,57,39,26,32,26,30,38,35,29,39,32,45,29,24,48,46,53,57,,48,40,65,,56,39,62,74,53,29,37,28,42,51,43,114,,,,40,50,43,38,84,59,64,60,52,50,40,77,75,74,60,73,,,,26,33,27,73,57,,28,56,60,,45,55,64,,85,73,60,59,64,72,77,85,65,73,69,65,84,59,46,35,,23,25,27,53,70,64,,84,,97,,,,52,53,57,62,102,98,,42,,53,56,49,64,20,54,59,22,53,46,62,26,,30,39,42,63,61,70,57,38,,35,20,35,26,30,28,32,70,60,66,69,38,47,58,,,45,45,45,49,50,36,42,41,52,40,43,40,40,37,48,,49,53,46,58,44,45,44,45,55,64,75,,98,70,67,,92,92,87,53,,53,41,67,,67,61,57,64,58,55,59,49,48,51,48,54,42,,59,65,53,50,53,,64,54,49,58,46,50,46,58,65,59,46,33,,40,53,32,,38,39,,33,36,39,36,,57,35,56,30,48,37,,,26,30,,32,39,40,46,53,40,40,37,50,36,,33,39,39,32,36,36,38,42,37,19,26,24,43,31,28,52,48,43,42,16,31,,68,64,68,66,53,,44,44,52,52,69,58,75,59,52,48,52,61,57,31,46,40,60,61,53,55,49,43,25,21,,37,,46,23,36,48,50,80,31,63,54,54,51,75,79,,,52,54,45,,48,41,36,31,51,54,,37,,40,,,,,55,58,72,63,49,35,40,21,,43,33,39,50,53,53,50,54,58,52,61,,,,,47,28,32,44,49,53,39,,29,87,62,53,39,42,47,39,72,78,68,61,57,55,,84,87,69,63,95,70,53,46,81,,61,57,,48,,,31,30,,,35,,29,,19,20,19,21,17,20,57,57,53,60,26,23,,39,,57,46,15,26,25,100,,107,115,40,46,102,95,,42,48,25,23,28,,63,65,49,,35,59,40,29,27,30,37,,52,33,,,23,24,20,129,136,152,149,25,,23,25,25,69,131,25,20,24,26,,,42,34,37,29,,26,24,23,31,56,68,104,65,25,26,26,72,97,,94,68,68,89,73,69,55,,63,,79,57,127,36,80,64,115,15,,35,30,52,56,28,,,52,61,99,25,,52,48,55,37,,94,63,,,79,94,87,67,70,65,78,83,83,82,40,63,56,62,103,,25,36,,95,50,93,65,26,,50,64,79,66,35,35,53,25,85,53,35,94,35,37,29,26,45,39,53,52,50,55,33,52,56,,69,67,104,66,39,39,40,49,65,82,55,49,36,48,54,102,,43,38,84,,40,34,28,,,63,118,67,48,60,30,45,62,54,115,88,52,65,83,55,71,68,46,,63,61,63,56,54,,80,,43,107,125,124,122,114,117,102,64,60,59,125,51,53,,72,,57,62,43,38,50,79,87,84,77,63,63,72,51,54,55,51,59,59,85,,52,83,70,64,57,41,68,26,,68,58,84,87,83,49,52,103,,64,,,115,132,59,58,65,76,48,55,40,57,80,43,58,57,20,40,34,77,60,100,100,53,38,58,144,28,34,100,55,55,52,50,54,72,53,94,55,34,54,38,64,35,29,33,39,62,34,,70,73,65,134,78,84,98,64,48,,94,49,29,58,36,72,64,40,69,62,64,55,48,43,53,83,52,37,55,32,25,29,24,22,,93,54,40,79,71,41,51,60,33,73,38,56,95,,30,77,53,33,45,26,85,48,60,60,83,67,54,75,68,47,,84,104,54,87,30,46,44,16,63,62,31,78,80,89,80,50,76,55,39,53,25,,38,,32,27,39,42,48,54,,,35,27,48,,22,52,,53,54,58,51,27,51,25,44,53,53,50,55,45,34,21,36,42,48,,112,,46,42,,33,65,79,59,66,34,113,40,,23,69,57,55,,,132,,60,63,83,28,32,26,26,55,70,53,59,79,76,69,76,82,59,,60,87,,71,,79,70,80,50,72,60,70,64,53,57,64,59,25,34,385,210,39,21,72,117,73,84,55,62,64,56,68,73,58,31,63,,64,84,134,120,122,102,69,54,63,53,78,42,56,39,38,60,75,60,37,30,93,69,63,,61,27,54,29,65,94,70,70,77,50,45,55,39,60,105,62,61,60,118,60,88,36,30,36,65,50,55,29,52,35,63,97,52,,130,38,121,67,39,69,37,30,84,52
20210423,9,PM2.5,32,47,33,25,30,38,34,10,24,58,24,33,,,8,,12,12,8,,8,,9,8,,6,8,,55,50,56,63,49,56,70,,13,14,,28,16,16,20,25,,14,,32,29,45,31,31,38,29,35,29,23,,27,41,34,12,,22,19,40,38,29,,41,30,24,37,40,44,,36,35,24,27,69,,51,68,86,63,61,57,,24,21,,,28,19,22,22,21,19,21,,27,22,19,17,17,,29,19,12,13,15,10,9,9,15,16,12,72,42,43,48,50,45,59,59,34,38,35,27,61,,22,24,26,19,41,58,57,36,88,79,94,96,95,,83,86,84,87,44,44,63,53,46,56,46,63,46,88,,56,53,48,38,36,50,41,44,44,81,,73,,,,63,46,,58,57,41,,,,44,,39,44,46,51,46,44,51,51,54,,,,52,47,,27,35,47,48,46,,27,69,54,64,45,45,57,33,,34,,39,39,,68,51,,60,57,63,,62,55,84,,24,50,31,,,52,60,44,25,18,27,26,,78,,,39,,48,52,,11,15,15,16,10,13,,47,39,40,36,40,27,26,32,24,36,36,27,27,29,36,31,24,34,14,,14,15,18,16,27,35,31,27,23,16,,14,10,11,,38,27,32,32,,44,39,27,34,9,,,46,63,56,44,56,39,46,38,43,46,48,43,36,40,40,22,14,22,14,24,16,15,,21,14,36,32,23,36,23,28,32,20,34,14,46,45,,41,40,34,59,42,14,48,40,26,26,32,28,29,37,,31,35,37,41,37,22,29,24,31,42,43,27,,25,52,39,40,27,31,19,23,27,19,29,,,45,43,50,72,60,57,52,44,37,43,40,33,22,24,23,22,23,22,35,29,13,8,12,7,13,20,,36,37,31,41,35,32,34,,,35,41,29,29,34,,74,106,76,101,,,100,49,29,31,27,34,27,27,34,34,27,,40,38,42,41,37,37,9,7,8,10,12,3,33,33,40,30,32,33,35,36,,33,35,35,35,,37,17,,20,,,,33,12,,,,25,22,8,18,12,13,9,,21,24,29,37,31,28,23,19,21,20,29,34,26,30,15,28,,43,47,26,27,20,27,24,19,27,,24,35,29,15,7,9,12,37,44,41,76,35,42,42,31,27,13,15,,11,,40,21,24,29,29,,22,42,,,23,19,27,54,,38,39,46,,85,53,63,53,54,14,17,7,16,7,,,,71,,61,39,,44,10,24,24,53,48,51,27,15,11,,39,,,39,,38,44,33,42,33,22,22,30,,14,17,13,14,16,20,29,27,23,27,33,36,35,28,30,22,28,33,40,23,,31,58,60,,15,22,,32,30,34,37,28,,32,39,,,56,35,,34,,27,31,26,49,90,,,83,75,,71,,,75,,89,78,89,,78,40,29,31,16,,16,12,21,13,11,8,12,31,25,34,37,28,40,22,,9,20,12,12,72,53,32,61,131,42,45,41,46,46,63,25,25,17,,32,38,36,62,39,40,29,23,25,36,21,43,41,44,,34,,49,,50,35,30,24,23,,24,26,2,,100,,117,119,96,103,34,38,29,,,,41,,44,,62,,90,,76,70,64,61,54,,54,,39,46,36,34,25,26,,36,31,24,23,35,18,,18,,,17,31,21,14,7,27,22,27,27,27,12,10,20,60,35,25,32,,45,13,14,19,16,40,49,61,63,58,59,58,,50,42,43,43,37,42,43,43,,,,,50,50,,51,18,25,19,27,19,25,25,21,16,11,21,31,26,32,30,33,,38,39,56,,54,47,,64,10,20,31,25,23,24,28,34,53,56,51,66,,31,30,39,40,43,33,54,19,15,,12,16,10,7,7,56,57,34,34,,17,,,44,44,85,78,35,,24,25,,,12,13,13,15,22,13,16,,10,11,35,,38,53,66,38,33,38,45,37,49,,41,31,45,43,49,29,28,39,28,30,34,36,34,,23,25,,33,33,42,54,,,29,34,35,36,32,,27,31,34,,,35,53,48,53,60,,48,54,47,46,61,44,72,,84,86,,,,60,59,,66,60,37,,34,,25,23,,,34,9,,,38,34,29,,,36,41,24,15,30,26,34,12,15,22,18,21,25,24,20,25,22,19,20,16,33,32,37,40,,20,27,47,,32,20,30,34,22,16,22,17,29,24,30,86,,,,28,35,28,25,62,32,45,43,36,34,28,56,55,54,34,53,,,57,17,16,6,53,40,,19,39,39,,31,39,46,,63,53,43,42,46,52,56,63,42,53,35,32,62,42,32,24,,16,17,13,26,51,46,,62,,72,,,,32,29,40,44,76,73,,28,,36,36,34,13,11,38,25,9,37,22,44,15,7,21,27,20,37,41,51,37,17,,24,13,24,15,17,13,22,51,41,21,44,26,19,26,,,18,29,24,31,34,25,29,28,36,28,24,28,23,24,28,,29,33,27,41,29,31,30,23,27,46,24,,73,51,48,,68,68,64,37,,37,24,48,,46,43,40,46,24,29,42,32,26,31,33,38,29,,42,47,37,27,25,,39,29,4,41,32,35,32,41,47,42,21,13,,28,37,22,,19,27,,19,25,27,25,,40,20,16,21,24,17,,,11,21,,22,25,28,32,37,25,28,25,35,13,17,23,27,27,22,25,18,18,29,18,13,11,14,17,12,19,36,33,30,29,10,17,13,41,33,18,25,15,,17,17,30,18,50,41,52,41,28,23,28,37,36,12,26,28,34,33,37,39,21,20,17,13,,6,14,24,14,18,15,30,36,20,45,38,38,34,55,58,,,36,30,28,,25,10,22,21,23,38,,24,,28,,,,,38,30,32,41,29,23,28,12,,18,23,21,24,24,24,35,38,38,34,39,,,,,8,16,20,27,27,31,25,,17,64,42,37,27,22,24,20,51,41,49,41,40,38,,62,64,50,35,71,42,34,20,57,,41,40,,33,,,10,13,,,10,,5,,6,8,10,9,11,12,40,40,37,27,17,12,13,27,,26,17,4,10,12,66,,34,46,28,32,36,31,,29,31,9,13,17,,36,44,33,,24,42,28,12,3,15,23,,36,23,,,10,15,14,53,57,72,46,10,,14,8,14,35,31,4,3,2,16,,,12,18,14,11,,18,15,6,10,28,49,78,40,7,13,6,52,72,,38,49,49,66,53,50,39,,44,,58,38,96,25,59,46,39,5,42,20,19,24,30,19,,,36,31,72,8,,27,32,31,20,,70,45,,,58,70,64,48,51,47,50,61,61,60,28,41,35,44,77,,9,25,,71,14,69,39,9,27,32,46,58,45,24,22,37,11,63,32,8,70,20,10,20,11,31,21,37,36,35,39,8,36,35,11,50,48,78,45,15,18,20,34,44,53,36,27,24,15,30,76,,30,26,62,,28,21,19,,,21,89,48,33,43,6,24,44,31,66,65,26,47,61,39,45,44,32,,45,24,27,29,22,,29,,30,80,95,94,92,86,88,76,46,31,39,29,30,28,,52,,40,44,30,26,35,58,64,50,56,34,41,52,30,27,27,32,30,30,53,,16,61,42,37,23,21,49,14,,49,41,62,64,61,34,36,77,,46,49,,87,100,42,41,47,45,33,39,28,40,59,30,23,40,9,24,17,56,35,75,75,37,26,41,95,19,12,75,39,39,30,35,34,41,34,70,39,11,32,22,46,24,16,17,25,44,14,,51,45,47,102,57,62,73,46,33,,70,20,6,30,19,52,27,24,50,31,46,39,32,30,37,61,36,25,39,22,3,8,16,14,,69,38,28,58,41,24,28,29,23,38,24,29,71,,10,56,37,6,31,17,63,26,43,43,61,48,38,47,49,27,,57,78,38,64,16,28,19,11,45,39,21,57,46,66,59,24,48,39,27,36,17,,26,,17,16,11,29,33,38,,22,19,12,33,,9,30,,33,38,41,26,15,9,17,22,37,33,29,33,30,17,8,14,24,24,,84,,28,29,,20,42,58,39,45,22,85,16,,14,50,32,31,,,100,67,43,42,61,4,22,16,7,36,51,34,31,58,40,50,35,49,33,48,36,45,,46,,58,50,52,35,52,43,51,46,35,31,46,24,12,12,335,160,23,12,50,88,53,36,36,35,46,29,43,41,31,17,38,,46,62,102,91,92,76,50,38,32,37,57,29,38,27,26,43,48,43,22,21,69,48,40,,15,14,38,3,45,70,51,51,56,35,31,39,26,36,79,44,42,43,54,36,60,25,21,25,47,35,37,4,20,24,45,72,36,,99,26,84,48,27,50,10,11,62,36
20210423,9,PM2.5_24h,35,49,38,30,33,42,35,36,35,50,33,37,,,24,,27,26,24,,21,,28,27,,27,16,,49,46,51,50,47,52,46,,29,25,,39,26,20,27,28,,18,,47,42,44,39,38,39,42,36,38,30,,30,40,31,21,16,18,19,36,30,29,,31,37,31,35,41,49,,48,44,49,48,58,,39,62,61,55,50,47,,23,23,,,21,17,22,20,36,38,36,,34,37,38,38,41,,44,28,21,15,21,12,16,13,18,25,21,37,30,28,27,24,27,33,29,29,31,44,42,54,,45,45,56,44,51,65,55,57,45,41,44,42,47,,44,35,44,46,34,32,41,34,37,28,37,49,37,82,,39,36,60,36,33,70,44,46,43,63,47,33,,,,50,47,,46,45,32,,,,40,,34,38,40,35,40,42,39,42,63,,,,70,57,,34,64,64,48,51,,45,65,58,60,31,41,46,23,,29,,31,30,,42,44,,44,35,39,,42,44,51,28,17,27,22,,,24,42,28,22,19,23,23,,47,,,36,,43,48,,16,18,22,14,12,14,,42,38,41,34,33,29,25,23,23,30,30,21,26,26,33,29,26,29,16,,22,12,18,20,11,20,14,20,20,12,,15,9,9,,30,32,33,34,,42,47,31,40,15,,,21,24,19,16,22,15,40,34,35,37,39,37,37,35,31,21,14,19,18,23,19,17,,17,17,24,32,19,22,17,18,23,17,24,10,38,39,,36,34,32,48,36,44,38,36,25,24,24,23,22,32,,17,22,23,35,25,21,21,25,30,34,37,29,,30,48,35,29,28,25,22,23,24,18,24,,,37,33,38,46,46,46,38,26,30,29,25,29,22,25,24,22,23,24,25,23,10,12,15,11,13,16,,25,23,28,27,17,27,26,,,21,27,18,25,28,,99,92,74,78,,,98,56,28,30,33,36,31,34,36,36,28,,32,27,48,45,35,36,9,8,12,8,15,5,34,35,40,31,39,42,33,36,,35,35,37,34,,29,18,,23,,,,23,20,,,,34,26,9,12,13,11,10,,20,19,21,24,25,22,20,17,16,17,24,36,19,25,13,34,,47,41,35,32,18,24,25,29,22,,43,40,52,26,18,18,19,34,36,34,58,32,41,40,17,17,17,19,,21,,26,24,25,25,38,,36,48,,,32,34,34,66,,60,50,50,,45,45,41,39,43,19,12,12,18,15,,,,53,,44,49,,57,32,32,42,31,31,32,23,22,22,,38,,,46,,39,42,45,36,29,24,29,28,,17,16,15,15,20,19,20,24,19,18,30,34,35,19,23,19,30,35,32,22,,18,51,44,,29,31,,38,32,32,30,23,,30,33,,,52,48,,26,,22,28,22,35,88,69,,88,69,,48,,,46,,70,51,64,,59,54,13,15,8,,20,22,23,27,27,19,15,39,34,37,39,34,42,10,,18,18,9,15,56,41,31,45,58,37,37,43,45,42,36,21,22,17,,27,52,53,65,52,48,30,23,22,31,19,35,39,35,,34,,46,,39,38,35,30,32,,36,24,6,,68,,63,86,70,70,38,50,39,,,,36,,30,,66,68,77,,67,64,64,43,37,,37,,41,43,38,42,21,23,,22,20,20,20,18,18,,22,,,15,27,11,12,5,27,31,29,29,13,9,11,14,33,30,25,32,,32,12,12,26,33,50,55,53,50,50,46,46,,36,23,28,29,35,42,39,34,,,,,50,43,,40,23,29,17,23,22,27,16,13,12,12,15,25,22,31,28,28,,28,32,44,,24,26,,33,27,28,34,33,30,35,32,43,42,44,41,49,,40,40,70,29,42,26,54,14,17,,9,8,25,43,16,47,46,35,35,,16,,26,20,20,29,25,15,16,14,15,,,11,11,10,13,15,13,21,,11,17,35,,39,42,40,38,33,37,39,36,36,,43,40,41,43,44,37,42,37,40,39,38,22,23,,39,27,,25,30,27,34,,,25,36,29,34,34,21,23,21,21,,,20,52,53,52,71,,52,31,33,25,28,23,42,,41,47,,,,41,43,,39,30,22,,20,,37,34,,,34,20,,,34,33,24,,,26,30,28,19,25,26,29,30,29,25,28,29,22,25,23,30,50,31,39,38,31,26,28,30,,24,25,32,,20,22,22,23,24,21,22,17,28,26,29,88,,,,143,172,124,130,165,106,114,98,51,42,44,307,257,301,233,248,,,208,28,38,32,82,81,,55,38,32,,35,34,41,,50,52,29,41,25,38,35,48,28,36,26,23,42,25,28,24,,21,15,24,23,55,36,,32,,40,,,,26,23,29,37,39,40,,25,,36,37,33,21,16,28,27,20,33,25,38,18,11,16,21,15,29,38,31,27,15,,15,12,16,15,16,16,10,37,23,13,23,24,20,22,,,8,12,9,13,14,25,30,26,36,27,22,27,24,23,22,,23,24,23,24,19,21,22,16,31,34,21,,64,68,62,,64,68,65,48,,46,36,36,,32,32,35,37,32,32,38,37,34,34,36,41,38,,45,44,41,25,26,,34,26,12,28,25,26,38,45,46,45,21,18,,31,31,25,,23,21,,22,17,21,23,,21,12,14,19,14,18,,,17,26,,22,20,22,24,26,18,24,27,25,19,20,34,26,30,31,26,23,23,30,25,8,11,16,13,17,14,22,19,18,17,8,11,9,34,26,30,24,19,,9,15,19,18,36,33,34,27,30,30,33,33,32,35,30,33,30,33,34,31,25,28,16,17,,13,16,21,17,19,21,28,31,27,53,54,50,48,38,51,,,19,22,20,,21,21,18,21,31,33,,42,,36,,,,,24,21,25,29,22,14,15,18,,10,22,22,25,23,25,37,38,38,25,39,,,,,8,7,38,40,28,27,24,,23,52,35,32,32,10,19,12,46,29,43,38,28,29,,44,48,44,43,57,41,26,18,40,,38,37,,22,2,,9,11,,,17,,5,,12,7,13,11,11,16,20,26,22,25,12,14,12,20,,16,10,9,14,15,43,,39,48,18,16,54,58,,22,23,13,11,9,,34,40,22,,20,25,20,18,11,11,24,,26,28,,33,18,17,19,158,145,71,50,9,,14,10,10,19,18,13,10,12,18,,,13,16,15,16,,13,10,10,11,25,20,78,36,8,29,19,51,44,,24,55,46,75,29,50,34,,33,,50,45,108,23,39,43,78,10,37,38,32,20,40,13,,,30,20,41,29,,29,28,32,22,,47,39,,,27,55,57,35,43,42,27,26,26,62,24,31,20,26,54,,23,34,,52,25,39,33,5,25,27,39,47,34,16,16,25,24,65,26,12,25,28,20,31,8,31,26,33,32,29,34,8,26,40,18,26,31,69,47,20,23,21,40,30,54,33,20,20,30,30,64,,31,25,46,,12,17,14,,,20,53,48,33,31,10,23,42,42,50,67,20,33,45,18,34,23,26,,32,18,21,28,18,,55,43,17,40,34,40,45,43,44,28,49,24,32,32,34,20,,45,,33,33,25,33,30,48,54,43,39,33,38,36,21,27,27,19,30,25,45,,11,40,34,32,21,28,46,39,13,38,46,44,47,36,27,28,65,73,27,30,,68,74,51,67,54,184,16,41,21,20,40,23,19,34,15,28,16,66,71,59,42,49,11,45,51,27,14,52,34,28,45,50,51,33,26,34,34,20,13,33,48,17,23,11,23,33,21,,26,36,39,47,38,35,44,34,31,,51,30,36,33,22,42,33,36,44,34,35,39,35,38,41,35,18,32,33,21,7,10,12,13,,42,27,29,44,28,21,24,17,25,16,22,22,49,51,29,58,36,17,27,26,37,25,37,32,33,27,36,40,36,34,,70,74,40,40,57,25,19,15,35,35,28,54,42,59,48,31,42,34,41,26,21,,33,,25,27,15,24,35,48,48,36,37,30,29,,16,25,,27,23,19,17,17,20,24,29,26,24,26,25,40,22,14,12,18,19,,34,,37,19,,22,32,36,30,36,46,57,17,,18,36,31,23,,,93,30,44,47,46,14,31,14,20,52,52,31,47,46,45,38,39,43,30,37,36,36,,38,,89,33,37,46,29,40,30,47,26,32,46,30,9,6,330,376,18,23,48,63,56,47,38,25,38,28,33,33,25,25,34,,39,38,79,70,189,34,45,17,17,52,64,32,54,35,26,38,27,42,28,20,49,28,36,,16,41,27,6,30,46,57,35,47,36,37,38,34,25,55,52,45,38,167,33,52,21,31,25,48,38,33,35,24,18,44,39,44,,119,26,99,27,29,42,6,5,45,33
20210423,9,PM10,37,48,35,34,45,27,49,22,37,55,39,39,,,13,,27,18,15,,19,,8,12,,7,14,,95,72,79,103,65,62,82,,19,18,,15,27,22,16,36,,25,,47,47,58,52,56,53,41,49,35,61,,56,117,53,24,39,41,51,29,50,37,,43,36,36,44,42,38,,57,65,53,55,118,,78,100,112,101,93,84,,41,39,,,52,37,32,41,46,20,31,,44,40,30,43,39,,36,32,37,24,19,23,30,20,22,30,25,54,45,57,55,47,40,90,63,59,46,58,62,61,,51,48,47,39,52,69,73,63,72,63,74,74,57,,61,59,53,49,72,66,70,88,88,58,66,85,58,83,,67,41,29,85,82,64,35,38,18,26,47,83,,,,83,57,,73,70,75,,,,53,,53,58,72,61,56,51,51,63,81,,,,71,69,,41,45,33,53,51,,41,66,68,53,50,49,56,26,,38,,90,68,,104,66,,106,99,98,,177,107,112,,50,81,54,,,79,78,91,37,33,53,60,,112,,,41,,122,80,,25,25,25,27,24,27,,67,69,84,67,73,32,54,54,46,51,35,50,51,63,80,48,46,46,16,,33,47,34,47,33,45,46,36,37,17,,31,36,24,,33,46,63,61,,61,54,54,54,24,,,63,73,75,66,73,63,76,74,87,88,88,79,78,69,79,29,30,38,24,28,27,27,,33,25,42,37,42,32,35,38,30,38,33,36,92,84,,76,90,68,124,85,81,89,68,56,52,54,61,49,94,,52,70,72,88,58,60,44,54,66,80,58,47,,45,110,83,55,58,52,27,48,51,40,63,,,84,80,88,132,108,145,118,118,65,77,70,64,36,38,34,38,53,43,58,54,17,27,53,31,39,42,,59,78,47,88,111,61,74,,,65,99,80,80,50,,84,129,99,141,,,140,64,48,61,53,51,56,66,56,53,53,,62,60,63,89,62,73,16,27,18,17,25,10,68,60,120,75,63,59,59,117,,69,75,106,76,,71,33,,48,,,,54,38,,,,36,47,19,26,24,31,24,,38,33,24,54,36,28,34,31,40,39,41,48,34,38,26,51,,82,66,48,62,50,66,39,39,65,,33,52,45,28,20,27,32,35,57,30,60,63,44,37,59,48,34,19,,19,,53,74,95,70,44,,55,63,,,25,26,24,66,,44,57,57,,122,93,112,88,70,19,17,7,17,19,,,,90,,83,61,,51,34,56,63,56,53,52,22,20,29,,34,,,54,,48,46,61,45,46,40,17,44,,35,35,40,39,40,43,51,58,56,66,43,50,53,49,46,44,45,49,80,43,,61,95,90,,,39,,63,49,51,59,37,,81,56,,,66,47,,95,,56,56,111,92,86,81,,66,99,,58,,,78,,140,113,141,,101,79,58,66,36,,31,31,40,34,35,25,19,42,39,37,23,30,94,22,,25,17,24,22,36,34,38,40,75,62,77,58,69,60,84,66,43,48,,57,69,80,100,93,74,49,44,42,53,41,52,55,66,,50,,47,,67,40,54,41,31,,38,41,2,,115,,116,175,137,138,43,42,40,,,,78,,66,,135,,110,,134,86,105,82,94,,73,,56,41,55,55,40,52,,35,37,33,44,43,22,,25,,,21,37,28,34,16,35,33,44,56,55,37,23,54,70,59,49,67,,72,29,30,26,51,71,81,80,83,82,79,78,,176,59,82,76,31,48,60,57,,,,,76,95,,120,33,29,41,48,37,16,31,36,35,42,37,68,61,54,53,58,,54,50,70,,80,78,,139,21,17,49,28,27,55,43,55,83,70,75,87,,101,111,190,62,35,59,54,10,10,,19,54,21,29,49,62,58,66,66,,33,,,58,58,87,75,36,44,24,29,,,27,15,68,15,37,33,9,20,14,10,74,,97,75,79,54,48,48,74,79,68,,55,63,60,69,67,36,36,42,36,40,42,45,46,,40,57,,74,61,52,84,,,27,47,43,36,40,63,52,64,60,,,112,73,82,99,84,,90,100,110,112,126,122,82,,96,104,,,,82,71,,85,84,106,,153,,93,64,,,26,35,,,81,69,45,,,48,45,58,53,72,51,63,39,26,23,20,24,38,33,28,39,31,45,29,23,35,27,31,32,,48,40,54,,62,39,73,97,55,28,37,28,42,52,34,148,,,,35,50,43,38,78,68,78,47,49,50,39,82,61,69,69,60,,,74,26,33,27,60,56,,16,61,70,,44,53,51,,70,62,42,66,52,64,64,70,80,91,87,80,75,65,34,30,,21,25,27,55,66,63,,85,,92,,,,54,56,55,50,95,116,,42,,55,61,41,78,20,42,67,22,54,46,58,26,8,25,26,42,75,72,79,64,38,,33,20,32,26,30,28,17,75,69,81,87,36,47,65,,,45,45,45,49,50,34,41,41,40,40,43,37,40,37,48,,49,56,46,54,44,42,44,45,60,73,100,,104,63,68,,111,69,86,40,,52,41,58,,83,71,58,63,66,60,54,49,48,51,38,26,31,,40,59,34,50,55,,77,57,49,40,38,48,40,38,49,43,46,33,,27,38,32,,38,37,,33,32,37,33,,52,35,61,30,48,37,27,19,26,19,23,32,39,38,38,38,40,27,37,33,36,,27,31,32,27,36,36,38,29,37,18,26,24,43,31,21,37,29,39,36,16,31,16,85,77,85,81,55,,44,44,54,53,69,61,99,68,53,48,53,71,63,31,46,39,69,72,53,51,49,43,25,21,,37,33,46,23,36,48,50,110,31,59,57,50,51,69,80,,,41,57,45,,48,41,36,31,52,42,,37,,39,,,,,60,65,93,75,49,35,38,21,,43,29,39,50,56,56,39,52,66,54,71,,,,,47,28,32,44,49,56,39,,29,76,73,47,39,28,47,36,94,105,46,71,55,60,,86,76,52,76,136,89,56,46,112,,71,60,,46,5,,13,27,,,20,,8,,13,12,12,21,15,20,58,56,49,69,21,21,,20,,64,46,15,26,25,149,,164,180,40,34,153,139,,39,48,25,23,28,,75,80,49,,32,46,29,29,9,25,37,,34,27,,,12,24,19,207,222,254,248,23,,23,25,25,87,212,10,20,24,16,,,42,34,37,29,,15,22,23,31,62,53,80,79,14,18,13,74,111,,137,72,31,36,71,63,48,,76,,70,63,106,34,99,78,180,6,53,35,30,53,62,20,,,51,71,148,16,,53,48,59,37,,66,37,,,43,89,97,52,56,75,105,70,77,77,27,76,62,67,67,,16,34,,113,50,116,79,19,36,50,48,83,81,29,35,31,16,78,56,14,50,35,37,28,26,42,39,46,51,48,52,15,47,61,30,79,78,103,82,39,39,40,48,80,113,59,49,36,48,58,117,,43,38,80,,29,34,28,,,76,70,48,42,58,10,45,53,57,180,105,53,65,89,40,92,86,43,,63,72,75,61,58,,110,85,33,62,84,77,72,65,73,49,62,70,68,200,51,55,,81,,56,51,33,38,47,86,121,117,103,76,75,70,52,58,60,51,68,68,119,,53,108,90,77,64,41,35,25,24,50,60,87,79,113,45,47,105,,71,120,,163,139,54,52,66,102,29,56,35,41,68,35,66,52,13,40,34,75,70,102,98,53,29,52,237,27,14,95,56,48,53,45,58,93,56,78,53,30,57,38,42,31,29,33,39,71,34,,85,95,66,146,97,100,112,73,47,,95,49,4,66,36,61,78,40,70,74,63,47,48,37,56,80,47,37,46,17,25,29,24,22,,132,44,40,104,91,41,52,70,30,95,38,61,104,,4,39,45,8,24,26,80,48,57,49,68,70,53,99,79,47,,118,108,58,78,30,46,44,14,72,73,31,81,109,90,93,50,102,54,34,56,19,,25,,32,24,7,41,41,56,45,,35,16,48,,12,53,,56,52,62,52,27,51,24,44,56,55,50,60,45,34,21,36,42,48,,72,,46,42,,33,79,75,67,82,34,120,40,,23,80,64,59,,,108,,60,75,108,7,20,10,16,59,85,56,68,82,101,87,102,113,67,76,70,123,,92,,70,90,110,44,59,42,68,63,55,64,57,67,13,34,307,304,39,18,94,119,91,117,60,73,51,61,85,96,65,31,76,,56,80,150,146,151,126,87,49,75,48,40,28,61,30,24,70,100,57,37,30,118,87,76,,72,16,48,20,79,72,74,74,56,47,45,50,39,69,104,55,71,70,185,70,125,34,22,11,32,34,60,27,53,31,68,84,53,,177,30,191,78,34,62,14,30,86,51
20210423,9,PM10_24h,37,45,44,39,41,37,44,42,37,49,46,53,,,30,,35,32,34,,36,,66,39,,33,26,,72,67,76,72,74,67,77,,27,29,,27,39,34,33,38,,32,,74,62,80,62,63,67,76,67,63,72,,65,69,70,21,17,28,20,20,56,50,,49,44,45,47,53,52,,66,70,64,68,91,,54,91,75,81,71,68,,37,36,,,32,33,31,33,63,63,64,,59,71,68,79,77,,68,50,64,36,28,31,40,29,34,43,35,72,61,67,55,51,47,70,52,52,62,77,84,93,,91,85,89,77,73,93,93,89,68,56,59,61,60,,62,50,58,52,64,54,55,58,73,40,64,72,54,65,,59,64,64,58,64,60,55,48,53,54,55,34,,,,66,39,,58,68,62,,,,59,,61,68,79,55,64,64,51,64,98,,,,107,86,,52,53,73,57,65,,50,60,47,47,45,39,51,33,,36,,52,49,,75,63,,92,64,73,,102,92,87,40,45,47,37,,,38,51,59,39,41,59,47,,72,,,61,,112,84,,37,31,38,32,29,34,,65,62,74,71,64,46,58,35,41,46,31,34,44,46,52,44,40,40,28,,46,40,50,50,35,32,32,32,37,16,,35,33,26,,29,50,61,56,,57,59,55,62,18,,,30,29,27,29,30,23,68,75,64,78,79,73,80,71,59,29,30,32,30,30,27,30,,29,31,28,21,27,24,25,24,20,27,25,22,79,73,,73,86,68,96,74,104,76,71,56,59,57,60,47,83,,38,49,56,85,56,57,49,51,68,68,70,59,,46,90,73,56,59,53,46,52,52,49,54,,,81,72,78,105,96,102,84,73,56,56,48,60,42,43,43,38,41,45,53,50,25,26,34,28,29,25,,47,34,43,52,52,53,51,,,33,57,49,55,57,,127,128,96,113,,,141,72,53,71,74,58,73,74,67,71,67,,52,54,95,66,66,82,18,35,52,24,47,28,84,71,114,79,85,76,70,116,,83,71,109,79,,54,32,,38,,,,48,50,,,,62,61,34,33,31,37,33,,41,27,23,30,30,26,24,25,31,33,31,53,25,28,22,50,,58,51,54,46,45,52,48,50,55,,75,70,84,52,44,48,55,48,40,34,57,56,41,39,38,37,42,34,,32,,43,47,45,38,46,,60,68,,,46,33,32,63,,53,74,56,,64,68,66,59,47,31,21,20,28,27,,,,67,,55,68,,60,60,55,56,31,32,40,27,29,36,,31,,,70,,69,69,68,53,52,51,54,66,,35,32,34,34,42,39,39,53,48,53,54,54,61,47,49,51,63,63,61,40,,48,86,78,,65,65,,68,63,68,62,39,,60,55,,,70,81,,58,,42,55,73,63,83,84,,85,99,,51,,,52,,96,71,92,,84,61,32,34,29,,47,58,53,73,63,52,28,76,61,67,58,55,84,26,,48,30,22,36,36,44,41,40,61,64,78,68,76,68,58,97,93,97,,93,89,98,106,108,90,60,51,42,59,48,43,48,43,,55,,59,,56,50,49,44,44,,53,45,8,,81,,83,120,92,91,65,66,66,,,,64,,55,,109,101,95,,92,84,88,65,59,,52,,56,53,58,54,44,46,,28,34,30,28,25,21,,28,,,24,32,29,22,12,37,49,45,48,30,37,27,37,52,49,47,55,,52,26,26,40,65,71,76,69,73,80,66,69,,53,53,42,54,45,57,59,53,,,,,78,76,,89,32,41,41,52,35,33,25,30,30,33,39,64,51,61,61,52,,52,51,76,,49,50,,86,49,49,65,50,58,74,63,70,63,63,66,75,,142,147,333,69,48,43,51,13,21,,34,35,98,112,116,58,46,54,54,,22,,31,27,27,31,27,20,18,16,19,,,18,14,44,18,29,31,19,23,20,22,66,,76,77,66,58,57,51,64,69,64,,73,94,66,74,72,59,60,57,53,69,66,42,43,,71,73,,62,61,41,60,,,24,49,37,42,48,37,32,37,36,,,72,81,92,92,85,,96,70,69,62,72,87,55,,53,60,,,,66,63,,51,53,62,,65,,76,64,,,41,52,,,64,61,40,,,66,65,40,38,56,56,45,44,47,38,41,36,36,42,42,58,69,72,69,61,36,28,32,32,,59,48,51,,50,53,62,60,53,38,65,56,53,58,50,127,,,,199,220,228,166,209,158,164,113,73,72,60,408,303,327,279,329,,,249,61,77,58,118,115,,40,49,49,,43,47,48,,49,54,43,52,34,39,48,43,56,64,52,57,55,48,34,32,,25,29,32,35,63,59,,43,,53,,,,50,48,41,52,53,58,,41,,45,46,42,44,34,44,44,29,53,44,66,29,13,24,28,27,57,57,75,52,33,,34,24,31,30,30,29,10,62,38,41,41,30,39,45,,,23,22,22,23,22,43,55,47,46,52,46,42,38,44,36,,40,41,37,36,33,32,36,31,49,60,60,,105,87,89,,90,73,82,62,,64,61,47,,61,53,55,57,55,54,49,52,49,49,53,54,59,,57,53,53,39,50,,54,53,51,37,28,35,38,44,44,42,37,37,,37,34,40,,32,27,,32,22,29,26,,32,26,28,30,43,33,35,33,28,33,37,32,35,31,46,36,33,28,37,31,30,41,37,40,42,40,37,39,37,37,44,14,21,19,32,33,18,26,25,32,28,13,21,14,74,61,71,69,49,,46,37,38,52,70,67,72,63,51,50,50,70,60,53,57,44,53,86,53,47,53,44,30,34,,35,47,37,29,33,30,43,49,48,71,76,72,70,54,92,,,34,32,34,,42,47,42,38,60,58,,58,,54,,,,,38,44,52,53,43,25,27,40,,29,32,42,54,52,66,51,55,62,58,71,,,,,28,18,64,67,47,47,39,,39,68,62,54,59,24,46,36,77,72,55,71,47,51,,67,72,63,64,102,84,52,46,99,,69,65,,29,5,,30,40,,,36,,8,,19,14,21,30,24,31,49,57,42,42,17,23,23,24,,33,30,16,27,33,138,,138,142,32,36,322,352,,36,34,19,20,16,,70,71,41,,40,44,33,29,32,27,82,,60,67,,76,31,26,28,661,527,394,350,17,,26,28,25,80,83,160,103,122,100,,,38,38,37,26,,13,33,32,37,56,32,83,74,20,35,29,84,58,,76,97,43,43,42,155,62,,35,,56,58,133,32,75,77,383,11,52,82,65,37,90,18,,,52,48,96,33,,59,63,75,37,,59,44,,,27,90,109,46,51,62,59,34,32,99,31,54,43,51,43,,34,50,,92,69,65,50,19,30,66,39,71,64,26,27,20,32,80,63,23,38,39,55,35,32,49,50,46,48,43,47,19,37,71,43,50,49,97,79,29,33,33,68,61,93,50,37,35,49,62,113,,48,35,55,,29,31,25,,,45,63,56,45,39,16,42,68,69,175,95,44,52,58,36,63,56,34,,57,43,47,52,55,,255,68,35,54,51,54,58,58,69,40,47,49,51,102,47,32,,65,,57,47,38,45,47,80,111,102,89,87,84,74,48,63,71,53,68,49,113,,48,85,82,78,49,45,25,20,22,44,63,52,68,63,34,36,99,104,46,52,,124,99,78,80,83,252,37,51,34,31,64,30,33,44,25,36,30,100,118,81,63,67,18,55,74,32,23,68,37,30,63,51,77,78,51,58,57,51,29,40,40,24,30,26,41,60,50,,58,69,71,62,73,61,69,50,51,,66,32,35,55,38,51,67,44,77,79,55,57,60,53,64,56,19,44,46,41,31,41,30,30,,81,61,46,92,74,46,53,48,42,53,44,54,85,70,15,77,52,23,27,22,60,42,48,42,40,33,45,91,56,67,,106,104,56,56,76,52,43,20,66,41,55,82,97,85,76,55,69,44,43,39,27,,44,,33,42,19,34,45,73,60,47,52,36,46,,26,52,,47,35,36,39,39,54,35,50,50,56,49,44,59,40,27,30,41,36,,50,,44,36,,33,62,48,57,74,82,99,42,,34,64,50,42,,,104,75,63,85,87,22,22,25,31,64,92,55,79,70,94,91,72,73,64,57,63,83,,73,,91,53,82,59,52,49,35,75,52,60,71,62,12,29,1139,1007,44,41,76,101,90,100,69,63,60,60,76,85,52,49,63,,52,52,107,94,250,67,83,21,26,48,44,25,72,56,70,78,50,61,38,28,72,65,62,,86,62,32,65,54,50,91,57,48,44,36,42,40,41,86,54,62,54,170,60,113,25,32,26,43,39,46,38,40,37,66,48,80,,162,45,145,51,48,53,9,19,63,41
20210423,9,SO2,1,3,2,2,1,5,2,2,3,4,3,1,,,5,,5,6,6,,5,,4,3,,5,2,,6,8,4,8,2,8,7,,5,9,,5,12,6,10,2,,3,,11,5,5,5,8,6,8,9,10,5,,8,10,5,4,6,8,5,6,6,6,,6,3,5,3,12,11,,7,9,7,6,10,,7,19,6,14,7,6,,9,5,,,7,7,8,8,7,11,12,,14,9,9,8,3,,13,3,3,4,10,3,8,9,7,4,4,8,5,5,11,6,6,6,7,14,7,18,33,19,,16,15,11,18,13,28,23,16,4,6,6,9,7,,3,9,8,8,13,4,10,4,6,1,8,3,1,8,,2,6,4,6,6,5,2,4,11,12,8,8,,,,9,9,,9,13,8,,,,4,,5,4,3,5,7,6,6,5,7,,,,4,8,,5,3,5,4,4,,10,6,4,13,6,8,3,3,,6,,15,16,,4,5,,5,6,3,,5,4,5,,13,6,7,,,7,10,10,7,5,7,7,,6,,,3,,8,8,,5,4,5,4,5,5,,7,4,6,5,6,11,6,6,6,6,6,4,7,6,11,9,4,5,2,,4,6,3,4,4,4,15,1,5,2,,5,1,3,,5,6,7,6,,6,5,6,5,5,,,5,3,5,7,7,4,11,11,11,7,6,10,9,8,8,12,6,5,8,6,8,5,,4,6,9,5,4,7,5,8,5,8,7,9,16,13,,10,10,14,12,14,7,14,9,5,7,9,9,7,7,,7,6,8,13,9,9,8,5,14,22,18,11,,12,31,26,8,7,6,6,8,12,11,10,,,16,13,9,14,16,19,12,9,12,23,12,11,4,5,7,6,3,7,5,8,4,2,4,3,4,10,,7,27,13,22,21,17,11,,,25,25,9,4,17,,7,11,8,6,,,9,20,8,8,9,9,6,6,5,7,8,,10,22,10,15,11,20,4,5,3,4,4,5,12,7,7,12,9,10,6,8,,11,7,5,12,,14,4,,12,,,,8,10,,,,15,37,5,5,4,6,5,,3,7,3,6,8,7,8,5,7,10,10,5,5,5,3,17,,34,17,20,36,13,18,9,9,12,,4,8,5,8,11,9,6,11,12,11,61,10,12,11,6,6,4,4,,3,,5,5,5,5,3,,5,8,,,9,4,5,6,,2,5,5,,33,9,32,27,5,7,6,5,8,11,,,,8,,7,8,,7,6,7,9,4,4,3,3,3,4,,5,,,12,,14,46,30,6,8,8,13,9,,6,5,6,6,6,6,17,5,70,24,10,17,16,9,8,9,12,12,10,7,,10,9,9,,13,11,,12,15,21,17,7,,87,14,,,6,6,,6,,22,15,21,29,9,9,,10,8,,2,,,3,,8,11,9,,11,10,37,49,7,,6,6,7,6,8,5,6,14,16,9,12,6,25,12,,10,4,9,12,16,9,21,26,16,11,14,9,14,10,6,4,10,5,,4,6,8,9,8,5,3,4,8,11,8,6,4,4,,14,,7,,14,4,4,2,5,,3,3,4,,5,,8,6,6,3,7,7,9,,,,13,,9,,12,,11,,22,8,8,3,2,,3,,6,7,6,7,8,6,,14,8,22,6,8,8,,8,,,8,1,2,1,2,5,4,4,6,8,7,5,5,13,7,7,7,,7,3,,6,11,18,3,8,12,7,4,20,,26,15,53,14,7,18,10,14,,,,,12,17,,10,2,7,5,2,3,17,11,6,7,11,5,5,4,7,8,7,,4,11,6,,4,3,,14,5,4,5,4,4,4,4,3,8,10,7,6,,11,38,37,33,16,12,8,1,4,,5,3,3,4,1,10,8,5,5,,5,,8,6,6,5,5,11,8,8,4,,,5,10,8,8,6,4,3,3,4,4,7,,8,6,6,9,9,11,5,5,6,,4,4,8,6,7,10,9,11,7,10,6,5,8,,4,5,,2,5,7,7,,,5,5,18,4,5,,9,8,16,,,16,5,3,4,3,,4,18,16,,18,,6,,6,5,,,,3,,,11,12,13,,12,,6,9,,,5,5,,,11,12,28,,,2,4,7,8,5,6,5,22,10,17,14,17,12,12,10,17,2,4,4,5,8,8,7,9,,9,12,7,,16,12,20,22,4,4,10,9,6,8,9,12,,,,5,7,4,6,7,9,9,6,9,6,6,10,4,13,17,10,,,10,2,6,2,7,9,,8,10,7,,6,9,10,,5,6,5,6,5,3,3,6,7,16,4,5,8,8,4,3,,5,3,3,6,6,6,,17,,7,,,,5,4,7,5,9,8,,9,,5,7,7,6,4,6,4,3,5,10,24,6,,5,3,11,6,7,8,6,4,,3,5,9,7,11,8,13,29,32,26,23,9,10,27,,,10,19,23,22,14,5,22,15,26,24,6,9,9,5,22,,23,25,24,4,7,6,6,5,2,17,11,,23,7,6,,12,8,9,6,,5,8,14,,6,16,16,8,16,9,8,8,8,9,5,5,5,,11,6,6,12,13,,53,11,7,4,4,5,6,6,5,8,5,3,,6,4,5,,5,3,,8,6,10,8,,13,5,6,5,8,7,7,5,6,6,18,8,14,11,11,12,2,3,2,2,1,,4,4,4,3,7,10,5,8,7,3,8,6,5,2,3,3,4,3,3,6,13,,19,14,16,9,11,,16,10,18,8,13,5,10,8,2,4,10,24,28,9,8,10,8,8,40,45,16,13,4,2,,4,,11,10,16,8,10,7,10,3,7,5,6,10,11,,,5,8,7,,5,17,19,12,7,7,,5,,8,,,,,9,10,11,13,13,15,13,13,,8,10,16,16,16,13,3,4,5,2,2,,,,,3,5,6,7,6,9,4,,5,8,6,14,10,5,6,8,6,6,12,15,18,18,,10,8,5,5,8,10,5,9,5,,11,9,,19,8,,8,5,,,4,,11,,11,8,4,6,5,4,11,15,12,10,5,4,9,21,,44,49,8,8,4,11,,3,8,5,14,4,3,,5,5,5,14,18,,7,6,8,,14,3,16,34,12,16,8,,5,9,,9,3,3,5,4,5,2,3,5,,7,2,9,4,5,7,4,10,5,,,8,4,5,5,,3,4,5,2,93,8,9,11,5,4,4,5,6,,15,10,10,5,9,7,3,,5,,9,6,6,8,32,19,42,17,7,6,10,6,5,3,,,5,6,6,4,,5,12,23,9,,16,6,,,14,12,4,7,11,8,19,8,9,5,7,28,22,15,8,,6,6,,14,8,5,11,3,21,4,4,6,4,17,3,2,3,12,14,8,18,4,3,3,8,4,12,5,5,4,3,5,12,5,,39,11,8,9,8,10,6,6,10,12,16,25,11,6,10,9,,6,5,4,,14,4,4,,,9,8,10,4,12,8,10,4,8,8,12,12,11,12,3,9,17,5,,14,10,11,33,33,,25,,5,4,3,6,4,4,5,6,3,15,19,10,27,50,,20,,4,3,4,6,7,7,8,7,8,12,18,17,6,7,6,10,11,9,10,,13,7,11,29,6,2,6,1,10,9,6,7,8,8,2,4,11,,12,11,,5,3,6,5,14,11,15,17,10,9,9,8,23,9,7,12,8,4,4,10,14,4,5,7,7,4,5,8,5,5,3,4,10,8,5,18,23,4,12,6,6,11,5,7,6,12,6,,8,25,6,6,6,9,9,14,2,,6,3,5,24,30,2,6,2,6,8,1,7,7,6,5,4,13,5,3,3,6,8,4,5,,12,9,6,10,5,6,8,24,6,8,8,7,7,9,10,12,5,2,5,8,4,6,7,4,6,8,5,8,10,6,,4,11,10,19,6,13,10,9,22,12,14,8,24,7,12,8,9,7,5,3,9,,6,,7,5,5,5,6,7,7,9,12,4,12,,8,26,,9,12,6,5,6,16,6,2,36,10,11,12,7,6,2,5,20,26,,6,,6,18,,7,11,19,14,3,6,8,5,,8,26,11,13,,,8,22,5,10,5,4,4,3,5,9,8,10,4,19,7,10,4,8,8,9,10,8,,4,,10,12,2,7,25,26,5,7,11,10,9,4,6,7,6,32,3,4,10,13,4,14,13,9,10,7,10,14,7,11,16,,20,6,4,4,38,8,13,5,6,8,3,7,5,8,10,5,6,6,5,10,4,8,8,,13,5,9,5,4,4,8,3,3,2,1,1,1,26,5,6,6,25,16,15,8,5,4,6,3,2,5,6,7,6,7,4,8,,11,11,11,9,16,6,8,4,9,7
20210423,9,SO2_24h,2,3,2,2,3,3,3,2,2,4,2,2,,,5,,5,6,5,,4,,4,4,,6,2,,5,9,3,6,2,8,7,,5,10,,6,12,6,10,4,,3,,9,3,5,8,10,5,7,9,11,6,,8,8,6,4,7,9,6,7,5,6,,5,4,6,3,11,9,,5,6,5,5,8,,7,9,7,8,6,6,,8,6,,,7,8,8,7,10,15,17,,14,13,14,13,9,,16,5,5,4,10,4,8,8,7,4,4,9,6,6,9,7,6,6,8,11,7,19,24,19,,18,15,14,20,14,24,18,16,5,6,4,9,6,,3,9,8,8,11,4,9,4,6,1,4,4,1,7,,3,6,4,6,6,7,3,5,11,12,9,7,,,,8,6,,7,11,5,,,,5,,6,4,3,5,6,5,7,4,6,,,,8,7,,5,4,5,3,4,,6,5,13,11,5,8,3,3,,5,,5,5,,4,5,,5,6,3,,5,4,5,6,10,5,7,,,5,8,9,5,4,6,6,,4,,,4,,8,8,,4,3,4,4,4,5,,6,4,6,6,5,7,5,5,4,5,5,3,5,5,8,8,3,5,2,,5,6,4,4,3,4,10,3,7,2,,5,2,4,,6,6,7,6,,6,5,6,7,5,,,5,4,5,6,4,4,7,8,6,5,5,6,8,7,7,7,6,5,5,6,7,5,,4,6,8,4,3,6,4,7,5,7,5,7,10,10,,9,10,9,8,9,7,7,6,4,6,9,7,7,5,,6,5,5,9,8,9,7,6,8,8,8,8,,8,16,15,7,6,5,5,6,9,7,8,,,12,9,8,11,12,12,10,13,14,15,9,11,5,5,8,6,3,8,5,9,4,2,3,3,4,9,,8,9,10,10,10,12,6,,,8,8,4,4,8,,11,10,7,7,,,15,10,7,8,9,9,6,6,5,7,7,,9,17,11,11,14,15,3,4,4,4,4,5,11,6,6,10,8,8,6,8,,9,7,6,8,,6,4,,7,,,,11,16,,,,15,18,5,4,3,6,4,,4,6,2,5,4,5,5,5,6,6,6,3,5,5,4,10,,17,10,14,15,10,13,7,6,8,,6,8,6,10,12,8,7,9,10,8,50,7,11,9,5,5,4,5,,3,,5,5,4,5,3,,4,7,,,10,5,5,8,,3,7,7,,29,13,20,10,5,8,7,5,9,11,,,,7,,7,8,,6,7,7,9,5,4,3,3,3,4,,6,,,10,,12,11,7,7,9,8,11,11,,5,5,6,6,5,6,7,5,14,9,5,7,12,9,8,9,7,7,7,6,,7,6,7,,15,13,,7,9,11,10,9,,22,11,,,6,4,,8,,19,15,15,18,9,9,,10,9,,3,,,4,,8,9,9,,13,10,10,18,7,,8,8,10,8,8,7,6,19,16,13,13,10,16,11,,29,4,8,11,10,9,15,16,10,13,15,11,14,11,6,3,7,5,,4,7,8,8,7,6,3,5,7,11,6,5,4,4,,11,,14,,9,7,6,5,7,,6,5,4,,3,,4,4,3,2,7,9,10,,,,7,,6,,7,4,7,,10,7,9,4,3,,4,,6,8,6,7,6,6,,11,8,13,6,5,9,,7,,,5,3,2,1,2,4,4,4,6,9,6,5,4,6,5,5,6,,5,4,4,6,12,16,6,14,13,9,8,9,,27,13,19,9,10,15,14,17,,,,,7,7,,7,4,7,7,3,2,13,8,6,6,7,6,4,4,6,6,7,,5,16,7,,3,2,,10,5,4,5,4,4,5,4,3,9,12,8,6,,10,78,20,27,16,12,10,1,4,,5,3,3,4,1,18,9,5,5,,5,,8,5,5,4,4,8,6,9,4,,,6,10,8,10,6,4,4,3,4,4,7,,8,6,5,7,8,8,5,5,6,,4,4,9,8,7,10,7,8,7,7,5,5,8,,5,5,,2,5,12,21,,,4,4,6,4,5,7,6,6,6,,,6,6,4,5,4,,4,7,9,11,9,10,7,,7,6,,,,4,5,,11,9,12,,12,,14,18,,,7,5,,,13,10,19,,,3,4,6,9,7,8,6,15,11,10,20,12,12,12,11,11,5,7,7,8,8,9,7,9,,7,9,12,,17,12,14,12,5,5,11,8,7,8,10,13,,,,18,17,14,12,18,12,11,8,10,7,6,15,13,15,19,15,,,20,3,5,3,10,13,,9,9,7,,6,7,10,,6,5,3,6,3,2,2,6,8,13,5,16,11,9,5,8,,4,3,3,6,6,6,,4,,6,,,,5,5,6,6,5,5,,8,,9,9,6,6,4,6,4,4,5,8,7,5,2,5,3,7,5,7,8,4,4,,4,4,8,8,17,8,14,18,17,15,11,10,16,21,,,4,10,9,6,8,4,9,9,11,15,7,9,10,9,15,,12,14,13,12,9,9,8,6,12,18,25,,20,11,7,,12,9,9,5,,3,5,8,,5,9,10,6,12,8,8,8,8,8,4,5,3,,6,6,5,11,11,,12,12,7,3,4,6,6,7,5,8,5,6,,4,4,4,,5,4,,8,7,7,7,,8,5,5,6,7,7,10,6,6,9,13,10,10,8,11,9,2,2,2,5,1,5,5,6,5,4,8,9,5,7,8,3,6,6,5,1,3,3,4,3,3,6,10,7,17,10,9,8,10,,10,6,7,8,5,5,10,6,4,15,10,21,18,7,7,10,7,8,24,12,11,8,9,8,,12,7,11,11,9,7,10,7,10,6,11,8,10,10,12,,,7,12,9,,7,18,16,13,6,7,,6,,9,,,,,6,6,8,8,8,13,14,12,,8,9,16,13,13,12,3,3,5,4,5,,,,,4,6,10,11,6,10,3,,5,7,6,8,7,5,6,8,6,6,11,10,12,13,,10,9,10,4,10,11,5,8,7,,27,9,,12,8,,10,6,,,4,,8,,11,8,5,6,5,6,5,12,10,6,5,9,14,11,,15,17,8,9,9,9,,4,6,4,7,5,4,,5,5,4,14,17,,6,7,8,,13,5,16,18,11,18,11,,8,12,,12,4,3,5,4,5,3,3,5,,6,3,10,5,5,5,3,5,4,,,6,4,5,4,,2,4,5,3,21,5,9,9,5,3,4,6,7,,13,14,10,5,8,8,4,,6,,8,6,17,8,16,18,30,11,7,11,12,9,6,4,,,4,6,6,4,,9,15,16,8,,4,5,,,8,10,4,7,9,6,8,8,7,6,4,10,13,10,6,,6,4,,7,13,5,10,3,15,5,4,6,5,11,4,2,3,12,20,8,13,4,3,3,8,3,8,6,5,4,4,5,13,6,7,13,5,8,10,7,9,5,7,6,13,17,15,6,7,9,6,,5,4,4,,15,3,4,,,7,6,9,6,6,8,7,4,9,7,9,15,8,9,4,6,7,3,,11,7,9,19,21,,28,2,5,4,2,5,4,3,5,6,2,16,11,19,14,12,,10,,3,2,4,5,5,7,8,7,7,12,11,9,6,5,5,8,9,8,10,,9,8,8,12,6,2,5,2,11,8,6,3,7,5,2,4,8,7,6,6,,5,2,6,7,13,23,13,16,9,8,8,10,11,10,7,9,8,8,7,10,9,6,4,6,8,4,6,8,5,5,2,3,8,8,5,10,18,6,13,6,6,8,5,6,7,8,7,,4,20,7,5,5,8,6,17,2,,6,3,2,14,25,3,7,2,6,5,3,7,7,5,6,3,10,4,3,2,4,8,4,5,,7,8,6,8,4,6,8,11,7,6,6,6,5,8,11,14,3,3,5,8,6,6,6,4,3,5,5,6,7,7,,5,7,9,11,8,10,10,7,16,8,12,8,9,8,16,8,8,7,5,2,11,,7,,7,7,5,5,5,8,7,10,16,5,15,,7,17,,8,7,7,4,6,10,6,14,5,9,11,11,10,6,2,5,9,8,,5,,6,4,,6,9,8,13,3,6,6,4,,7,24,12,8,,,7,10,3,9,3,3,4,2,6,8,6,7,4,7,6,9,3,7,6,8,6,7,,5,,14,5,2,6,21,13,5,5,9,8,8,5,6,7,6,10,3,10,6,15,3,22,6,8,9,8,11,9,12,16,18,,17,5,3,2,21,9,8,4,6,10,8,8,7,11,12,7,4,6,4,8,4,7,8,,4,7,10,3,5,3,7,4,3,3,2,2,3,16,6,7,5,12,30,22,7,6,5,6,2,2,3,3,7,5,8,5,6,,9,10,10,7,11,9,8,6,9,8
20210423,9,NO2,29,20,27,32,33,33,42,7,15,23,29,21,,,17,,18,18,15,,21,,26,18,,12,16,,15,15,15,13,10,12,16,,26,23,,27,31,11,11,25,,16,,23,14,21,16,14,16,16,24,23,25,,26,38,16,28,21,28,19,22,25,23,,26,25,15,23,14,21,,14,19,16,23,50,,25,49,48,43,28,35,,17,17,,,15,16,20,13,8,18,28,,23,34,21,24,27,,38,20,21,8,15,10,13,10,8,14,8,64,78,57,80,65,28,22,75,76,72,19,54,41,,26,36,34,33,41,35,29,46,37,52,54,67,41,,42,41,43,38,33,39,25,41,33,27,16,29,16,28,,27,29,25,27,31,20,22,25,14,19,19,24,,,,23,22,,18,20,22,,,,29,,25,40,30,22,41,31,28,38,28,,,,24,20,,17,27,20,17,9,,11,22,30,34,22,28,16,20,,20,,20,16,,39,26,,34,30,47,,39,40,48,24,39,48,41,,,53,49,43,32,27,35,22,,37,,,27,,40,37,,20,12,27,14,24,20,,40,32,26,38,36,23,22,36,20,30,22,21,19,21,34,26,33,19,5,,16,18,14,24,9,28,21,15,36,12,,18,15,8,,14,28,20,24,,28,20,28,13,17,,,22,25,16,26,24,22,50,55,,41,58,34,46,66,34,29,30,25,38,26,27,29,,23,21,39,27,33,22,28,28,33,22,27,15,63,52,,54,52,32,93,57,72,59,31,25,36,41,42,18,73,,42,31,66,40,47,25,11,23,46,47,37,30,,17,48,36,28,23,30,11,21,29,14,32,,,69,63,63,50,53,65,53,56,29,47,40,34,12,16,19,15,18,22,25,27,11,19,32,14,15,16,,42,63,51,51,67,50,33,,,70,53,75,39,56,,45,55,66,62,,,62,1,14,27,8,16,10,22,23,21,8,,23,26,17,36,25,25,19,15,25,21,33,4,30,41,48,52,40,41,33,58,,19,26,55,24,,58,6,,46,,,,22,12,,,,37,25,28,26,15,22,22,,13,19,33,25,23,21,28,34,27,35,35,4,14,29,6,51,,52,50,40,48,20,26,21,18,19,,24,55,30,12,11,15,32,26,30,28,39,38,45,31,18,14,11,6,,12,,23,16,23,27,24,,19,23,,,13,12,18,25,,18,25,26,,27,22,18,20,8,29,25,27,15,24,,,,31,,25,9,,22,16,26,30,21,16,13,18,22,33,,16,,,26,,22,19,35,18,19,13,14,13,,18,18,24,22,17,19,13,22,22,25,28,29,23,14,24,23,21,31,28,11,,16,39,38,,12,12,,15,18,22,22,23,,44,30,,,16,15,,20,,24,22,28,38,22,17,,16,17,,15,,,15,,36,30,30,,35,24,52,54,29,,31,20,36,28,38,6,6,39,32,15,20,10,57,26,,16,33,31,14,34,27,23,43,27,23,31,16,31,23,23,14,14,16,,7,26,35,28,27,16,15,17,17,24,22,24,23,34,,29,,29,,23,14,18,27,13,,28,26,4,,48,,40,46,42,52,13,16,15,,,,17,,21,,22,32,20,,38,44,40,15,22,,18,,35,16,27,30,20,17,,29,22,22,18,24,13,,24,,,11,21,20,22,10,11,21,12,19,14,20,11,18,30,24,16,24,,38,5,8,13,44,52,47,28,46,30,31,17,,50,21,78,47,21,61,36,54,,,,,40,59,,54,19,25,35,23,22,20,37,7,30,20,23,30,21,29,27,29,,11,13,47,,46,49,,88,4,24,33,35,38,30,27,29,21,19,20,28,,23,26,21,27,26,23,27,6,12,,16,6,5,14,6,18,22,24,24,,19,,,25,25,18,18,10,10,15,9,,,19,22,12,15,15,19,18,22,16,14,35,,24,26,19,37,34,33,26,31,40,,15,20,29,26,23,18,30,32,19,11,18,17,18,,41,29,,33,38,25,41,,,20,22,43,14,18,24,20,24,21,,,28,15,16,16,16,,14,39,34,35,35,32,21,,23,26,,,,11,16,,39,27,59,,57,,10,21,,,19,8,,,12,16,13,,,12,14,8,7,14,12,14,31,21,9,24,19,27,42,34,31,28,15,16,26,19,12,22,19,,23,28,44,,36,34,33,71,17,14,9,24,14,8,14,30,,,,10,20,25,17,14,17,15,13,41,33,10,25,17,35,44,19,,,,6,9,7,27,26,,10,16,24,,21,29,15,,20,14,18,11,25,10,14,6,40,30,22,44,24,15,10,11,,4,8,8,24,17,18,,21,,25,,,,10,23,19,17,14,18,,20,,19,12,30,33,10,22,14,2,25,22,34,8,2,10,10,11,20,26,25,32,17,,20,6,13,14,17,17,6,24,34,35,28,18,16,25,,,15,13,15,17,18,5,14,18,21,16,12,15,12,11,21,,22,22,22,9,12,14,12,8,27,21,15,,24,23,20,,23,16,19,14,,16,13,42,,42,23,22,21,22,18,17,17,16,17,20,17,11,,21,18,17,37,36,,45,31,9,22,16,23,12,20,21,14,32,32,,30,27,25,,16,23,,17,8,16,15,,28,19,22,15,19,13,11,19,6,11,17,9,16,18,16,19,6,22,34,17,18,12,16,14,14,17,13,10,18,9,17,4,7,20,11,5,4,15,17,14,18,2,15,16,38,43,40,36,24,,26,23,19,22,26,23,39,30,8,8,10,14,20,23,23,16,19,29,17,18,15,24,20,39,,36,24,24,5,39,41,47,38,32,22,36,37,16,34,38,,,15,25,22,,39,36,41,40,52,57,,28,,28,,,,,18,36,48,47,38,21,12,32,,46,9,16,13,18,19,8,14,10,9,12,,,,,8,9,13,13,13,15,24,,3,32,19,23,20,6,13,19,43,52,22,34,61,41,,8,9,16,15,46,42,19,20,59,,14,29,,28,10,,8,27,,,5,,14,,14,10,5,6,8,10,28,37,33,31,5,12,16,24,,38,34,7,33,24,30,,10,12,36,50,8,7,,14,19,16,15,29,,28,42,40,,27,14,23,30,11,10,23,,22,33,,17,16,16,18,17,30,11,6,4,,20,3,10,17,18,14,34,19,9,,,46,23,24,8,,21,16,25,7,73,40,18,68,25,20,16,11,26,,60,26,15,32,47,46,23,,12,,34,20,52,23,66,46,17,29,10,38,17,45,25,5,,,21,34,44,16,,35,26,20,18,,14,16,,,44,25,26,15,19,19,36,26,27,21,38,62,34,37,16,,20,11,,59,11,42,37,4,,12,15,11,16,20,11,12,17,10,53,24,20,11,11,9,29,23,13,5,9,6,6,10,44,23,11,65,60,34,37,36,30,26,14,20,47,38,21,50,22,30,26,,14,7,30,,16,37,31,,,45,17,23,19,19,8,20,26,18,26,35,23,22,31,25,15,22,26,,39,54,37,16,33,,14,58,20,47,29,56,42,47,47,34,24,31,43,17,21,27,,20,,25,11,20,22,16,47,75,58,62,40,44,45,24,36,54,24,16,34,54,,19,47,62,28,30,20,27,20,14,43,12,11,18,17,16,16,33,31,52,,,41,44,26,12,38,32,33,44,29,18,38,36,38,46,8,52,38,57,39,51,28,34,34,27,13,13,26,28,23,22,19,25,15,18,12,66,74,18,28,18,19,14,10,10,12,36,14,,38,24,43,42,44,38,36,29,12,,30,7,3,50,14,31,30,27,23,21,15,30,21,27,20,24,19,16,13,11,22,20,27,8,,70,15,16,56,45,14,27,18,7,33,10,30,39,55,13,11,15,4,23,18,19,26,36,13,17,15,27,35,21,17,,18,20,18,14,16,24,24,16,31,52,22,28,49,25,49,39,42,22,22,26,25,,6,,22,16,10,20,20,21,18,11,12,19,25,,15,10,,23,36,18,18,12,21,10,10,14,17,12,19,19,6,11,7,16,13,,58,,13,27,,23,20,29,19,25,23,41,30,,22,22,14,2,,,21,31,16,12,38,15,28,21,26,15,27,33,19,32,25,22,35,34,16,,20,63,,41,,20,58,20,43,45,29,18,21,19,24,23,38,5,14,10,28,39,42,44,31,15,33,20,46,17,37,64,68,41,28,58,,36,12,47,52,53,23,55,35,22,20,27,16,15,20,22,71,60,26,11,14,44,38,32,,19,6,25,5,9,17,16,9,17,20,31,12,25,34,46,8,22,46,29,20,24,18,16,20,29,12,33,6,19,17,10,14,17,,29,14,28,45,37,27,6,9,35,14
20210423,9,NO2_24h,27,18,34,27,42,29,40,29,18,29,42,35,,,23,,24,21,23,,24,,33,28,,23,20,,25,22,28,20,19,25,15,,24,31,,32,30,19,21,30,,25,,27,18,22,30,33,32,33,27,33,26,,23,25,28,32,19,25,16,17,28,33,,31,25,18,25,24,26,,20,23,30,27,56,,17,37,34,50,44,37,,23,27,,,27,22,22,16,18,26,29,,22,34,26,33,35,,33,29,35,14,18,16,23,17,10,21,13,46,37,44,33,35,18,20,36,31,38,31,39,28,,33,33,41,37,45,32,25,45,42,51,47,50,42,,45,27,36,36,39,39,22,41,34,31,24,34,34,35,,55,54,50,44,57,49,42,59,44,43,48,20,,,,27,21,,19,32,26,,,,37,,28,57,46,24,54,49,34,68,47,,,,48,46,,12,31,29,32,29,,35,19,30,30,21,33,22,29,,22,,21,21,,50,36,,67,26,49,,52,67,52,25,52,38,49,,,24,41,36,35,28,43,26,,36,,,63,,48,45,,22,22,26,19,14,20,,34,40,32,44,37,16,21,23,20,23,22,13,18,18,26,23,29,18,12,,26,22,22,24,14,17,20,24,44,15,,22,22,6,,16,23,19,17,,22,17,22,15,10,,,20,20,12,16,18,15,43,41,34,39,41,39,39,46,22,23,27,26,37,36,30,33,,17,15,29,20,24,15,14,23,21,16,24,10,46,40,,53,59,40,63,46,70,50,34,19,31,40,38,27,62,,19,26,49,35,24,29,11,16,35,33,30,28,,11,50,35,19,18,17,13,16,22,17,19,,,51,40,42,38,36,46,42,42,39,38,21,26,13,13,15,10,11,22,27,26,11,12,19,8,9,13,,39,33,47,47,42,48,34,,,34,55,48,39,51,,45,42,46,40,,,57,13,12,34,9,12,12,21,25,26,10,,17,16,41,31,31,37,8,4,10,8,15,5,39,51,43,52,48,55,44,50,,30,38,50,37,,40,12,,36,,,,20,14,,,,22,20,23,27,13,18,16,,13,15,28,20,18,19,25,26,21,26,26,4,18,30,7,31,,28,36,25,30,21,25,22,22,18,,39,45,38,17,13,13,19,26,28,22,33,34,32,36,20,14,17,14,,13,,29,31,35,28,24,,17,20,,,17,18,23,26,,21,26,25,,23,19,16,24,10,20,15,14,15,15,,,,29,,29,13,,29,30,28,38,23,17,15,17,20,27,,16,,,29,,27,21,34,18,16,13,18,16,,12,11,16,12,13,8,12,15,16,12,23,26,32,10,9,11,30,28,20,7,,10,38,36,,17,18,,14,15,15,17,15,,32,20,,,32,25,,26,,27,24,29,34,23,18,,20,19,,26,,,21,,32,33,31,,32,28,18,18,15,,22,17,34,22,21,16,8,25,30,24,25,17,38,10,,29,16,18,11,28,27,25,34,26,23,28,22,25,23,14,12,14,12,,6,24,26,24,28,19,14,18,13,16,13,30,29,37,,33,,37,,20,25,29,38,24,,35,29,6,,30,,28,30,21,29,24,20,28,,,,29,,26,,15,22,10,,35,35,22,14,17,,17,,32,28,23,27,26,25,,30,33,31,18,23,16,,21,,,8,13,16,12,7,11,24,11,20,8,10,8,8,20,25,22,26,,28,5,6,21,39,42,42,26,39,34,33,25,,33,16,38,19,17,39,31,31,,,,,32,45,,40,16,21,19,18,17,17,12,7,14,9,15,17,12,34,34,34,,15,20,37,,31,30,,43,9,22,29,30,27,26,25,27,28,33,34,36,,13,14,17,21,20,12,22,5,7,,16,7,5,12,7,17,21,21,21,,15,,13,19,19,24,20,6,5,17,11,,,9,14,15,16,18,19,14,16,11,11,44,,49,49,39,47,34,47,48,52,47,,27,35,59,56,58,41,41,35,34,31,28,23,25,,43,37,,37,41,13,32,,,25,19,17,15,23,19,12,18,14,,,26,15,17,16,18,,15,39,36,34,40,41,20,,25,28,,,,14,12,,26,33,50,,42,,16,21,,,19,13,,,9,13,12,,,11,12,13,17,7,8,8,30,18,10,21,20,16,22,25,23,26,26,28,23,17,12,16,17,,18,23,23,,21,27,22,28,16,14,9,23,10,9,9,38,,,,43,42,62,39,32,26,30,19,25,20,10,61,50,57,59,33,,,49,12,12,10,21,25,,12,20,34,,28,37,24,,19,14,16,18,25,9,13,13,32,22,28,38,37,19,11,14,,4,13,12,18,22,25,,18,,22,,,,10,20,19,19,17,15,,17,,21,18,27,23,13,24,11,11,28,28,28,12,2,13,11,12,23,28,32,27,12,,15,7,15,16,21,16,7,18,21,25,16,12,17,23,,,12,9,14,13,12,6,17,14,14,12,10,11,10,9,15,,18,16,16,7,9,11,11,7,22,21,27,,22,38,35,,29,23,29,24,,24,25,24,,29,19,21,18,16,15,15,17,15,14,27,24,25,,15,16,15,31,24,,34,27,8,14,14,15,18,23,19,18,27,25,,30,27,26,,11,17,,13,8,15,16,,15,15,19,10,20,14,11,17,6,12,12,10,12,14,11,15,5,16,19,14,22,13,16,11,10,10,10,8,12,9,15,4,4,10,7,4,5,10,11,12,12,5,8,9,32,34,31,31,25,,20,16,16,23,24,20,25,26,11,11,13,10,14,23,24,13,15,24,18,14,10,14,26,35,,34,22,18,10,19,24,24,18,28,18,25,27,23,25,42,,,9,16,13,,27,36,31,32,43,42,,38,,28,,,,,12,23,25,28,24,13,10,30,,32,6,11,10,12,16,7,10,6,8,10,,,,,5,7,17,20,10,13,26,,4,10,9,16,16,5,8,9,22,36,13,15,22,22,,6,9,9,10,37,38,13,10,35,,11,16,,12,8,,8,24,,,7,,5,,8,6,7,8,9,20,32,43,34,23,4,7,10,16,,21,20,7,21,14,21,,14,15,26,33,11,10,,14,12,11,14,14,,27,35,19,,14,10,18,18,11,13,17,,18,18,,17,19,13,14,13,16,10,8,4,,13,5,11,16,23,5,6,3,2,,,14,10,12,6,,9,13,17,7,25,21,22,49,28,23,19,24,24,,55,31,27,34,42,52,48,,15,,30,18,53,12,41,33,21,13,17,26,25,23,47,7,,,27,22,47,19,,23,21,18,15,,19,41,,,47,45,52,21,22,22,44,35,25,49,24,53,29,30,23,,25,23,,45,15,20,18,4,25,12,15,8,15,13,14,9,19,17,36,19,14,13,12,12,28,22,15,6,7,5,5,9,30,24,19,61,29,34,37,22,20,21,19,32,40,37,16,35,32,40,19,,25,7,32,,10,26,24,,,33,19,22,26,25,3,21,34,25,15,31,22,24,29,11,26,23,19,,21,33,23,17,25,,15,48,29,51,22,28,39,42,44,27,25,26,30,18,19,17,,25,,19,25,27,29,35,39,59,53,54,45,50,40,21,44,40,15,23,25,50,,12,26,49,19,20,24,25,26,22,34,14,15,23,15,18,16,28,19,30,26,,31,28,19,14,25,55,25,28,19,14,27,10,20,43,9,40,20,55,39,37,21,24,12,29,17,15,22,27,30,26,20,20,28,30,11,21,54,28,18,22,21,11,8,6,14,33,16,,27,18,50,30,53,39,41,30,16,,27,21,16,31,18,35,29,23,43,19,30,30,42,43,49,42,21,35,25,9,21,18,22,7,,36,13,17,48,35,10,24,10,12,21,6,14,38,41,21,19,21,22,27,19,23,24,37,22,12,13,25,39,31,28,,26,14,18,22,22,9,28,12,32,27,26,28,40,26,44,34,29,17,19,27,19,,16,,23,31,10,18,17,26,21,16,16,24,21,,16,12,,28,16,15,16,24,24,15,15,13,20,17,9,11,6,14,4,9,10,,29,,19,12,,17,18,14,24,28,31,35,29,,37,23,17,4,,,38,32,25,26,37,21,30,44,33,25,30,34,31,42,42,34,33,28,23,30,30,25,,27,,23,20,20,32,32,24,29,33,29,36,37,25,4,9,5,13,26,32,43,36,14,21,21,37,16,28,42,49,30,23,42,,34,26,29,28,53,22,43,22,17,19,28,19,29,15,18,44,34,26,16,17,60,57,37,,9,10,43,2,10,32,23,9,26,26,33,16,33,33,21,14,18,34,54,24,33,18,20,25,24,17,34,27,28,30,13,21,28,,39,15,38,40,28,32,5,4,26,14
20210423,9,O3,56,53,58,52,50,47,42,82,60,58,52,59,,,75,,77,78,82,,72,,74,81,,91,63,,86,86,80,78,89,91,78,,79,84,,81,74,102,98,92,,104,,77,85,82,97,84,98,88,91,84,66,,67,67,74,38,28,31,67,38,68,69,,67,64,64,63,78,65,,85,83,86,83,28,,52,25,35,43,61,42,,98,104,,,102,97,90,101,86,72,49,,49,63,73,63,70,,56,110,110,135,116,129,118,120,114,116,121,31,19,40,20,38,52,58,22,17,27,69,44,42,,90,86,101,92,58,58,80,69,41,30,17,19,39,,44,19,36,33,39,37,32,28,42,37,46,29,46,51,,60,44,53,47,57,59,44,42,45,43,44,26,,,,65,69,,67,68,53,,,,56,,57,33,44,65,34,50,58,38,69,,,,77,83,,60,34,42,68,76,,76,30,39,31,29,35,29,40,,34,,53,57,,24,28,,32,21,17,,19,36,24,28,26,36,26,,,28,25,29,60,51,29,51,,30,,,35,,37,38,,49,71,40,56,43,56,,11,8,27,38,18,27,36,35,66,46,58,45,56,52,52,54,64,53,74,,51,50,52,41,60,43,45,48,47,58,,55,50,54,,52,58,66,52,,55,63,56,72,65,,,51,47,58,49,60,46,48,43,53,56,27,60,55,36,50,68,65,66,60,63,63,64,,62,59,28,39,31,37,32,39,30,42,41,40,27,29,,26,29,58,19,30,20,25,46,38,42,24,37,53,19,,41,50,16,48,24,60,63,63,30,28,40,33,,48,18,29,55,47,44,58,57,46,60,46,,,29,28,36,65,58,77,61,54,27,18,23,30,49,44,45,43,30,41,32,31,47,45,41,41,36,58,,4,5,24,26,8,20,26,,,8,13,6,11,11,,33,25,22,16,,,26,93,88,78,95,89,89,72,83,77,96,,121,121,130,109,117,114,92,100,84,84,81,119,49,30,8,16,39,32,50,7,,53,38,4,44,,34,60,,13,,,,31,79,,,,47,53,52,52,53,51,47,,56,50,54,52,51,48,38,30,35,32,36,104,39,50,68,42,,39,29,49,49,90,76,90,95,81,,62,41,60,98,99,82,74,70,66,52,50,52,40,55,75,67,71,79,,68,,66,86,73,56,60,,59,64,,,82,75,70,42,,61,50,35,,56,58,67,64,62,96,97,100,113,90,,,,31,,36,64,,64,93,74,67,56,61,65,112,108,97,,51,,,34,,36,29,45,110,106,102,106,96,,44,41,41,38,41,43,45,55,51,27,37,31,42,81,68,72,67,59,51,75,,60,43,55,,93,93,,106,108,93,84,34,,11,50,,,78,74,,76,,74,75,68,53,57,63,,74,66,,79,,,72,,49,63,54,,58,68,38,41,66,,53,61,56,68,62,84,69,47,60,74,66,84,42,75,,92,67,73,75,52,55,54,45,58,79,72,100,67,82,64,94,85,89,,96,115,,110,96,125,92,93,105,77,86,37,42,33,,40,,42,,34,50,44,34,47,,31,35,86,,32,,34,34,29,15,79,80,80,,,,76,,68,,63,60,69,,72,55,11,97,96,,96,,10,30,4,9,70,71,,49,51,46,52,53,68,,57,,,91,47,44,33,98,54,44,54,37,28,42,44,33,22,38,41,35,,16,52,50,48,25,13,11,51,47,57,69,62,,70,93,42,56,20,23,27,31,,,,,13,12,,7,30,29,26,30,41,52,16,61,22,33,40,89,101,51,54,54,,84,78,33,,11,4,,6,58,8,27,24,17,16,30,30,56,67,67,54,,60,65,68,58,80,86,82,77,82,,71,79,97,89,102,32,24,57,57,,53,,51,71,71,56,46,61,55,60,66,,,54,59,65,59,111,99,113,107,117,114,48,,59,52,44,37,41,47,35,28,31,,47,51,42,44,49,73,66,53,44,68,50,58,57,,28,17,,24,25,6,7,,,40,76,70,77,72,79,72,74,71,,,56,92,90,85,85,,85,51,51,54,60,56,80,,67,65,,,,115,104,,51,60,24,,22,,112,105,,,91,75,,,78,87,88,,,81,79,60,59,102,104,113,75,72,85,78,78,61,44,49,41,89,76,71,76,72,70,65,69,,71,62,36,,57,56,69,43,71,92,86,79,96,104,102,115,,,,122,105,108,108,113,113,120,125,35,42,94,82,84,86,72,94,,,94,77,71,72,52,62,,80,99,108,,95,110,104,,92,88,90,95,89,74,88,76,22,33,38,20,32,32,62,70,,72,73,63,46,50,48,,72,,80,,,,101,90,96,96,74,76,,37,,34,24,28,42,55,54,60,46,45,53,37,68,84,49,40,47,35,36,41,30,27,,32,36,26,33,30,28,48,20,19,22,16,53,53,52,,,31,34,38,46,27,66,49,55,50,47,76,61,74,65,69,,67,71,59,47,46,43,44,49,50,45,63,,59,76,76,,76,78,74,81,,81,77,43,,29,79,90,78,82,76,79,71,73,74,66,74,81,,85,87,94,22,20,,14,18,75,64,73,59,76,70,67,68,35,28,,57,62,63,,59,52,,44,47,52,54,,60,78,62,29,23,69,72,63,68,74,64,57,58,50,53,54,74,49,29,37,57,,37,36,37,32,71,49,59,60,42,55,58,47,50,61,76,50,61,56,69,15,11,25,16,15,11,7,35,,33,16,23,40,22,32,21,30,66,66,67,57,53,20,13,47,41,40,46,41,33,20,16,9,,23,19,24,35,20,34,27,31,42,60,66,50,72,40,48,,,29,31,32,,27,22,24,42,33,24,,22,,17,,,,,42,41,26,38,41,31,38,45,,10,80,99,106,104,110,61,78,69,75,95,,,,,64,62,52,52,87,83,19,,82,69,86,61,62,132,122,122,57,46,62,66,58,64,,115,115,98,89,21,39,98,104,21,,70,57,,89,113,,98,96,,,109,,92,,60,62,59,51,53,50,66,65,69,70,81,73,70,101,,25,26,29,62,57,50,,81,73,40,37,88,90,,58,47,54,56,46,,21,18,31,,61,57,60,34,84,93,65,,51,37,,52,73,67,59,47,44,71,78,77,,58,72,64,56,72,79,41,60,81,,,31,51,44,48,,18,74,69,55,54,35,65,24,77,81,83,88,71,,24,75,62,34,29,31,38,,89,,32,62,33,35,28,47,76,33,95,53,77,21,36,74,,,69,41,27,77,,48,52,73,46,,59,78,,,14,71,66,38,71,74,22,35,26,80,46,7,43,41,66,,80,75,,13,101,49,32,82,82,81,53,115,97,103,50,45,80,80,15,110,71,66,69,61,33,62,53,100,101,103,97,104,9,79,104,10,24,41,46,58,44,59,78,66,34,24,69,43,55,58,72,,73,62,25,,115,2,6,,,13,82,72,40,53,95,67,51,61,54,68,55,47,72,27,74,59,32,,31,4,12,48,33,,76,28,33,36,20,10,40,32,32,25,60,70,53,110,84,57,,69,,38,47,37,53,67,25,16,18,19,33,46,29,56,34,24,51,64,16,63,,60,36,31,86,54,65,53,83,83,22,95,78,52,85,41,40,66,66,38,18,,25,16,41,57,46,90,12,23,42,53,26,22,23,20,61,13,27,19,53,28,50,52,39,42,,62,106,31,63,68,71,67,74,120,98,66,36,108,35,65,70,44,69,46,43,23,48,,24,44,37,32,30,26,21,50,55,,32,71,91,50,89,50,46,22,58,51,53,53,65,69,56,40,42,82,53,77,56,57,51,51,,23,106,30,33,35,58,41,43,31,74,71,29,35,39,93,64,74,103,66,80,80,45,23,47,88,78,53,54,68,82,,72,70,85,79,53,89,6,43,19,2,70,47,31,40,31,12,5,48,61,64,42,,77,,72,85,122,52,62,58,61,75,77,85,71,,70,99,,56,24,56,67,78,54,42,67,59,28,51,38,58,53,38,51,36,28,,18,,43,66,,12,106,98,129,42,54,34,51,,56,64,80,92,,,58,56,76,81,37,89,73,83,82,78,58,77,77,53,57,63,43,53,78,67,69,18,,33,,75,21,100,24,10,22,53,56,56,56,61,48,77,61,78,75,3,8,45,47,90,85,26,28,105,33,23,37,18,30,16,,32,88,25,22,87,53,4,41,44,40,39,61,68,53,61,13,4,24,56,51,23,36,10,,70,84,42,91,122,75,77,119,43,61,48,60,57,60,36,72,63,36,96,42,64,48,83,84,53,66,44,91,103,106,59,87,76,,115,86,111,33,54,95,116,88,58,58
20210423,9,O3_24h,105,109,102,101,93,95,105,88,106,114,96,97,,,99,,103,108,102,,100,,78,102,,103,82,,141,142,138,136,142,150,144,,102,104,,106,95,114,106,108,,111,,142,145,144,122,114,130,120,121,113,155,,153,157,154,94,100,104,112,102,119,115,,114,107,101,105,134,129,,140,137,138,135,137,,123,136,139,142,146,139,,122,116,,,116,120,102,119,130,128,119,,124,128,133,117,116,,121,118,122,141,121,140,123,125,144,131,142,137,143,144,153,152,160,151,152,139,150,202,205,215,,247,211,243,226,184,232,231,209,114,111,109,118,107,,115,103,102,98,58,62,65,53,66,58,68,51,53,103,,95,79,84,99,100,97,59,59,65,52,47,51,,,,65,74,,76,75,74,,,,65,,82,68,82,90,81,89,93,61,69,,,,77,83,,60,53,52,68,76,,76,52,52,52,49,52,56,64,,65,,73,65,,86,60,,96,64,85,,70,88,91,65,83,79,78,,,79,73,74,90,88,98,76,,103,,,50,,117,118,,81,91,69,77,97,86,,80,68,74,85,74,104,99,106,66,46,58,54,56,52,52,54,64,53,134,,140,139,144,157,214,156,140,94,78,77,,83,87,72,,97,95,106,92,,102,108,100,119,122,,,108,101,114,117,96,98,137,141,138,146,124,134,147,138,137,116,112,113,102,118,110,83,,117,131,81,82,83,75,92,85,83,95,85,81,208,215,,230,240,254,169,222,200,193,226,154,167,136,168,111,261,,106,109,103,237,115,144,146,133,195,226,204,170,,148,142,157,160,154,160,163,170,145,136,152,,,238,266,257,242,213,265,178,135,105,125,124,129,113,104,113,113,111,111,99,108,84,66,76,84,79,114,,102,94,118,137,128,150,106,,,108,126,113,112,134,,153,142,143,120,,,134,138,123,106,124,127,115,101,119,125,120,,152,155,165,134,159,147,118,136,113,117,121,129,103,92,100,84,94,82,108,81,,100,87,67,103,,93,91,,84,,,,136,135,,,,146,136,72,70,83,76,70,,83,94,101,103,97,94,89,90,91,88,85,121,96,102,91,157,,152,153,158,154,151,148,144,152,148,,134,119,128,140,140,135,132,129,122,138,124,115,112,109,153,145,143,154,,87,,72,86,73,68,113,,108,115,,,112,100,94,78,,90,85,70,,92,81,92,77,80,110,115,123,115,111,,,,64,,69,104,,100,110,102,100,80,91,87,130,124,119,,81,,,175,,178,150,156,156,160,152,185,147,,84,79,82,82,84,89,91,104,99,92,163,174,175,147,134,147,182,179,202,115,,111,197,172,,204,216,,164,164,168,171,100,,85,157,,,118,119,,134,,139,124,136,127,180,179,,193,190,,171,,,167,,143,131,139,,113,135,113,113,121,,131,130,121,128,132,126,131,122,120,130,118,131,123,138,,121,128,133,135,124,103,121,121,117,144,147,153,151,150,161,137,127,136,,134,179,169,177,167,191,128,150,152,142,147,48,52,39,,59,,67,,74,62,59,48,60,,52,55,107,,146,,151,144,158,139,143,150,151,,,,123,,122,,129,131,119,,117,116,132,134,138,,136,,92,91,84,94,118,132,,89,97,101,107,116,103,,104,,,113,54,52,50,111,94,96,111,81,80,97,84,89,100,98,88,90,,92,70,69,87,87,74,75,137,132,125,135,142,,140,147,140,142,132,129,120,132,,,,,102,88,,87,87,121,94,102,100,87,77,84,82,88,77,170,180,96,99,99,,117,106,109,,117,111,,108,94,83,90,89,132,77,85,78,120,130,132,123,,137,141,131,151,158,159,140,88,99,,87,94,102,91,102,68,65,94,94,,99,,101,109,109,103,103,117,102,89,91,,,100,103,94,92,130,117,127,129,142,138,101,,102,121,117,96,95,98,72,77,113,,58,51,61,62,65,73,66,53,44,68,54,96,97,,62,50,,82,66,64,71,,,100,135,135,134,132,103,101,98,102,,,145,140,134,133,134,,127,123,115,126,120,122,124,,125,126,,,,129,146,,129,120,136,,131,,228,211,,,132,90,,,125,135,111,,,130,136,126,134,133,127,137,162,134,149,137,139,132,129,126,117,138,133,130,139,116,120,110,116,,138,137,138,,136,135,147,138,139,161,126,118,136,132,137,208,,,,237,234,237,226,224,205,207,211,167,181,176,199,236,225,210,234,,,282,130,152,131,204,212,,122,99,108,,95,110,104,,92,88,90,95,89,78,88,76,61,68,55,51,45,49,91,87,,88,98,94,85,80,68,,94,,85,,,,101,90,96,96,85,91,,78,,72,76,75,130,130,119,139,124,136,143,149,139,105,116,108,108,156,159,155,150,107,,110,104,92,100,93,96,106,115,106,111,100,116,100,102,,,108,118,122,122,112,151,155,147,134,149,125,110,124,118,127,,123,123,120,109,125,120,118,127,92,104,112,,152,147,138,,148,133,148,131,,140,134,116,,126,111,112,105,112,114,113,108,118,120,94,91,100,,118,118,119,85,83,,99,89,92,84,111,102,139,152,121,106,89,88,,124,118,126,,137,137,,94,90,85,91,,115,118,113,110,94,87,97,91,95,99,93,72,81,70,65,70,119,97,113,105,104,92,98,100,105,107,111,67,95,70,62,69,75,72,72,84,87,67,85,83,94,67,83,79,124,113,107,114,72,,80,105,117,80,112,108,108,108,109,101,95,129,125,97,105,94,90,99,91,93,109,113,68,74,,72,126,120,132,125,123,130,130,133,148,158,151,145,146,148,,,127,130,122,,124,104,75,104,94,82,,101,,100,,,,,119,125,119,121,126,113,118,115,,106,132,153,136,146,152,134,116,131,100,157,,,,,66,62,153,159,147,144,93,,90,153,153,147,140,140,135,138,146,152,135,155,143,139,,140,136,145,134,88,196,132,148,167,,144,148,,129,136,,124,131,,,128,,122,,115,113,107,95,99,90,122,112,122,128,88,92,87,110,,74,83,114,110,109,137,,131,121,78,80,129,127,,112,96,79,76,115,,102,81,144,,140,122,111,124,87,107,181,,175,153,,163,89,104,93,81,90,98,100,98,,95,90,88,101,107,124,115,118,120,,,85,88,81,77,,66,85,85,87,132,171,173,211,78,107,105,144,121,,134,148,65,52,84,130,61,,97,,64,112,130,96,158,163,129,92,95,131,130,122,70,93,,,119,175,99,100,,96,141,154,100,,63,78,,,37,71,66,57,78,76,55,62,48,80,113,134,131,153,162,,102,119,,182,212,163,159,102,106,132,89,140,136,106,89,99,107,152,114,128,112,80,90,76,105,117,140,134,141,140,128,124,123,162,113,134,120,118,152,110,107,109,151,120,146,99,121,105,56,101,138,,97,86,63,,125,91,94,,,90,82,128,57,73,118,126,53,112,146,119,102,60,140,114,121,170,73,,141,91,85,99,101,,130,114,113,113,113,106,113,111,106,101,118,133,158,203,104,112,,76,,97,88,64,55,67,196,209,162,218,208,234,231,173,205,174,113,147,110,210,,113,180,239,182,140,90,105,108,101,48,95,78,73,102,58,90,137,136,124,112,,136,140,172,188,172,287,100,66,115,95,130,138,99,119,109,66,92,144,164,151,170,151,120,72,86,98,118,64,67,70,109,104,108,152,168,168,135,144,146,147,128,96,105,89,115,97,97,,111,136,114,98,102,93,80,111,79,,70,99,104,156,109,66,71,72,96,78,53,89,65,69,101,71,69,82,72,99,79,82,79,83,,176,172,161,215,150,129,132,91,145,120,107,164,143,138,93,141,137,108,108,107,80,48,48,66,103,87,86,143,120,146,,145,126,118,111,174,144,60,103,110,78,141,131,141,137,118,79,80,91,95,70,97,,104,,103,85,134,78,107,113,112,95,105,113,150,,104,155,,103,88,196,171,152,178,98,98,90,96,94,94,159,87,78,69,105,89,,114,,125,118,,105,143,141,157,85,83,99,83,,82,121,117,130,,,129,124,125,144,137,96,99,97,96,134,142,120,120,117,111,120,117,122,116,103,124,154,,151,,157,128,133,113,122,129,77,106,94,90,105,145,90,94,108,110,96,67,142,131,129,236,161,154,176,170,221,280,93,131,130,,60,88,144,139,294,155,94,112,80,74,74,99,114,190,166,122,105,106,110,102,71,97,77,,123,137,74,122,140,165,144,137,104,120,102,117,108,134,166,109,105,152,311,104,146,98,109,102,119,110,98,96,116,119,131,87,157,,217,127,215,83,126,95,134,126,132,96
20210423,9,O3_8h,28,30,21,17,18,22,9,32,35,26,10,19,,,65,,71,74,68,,67,,67,68,,80,62,,42,46,47,44,49,53,100,,88,87,,90,84,98,98,98,,101,,57,69,61,58,49,44,32,37,54,52,,72,73,42,35,26,40,52,18,37,30,,36,55,51,51,38,36,,49,56,38,54,10,,49,22,43,13,21,14,,66,58,,,51,69,74,80,80,61,46,,53,49,71,55,73,,59,110,112,134,117,130,117,118,120,120,119,56,58,67,70,79,65,61,68,54,35,40,22,44,,48,59,61,52,34,36,64,30,12,17,9,11,20,,22,15,22,13,36,43,44,39,48,37,44,35,38,18,,20,23,21,19,24,24,21,20,23,18,23,22,,,,46,52,,58,46,43,,,,53,,14,16,18,20,16,22,28,26,35,,,,29,33,,33,36,39,39,40,,40,28,26,17,27,22,22,33,,31,,36,36,,16,12,,12,11,13,,22,19,20,10,10,24,13,,,23,16,16,15,15,10,24,,10,,,14,,21,24,,36,33,38,47,58,57,,13,5,11,29,9,35,37,40,58,41,47,45,44,44,39,40,51,46,72,,24,31,21,24,17,48,42,41,45,57,,49,46,40,,47,80,79,77,,78,82,83,78,82,,,63,59,67,65,48,59,14,13,15,18,4,16,18,13,10,76,65,68,64,51,57,59,,72,70,45,58,50,55,60,58,58,63,56,56,21,17,,8,8,34,3,20,13,9,19,44,41,32,27,49,7,,16,19,5,36,22,44,32,47,25,17,27,27,,53,8,12,42,46,33,30,47,38,58,42,,,16,9,23,29,39,45,24,14,9,13,22,16,46,46,49,48,41,41,28,26,45,50,36,46,45,69,,10,21,9,15,9,7,18,,,25,5,10,9,6,,26,28,27,28,,,31,90,93,69,97,95,94,79,83,78,100,,115,118,74,102,101,84,98,107,98,96,99,116,23,12,4,6,15,13,28,6,,32,24,3,18,,10,56,,12,,,,37,94,,,,67,71,64,63,58,62,59,,63,66,68,68,64,62,44,39,48,41,45,107,40,53,46,42,,39,22,44,46,89,71,76,71,86,,43,46,54,96,89,86,87,76,72,62,61,60,53,54,50,44,38,49,,78,,49,48,41,41,47,,59,62,,,70,62,57,56,,76,72,53,,49,47,55,44,46,93,97,102,106,96,,,,42,,47,51,,40,40,53,40,45,52,54,116,112,108,,51,,,22,,26,11,11,102,100,88,94,86,,45,45,44,40,41,44,33,47,39,24,15,9,21,72,63,67,41,45,41,62,,43,36,39,,72,71,,100,95,87,76,25,,10,54,,,43,53,,38,,42,53,37,29,55,56,,62,64,,73,,,75,,48,37,41,,60,63,72,68,86,,70,75,55,82,73,86,51,64,61,82,59,86,48,96,,69,80,62,62,63,65,59,62,67,51,40,58,37,50,59,92,83,85,,89,104,105,104,84,96,89,94,109,92,106,30,33,30,,38,,38,,38,52,48,35,44,,35,38,99,,37,,28,26,38,21,48,66,66,,,,34,,26,,61,53,71,,31,23,33,89,92,,90,,5,7,6,9,46,50,,40,26,28,32,56,58,,41,,,65,44,48,14,106,52,46,53,34,25,51,47,39,11,18,25,14,,6,51,52,33,19,11,6,55,57,62,73,71,,93,111,79,82,19,40,24,54,,,,,30,15,,11,51,50,43,53,60,57,44,57,42,46,50,98,111,32,36,38,,87,72,48,,4,3,,4,61,9,30,23,30,24,30,32,39,47,46,40,,79,81,68,75,95,90,90,84,94,,75,82,99,89,99,40,35,79,79,,64,,54,60,60,61,54,78,71,71,74,,,62,67,66,63,106,98,118,118,128,124,28,,25,16,14,18,20,23,21,13,13,,49,37,26,20,31,23,22,35,17,30,30,27,26,,20,7,,7,14,5,4,,,46,73,55,71,67,46,46,49,44,,,48,104,103,96,95,,87,22,24,26,23,24,67,,48,50,,,,106,102,,60,42,9,,10,,110,115,,,102,68,,,77,89,76,,,81,73,48,44,115,112,124,66,74,86,94,63,60,52,46,42,70,52,54,66,83,84,81,70,,75,65,66,,82,80,70,43,72,98,81,72,100,104,99,74,,,,134,121,112,118,100,93,100,100,73,76,81,66,84,76,70,84,,,70,81,71,78,64,72,,83,56,56,,58,56,60,,63,56,68,57,66,74,73,64,22,31,24,18,21,22,59,64,,62,45,36,51,48,45,,79,,71,,,,81,70,63,72,49,61,,38,,38,27,34,21,25,24,46,17,15,25,14,25,77,28,24,20,9,9,8,7,12,,18,13,21,26,22,27,19,17,20,20,19,33,32,37,,,31,35,43,44,28,50,39,43,45,50,74,53,62,66,43,,47,52,46,49,63,61,57,63,24,19,27,,49,40,47,,44,47,47,59,,57,46,14,,5,34,44,41,48,72,77,58,72,67,31,47,42,,79,79,81,19,21,,19,19,78,75,79,71,60,66,62,56,41,44,,55,58,56,,55,48,,54,48,44,39,,43,54,37,26,24,59,68,61,66,70,65,48,66,61,57,61,57,48,34,33,42,41,43,46,48,47,80,53,70,58,51,54,60,50,46,58,56,51,66,49,71,13,21,42,3,3,2,1,32,,40,32,27,31,30,31,32,34,53,63,61,60,71,9,3,40,17,27,35,31,36,32,22,14,,26,43,52,70,60,62,64,64,57,65,73,54,66,36,23,,,50,50,50,,44,21,35,47,39,20,,18,,22,,,,,54,51,48,50,56,35,39,35,,6,92,112,108,106,116,27,80,83,82,105,,,,,62,52,52,56,95,87,11,,81,108,112,63,67,133,125,126,80,31,71,88,69,57,,119,120,107,100,38,48,106,115,40,,76,61,,87,88,,106,109,,,116,,101,,77,77,68,59,63,48,23,35,50,69,82,82,81,84,,39,24,40,65,74,65,,84,78,47,49,87,90,,64,58,58,59,58,,12,19,49,,60,58,67,36,60,92,76,,74,50,,67,58,62,56,63,70,80,80,78,,71,76,71,51,56,96,92,93,98,,,52,65,59,54,,30,72,69,60,90,34,52,16,74,79,78,44,63,,6,35,54,38,11,25,33,,84,,45,64,28,34,24,44,71,56,62,60,68,49,32,68,,,34,28,10,73,,66,66,89,55,,32,35,,,20,34,37,29,56,60,22,28,24,32,50,3,42,32,73,,70,44,,4,86,63,69,87,62,78,54,125,89,82,44,44,75,50,30,110,65,72,67,69,16,60,37,90,96,98,99,108,15,78,105,4,6,30,28,43,27,20,64,21,24,22,46,51,46,37,58,,30,56,39,,99,9,19,,,7,62,60,47,31,101,43,41,33,74,30,37,38,69,19,20,32,33,,58,9,20,31,23,,67,14,20,10,15,12,14,11,13,18,23,63,34,113,61,72,,54,,24,20,24,47,34,5,4,9,3,22,16,7,43,11,30,40,50,10,23,,42,43,14,80,43,53,47,72,62,23,64,56,51,61,32,34,54,64,13,3,,7,16,60,72,66,80,21,34,72,65,37,58,31,22,44,14,53,15,49,37,71,63,60,55,42,57,103,42,47,53,62,66,35,74,89,76,46,112,30,45,59,51,70,48,38,7,47,,38,46,25,11,16,8,7,28,52,,46,24,49,37,75,48,47,38,26,44,37,20,26,40,21,25,36,46,27,84,65,60,58,57,,3,93,21,7,10,43,33,36,24,25,53,34,14,31,87,40,57,71,50,77,53,39,16,32,90,74,50,10,23,47,,36,69,39,28,81,101,6,33,12,11,60,44,9,30,31,14,11,64,83,51,59,,50,,68,72,126,46,66,39,57,60,65,65,86,,62,87,,37,14,44,32,43,21,37,60,53,9,38,44,58,62,37,48,31,31,,18,,16,62,,27,95,91,96,37,42,16,19,,39,33,38,79,,,33,21,36,35,19,89,71,67,87,49,51,41,22,22,32,27,14,33,45,42,18,30,,29,,54,25,84,13,18,27,29,40,33,31,43,54,84,72,93,96,8,12,20,13,101,106,19,26,91,32,14,21,10,47,36,,30,68,33,27,97,68,5,58,55,61,54,55,33,77,71,47,3,7,60,42,20,12,6,,71,84,20,102,116,68,50,115,19,28,21,30,14,32,68,56,80,39,83,15,29,42,90,88,17,42,12,20,72,35,86,64,56,,64,92,62,19,68,49,101,106,70,54
20210423,9,O3_8h_24h,54,30,44,28,49,50,10,32,47,29,18,19,,,70,,74,77,72,,71,,69,68,,83,64,,64,60,47,46,55,66,122,,89,88,,91,88,102,106,108,,103,,72,69,83,58,49,44,42,52,54,57,,95,97,52,69,68,97,97,29,68,55,,58,65,61,64,51,50,,80,56,67,77,10,,74,55,65,49,32,14,,80,80,,,51,80,74,82,80,61,64,,59,52,84,55,90,,70,111,118,134,117,130,117,118,121,121,120,56,70,73,76,84,67,61,76,81,52,63,46,56,,58,79,72,68,55,74,98,48,12,17,10,11,27,,22,45,34,19,57,59,64,53,66,58,65,51,53,18,,26,23,26,31,24,24,21,20,23,18,23,22,,,,60,63,,64,48,50,,,,62,,20,16,18,20,16,22,28,26,35,,,,29,33,,33,36,39,39,40,,40,36,37,30,39,34,22,33,,31,,37,36,,16,12,,12,11,13,,22,19,20,10,10,24,13,,,40,28,17,15,15,10,24,,10,,,14,,21,24,,52,60,51,50,73,65,,28,5,12,31,25,72,67,56,58,41,47,46,44,44,47,40,51,50,72,,36,36,38,40,19,72,55,41,45,62,,50,47,40,,50,90,96,91,,90,97,95,83,107,,,80,75,97,94,82,68,33,31,54,30,7,53,24,18,10,89,68,86,79,58,65,79,,87,70,50,74,59,64,73,81,77,71,68,72,34,29,,14,8,34,3,34,22,12,46,70,75,49,68,63,8,,19,28,5,59,36,45,39,75,31,38,31,39,,73,8,22,59,62,50,49,56,60,69,58,,,35,42,43,50,45,87,46,14,9,32,41,35,51,48,54,52,46,44,34,36,53,53,36,54,55,87,,20,53,9,30,34,11,23,,,60,5,34,10,6,,36,50,73,59,,,61,108,97,69,100,99,95,83,89,84,103,,115,118,74,102,101,84,109,114,108,108,107,119,23,12,4,27,16,31,28,26,,50,24,14,18,,10,58,,16,,,,77,105,,,,74,81,67,70,70,67,64,,67,73,71,74,68,70,49,40,50,48,48,110,53,59,61,59,,43,31,62,64,116,93,95,87,88,,43,60,54,101,97,95,103,91,90,65,71,66,65,55,58,54,61,49,,78,,49,48,41,41,88,,87,67,,,78,69,62,78,,77,78,70,,63,71,76,44,63,104,98,104,106,100,,,,63,,69,57,,40,40,53,41,45,52,54,120,114,113,,73,,,25,,30,19,32,108,110,101,106,86,,56,59,54,72,54,72,60,52,53,46,23,17,21,95,82,86,41,59,42,83,,57,36,56,,106,110,,111,111,108,95,33,,30,77,,,43,53,,93,,57,58,40,43,72,65,,63,75,,73,,,75,,65,37,54,,72,103,101,100,100,,73,75,66,98,86,89,51,73,65,90,59,89,63,111,,90,98,80,85,66,72,60,70,71,63,53,58,65,65,77,108,93,100,,94,104,112,106,89,97,100,105,118,103,112,31,33,31,,44,,43,,48,56,54,38,54,,36,39,103,,44,,38,39,65,40,48,70,66,,,,38,,32,,87,66,88,,51,23,49,95,99,,97,,5,7,6,10,46,50,,40,26,28,50,60,58,,41,,,65,44,49,17,108,60,51,60,45,34,59,58,54,52,39,25,33,,10,54,54,46,19,22,6,82,63,87,76,72,,99,138,104,117,20,44,28,80,,,,,38,25,,22,71,75,68,76,87,68,49,57,47,51,51,105,116,32,46,50,,87,72,51,,4,3,,6,65,17,30,26,37,25,30,32,39,47,46,40,,121,111,68,102,109,100,108,86,96,,77,82,99,89,99,60,56,91,91,,89,,72,79,79,66,70,106,98,78,82,,,90,95,77,72,107,101,118,121,134,128,31,,25,16,14,18,20,23,21,13,13,,50,37,26,20,31,23,22,35,17,30,30,27,35,,20,7,,7,19,5,8,,,50,74,58,71,67,46,48,58,61,,,62,119,119,111,101,,102,22,24,44,26,24,83,,65,69,,,,112,122,,94,72,9,,27,,124,134,,,107,68,,,110,123,93,,,93,90,48,44,133,127,137,66,74,97,112,63,74,78,53,60,70,62,63,66,86,88,90,76,,92,94,89,,107,91,70,58,79,99,94,86,102,106,101,81,,,,142,128,112,118,100,93,102,100,112,119,84,66,84,76,73,84,,,70,84,71,81,84,96,,84,56,56,,58,56,60,,63,56,68,57,66,74,73,65,25,40,27,25,21,26,59,64,,62,45,36,60,52,46,,84,,73,,,,90,79,71,92,49,63,,40,,38,30,35,47,38,32,61,26,19,33,14,29,86,41,37,42,9,9,8,7,12,,33,13,23,29,28,29,19,38,40,37,43,36,40,40,,,52,54,70,71,56,65,52,53,52,71,90,75,79,76,51,,58,60,55,57,77,74,70,77,39,34,27,,49,40,47,,56,56,85,65,,66,46,37,,5,52,62,63,68,90,86,81,78,75,37,47,42,,79,81,82,20,29,,24,28,87,81,85,82,60,66,64,56,43,56,,55,76,56,,72,60,,60,78,44,39,,73,77,53,40,24,59,68,61,68,70,69,53,68,68,59,62,72,62,72,44,57,54,68,73,74,70,82,54,74,58,53,54,60,51,51,58,81,54,72,49,74,14,83,79,3,3,2,1,34,,44,34,33,42,41,41,44,49,58,63,61,91,93,9,8,49,19,35,35,31,55,53,24,14,,28,89,98,108,107,94,100,100,100,86,106,92,89,47,33,,,90,73,77,,62,21,38,51,42,20,,22,,42,,,,,66,70,66,64,70,35,40,35,,9,114,133,111,117,120,33,82,92,88,115,,,,,62,52,54,56,106,99,11,,82,122,126,64,67,134,128,133,90,31,103,124,118,102,,126,127,113,104,88,50,110,132,95,,85,95,,101,111,,112,118,,,116,,103,,102,103,76,62,70,48,23,35,58,71,86,85,83,84,,49,56,74,74,93,99,,106,107,61,66,90,93,,82,68,59,60,88,,23,39,99,,90,83,84,37,60,92,80,,81,83,,72,77,72,72,69,77,82,82,84,,86,79,72,72,71,106,102,100,106,,,78,74,72,69,,41,74,69,71,129,61,61,39,74,79,81,44,77,,6,64,56,38,11,25,33,,84,,62,68,60,34,29,52,75,83,62,75,68,78,32,72,,,61,53,10,76,,84,88,100,58,,32,35,,,25,34,37,30,69,70,24,47,26,32,52,8,64,32,73,,76,44,,12,116,107,104,90,91,94,76,128,95,82,48,52,76,84,70,110,76,72,67,69,26,94,54,93,96,100,100,108,82,97,112,4,42,62,31,65,52,55,75,21,30,35,59,63,50,48,70,,42,56,62,,118,12,36,,,26,62,66,50,31,102,48,50,33,106,30,44,47,88,26,20,51,39,,86,13,30,52,46,,78,17,25,10,27,24,14,11,13,34,48,94,36,128,82,97,,74,,37,20,24,49,34,17,9,13,3,27,17,7,71,11,52,54,52,29,23,,47,78,29,108,65,61,54,72,74,24,64,65,52,64,32,39,77,85,40,24,,21,47,106,114,116,97,21,38,90,70,58,90,47,22,44,14,57,50,49,73,100,86,99,71,68,84,103,61,47,53,92,86,35,99,100,104,55,117,47,45,59,58,70,57,43,7,48,,49,87,25,11,16,8,7,36,52,,68,45,49,64,95,61,47,40,26,51,38,21,26,40,21,25,36,46,27,92,69,64,70,66,,3,93,41,7,44,72,33,73,36,25,78,55,14,42,88,44,57,78,64,77,56,39,18,32,90,76,50,10,40,47,,46,87,72,48,113,109,6,33,13,19,91,66,18,61,32,18,14,82,90,51,74,,57,,68,72,126,46,78,41,65,69,71,65,98,,91,96,,37,43,66,42,60,37,45,60,53,14,38,45,63,66,43,52,36,39,,30,,16,75,,32,95,106,96,39,42,16,19,,39,41,48,89,,,33,21,44,35,25,89,81,67,90,49,56,44,28,22,34,38,22,51,45,42,18,54,,62,,60,46,84,13,23,46,34,40,33,44,43,82,88,79,103,104,10,20,63,33,121,132,26,44,92,41,33,48,37,91,73,,36,68,41,40,122,96,36,91,68,69,74,70,41,83,74,52,3,12,62,42,20,12,6,,82,87,20,106,126,68,53,127,19,53,48,38,29,46,97,56,97,43,108,22,29,46,92,88,39,49,13,41,79,55,98,64,56,,74,104,87,19,80,49,114,126,112,69
20210423,9,CO,0.8,0.6,0.7,0.7,0.7,0.7,0.7,0.4,0.5,0.8,0.6,0.7,,,0.7,,0.9,0.7,0.6,,0.8,,0.5,0.9,,0.7,0.7,,0.7,0.7,0.7,0.8,0.8,0.6,0.7,,0.5,0.9,,0.5,0.4,0.4,0.3,0.3,,0.2,,0.7,0.6,0.8,0.4,0.5,0.5,0.4,0.4,0.3,0.5,,0.8,1,0.6,0.8,0.7,0.9,0.6,0.6,0.5,0.5,,0.3,0.5,0.5,0.7,0.5,0.6,,0.5,0.6,0.5,0.2,0.9,,0.8,1.6,0.9,1.5,1,1,,0.7,0.7,,,0.7,0.8,0.6,0.6,0.6,0.6,0.6,,1.5,0.8,0.5,0.6,0.6,,1.3,0.3,0.5,0.7,0.6,0.4,0.5,0.4,0.3,0.4,0.5,0.8,1,0.8,1,0.7,0.5,0.7,0.7,0.7,0.6,0.6,0.7,1,,0.4,0.5,0.6,0.3,0.2,0.7,0.7,0.7,1.1,1.3,1.3,0.9,0.8,,1.1,1,0.9,1,1.2,1,0.8,1.4,1.3,1,1.1,1,1,0.8,,1.2,1.1,0.9,0.9,1,0.9,0.7,0.9,0.9,1,0.9,1.3,,,,0.8,0.7,,0.9,0.8,1,,,,0.9,,1.3,1,1.1,1.1,1,1,1.2,1.2,1.3,,,,1,1.2,,1,0.8,1.7,0.5,0.7,,0.9,0.6,0.8,0.7,0.9,0.6,1,0.9,,1.1,,1.3,1,,1,0.7,,1,1.2,1,,1.1,1.2,1,0.9,0.6,0.9,0.5,,,0.6,0.7,0.9,0.6,0.6,0.4,0.6,,1.2,,,1,,1.1,1,,0.6,0.4,0.3,0.6,0.6,0.5,,0.9,0.7,0.9,0.7,0.8,0.6,0.6,0.5,1.1,0.8,0.8,0.8,0.8,0.8,0.7,0.6,0.6,0.8,0.5,,0.8,0.8,0.7,0.8,0.5,0.5,0.5,1,0.9,0.8,,0.7,1.2,1,,0.8,0.7,0.7,0.8,,0.6,0.6,0.8,0.8,0.7,,,0.4,0.7,0.8,0.6,0.7,0.7,0.8,0.9,0.7,0.8,0.7,0.6,1,0.8,0.6,0.8,0.7,0.6,1,0.9,0.8,0.7,,0.7,0.6,1,1.1,0.9,0.8,0.9,0.9,0.9,0.8,1,0.9,1.1,1,,0.8,0.9,0.8,1.1,0.9,0.9,0.8,0.9,0.7,0.8,0.8,0.7,0.6,0.9,,0.7,0.8,0.7,0.8,0.6,0.7,0.4,0.8,0.8,0.9,0.7,0.8,,0.7,0.7,0.6,0.9,0.8,0.7,0.5,1.1,1.1,0.4,,,,1,0.9,1.1,0.8,0.9,0.8,0.8,0.7,0.7,1,0.6,0.6,0.6,0.7,0.5,0.7,0.6,0.8,0.6,0.7,0.5,0.7,,0.5,0.5,0.7,,0.9,1.3,1.2,1.1,1.1,0.6,0.4,,,1.3,0.8,0.8,1.1,1.2,,0.9,1.2,1.2,1.1,,,1.2,0.7,0.5,0.5,0.6,0.7,0.6,0.6,0.6,0.7,0.7,,0.7,1.2,0.6,0.7,0.6,1.1,0.6,0.6,0.5,0.5,0.7,0.4,0.7,1.1,0.9,0.8,0.9,0.9,0.8,0.9,,0.7,0.7,1,0.9,,1,0.6,,1,,,,0.7,0.8,,,,1,1.1,0.5,0.9,0.5,0.5,0.4,,0.4,1,0.7,0.9,1,0.8,0.7,0.8,0.8,0.7,0.9,0.6,0.7,0.8,0.4,1.7,,2,1.8,1.5,1.6,0.8,0.9,0.7,0.7,0.8,,0.8,1.3,0.9,0.4,0.5,0.6,0.6,1,1.1,1.1,0.9,0.9,1,0.8,0.6,0.6,0.6,0.4,,0.9,,0.7,0.9,0.9,1,0.7,,0.8,0.7,,,0.8,0.7,1.3,0.8,,0.7,0.9,1.1,,1,0.4,0.7,0.8,0.5,0.6,0.4,1,0.6,0.3,,,,1.3,,1,1,,1,0.7,0.6,0.8,1,0.9,0.8,0.4,0.4,0.5,,0.8,,,0.7,,1,0.5,1.1,0.4,0.6,0.5,0.6,0.8,,0.7,0.5,0.6,0.6,0.5,0.5,0.5,0.9,0.8,0.6,0.9,0.8,0.7,0.7,0.7,0.6,0.8,0.9,1,0.8,,0.7,1,1.2,,0.7,0.8,,0.7,0.8,0.9,0.7,1,,0.8,1.9,,,0.4,0.6,,0.7,,1.2,0.7,1.2,1.2,1.1,1.5,,1,1.4,,1.2,,,1.1,,1.1,1.1,0.9,,1.1,1,1.1,0.4,0.3,,0.5,0.6,1,0.6,0.6,0.4,0.4,0.7,0.6,0.6,0.6,0.5,3.5,0.7,,0.5,0.7,0.6,0.3,1,1.1,1,1.5,1.7,0.7,0.7,0.6,0.8,0.6,0.6,0.6,0.6,0.4,,0.3,0.5,0.6,0.6,0.5,0.5,0.5,0.4,0.4,0.4,0.2,0.9,0.7,0.9,,1.2,,1,,1,0.9,0.8,0.9,0.7,,0.4,0.5,0.6,,1.1,,1.3,1.1,0.7,1.3,0.6,0.3,0.8,,,,0.7,,0.7,,0.9,0.7,0.7,,0.7,0.9,1,1.1,1,,0.9,,1,1,0.7,0.9,0.7,0.8,,0.9,0.9,0.8,0.6,1,0.8,,1.1,,,0.9,0.5,0.8,0.9,0.4,0.9,1.7,0.9,1,0.7,0.6,0.5,0.6,1,1,0.7,1,,1,0.5,0.4,0.9,0.7,1.2,0.6,0.8,1,1,0.8,0.8,,1.6,0.4,1.7,1.3,0.8,1.3,0.7,1,,,,,1.1,1.1,,,1,0.9,0.7,0.6,0.7,0.8,1.2,0.5,0.6,0.8,0.5,0.7,0.8,0.8,0.9,1,,0.9,1,1.1,,1,1.1,,1.7,0.5,0.5,0.8,0.8,0.8,0.7,0.7,0.6,0.8,0.8,0.8,0.7,,0.8,0.9,0.8,1.1,0.8,0.7,0.7,0.2,0.4,,0.4,0.4,0.1,0.1,0.2,0.9,1.1,0.6,0.6,,0.7,,1.1,0.8,0.8,1.2,1.1,0.6,0.4,0.5,0.5,,,0.5,0.5,0.6,0.6,0.4,0.5,0.5,0.5,0.9,0.6,0.9,,1.1,0.8,0.8,1.1,1.4,1.5,1,1.1,0.8,,0.9,1,1.1,0.9,1,1.3,1.2,1.2,1.2,1.3,1.4,1.1,0.8,,1.2,1,,0.7,0.7,0.8,1.1,,,0.8,0.4,0.5,0.4,0.3,0.8,0.7,0.8,0.9,,,0.6,1,1.1,1.2,1,,1.2,0.9,0.8,1,1.3,0.8,0.7,,0.7,0.8,,,,0.9,0.8,,1,0.8,1.2,,0.9,,0.6,0.7,,,0.1,0.5,,,0.9,0.6,0.5,,,0.3,0.4,0.2,0.2,0.8,0.6,0.6,0.9,0.6,0.6,0.7,0.6,0.7,0.9,0.8,1.2,0.8,0.4,0.6,0.4,0.7,0.6,0.8,0.5,,0.5,0.5,0.9,,1.1,0.7,0.7,1.2,0.8,0.5,0.3,0.1,0.5,0.6,0.5,1.1,,,,0.4,0.5,0.5,0.5,0.5,0.4,0.4,0.3,0.7,0.6,0.6,0.6,0.6,0.7,0.9,0.5,,,0.7,0.2,0.3,0.2,0.5,0.4,,0.3,0.5,0.7,,0.7,0.7,0.5,,0.6,0.8,0.7,0.6,0.6,0.6,0.7,0.6,0.9,0.8,0.8,0.9,0.7,0.9,0.7,0.5,,0.6,0.8,0.7,1.1,0.9,1,,1,,0.6,,,,0.8,0.6,0.7,0.8,0.6,0.7,,0.9,,0.8,1,0.9,0.9,0.7,0.6,0.6,0.8,0.8,0.6,2,0.5,0.3,0.5,0.5,0.7,0.7,0.8,0.9,0.7,0.6,,0.3,0.4,0.9,0.6,0.7,0.6,1.2,2.3,2.6,2.4,2.6,0.8,0.7,0.8,,,0.9,0.8,0.7,0.7,0.9,1,0.9,0.6,1.5,1.2,0.7,0.8,0.8,0.6,1,,1.1,1,1.1,0.9,0.9,0.9,1,1,0.7,1,0.8,,1.1,0.3,0.4,,0.6,0.6,0.6,0.8,,0.8,0.7,1.2,,1,0.8,0.8,0.7,0.9,0.8,0.9,0.9,0.7,0.8,0.6,0.7,0.7,,0.6,0.4,0.5,1.2,1.3,,2.2,1.1,0.8,0.7,0.8,0.7,0.7,0.6,0.9,0.8,1,0.9,,0.5,0.5,0.8,,1,0.9,,0.8,0.7,0.5,0.6,,0.9,0.7,0.4,0.9,1.2,0.8,0.8,1,0.6,0.9,1.2,0.7,0.9,0.7,0.7,0.8,1.4,1.1,1.7,1.1,0.8,1,0.8,1,0.8,0.9,1,0.8,0.9,1,1,0.8,0.5,0.7,0.9,0.8,0.8,0.7,0.6,1,0.6,0.5,0.9,0.5,1.4,1.1,1.1,0.9,0.8,,0.6,0.8,1.1,1.3,0.7,0.6,1.2,0.9,0.5,0.7,0.7,1.1,1.2,0.6,0.8,0.6,0.7,0.6,1,1,0.5,0.6,0.3,0.9,,0.7,,0.7,0.5,0.6,0.7,1.2,1.1,1,1,0.8,0.9,0.7,0.9,0.8,,,0.8,0.7,0.8,,0.9,0.4,1.1,1.2,1.6,1.7,,0.8,,0.5,,,,,0.6,0.7,0.9,0.8,0.7,0.8,0.7,0.5,,0.5,0.8,0.7,0.9,1,0.5,0.7,0.7,0.5,0.6,0.4,,,,,0.3,0.5,0.7,0.6,0.4,0.6,0.8,,0.8,0.8,0.7,0.7,0.6,0.6,0.5,0.6,0.7,0.7,0.9,1,0.9,0.9,,0.7,0.7,0.5,0.8,1.3,0.7,0.7,0.5,1,,1.2,1.1,,1.1,0.6,,0.4,0.4,,,0.5,,0.5,,0.4,0.5,0.6,0.7,0.6,0.7,0.8,0.7,0.8,0.7,0.6,0.7,0.6,0.9,,1.3,1.4,0.3,0.6,0.9,0.7,,0.3,0.4,0.4,0.7,0.3,0.3,,0.9,0.8,0.2,0.3,0.5,,0.9,1.1,0.8,,0.6,0.7,0.8,0.7,0.6,0.5,0.6,,0.6,0.7,,,0.6,0.7,0.6,0.6,0.6,0.3,0.3,0.4,,0.3,0.2,0.3,0.4,0.2,1.3,0.7,0.8,0.4,,,0.7,0.5,0.8,0.7,,0.7,0.4,0.5,0.5,4.1,0.4,1.3,1,1,0.7,0.6,0.5,0.7,,0.9,0.6,1.1,0.7,0.6,1.1,1.1,,0.6,,1.1,0.5,1.1,0.7,4.4,2.3,0.6,0.6,,0.6,0.8,0.9,0.9,0.5,,,0.5,0.3,1.1,0.5,,1,1.3,1.2,0.7,,1,1.1,,,1.5,1.1,1,1,0.9,0.7,1.8,1.3,1.3,0.9,0.8,1.1,0.8,0.8,1.2,,0.8,0.8,,1.1,0.9,0.7,0.8,0.3,0.4,0.4,0.6,0.8,1.2,0.9,0.9,0.7,0.8,0.5,1.7,0.5,0.5,0.7,0.4,0.9,0.5,0.6,0.7,0.4,0.8,0.6,0.5,0.4,0.4,0.8,0.2,1.3,1.3,1,1.1,1,1,1.1,0.7,0.7,1,1.7,0.8,1.9,1.3,0.6,1.1,,0.7,0.9,1,,0.2,1.2,0.5,,,1.1,0.5,0.5,1,1,0.4,0.6,1,0.6,0.5,0.7,0.9,0.9,0.9,0.5,0.7,0.7,0.8,,0.9,0.8,0.7,0.8,0.7,,0.4,0.7,0.7,0.8,1.4,1.4,0.8,1.1,0.9,1,0.7,0.9,1.2,0.8,0.5,1.2,,1.5,,1.2,1,1.2,1.1,0.7,1,1.1,1,0.9,0.7,1,0.9,0.9,0.7,0.8,0.7,0.6,0.8,0.6,,0.7,1.3,1.1,0.7,0.3,0.4,0.4,0.7,0.5,0.9,0.5,0.7,0.9,0.6,0.8,0.9,0.7,0.8,1.4,0.9,,1.1,1.2,0.7,0.8,0.7,0.5,0.8,1,1,0.8,1.1,0.9,0.8,0.9,0.4,0.6,0.6,1.1,1.1,1,0.8,0.9,0.7,1,0.3,0.4,0.3,1.2,1.1,1.2,0.7,0.7,0.6,0.5,0.6,0.8,2.1,0.5,0.6,0.7,0.7,0.8,0.8,0.7,0.5,1,1,,1.1,1,1.1,1,1.1,0.9,1,0.9,0.9,,1.1,0.4,0.4,2.1,0.4,1.1,1,0.7,1.1,0.7,1,1,1.2,1.1,1,1,1.2,0.9,0.6,0.4,0.3,0.5,0.4,0.4,,1,0.5,0.7,0.9,0.6,0.6,0.6,0.6,0.6,0.6,0.8,0.8,0.9,0.9,,0.5,0.5,0.4,0.7,0.8,0.4,0.8,1,0.8,0.7,0.8,0.9,0.5,0.6,0.5,,0.2,0.8,0.8,0.9,0.5,0.8,1.2,1.3,0.9,1.6,0.4,1,1.4,0.9,1.2,0.7,1.4,0.9,0.8,1,0.4,,0.6,,0.6,0.3,0.1,0.9,0.9,0.6,,1.2,0.6,0.7,0.8,,0.6,0.5,,0.8,0.9,0.7,0.6,0.5,0.4,0.7,0.7,0.6,0.8,0.6,0.5,0.5,1,0.6,0.4,0.7,0.7,,1.4,,0.7,0.6,,1.4,0.9,2,0.6,0.9,1.2,1.3,0.5,,0.4,0.7,0.6,0.6,,,1.3,0.7,0.7,0.6,0.7,0.4,0.3,0.4,0.5,0.9,0.9,0.6,0.5,0.4,0.8,0.6,0.6,0.6,0.8,0.7,0.7,0.9,,0.9,,0.6,1.3,0.8,0.8,1,0.9,1.1,0.9,0.6,0.8,0.9,0.8,0.2,0.6,0.5,0.9,1,0.8,0.7,0.9,1.1,0.6,0.4,0.5,0.6,0.8,1,0.9,1.3,2.1,1.8,,1.3,0.5,1.1,1.1,0.8,0.6,1.5,0.8,0.4,1,0.9,0.7,0.5,0.7,0.6,1.1,1.2,0.8,0.7,0.4,1,1.1,0.8,,1.3,0.3,1.4,0.3,1,0.8,0.3,1,0.6,0.7,0.3,0.6,0.6,1.2,1.3,0.9,0.8,1.7,0.7,0.7,0.6,1,0.5,0.4,0.7,0.6,0.9,0.5,0.6,0.4,0.6,0.5,0.5,,0.8,0.4,0.7,0.8,0.6,0.7,0.6,0.5,0.8,0.6
20210423,9,CO_24h,0.7,0.7,0.8,0.7,0.7,0.7,0.7,0.7,0.6,0.8,0.7,0.7,,,0.8,,0.9,0.9,0.8,,0.8,,0.9,1.3,,1,0.8,,0.6,0.7,0.5,0.7,0.6,0.5,0.6,,0.8,0.9,,0.9,0.8,0.4,0.3,0.3,,0.2,,0.6,0.5,0.6,0.4,0.5,0.6,0.4,0.5,0.4,0.5,,0.7,0.7,0.7,0.8,0.7,0.8,0.7,0.6,0.4,0.6,,0.4,0.6,0.6,0.8,0.6,0.6,,0.5,0.6,0.5,0.2,1,,0.8,0.9,0.8,1.1,0.9,0.8,,0.7,0.6,,,0.7,0.7,0.6,0.8,0.7,0.7,0.7,,0.9,0.8,0.6,0.7,0.7,,0.9,0.5,0.6,0.7,0.6,0.4,0.5,0.4,0.4,0.4,0.5,0.6,0.7,0.6,0.7,0.4,0.5,0.6,0.5,0.4,0.4,0.6,0.7,0.8,,0.5,0.7,0.7,0.4,0.4,0.6,0.7,0.7,0.8,0.7,0.7,0.7,0.5,,0.8,0.6,0.6,0.8,0.9,0.8,0.5,1,1,0.8,0.8,0.9,1,0.5,,1,1,0.6,0.7,0.9,0.8,0.6,0.8,0.8,0.9,0.8,0.7,,,,0.9,0.8,,1,0.9,1,,,,0.8,,0.9,0.7,0.8,0.7,0.8,0.8,0.8,0.9,1,,,,0.8,1,,0.8,0.7,1,0.6,0.7,,1,0.6,0.8,0.8,0.7,0.7,0.7,0.6,,0.7,,1,0.9,,0.7,0.4,,0.6,0.8,0.7,,0.7,0.8,0.6,0.6,0.6,0.6,0.5,,,0.5,0.6,0.7,0.6,0.5,0.4,0.5,,0.7,,,0.7,,0.7,0.7,,0.6,0.4,0.3,0.5,0.4,0.4,,0.7,0.6,0.8,0.6,0.7,0.5,0.5,0.5,1.1,0.7,0.8,0.8,0.8,0.8,0.7,0.7,0.7,0.9,0.5,,0.7,0.7,0.7,0.7,0.4,0.5,0.4,1.1,1,0.7,,0.8,1.3,1,,1,0.5,0.5,0.6,,0.4,0.5,0.7,0.7,0.6,,,0.2,0.5,0.5,0.3,0.3,0.5,0.9,1,0.9,1,0.8,0.6,1.1,1,0.7,0.7,0.8,0.7,0.9,0.9,0.8,0.7,,0.6,0.7,1,1.1,0.9,0.9,0.8,0.8,0.8,0.8,1,1,1,0.9,,0.8,0.8,0.8,0.9,0.8,0.7,0.8,0.9,0.6,0.6,0.7,0.6,0.5,0.8,,0.5,0.6,0.6,0.7,0.5,0.7,0.3,0.7,0.7,0.8,0.6,0.6,,0.6,0.7,0.5,0.7,0.7,0.4,0.4,0.8,0.7,0.4,0.5,,,0.8,0.7,0.8,0.6,0.7,0.6,0.7,0.5,0.6,0.7,0.4,0.5,0.7,0.7,0.5,0.7,0.6,0.7,0.6,0.6,0.4,0.6,0.6,0.5,0.4,0.7,,0.6,0.7,1,1,0.8,0.6,0.4,,,0.8,0.7,0.4,0.8,1.1,,1,0.9,0.8,0.9,,,0.9,0.7,0.5,0.4,0.6,0.7,0.7,0.7,0.6,0.6,0.7,,0.6,0.7,0.7,0.6,0.7,0.9,0.5,0.5,0.5,0.5,0.6,0.4,0.7,1.1,0.8,0.7,0.9,0.8,0.7,0.8,,0.6,0.7,0.9,0.8,,0.7,0.7,,0.5,,,,0.5,1,,,,0.6,0.9,0.5,0.9,0.5,0.6,0.3,,0.5,0.9,0.7,0.9,0.9,0.9,0.7,0.8,0.8,0.7,0.8,0.6,0.7,0.8,0.5,1.2,,0.9,1.1,1,0.9,0.8,0.7,0.8,0.8,0.6,,0.9,1.2,1.1,0.5,0.6,0.6,0.6,0.8,0.8,0.8,0.6,0.6,0.7,0.6,0.5,0.5,0.5,0.4,,0.9,,0.7,1,1,0.9,0.7,,0.8,0.5,,,0.9,0.9,1.5,0.8,,0.7,1,1.1,,0.9,0.5,0.7,0.8,0.7,0.6,0.3,0.7,0.6,0.2,,,,0.9,,0.7,1.1,,1,0.8,0.7,0.9,0.8,0.6,0.5,0.4,0.4,0.5,,0.9,,,0.6,,0.8,0.8,0.8,0.3,0.5,0.5,0.6,0.9,,0.6,0.5,0.6,0.7,0.6,0.5,0.4,0.6,0.6,0.4,0.7,0.7,0.6,0.7,0.5,0.5,0.7,0.8,0.6,0.6,,0.5,0.9,1,,0.7,0.8,,0.7,0.6,0.8,0.7,0.6,,0.7,1.1,,,0.6,0.7,,0.8,,1,0.7,0.9,0.8,1.2,1.7,,1.3,1.5,,1.2,,,0.9,,0.9,0.8,0.8,,1.1,0.9,0.5,0.2,0.3,,0.6,0.7,0.8,0.7,0.6,0.5,0.4,0.8,0.6,0.6,0.7,0.6,1.2,0.5,,1.1,0.5,0.4,0.3,0.7,0.8,0.8,0.9,0.9,0.7,0.7,0.6,0.7,0.6,0.5,0.6,0.5,0.4,,0.3,0.6,0.6,0.5,0.5,0.6,0.4,0.4,0.4,0.3,0.4,0.9,0.7,0.9,,1.3,,1.1,,0.8,1.2,1,1.1,1,,0.7,0.7,0.7,,0.9,,1,0.9,0.5,1,0.5,0.4,0.8,,,,0.8,,0.6,,1,0.9,0.9,,0.7,0.9,0.8,0.9,0.7,,0.8,,0.9,1.1,0.7,0.8,0.8,0.8,,0.9,0.8,0.8,0.5,0.8,0.8,,1,,,0.8,0.5,0.8,0.9,0.5,0.8,1.2,0.7,0.9,0.6,0.5,0.5,0.5,0.7,0.9,0.7,0.9,,0.7,0.5,0.4,0.9,0.7,1.1,0.8,0.8,0.8,0.9,0.8,0.7,,1.6,0.5,0.9,0.7,0.7,1,0.8,0.8,,,,,0.9,0.8,,0.8,1,0.8,0.7,0.6,0.6,0.8,0.8,0.5,0.5,0.7,0.4,0.5,0.5,0.7,0.8,0.8,,0.7,0.9,0.9,,0.6,0.7,,0.9,0.6,0.6,0.7,0.7,0.7,0.8,0.6,0.6,0.8,0.7,0.7,0.7,,0.5,0.7,0.5,1.1,0.7,0.6,0.6,0.2,0.3,,0.4,0.4,0.2,0.3,0.3,0.7,0.9,0.6,0.6,,0.6,,0.6,0.4,0.4,0.6,0.5,0.4,0.2,0.3,0.4,,,0.4,0.4,0.5,0.6,0.4,0.4,0.5,0.3,0.7,0.6,0.7,,0.8,0.7,0.7,0.8,0.7,1,0.8,1,0.6,,0.9,1,1,0.9,0.9,1,0.8,1.1,1,1.2,1.2,0.9,0.6,,0.8,0.7,,0.5,0.5,0.6,0.8,,,0.8,0.4,0.4,0.5,0.3,0.8,0.6,0.8,0.9,,,0.4,1.2,1.2,1.4,1.2,,1.5,0.8,0.7,0.9,0.9,0.7,0.6,,0.6,0.8,,,,0.7,0.7,,0.8,0.7,1,,0.7,,1,1,,,0.2,0.5,,,0.8,0.6,0.5,,,0.2,0.4,0.3,0.2,0.6,0.5,0.4,0.6,0.5,0.4,0.6,0.5,0.7,0.7,0.6,0.7,0.8,0.6,0.7,0.5,0.5,0.5,0.6,0.5,,0.4,0.5,0.6,,0.8,0.6,0.6,0.8,0.7,0.5,0.3,0.1,0.4,0.5,0.4,1.1,,,,1,1.1,1.1,1,1.1,0.7,0.8,0.5,0.7,0.5,0.6,1.4,1.5,1.3,1.4,1.1,,,1.3,0.4,0.3,0.3,0.6,0.6,,0.4,0.5,0.8,,0.7,0.7,0.6,,0.6,0.9,0.6,0.7,0.6,0.7,0.8,0.7,0.9,0.7,0.8,0.8,0.7,0.9,0.7,0.5,,0.6,0.6,0.5,0.9,0.9,0.9,,0.7,,0.6,,,,0.8,0.6,0.7,0.8,0.7,0.7,,0.9,,0.8,1,0.8,0.7,0.6,0.7,0.6,0.7,0.7,0.7,0.7,0.5,0.2,0.5,0.5,0.5,0.6,0.6,0.6,0.6,0.5,,0.4,0.4,0.7,0.6,0.6,0.5,1,2.2,1.5,1.5,1.3,0.6,0.6,0.6,,,0.5,0.5,0.3,0.4,0.5,1,0.9,0.6,1.3,1.1,0.7,0.8,0.8,0.6,1.1,,1.1,1,1.1,0.7,0.6,0.6,0.7,0.7,0.5,0.7,0.8,,0.9,0.6,0.6,,0.8,0.8,0.8,0.8,,0.8,0.7,0.9,,0.9,0.7,0.7,0.8,0.8,0.8,0.9,0.9,0.7,0.8,0.7,0.8,0.7,,0.5,0.4,0.5,1.2,1.3,,1.2,1.1,0.8,0.7,0.8,0.7,0.8,0.7,0.9,0.9,1,1.1,,0.5,0.5,0.6,,1,0.9,,0.8,0.7,0.6,0.7,,0.8,0.7,0.6,0.8,1,0.8,0.9,1.1,0.8,1,1,0.8,0.9,0.7,0.7,0.9,1.3,0.9,1.5,1,0.7,0.9,0.7,0.9,0.7,0.7,0.9,0.8,0.9,1,1,0.8,0.6,0.8,0.8,0.8,0.8,0.6,0.6,1.1,0.6,0.5,0.7,0.5,1.3,0.8,0.8,0.8,0.7,,0.5,0.7,0.9,1.3,0.4,0.5,0.8,0.8,0.6,0.7,0.6,1,1,0.5,0.7,0.6,0.6,0.6,0.8,0.6,0.5,0.5,0.4,1,,0.8,0.6,0.6,0.4,0.5,0.6,0.9,0.9,0.9,0.9,0.7,0.8,0.7,0.7,0.8,,,0.8,0.6,0.7,,0.8,0.3,0.7,0.8,0.9,0.9,,0.6,,0.5,,,,,0.6,0.6,0.7,0.6,0.6,0.6,0.7,0.5,,0.4,0.6,0.6,0.7,0.8,0.6,0.6,0.6,0.5,0.6,0.4,,,,,0.2,0.5,0.7,0.5,0.4,0.5,0.7,,0.9,0.4,0.5,0.5,0.4,0.5,0.5,0.5,0.4,0.5,0.6,0.8,0.6,0.7,,0.6,0.6,0.5,0.6,1.2,0.7,0.7,0.5,0.8,,1.7,0.9,,0.7,0.5,,0.5,0.3,,,0.6,,0.4,,0.4,0.4,0.5,0.7,0.6,0.6,0.7,0.8,0.7,0.7,0.5,0.6,0.6,0.6,,0.7,0.7,0.2,0.5,0.7,0.6,,0.4,0.5,0.4,0.7,0.4,0.4,,0.8,0.7,0.2,0.2,0.4,,0.8,0.6,0.5,,0.5,0.5,0.7,0.5,0.6,0.5,0.6,,0.5,0.6,,0.4,0.6,0.7,0.6,0.5,0.5,0.3,0.3,0.4,,0.4,0.2,0.2,0.3,0.2,0.9,0.5,0.5,0.4,,,0.4,0.3,0.6,0.5,,0.6,0.4,0.4,0.5,1.1,0.3,1.4,0.8,0.9,0.9,0.8,0.5,0.7,,0.8,0.7,0.7,0.6,0.5,0.7,0.8,,0.6,,0.7,0.4,1,0.6,2.2,1.9,0.7,0.4,0.8,0.6,0.9,0.7,0.6,0.5,,,0.5,0.2,0.7,0.7,,1,1,1,0.7,,0.9,1.1,,,1.1,0.8,1,0.7,1,0.8,1.2,1,0.9,0.7,0.6,0.8,0.7,0.8,1,,0.9,0.8,,1,0.8,0.5,0.6,0.3,0.5,0.4,0.5,0.7,1,0.6,0.9,0.6,0.8,0.7,1,0.4,0.3,0.7,0.4,0.8,0.5,0.6,0.7,0.3,0.6,0.5,0.5,0.5,0.5,0.7,0.2,1.2,0.9,0.9,1,0.9,0.8,1,0.7,0.8,0.8,1.6,0.9,1,1.1,0.6,1.2,,0.7,0.9,0.7,,0.4,0.7,0.4,,,0.7,0.6,0.6,1.1,0.8,0.3,0.7,0.9,0.5,0.4,0.7,0.8,0.8,0.8,0.4,0.7,0.6,0.8,,0.7,0.6,0.4,0.8,0.7,,0.4,0.4,0.6,0.6,0.5,0.7,0.6,0.6,0.6,0.6,0.7,0.8,0.8,0.9,0.5,0.9,,1.3,,0.9,0.8,0.8,0.9,0.8,0.8,0.9,0.9,0.8,0.7,0.9,0.7,0.7,0.6,0.7,0.6,0.5,0.7,0.5,,0.4,0.8,0.9,0.6,0.3,0.6,0.6,0.8,0.8,0.9,0.6,0.8,0.8,0.6,0.8,0.9,0.8,0.9,0.9,0.8,,0.7,0.9,0.7,0.7,0.6,1.1,0.6,0.7,0.7,0.6,0.9,0.6,0.6,0.8,0.4,0.5,0.5,1,1.1,0.8,0.6,0.8,0.4,0.9,0.4,0.6,0.2,0.9,1.2,1.1,0.7,0.7,0.7,0.4,0.5,0.6,1.7,0.5,0.5,0.8,0.8,0.7,1,0.7,0.6,0.9,0.9,,0.9,1,0.8,0.5,0.7,0.5,0.6,0.7,1,,0.8,0.6,0.7,0.9,0.5,0.9,0.9,0.6,0.7,0.6,0.8,0.7,0.9,0.9,0.8,0.8,0.9,1,0.4,0.3,0.3,0.5,0.4,0.4,,0.8,0.4,0.7,0.8,0.5,0.5,0.5,0.4,0.6,0.4,0.5,0.7,0.8,0.7,,0.5,0.5,0.7,0.9,0.9,0.5,0.8,0.9,0.9,0.6,0.8,0.8,0.8,0.5,0.6,,0.5,0.9,0.8,0.8,0.7,0.6,0.8,0.7,0.8,0.7,0.4,0.9,0.8,0.9,1.1,0.7,0.9,0.8,0.6,0.8,0.5,,0.7,,0.6,0.5,0.2,0.6,0.8,0.5,0.7,1.2,0.8,0.9,0.8,,0.6,0.6,,0.7,0.7,0.5,0.5,0.5,0.2,0.6,0.7,0.6,0.7,0.7,0.5,0.4,1.1,0.5,0.5,0.6,0.6,,0.7,,0.9,0.7,,1.3,0.7,0.6,0.6,0.6,0.9,0.9,0.4,,0.4,0.7,0.6,0.6,,,1.8,0.7,0.5,0.6,0.6,0.8,0.5,0.7,0.9,0.5,0.7,0.5,0.5,0.4,0.6,0.5,0.5,0.5,0.7,0.6,0.7,0.9,,0.9,,0.8,0.9,0.6,0.9,0.8,0.9,0.9,0.9,0.5,0.7,0.8,0.7,0.2,0.5,0.5,0.6,0.7,0.7,0.7,1,1.4,0.9,0.4,0.4,0.7,0.7,0.8,0.7,0.8,1.9,1.1,,1.4,0.6,0.9,0.8,1.2,0.4,0.7,0.6,0.2,1.2,0.9,0.9,0.6,0.6,0.5,0.9,0.6,0.9,0.8,0.4,0.7,0.7,0.7,,0.8,0.5,1.2,0.2,0.7,0.7,0.3,0.7,0.7,0.7,0.5,0.6,0.7,0.8,0.8,1,0.6,1,1.3,0.6,0.6,1,0.8,0.8,0.7,0.7,0.8,0.7,0.6,0.5,0.6,0.6,0.6,,0.9,0.3,0.9,0.6,0.5,0.7,0.5,0.4,0.7,0.7
20210423,10,AQI,28,50,26,25,25,30,46,30,29,73,30,45,,,24,,27,26,26,,25,,25,27,,28,21,,97,56,75,77,59,72,89,,25,26,,38,25,32,32,35,,33,,42,44,51,43,49,50,46,50,47,53,,70,75,51,31,,32,31,41,44,35,,41,42,34,40,38,39,,45,49,45,48,90,,84,120,124,77,80,79,,41,36,,,48,47,36,35,42,26,25,,33,38,27,43,36,,34,38,40,42,36,40,38,38,36,37,38,103,69,85,70,74,57,69,92,57,57,51,45,74,,42,35,40,35,39,47,55,51,102,100,114,112,113,,103,107,97,108,70,62,77,69,77,75,62,83,52,84,,55,58,59,55,62,60,52,58,53,98,59,98,,,,87,52,,75,69,63,,,,58,,56,73,67,64,67,58,67,,60,,,,74,65,,46,62,64,55,52,,36,82,72,80,63,55,82,58,,54,,79,65,,80,97,,77,65,75,,77,89,100,,54,65,49,,,73,79,69,29,30,47,51,,92,,,59,,81,60,,30,27,31,16,16,14,,74,74,60,59,58,56,55,52,44,52,49,48,46,53,62,48,41,49,44,,33,24,37,33,38,64,41,35,36,22,,38,27,28,,49,41,55,51,,49,55,,51,32,,,85,92,92,62,,59,72,76,72,79,70,74,75,68,65,33,34,38,28,32,26,28,,38,32,52,46,40,54,41,50,43,45,48,34,77,70,,69,75,58,91,73,72,70,69,54,46,52,52,47,67,,48,59,58,65,59,57,49,49,63,65,67,60,,53,78,70,65,64,49,46,50,54,52,,,,65,62,68,99,90,99,80,85,56,61,56,59,,44,42,45,51,42,60,44,26,31,,31,43,58,,78,63,40,70,81,60,62,,,61,67,68,64,67,,87,127,103,125,,,118,59,48,53,58,55,57,60,53,54,57,,61,55,55,68,63,67,33,35,31,31,46,40,66,68,67,64,59,56,63,86,,65,61,87,70,,64,39,,51,,,,54,33,,,,59,51,,26,20,32,27,,25,38,39,54,46,39,32,34,44,44,45,55,,45,22,55,,74,70,53,61,55,63,53,48,64,,32,48,42,33,30,27,31,49,62,55,103,,59,59,42,34,32,30,,20,,,41,51,49,40,,47,59,,,,26,26,77,,54,65,60,,98,83,92,73,55,26,27,30,32,27,,,,90,,72,48,,62,39,54,46,55,56,52,39,35,37,,58,,,58,,57,61,55,53,50,,35,47,,44,39,28,33,36,52,44,57,60,67,43,,57,54,60,67,62,59,,39,,54,87,94,,67,,,60,62,59,56,52,,62,63,,,53,56,,71,,46,52,,63,132,,,110,108,,88,,,82,,115,113,117,,97,92,61,55,39,,36,31,69,34,35,26,24,45,45,43,,32,62,27,,31,30,28,26,90,77,55,78,158,53,67,59,70,62,78,52,49,,,47,58,,78,71,66,38,36,41,52,45,58,54,58,,51,,63,,73,49,54,42,35,,42,45,28,,123,,114,148,125,123,,43,32,,,,60,,55,,112,,138,,103,82,82,72,69,,68,,62,52,51,53,36,48,,49,42,42,43,58,30,,30,,,32,39,35,38,30,38,43,44,46,52,40,37,52,70,54,51,55,,54,33,,25,52,53,63,94,82,88,87,83,,75,52,67,59,48,59,63,59,,,,,,75,,,28,38,35,46,33,29,36,39,41,44,39,58,56,56,57,57,,53,50,68,,69,84,,94,34,28,48,38,38,53,51,52,77,73,68,77,,72,83,111,58,62,59,68,30,26,,29,28,37,30,33,59,59,52,52,,29,,,52,52,107,95,46,64,36,35,,,30,21,64,30,39,35,37,,40,38,56,,,48,77,50,46,49,62,61,50,,49,50,59,59,67,,39,,35,45,46,38,34,,33,44,,62,56,73,69,,,48,51,53,53,41,,51,58,50,,,81,64,72,71,89,,66,84,73,,,,82,,104,94,,,,87,,,90,85,89,,91,,61,55,,,42,27,,,65,71,41,,,50,51,62,61,,47,48,25,26,35,32,33,26,32,23,33,29,37,28,24,39,45,40,43,,34,30,,,45,44,62,75,44,50,32,29,41,35,43,110,,,,37,50,38,42,75,59,67,60,,45,39,69,64,70,56,64,,,,27,30,33,74,62,,28,49,58,,41,44,45,,80,68,60,58,,63,67,77,62,70,65,71,,57,,28,,25,28,25,42,75,65,,103,,80,,,,48,55,49,52,97,97,,46,,59,64,49,63,46,69,56,24,33,47,60,29,,29,53,40,56,49,54,55,50,,29,24,36,22,30,32,20,55,55,51,58,39,48,58,,,40,50,50,55,52,38,47,39,49,54,44,39,39,41,44,,45,50,48,54,52,52,50,52,51,68,72,,83,70,63,,73,67,77,49,,45,38,58,,63,64,65,60,55,54,49,45,44,44,42,55,46,,70,63,55,51,,,72,55,,59,46,51,49,59,63,55,52,41,,43,50,42,,38,38,,35,33,41,38,,52,31,55,30,53,38,,,24,31,,36,43,39,47,52,35,23,37,35,38,,33,35,39,30,48,32,35,32,32,22,26,28,46,30,26,50,36,49,36,18,28,,70,65,65,66,42,,44,48,49,46,67,53,74,64,55,49,45,63,60,42,51,42,51,67,54,54,54,38,20,25,,17,,51,34,35,51,52,,28,59,,,50,74,63,,,38,49,45,,,58,43,40,59,55,,43,,39,,,,,47,48,59,55,40,51,37,29,,43,33,40,,52,56,52,59,60,54,60,,,,,46,33,41,52,46,57,42,,39,84,63,55,53,42,49,42,86,83,,66,57,52,,77,82,68,68,103,71,53,56,89,,61,59,,55,,,31,34,,,38,,29,,24,22,22,22,22,23,,57,50,55,24,23,22,32,,42,50,15,26,27,78,,121,126,38,,115,98,,41,49,22,23,31,,59,73,67,,51,55,38,29,28,33,32,,36,35,,,22,27,23,133,139,137,133,26,,30,26,22,69,121,25,54,57,29,,,53,36,39,42,,15,33,44,26,56,64,107,67,29,27,27,60,109,,93,59,60,80,77,60,61,,85,,90,51,125,39,87,80,111,14,,29,26,51,52,23,,,42,63,83,25,,58,59,57,36,,99,35,,,73,68,63,62,53,60,75,70,100,65,45,67,51,63,83,,26,33,,99,54,97,77,25,,,62,82,65,30,31,53,27,64,61,34,95,23,33,26,34,36,,58,52,,54,36,46,57,,74,59,107,63,36,32,29,36,61,73,57,46,41,50,61,110,,45,30,83,,,34,23,,,60,88,49,45,69,33,40,59,52,79,78,50,64,80,38,56,58,43,,73,56,56,46,53,,84,,48,108,119,127,110,99,103,88,43,,63,103,52,46,,77,,43,45,40,44,59,83,87,86,70,68,62,65,43,49,55,,57,56,83,,51,95,70,68,56,39,33,27,,60,52,72,83,81,50,51,108,129,57,,,117,135,,50,51,81,49,89,45,45,83,35,59,55,26,61,45,63,60,89,97,50,33,49,,49,32,84,54,42,51,49,58,,56,63,55,35,45,43,63,35,31,31,40,54,36,,54,59,57,120,66,79,88,52,49,,83,29,30,59,34,77,62,53,,65,63,59,40,36,52,64,62,35,55,27,24,28,27,22,,98,53,45,84,71,32,49,52,61,70,32,73,92,,29,54,35,32,30,29,74,46,60,58,88,72,50,71,,52,,69,123,67,72,23,40,48,22,69,77,36,85,77,89,60,42,79,,35,42,18,,33,,34,28,40,41,35,57,,39,42,26,51,,24,46,,51,77,54,57,31,,25,35,56,58,40,55,55,,30,32,36,37,,117,,54,37,,32,57,62,61,63,33,110,38,,28,54,40,52,,,130,97,50,42,102,28,35,30,26,41,79,53,51,70,77,65,66,75,58,,68,93,,65,,80,64,79,49,78,51,74,63,55,60,64,52,24,31,268,179,40,28,74,104,73,80,56,61,64,56,69,74,57,46,69,,64,74,138,107,108,95,72,55,65,59,80,28,55,43,43,62,69,58,36,33,78,62,69,,57,25,62,33,73,75,56,78,43,38,25,45,25,61,104,58,56,59,94,61,78,35,30,33,39,27,28,30,38,38,63,77,45,,,29,108,67,35,53,39,36,92,64
20210423,10,PM2.5,17,35,17,14,14,21,20,4,5,53,13,31,,,10,,13,13,10,,9,,10,6,,11,9,,72,39,55,56,42,52,66,,13,16,,26,12,18,22,19,,9,,29,26,29,30,33,34,24,33,28,25,,44,50,29,14,,17,13,23,26,20,,27,29,23,28,25,27,,31,29,22,27,67,,62,91,94,56,59,58,,18,19,,,16,9,22,21,15,17,17,,22,23,16,18,16,,22,22,14,19,22,14,13,10,18,18,10,77,50,63,51,54,40,50,68,40,40,24,18,54,,18,20,20,16,27,23,37,32,76,75,86,84,85,,77,80,72,81,51,44,56,48,56,55,44,61,36,62,,39,41,42,33,44,43,36,41,37,73,42,73,,,,64,36,,55,50,40,,,,41,,34,53,48,46,48,41,48,58,43,,,,54,47,,30,44,46,39,36,,24,60,52,59,45,39,60,41,,38,,54,47,,59,72,,56,47,55,,52,52,75,63,28,47,31,,,53,58,44,19,17,24,18,,68,,,37,,42,43,,14,18,19,9,5,8,,54,54,39,36,37,30,29,32,22,34,34,29,24,34,31,27,19,34,23,,13,12,19,10,26,46,21,24,25,12,,14,9,8,,34,24,27,32,,34,39,27,27,22,,,63,68,68,44,59,42,52,42,49,46,51,48,45,46,42,21,12,17,19,19,17,14,,19,15,36,32,26,38,23,35,30,21,33,11,55,50,,46,46,32,64,47,21,49,50,30,22,28,24,27,32,,26,33,36,43,42,23,24,22,34,41,43,31,,30,55,44,47,35,33,24,27,35,20,,,,44,40,49,74,60,63,57,47,36,39,34,37,,25,25,23,23,21,25,23,16,9,14,12,14,20,,38,40,28,44,44,40,33,,,39,40,31,31,48,,64,96,77,95,,,89,42,22,27,27,39,29,34,31,34,29,,37,35,39,40,33,34,7,4,8,9,16,1,34,32,38,30,34,32,36,38,,34,36,36,35,,35,17,,21,,,,38,17,,,,31,25,,16,13,13,9,,17,26,27,38,32,27,22,19,21,20,31,39,28,31,13,31,,54,45,24,32,14,27,19,27,34,,22,32,27,16,8,12,13,34,41,39,77,,42,42,24,21,13,12,,14,,36,23,25,28,20,,16,42,,,,18,14,56,,38,47,43,,73,61,68,53,39,12,16,9,16,7,,,,67,,52,31,,44,12,20,22,39,38,36,24,24,13,,41,,,41,,40,42,37,37,25,,22,23,,17,27,15,21,24,22,27,29,37,27,30,33,34,17,23,22,28,30,,23,,22,64,70,,20,,,32,30,27,28,26,,33,41,,,31,34,,22,,28,30,36,37,100,,,83,81,,65,,,60,,87,85,88,,72,68,31,29,10,,24,15,50,16,13,11,13,30,20,30,28,22,31,17,,9,21,15,9,67,56,39,57,120,37,48,42,51,44,57,24,24,22,,30,36,38,57,44,34,26,20,24,29,24,41,38,41,,30,,45,,53,32,34,29,24,,29,31,2,,93,,86,113,95,93,25,30,22,,,,36,,39,,84,,105,,77,60,59,52,50,,49,,44,36,31,36,21,25,,34,29,22,26,41,21,,17,,,22,27,20,13,3,26,23,28,27,24,15,17,24,51,33,27,28,,33,14,,16,17,37,40,70,60,65,64,61,,55,34,48,39,32,42,45,42,,,,,,50,,52,19,20,13,22,19,20,24,27,16,10,13,36,28,33,31,35,,31,35,49,,50,62,,63,18,19,32,26,23,35,31,35,56,53,49,56,,28,28,36,36,44,35,49,21,12,,20,19,20,6,,42,42,27,27,,12,,58,36,36,80,71,32,46,25,24,,,13,13,13,21,17,14,11,,7,8,22,,25,33,56,35,32,34,44,37,35,,34,24,42,42,48,28,27,37,24,31,32,24,23,,17,24,,40,34,53,50,,,33,33,37,37,28,,32,35,35,,,36,46,51,51,66,,44,62,50,51,46,41,60,,78,70,,,,64,61,,67,63,46,,43,,19,18,,,29,7,,,38,26,28,,,33,35,23,20,34,19,33,16,17,24,22,23,18,22,16,23,20,18,19,14,27,31,28,30,,20,19,50,,31,29,33,41,21,35,21,20,28,24,28,83,,,,19,33,24,28,55,35,48,43,,31,27,50,46,51,34,46,,,53,17,14,10,54,44,,19,30,36,,22,27,31,,59,49,43,41,24,45,48,56,44,43,41,34,,40,17,13,,10,9,16,18,55,47,,77,,59,,,,20,28,34,36,72,72,,30,,42,46,34,14,14,50,17,10,23,16,20,12,10,20,20,14,23,23,33,34,22,,14,12,17,11,15,13,5,32,27,23,24,27,19,21,,,19,27,29,39,36,24,24,27,34,35,22,23,21,24,27,,30,31,24,38,33,36,34,28,30,49,21,,61,51,45,,53,48,56,32,,31,19,41,,45,46,47,43,36,23,34,29,23,25,25,39,32,,51,45,39,27,28,,49,31,7,42,32,34,34,42,45,39,21,12,,30,35,29,,22,26,,22,23,25,18,,36,18,22,21,28,24,,,13,18,,23,24,26,32,36,17,16,20,24,12,,22,24,27,21,33,19,18,22,22,12,11,14,18,16,14,35,25,34,25,12,18,12,41,35,31,24,15,,12,22,23,18,48,37,49,39,23,22,25,35,36,12,33,29,25,31,34,30,25,19,14,11,,9,16,33,22,20,13,17,32,19,42,36,36,35,54,45,,,24,32,25,,32,21,21,21,28,39,,30,,27,,,,,30,8,19,24,9,19,23,7,,14,23,21,26,22,25,35,42,43,30,40,,,,,8,17,26,33,27,40,26,,22,62,40,39,30,15,24,16,54,37,37,40,33,31,,56,60,49,49,77,42,31,35,58,,35,33,,39,,,10,12,,,12,,8,,8,6,8,10,11,15,44,40,35,32,13,12,12,22,,18,19,10,9,13,55,,40,46,26,26,34,25,,27,24,10,10,16,,33,40,37,,27,32,26,20,4,11,15,,25,24,,33,9,15,16,52,54,71,40,7,,17,4,12,42,36,7,11,17,14,,,32,25,23,21,,10,16,16,10,29,46,80,44,7,14,7,43,82,,42,42,43,59,56,43,35,,63,,67,30,95,27,64,58,46,6,36,18,17,19,28,14,,,21,38,61,9,,25,32,35,21,,74,24,,,53,49,45,44,37,43,48,51,75,47,31,39,31,43,61,,11,23,,74,16,72,48,7,24,,44,60,42,21,17,37,10,46,34,10,71,16,8,18,13,25,19,41,36,36,38,7,30,34,,54,36,80,45,17,16,19,25,34,53,40,22,20,28,32,83,,31,13,61,,22,22,16,,,27,65,34,28,50,7,21,42,27,50,55,31,46,59,22,36,39,30,,53,24,26,31,22,,29,,33,81,90,96,83,74,77,65,30,27,31,25,27,25,,56,,30,31,28,22,42,61,64,58,51,37,43,47,29,26,28,,32,33,61,,14,71,45,29,21,17,23,17,,43,34,52,61,48,32,35,81,98,36,37,,88,103,,35,35,57,34,66,31,31,61,24,27,39,18,22,13,44,35,66,72,29,23,34,,34,7,62,38,29,29,34,39,,29,45,39,12,30,30,45,24,16,17,28,31,14,,34,42,40,91,47,58,65,36,25,,61,12,4,30,13,56,37,29,,32,45,42,28,25,33,46,44,22,39,17,3,10,18,13,,73,36,31,62,36,22,22,19,42,44,19,41,68,,7,38,15,2,6,9,54,20,43,41,65,52,35,47,44,26,,44,93,48,52,12,28,21,15,50,56,25,63,51,66,41,19,53,34,24,29,12,,23,,15,19,11,19,19,30,24,27,29,17,34,,12,19,,35,56,36,28,18,1,17,20,32,28,27,32,38,24,11,14,19,20,,88,,38,24,,18,31,44,42,43,22,83,16,,18,30,24,22,,,99,66,35,28,76,4,24,12,5,26,58,29,34,51,38,38,31,42,27,28,44,45,,40,,59,46,47,34,57,35,54,45,38,34,46,24,11,10,218,135,25,19,54,78,53,22,34,34,46,29,46,43,28,29,42,,46,54,105,80,81,71,51,39,38,42,59,19,38,30,30,44,46,41,21,20,57,40,50,,17,11,44,4,53,55,39,57,30,26,14,31,11,35,78,41,37,40,51,30,57,24,21,23,27,13,18,4,12,18,45,56,31,,75,20,69,48,22,36,5,11,68,46
20210423,10,PM2.5_24h,35,49,37,30,32,41,35,36,35,51,33,38,,,24,,27,25,23,,21,,27,26,,27,16,,50,46,52,51,47,53,47,,28,23,,38,25,20,26,27,,17,,47,42,44,39,38,39,41,36,37,30,,30,40,30,20,15,18,18,35,30,29,,31,37,31,34,40,48,,48,44,48,48,58,,40,64,63,55,51,48,,22,23,,,21,16,22,20,36,38,35,,35,36,36,37,39,,42,27,21,15,21,12,16,13,18,25,21,37,30,30,27,24,26,33,29,29,30,41,40,53,,44,44,55,43,49,62,54,55,47,43,47,45,50,,47,38,46,49,35,33,42,35,38,30,38,51,38,84,,40,37,61,37,34,70,44,47,44,65,48,35,,,,51,48,,47,45,33,,,,41,,35,40,42,36,41,43,40,43,64,,,,71,58,,35,64,65,48,51,,45,66,59,61,32,42,48,24,,29,,32,30,,44,46,,45,36,40,,43,46,53,30,18,28,23,,,26,45,29,21,19,24,23,,49,,,36,,44,49,,16,17,22,14,12,14,,43,39,41,35,33,29,26,24,23,29,29,22,25,25,32,28,26,30,17,,22,12,18,19,12,21,13,21,21,13,,16,9,9,,31,31,32,34,,41,46,30,39,14,,,23,25,22,17,24,16,40,34,35,37,39,38,37,35,31,21,14,19,18,24,19,17,,18,18,25,33,19,23,18,19,24,17,24,10,40,39,,36,35,32,49,37,43,39,37,26,24,24,23,23,32,,17,22,24,36,26,21,21,25,30,35,38,29,,30,49,35,30,28,26,23,23,25,18,24,,,37,33,38,48,48,48,39,28,30,29,26,30,23,25,24,22,24,24,25,23,10,12,15,11,13,16,,25,24,28,27,18,27,25,,,22,27,18,25,29,,97,92,75,80,,,98,56,27,30,32,35,31,34,35,35,27,,32,27,48,45,35,36,9,8,12,8,14,4,34,35,40,31,38,42,33,37,,34,35,37,34,,29,18,17,23,,,,23,20,,,,33,25,9,12,13,11,9,,19,19,21,24,25,22,20,17,16,17,24,36,19,25,13,34,,47,42,35,32,17,24,24,29,23,,42,40,51,26,18,18,19,34,37,35,60,32,42,41,18,18,17,19,,21,,27,24,25,26,36,,34,47,,,32,33,33,64,,59,50,49,,47,45,43,40,43,19,12,12,17,14,,,,55,,45,49,,57,31,32,41,32,32,33,23,22,21,,39,,,46,,39,42,44,36,29,25,29,28,,17,17,15,16,20,20,20,24,20,18,30,34,35,19,23,20,30,35,32,22,,18,52,45,,29,31,,38,33,32,31,23,,30,33,,,52,48,,26,,23,28,23,35,87,67,,87,68,,49,50,,47,,72,53,66,,60,55,14,15,8,,20,21,24,26,26,18,14,40,35,38,39,34,43,11,,18,19,10,15,57,42,32,46,61,37,38,43,46,42,36,21,22,18,,27,46,46,60,46,47,30,23,22,31,20,35,40,35,,34,,47,,40,38,35,30,32,,36,24,6,,68,,65,87,71,71,38,50,38,,,,36,,30,,67,68,78,,68,63,64,44,37,,38,,42,43,38,42,21,23,,22,21,20,20,20,18,,22,,,15,27,11,13,5,27,30,28,29,14,10,11,15,34,31,25,32,,33,12,12,25,33,49,55,53,50,49,45,46,,36,22,29,29,35,42,40,35,,,,,51,44,,40,23,28,17,22,21,26,16,14,12,12,15,25,21,31,29,29,,27,31,42,,25,27,,35,27,28,34,32,29,35,31,42,43,44,42,50,,40,40,70,29,42,26,56,14,17,,9,9,25,40,16,48,46,34,34,,15,,28,21,21,32,27,16,17,14,15,,,10,11,10,13,15,13,20,,11,17,35,,39,43,42,38,34,38,40,37,36,,44,40,42,44,46,37,42,38,40,39,39,22,24,,38,27,,26,30,29,35,,,26,36,28,34,33,21,24,22,21,,,20,52,53,51,70,,51,32,34,26,29,25,42,,42,48,,,,43,44,,40,31,23,,21,,37,34,,,33,17,,,34,30,24,,,26,30,28,19,25,26,30,29,28,25,28,29,22,25,22,30,50,32,39,38,32,26,28,30,,24,24,32,,19,21,22,23,23,22,23,17,28,26,29,88,,,215,133,161,120,119,158,104,112,97,51,42,39,272,235,291,204,204,,,202,23,29,26,79,78,,53,38,32,,34,34,40,,50,51,30,41,26,38,36,49,28,35,26,24,41,25,28,24,,21,15,23,23,55,37,,34,,42,,,,27,23,30,38,41,42,,25,,37,38,34,21,16,29,27,20,33,25,38,18,11,16,22,16,29,37,31,27,15,,14,12,17,15,16,16,10,37,23,13,23,25,20,22,,,8,13,9,14,14,25,29,25,35,27,21,26,23,22,22,,23,24,23,24,19,21,22,16,31,34,21,,65,67,61,,64,68,65,48,,46,35,36,,33,33,35,37,32,32,37,37,34,34,37,42,38,,44,44,41,25,26,,36,27,12,29,25,26,37,44,46,45,22,19,,31,31,25,,23,21,,22,18,22,23,,21,12,15,19,15,18,,,18,26,,22,20,22,24,27,17,23,26,25,18,20,33,26,30,30,25,22,22,30,25,9,11,15,13,18,14,23,19,19,17,8,11,10,35,26,30,25,19,19,10,15,20,18,37,33,35,27,30,30,33,33,32,34,30,33,30,33,35,32,25,28,16,17,,12,16,21,17,18,20,27,30,26,53,53,49,47,39,51,,,19,22,20,,22,20,18,21,31,34,,43,,36,,,,,23,20,24,28,21,14,15,18,,10,22,23,24,23,24,36,38,39,25,39,,,,,8,8,37,40,27,27,24,,23,52,35,32,31,11,19,12,47,30,43,38,28,28,,45,49,44,43,60,41,27,18,40,,39,36,,23,2,,8,11,,,14,,5,,12,7,12,11,11,16,21,26,22,25,12,13,11,21,,16,10,9,14,16,44,,40,49,19,17,55,58,,23,24,13,11,10,,34,40,23,,20,25,20,18,9,11,23,,26,26,,32,18,17,19,136,124,72,50,9,,15,9,10,20,18,12,10,12,18,,,14,17,16,16,,14,10,10,10,25,21,78,37,8,29,19,52,46,,25,55,47,76,30,51,35,,35,,52,44,109,24,39,43,79,10,36,37,32,19,40,13,,,29,20,43,28,,28,28,31,22,,49,40,,,29,56,58,36,43,42,29,27,29,63,24,31,20,27,54,,23,34,,53,25,38,32,5,25,27,40,48,35,16,16,25,24,64,26,12,27,27,18,31,8,29,26,32,32,29,34,7,26,40,18,27,31,69,47,20,23,21,39,30,55,34,20,20,30,31,67,,31,25,48,,13,18,14,,,20,55,47,33,32,10,23,43,41,51,66,21,33,47,18,34,23,26,,31,18,21,27,18,,55,44,18,43,37,43,48,46,47,30,48,25,32,32,34,21,,46,,34,34,26,33,31,50,55,44,40,33,38,36,22,27,27,19,30,26,47,,11,41,34,32,21,27,45,38,14,39,45,44,47,37,27,29,66,74,28,31,,69,76,53,66,54,179,17,42,21,21,41,22,19,34,16,28,15,65,71,59,43,48,12,43,51,28,12,53,34,29,44,48,52,33,26,34,35,19,14,32,48,18,23,12,24,34,21,19,26,36,40,50,39,37,46,34,31,,53,29,35,33,22,43,34,36,46,35,36,40,36,38,42,36,20,33,34,22,7,10,13,13,,43,28,29,44,29,20,24,17,26,17,22,22,50,52,27,58,34,16,26,25,38,24,37,33,34,28,36,40,37,34,,70,74,40,40,45,25,20,16,35,34,28,54,43,60,48,30,43,33,40,27,21,,33,,25,24,15,25,33,47,46,36,37,30,30,,16,24,,28,24,20,18,18,19,23,29,26,24,26,26,40,22,14,12,18,19,,37,,37,19,,21,32,35,30,37,45,60,17,,18,36,31,23,,,92,33,44,47,48,13,30,12,19,51,53,31,46,46,45,38,39,42,29,36,37,36,,39,,87,33,38,46,30,40,32,48,27,32,47,29,9,6,336,377,19,23,48,64,55,45,37,26,39,28,34,33,25,24,33,,40,39,80,70,184,34,46,18,18,49,61,32,55,35,25,38,28,42,28,21,50,29,36,,16,38,28,6,31,47,56,36,47,37,36,38,33,26,55,53,44,39,161,33,52,22,30,24,47,38,33,34,23,18,45,41,44,,112,26,97,28,29,42,6,5,45,34
20210423,10,PM10,28,37,23,25,17,19,46,7,11,59,30,43,,,15,,27,18,18,,20,,9,9,,12,18,,94,61,81,71,66,63,94,,22,23,,22,25,25,23,35,,27,,33,44,51,42,49,50,46,50,47,56,,90,100,51,31,41,32,17,41,44,35,,41,35,34,40,38,17,,40,49,45,48,113,,86,130,123,90,88,88,,41,31,,,48,47,36,27,42,19,23,,33,38,27,43,36,,34,38,40,26,26,23,30,20,24,30,27,71,56,64,65,59,41,51,67,60,43,51,45,71,,42,35,40,31,38,47,60,51,62,65,68,64,53,,63,55,52,54,77,63,66,88,92,68,61,85,48,68,,53,39,28,59,60,58,35,34,19,25,22,78,,,,68,54,,68,78,75,,,,46,,61,67,69,58,66,61,56,66,60,,,,70,67,,46,46,32,36,44,,36,63,51,51,59,41,52,34,,41,,108,76,,91,90,,97,79,84,,103,127,96,78,58,77,49,,,75,74,88,29,30,47,51,,97,,,68,,111,70,,30,27,31,12,8,14,,79,91,69,67,66,61,59,53,44,53,30,48,46,56,73,48,41,46,44,,33,24,37,33,38,56,41,31,35,12,,38,27,28,,30,41,59,51,,48,51,49,51,27,,,73,90,78,73,78,66,85,102,94,108,89,98,100,86,80,33,34,38,28,32,26,28,,38,32,44,33,40,34,41,40,36,45,36,34,104,90,,87,99,65,132,95,94,90,78,58,46,54,54,47,84,,48,68,66,80,58,63,49,49,75,80,83,69,,55,105,90,65,78,49,46,50,57,53,65,,,80,73,74,117,130,148,110,120,62,72,61,67,,44,42,45,52,42,69,44,26,31,58,31,43,66,,105,75,37,90,111,69,73,,,71,83,86,77,69,,74,117,103,134,,,127,54,48,56,66,56,63,70,56,58,63,,71,60,60,86,75,83,15,22,26,18,46,17,82,85,84,77,68,61,76,122,,79,72,124,90,,77,39,,52,,,,57,33,,,,67,52,31,26,19,32,27,,22,35,29,30,38,33,29,34,44,44,41,56,34,36,22,60,,91,89,56,71,60,75,56,48,78,,29,48,42,29,21,27,31,37,73,35,64,,37,33,42,34,32,19,,12,,,41,52,49,40,,47,66,,,39,21,26,59,,33,67,46,,119,95,117,85,53,24,17,14,24,17,,,,88,,78,48,,64,39,58,46,51,61,51,22,29,37,,39,,,59,,59,72,59,50,50,,31,47,,44,33,28,33,36,53,44,63,70,84,35,56,64,58,70,83,73,67,,39,,57,96,102,,83,,,70,74,68,61,54,,73,76,,,55,62,,91,,46,53,67,76,79,86,,66,107,,53,,,64,,105,109,118,,96,68,72,59,39,,36,31,64,34,35,25,18,45,45,34,30,32,73,24,,25,21,28,20,32,37,32,43,66,56,84,58,78,57,74,53,49,48,,47,66,92,97,92,81,34,36,39,54,45,53,50,66,,52,,48,,66,49,58,42,33,,40,42,2,,110,,129,155,128,127,25,32,32,,,,70,,41,,137,127,135,,94,85,113,93,85,,70,,46,52,52,56,36,48,,41,41,42,43,43,27,,30,,,19,39,35,38,16,32,43,44,46,53,40,37,53,63,57,52,59,,57,33,,25,53,49,75,85,85,90,87,80,,73,54,58,68,48,51,53,68,,,,,,99,,119,21,38,35,46,33,26,36,35,41,44,39,66,61,61,64,64,,55,45,73,,77,87,,137,34,26,48,36,38,56,51,54,78,73,73,84,,93,115,171,65,49,68,49,13,21,,16,22,37,30,26,48,47,54,54,,29,,67,46,46,87,74,42,48,25,29,,,30,8,78,20,32,26,12,21,10,16,61,,78,31,71,48,42,49,66,71,49,,41,50,53,60,60,34,33,36,32,39,40,38,34,,33,44,,73,61,58,84,,,31,51,54,36,41,,52,66,44,,,112,75,93,92,76,,81,107,95,112,120,116,76,,76,86,,,,94,70,,83,78,128,,131,,71,60,,,29,27,,,80,92,41,,,50,52,74,72,56,47,47,25,26,24,14,21,16,31,23,31,22,37,27,17,28,19,26,24,,34,30,63,,43,44,73,100,44,33,32,28,41,32,43,142,,,,36,50,38,42,63,68,63,46,,44,37,69,44,63,61,47,,,66,27,30,33,71,64,,16,49,66,,41,44,44,,63,75,49,52,42,51,49,57,68,90,79,91,,60,29,28,,16,21,15,42,63,69,,111,,96,,,,48,59,48,54,103,104,,46,,38,43,49,76,46,61,62,15,32,47,69,18,15,19,55,40,61,49,57,60,50,,29,24,36,22,30,32,19,60,60,51,65,33,48,66,,,40,50,50,48,53,38,47,39,39,58,44,39,39,41,44,,45,50,48,52,53,50,50,53,51,83,94,,99,68,67,,89,58,66,49,,39,38,59,,68,68,58,58,59,58,44,45,44,44,42,33,38,,72,50,47,51,64,,94,59,58,44,42,51,32,40,47,46,53,41,,32,35,37,,38,38,,35,32,41,38,,50,31,60,28,56,38,43,29,24,31,43,36,43,39,47,42,35,22,37,25,38,30,33,33,34,25,33,32,35,29,31,22,26,28,46,30,23,34,28,43,33,17,28,19,90,79,79,82,42,,44,48,49,46,77,55,98,78,60,49,45,76,69,42,52,34,51,83,57,57,57,38,15,25,,11,35,51,34,35,52,54,,28,54,53,54,45,79,72,,,38,49,45,,50,65,43,40,67,60,,41,,37,,,,,47,48,68,60,40,52,37,29,,43,30,39,49,53,62,53,46,56,57,69,,,,,46,33,41,54,46,50,42,,39,84,76,55,55,19,49,40,121,115,88,81,64,53,,77,82,57,78,147,91,56,61,128,,72,67,,39,4,,22,34,,,26,,16,,16,12,12,22,22,23,63,62,49,60,15,18,22,31,,42,50,15,20,27,105,,191,201,36,33,180,146,,41,49,22,23,31,,68,95,83,,52,60,36,26,12,33,32,,30,27,,48,19,27,16,215,227,223,216,23,,30,26,22,87,191,20,57,64,29,,,55,24,39,42,,14,33,44,26,61,64,83,84,14,20,14,61,88,,135,62,43,45,74,55,72,,72,,83,52,106,35,115,110,171,6,49,29,26,51,53,16,,,42,76,116,19,,66,67,64,36,,102,35,,,49,64,69,47,53,70,100,66,94,59,31,84,52,75,56,,19,24,,120,58,126,103,22,36,,49,78,79,30,31,19,15,50,71,12,48,19,33,18,34,35,,52,51,48,58,16,46,63,,73,67,103,65,36,32,29,33,71,86,64,46,41,50,72,145,,42,30,83,,50,34,23,,,70,62,39,45,86,10,40,48,53,107,106,50,77,74,38,61,66,41,,68,62,61,46,56,,117,,15,64,62,75,71,52,69,35,31,52,76,156,53,46,,80,,41,39,35,44,43,92,122,122,82,86,73,70,43,49,59,,64,62,107,,52,127,89,86,61,39,21,26,26,54,53,66,80,111,50,51,96,130,63,88,,157,137,,44,51,111,39,54,34,35,82,25,67,48,15,71,45,75,69,105,102,50,27,45,,39,9,90,36,29,51,40,66,,62,61,52,25,45,38,44,32,31,31,35,57,36,,58,68,53,121,82,96,95,54,49,,92,17,3,68,34,62,73,56,,80,66,47,38,32,54,58,55,35,46,27,24,28,27,22,,139,56,45,110,92,31,49,53,71,89,32,95,99,,8,53,35,16,23,20,79,46,65,50,94,72,49,91,50,53,,87,128,64,66,12,39,48,16,79,88,25,84,103,90,70,42,107,51,29,41,14,,33,,34,27,17,41,35,63,40,38,38,19,52,,17,46,,51,68,58,63,31,56,19,35,61,66,40,59,60,39,30,32,36,37,,80,,49,37,,32,64,55,71,75,33,113,38,,28,57,40,53,,,104,144,41,42,114,14,18,15,24,41,90,56,52,66,103,79,81,100,65,52,85,135,,80,,72,71,107,38,81,51,70,70,60,70,61,53,10,31,287,286,40,26,93,95,77,110,61,72,61,61,87,98,64,46,87,,64,82,151,117,140,135,94,51,80,39,42,16,59,29,37,53,88,54,36,33,94,73,85,,64,6,54,33,81,63,62,73,34,36,23,41,20,72,123,54,61,67,138,72,98,30,18,18,33,18,28,28,38,36,62,77,39,,128,27,165,73,35,55,6,36,95,61
20210423,10,PM10_24h,37,45,44,38,40,37,45,41,36,50,46,54,,,30,,35,32,33,,35,,64,38,,32,25,,73,68,77,73,75,68,79,,26,28,,26,38,33,31,37,,30,,73,62,79,61,63,66,74,67,62,71,,65,70,68,20,17,27,19,20,55,50,,49,43,44,46,52,49,,66,70,64,68,92,,55,94,78,81,73,70,,37,36,,,33,34,31,33,62,62,62,,57,69,65,77,74,,64,49,62,35,27,30,39,29,33,42,35,71,59,67,53,49,46,67,50,52,58,74,81,89,,88,81,86,74,69,90,91,86,68,57,60,61,60,,63,50,58,52,64,54,56,60,74,42,64,73,55,65,,59,64,63,59,65,61,55,48,52,53,54,36,,,,67,40,,59,70,63,,,,59,,61,69,80,56,64,64,51,65,98,,,,107,87,,52,54,73,57,65,,50,60,48,47,46,39,51,33,,37,,54,50,,77,65,,95,65,74,,104,95,89,42,46,49,38,,,39,53,61,38,40,58,47,,74,,,62,,115,85,,37,30,37,31,28,33,,66,64,74,71,64,46,58,35,41,44,31,35,42,44,51,43,39,40,28,,45,39,49,49,36,33,30,33,37,16,,36,34,26,,30,49,60,55,,56,58,54,61,18,,,31,31,29,30,32,24,69,76,65,79,80,74,81,72,61,29,31,32,30,31,27,30,,30,32,30,21,28,24,26,24,21,28,26,23,80,74,,73,87,68,97,75,103,77,71,57,59,57,60,48,85,,39,50,57,86,56,58,49,51,69,68,71,59,,46,90,74,56,60,52,46,51,52,48,54,,,81,72,78,107,99,105,86,76,56,57,49,60,43,43,42,38,42,45,54,50,25,26,35,28,29,27,,49,36,43,53,55,53,52,,,35,58,50,56,58,,125,126,97,114,,,141,72,52,70,72,58,71,72,66,70,66,,49,54,93,67,66,80,18,34,51,23,46,27,84,72,115,80,84,75,70,117,,86,72,110,80,,55,33,38,38,,,,47,50,,,,61,59,34,34,30,37,33,,40,28,23,30,31,26,24,25,32,33,31,53,26,29,22,51,,60,53,54,48,45,54,49,50,56,,72,70,82,51,43,46,54,47,41,34,58,55,40,38,38,36,42,33,,32,,44,49,47,39,46,,59,68,,,46,33,32,62,,51,73,56,,68,70,69,61,47,29,20,19,27,25,,,,70,,57,68,,61,59,55,55,32,34,41,26,29,35,,32,,,69,,68,68,67,52,51,51,52,65,,36,32,34,34,42,40,39,53,49,54,53,53,60,46,48,51,63,63,61,40,,48,86,78,,66,65,,68,63,68,62,39,,59,55,,,72,82,,58,,43,55,74,64,81,83,,83,98,,52,49,,53,,97,74,95,,84,62,33,34,28,,46,56,53,71,61,50,27,75,60,66,56,54,84,26,,46,29,23,36,34,43,40,40,61,63,78,67,77,67,58,94,91,95,,91,83,90,100,100,89,59,50,43,58,47,44,48,44,,55,,59,,56,50,50,44,44,,52,46,8,,82,,85,122,93,93,64,65,65,,,,64,,55,,110,102,95,,91,84,88,66,61,,52,,56,53,58,55,44,45,,29,36,31,29,26,21,,29,,,23,32,30,24,13,36,48,44,48,31,36,28,38,53,50,47,56,,53,26,26,39,65,71,77,68,72,79,65,70,,54,51,42,55,45,57,60,54,,,,,79,77,,89,31,40,40,50,34,32,25,31,31,33,39,63,51,63,62,53,,51,48,75,,52,53,,91,48,47,64,49,57,74,62,70,64,64,67,76,,142,148,338,66,48,44,52,13,20,,29,34,98,107,104,58,47,54,54,,22,,33,28,28,33,28,20,19,16,20,,,19,13,45,18,29,31,18,22,19,21,66,,77,76,67,58,57,51,65,69,64,,73,93,66,74,72,59,60,56,53,69,66,42,43,,68,72,,63,61,42,62,,,25,48,37,42,47,38,33,38,37,,,73,81,92,91,84,,94,73,71,65,74,90,57,,54,62,,,,69,64,,53,54,65,,68,,77,65,,,41,44,,,63,59,39,,,65,64,41,39,56,56,45,43,45,37,39,36,35,41,41,56,67,71,68,59,36,28,32,32,,58,46,49,,47,49,59,59,52,37,62,52,52,56,50,128,,,264,186,206,219,153,195,154,160,111,73,71,54,375,282,277,244,270,,,244,52,65,51,112,110,,39,49,49,,42,47,47,,51,54,43,52,35,39,48,44,56,65,52,58,54,48,34,31,,25,28,31,36,62,58,,46,,55,,,,51,49,43,54,56,61,,42,,45,47,43,46,35,44,44,28,53,44,67,29,14,23,29,27,56,56,74,51,33,,34,24,31,30,30,29,11,63,40,43,43,30,40,47,,,24,23,23,24,23,42,53,46,46,52,45,40,37,43,37,,40,41,38,37,33,33,36,31,48,60,61,,105,87,88,,90,73,82,61,,64,62,48,,61,53,55,57,55,54,49,52,50,49,54,54,60,,57,52,53,39,50,,57,54,51,37,28,36,38,43,43,41,38,38,,38,34,40,,33,28,,33,22,30,27,,33,26,29,30,44,34,36,33,29,34,37,32,35,31,46,36,32,27,37,30,30,40,36,39,42,39,36,38,36,36,42,14,22,20,33,34,18,27,26,33,28,13,21,14,75,63,71,70,48,38,46,38,39,52,70,66,73,64,52,50,50,70,61,52,56,44,52,86,54,48,53,44,30,32,,34,45,36,28,33,31,42,47,46,70,75,70,68,56,91,,,34,33,35,,42,48,42,38,61,58,,59,,54,,,,,37,43,52,51,42,26,27,40,,29,32,43,53,51,64,51,54,62,58,71,,,,,29,19,62,66,47,47,40,,40,68,62,53,59,24,46,37,77,72,56,71,46,50,,67,73,63,65,107,85,53,46,100,,69,65,,29,5,,29,40,,,33,,8,,19,13,21,30,24,31,50,59,43,44,17,23,23,25,,33,30,17,26,32,139,,143,148,33,36,326,355,,37,35,19,20,16,,69,70,41,,39,44,32,28,27,27,81,,60,65,,76,31,27,28,576,498,396,345,18,,27,27,24,82,89,133,102,122,100,,,40,38,38,26,,13,30,30,37,56,33,83,75,20,34,29,83,60,,79,96,43,43,43,156,63,,37,,58,58,133,33,76,78,388,11,50,78,65,37,89,18,,,51,47,99,33,,58,64,72,37,,61,43,,,28,91,109,47,51,64,62,35,35,99,31,55,43,51,45,,34,50,,93,67,65,50,19,29,65,39,72,65,27,28,20,31,80,61,21,38,38,46,35,32,48,49,45,48,42,48,18,38,70,42,51,50,98,79,30,33,32,67,62,93,51,38,36,49,63,115,,49,34,57,,30,32,24,,,45,64,55,45,41,16,41,67,68,175,95,45,53,60,35,64,55,34,,54,44,48,51,55,,258,69,34,55,52,55,59,58,70,40,47,50,52,106,46,33,,67,,57,47,38,44,47,81,112,103,90,87,84,74,48,63,72,53,67,50,115,,47,86,82,79,50,44,26,20,22,45,61,54,68,67,34,37,99,106,47,52,,125,101,79,79,82,246,37,51,33,31,64,30,35,43,25,37,30,97,117,82,63,65,18,53,75,33,20,70,38,31,61,51,79,78,51,58,56,50,29,39,40,25,30,26,41,61,49,40,58,69,72,67,75,63,72,50,51,,69,31,33,56,38,52,68,45,78,81,55,57,59,53,64,57,21,44,46,41,31,41,30,31,,82,61,46,92,77,45,53,47,43,55,43,55,85,71,14,77,50,21,27,22,62,40,49,42,42,35,46,92,57,67,,106,104,56,56,63,49,43,20,66,42,53,81,98,85,77,54,70,44,43,40,26,,44,,34,38,19,36,43,72,58,47,52,35,46,,26,52,,48,36,37,41,39,54,34,50,50,55,49,45,59,40,27,30,41,36,,51,,44,36,,33,62,48,57,75,80,103,41,,32,63,49,42,,,103,79,62,83,89,21,21,23,30,63,92,55,78,71,95,91,73,74,64,57,64,86,,73,,91,54,84,58,53,49,37,76,53,61,73,61,12,30,1143,1009,44,39,77,102,91,99,68,64,60,60,76,85,53,47,62,,52,54,109,95,243,68,83,22,27,46,42,25,73,55,68,77,52,60,39,29,74,67,63,,83,56,34,63,56,51,90,58,49,44,34,42,40,42,86,55,61,55,158,60,114,26,30,25,43,39,45,37,41,37,67,50,79,,157,44,149,53,48,52,9,19,64,42
20210423,10,SO2,1,3,2,2,1,5,2,1,3,5,3,1,,,5,,5,6,6,,4,,4,3,,7,2,,5,8,3,7,1,8,8,,5,10,,5,12,6,10,2,,3,,12,6,11,4,7,3,6,8,9,6,,9,12,5,4,6,8,5,6,5,5,,6,2,6,3,11,10,,3,5,5,4,12,,8,9,5,10,7,7,,10,6,,,7,7,8,9,8,12,13,,13,9,9,9,4,,13,3,4,4,10,4,8,8,7,4,6,9,5,6,13,7,6,6,8,16,8,18,34,23,,16,16,11,19,13,27,22,16,4,6,6,8,6,,3,10,8,8,13,3,10,4,6,2,8,3,1,7,,2,5,4,6,5,5,2,4,11,11,8,10,,,,9,9,,9,13,8,,,,4,,5,4,2,5,6,5,6,,8,,,,4,9,,5,3,5,5,4,,8,6,4,10,5,6,3,3,,6,,14,17,,4,5,,5,6,2,,5,4,5,,10,6,6,,,6,9,10,7,4,6,6,,7,,,3,,7,7,,5,4,5,4,4,5,,7,5,5,5,6,8,6,6,5,5,5,4,6,5,9,9,4,5,2,,4,6,3,4,4,4,12,3,6,2,,5,1,3,,4,6,7,6,,6,5,6,8,5,,,5,4,5,7,,4,10,11,8,6,6,8,11,9,8,17,6,5,12,6,8,5,,5,7,9,5,4,7,5,8,5,8,6,10,17,14,,11,11,13,14,15,12,13,10,4,7,11,8,7,8,,9,6,7,13,8,7,8,6,12,20,16,14,,12,25,23,9,7,8,8,8,11,12,10,,,17,17,10,14,16,20,12,10,12,19,10,10,5,5,7,5,3,7,5,7,4,4,6,4,4,11,,9,26,14,29,24,19,14,,,22,23,9,5,25,,6,9,7,6,,,8,20,8,8,9,10,7,6,5,7,8,,10,18,10,13,9,15,4,4,4,4,4,5,12,7,8,12,9,10,6,8,,12,7,5,8,,16,4,8,14,,,,9,11,,,,16,27,5,4,4,6,5,,4,7,3,6,8,7,5,5,5,7,9,5,5,5,2,14,,68,16,20,38,14,14,10,10,11,,4,9,5,7,11,9,6,13,13,10,48,,12,13,5,5,4,5,,3,,5,5,5,5,3,,4,7,,,9,4,5,5,,1,5,5,,15,9,23,10,5,7,6,5,8,11,,,,8,,5,8,,7,6,7,9,5,4,3,2,3,4,,5,,,11,,13,44,36,6,9,8,14,9,,5,5,6,6,6,6,6,6,16,29,8,,12,9,9,10,10,11,11,6,,6,10,12,,14,,,11,14,16,9,7,,71,19,,,6,5,,6,,16,10,,15,9,9,,9,9,,2,,,3,,4,8,7,,8,9,27,20,10,,7,7,9,6,7,5,6,14,16,9,,6,20,12,,10,4,10,12,16,12,24,27,17,14,18,8,18,11,6,4,11,,,4,6,,8,6,6,3,5,8,12,8,6,4,4,,12,,9,,7,4,4,3,5,,3,3,4,,5,,6,6,6,3,,7,8,,,,10,,8,,13,7,11,,26,16,10,4,2,,2,,6,6,5,6,10,6,,8,8,17,7,8,8,,9,,,8,1,3,2,2,5,4,4,6,9,7,5,5,10,7,5,7,,6,3,,7,11,17,3,10,12,10,6,14,,36,9,52,19,20,14,11,14,,,,,10,23,,19,2,8,5,2,1,16,11,7,9,8,6,6,4,7,8,7,,5,12,6,,4,4,,13,5,4,5,4,4,4,4,3,8,10,6,5,,11,23,99,48,17,11,9,2,4,,4,3,3,5,2,13,7,5,5,,6,,8,6,6,5,5,12,9,9,5,,,5,10,8,9,6,4,3,3,4,4,6,,,5,5,12,10,16,5,5,6,,4,4,7,7,7,9,8,,8,11,7,5,8,,4,5,,3,4,6,7,,,5,4,14,4,5,,7,7,12,,,15,6,3,4,3,,4,17,18,,20,,6,,6,5,,,,3,,,13,15,16,,18,,6,10,,,5,5,,,12,10,25,,,2,4,7,9,5,7,5,17,10,24,13,17,12,13,11,16,2,4,4,5,8,8,6,10,,11,14,8,,18,14,21,21,4,4,9,9,7,9,9,11,,,,5,7,4,6,7,12,9,5,,6,6,7,4,10,14,8,,,,3,28,2,8,8,,9,9,8,,6,8,10,,5,5,6,5,,2,3,9,8,16,5,17,2,7,,13,,4,3,3,7,6,6,,7,,7,,,,6,4,6,7,7,6,,6,,7,7,7,6,4,6,3,4,4,7,17,4,,4,3,6,12,10,10,5,4,,3,4,6,7,12,8,13,25,25,25,22,8,9,15,,,14,24,20,15,16,5,12,9,12,22,6,8,7,5,18,,16,17,14,4,5,6,6,5,2,18,15,,14,8,6,,11,8,8,7,,5,6,12,,8,8,9,6,9,9,9,9,9,9,5,5,5,,6,6,5,12,,,82,11,,3,4,6,6,6,5,8,7,9,,5,5,4,,5,3,,9,6,9,7,,7,5,5,6,8,21,9,12,10,12,11,9,12,8,12,12,3,4,2,2,1,4,4,4,4,3,6,15,5,6,7,4,8,6,6,2,3,4,4,3,3,6,14,8,19,20,26,10,7,,10,13,10,9,9,7,29,14,1,4,9,23,20,9,7,11,8,8,71,17,16,11,4,2,,3,11,12,14,16,5,10,7,11,4,,,6,11,11,,,5,10,9,,5,21,12,13,7,6,,5,,7,,,,,6,8,11,10,10,13,13,13,,9,13,19,19,18,17,4,3,5,3,5,,,,,4,5,7,10,6,10,6,,5,10,8,11,10,5,6,8,7,7,12,14,12,13,,10,8,5,4,8,10,6,9,10,,12,9,,9,8,,8,4,,,4,,11,,11,9,5,6,5,5,,15,12,10,5,4,17,12,,71,46,8,6,4,8,,2,7,5,6,4,4,,5,5,4,14,16,,6,6,34,,16,3,16,45,14,16,8,,5,10,,9,3,3,5,4,6,5,6,5,,5,2,10,5,5,10,8,6,4,,,8,6,5,5,,11,4,5,2,48,8,9,12,6,3,4,5,6,,18,14,10,6,9,7,3,,8,,8,6,6,8,21,25,37,19,8,6,11,8,5,3,,,4,6,7,4,,7,14,25,9,,16,6,,,10,11,4,7,11,9,10,7,11,5,6,23,19,14,6,,6,7,,16,10,5,12,3,21,3,3,6,3,8,3,2,3,11,25,7,17,4,2,3,9,4,,4,4,,3,5,12,7,,38,8,9,9,9,10,7,6,8,11,18,16,10,6,11,8,,6,4,4,,10,4,4,,,11,8,8,5,12,8,16,4,8,8,29,7,11,12,4,8,16,3,,11,11,16,25,26,,51,2,5,4,3,6,4,3,5,6,3,10,51,10,19,48,,15,,3,3,4,6,6,8,10,8,9,13,15,15,7,8,6,10,11,10,10,,10,9,12,20,6,2,5,1,10,10,6,6,8,6,2,5,9,,10,,,6,3,6,5,12,22,20,27,13,8,10,9,24,9,6,12,8,4,4,10,13,5,4,5,6,4,9,8,5,5,2,4,9,8,5,7,20,4,48,6,6,9,5,7,6,9,7,,14,16,6,6,6,9,9,11,2,,6,3,5,23,21,1,6,2,6,8,2,7,6,6,5,5,12,5,3,2,7,8,5,6,,14,9,6,11,5,8,7,10,10,12,6,11,8,9,10,13,3,2,7,9,4,7,9,3,9,13,6,7,,6,,4,12,6,7,6,9,10,8,21,19,16,8,16,8,12,7,9,,5,2,8,,6,,7,5,5,5,6,6,7,9,11,4,16,,8,16,,10,13,4,4,7,17,6,2,19,10,8,10,7,6,3,5,11,11,,6,,6,18,,6,8,4,15,3,6,7,5,,8,16,7,12,,,6,14,3,9,7,3,2,2,5,9,11,5,3,7,7,10,4,7,8,8,10,9,,5,,11,8,2,8,27,22,5,7,11,8,10,4,6,6,6,18,4,5,12,10,3,18,13,10,10,8,12,13,16,16,22,,24,6,4,3,39,9,18,9,6,9,2,7,4,8,10,5,6,6,5,10,4,8,8,,8,5,11,6,4,4,4,3,2,2,1,1,1,13,7,6,5,15,18,16,8,4,4,7,3,2,5,6,7,6,7,4,5,,,12,9,8,15,6,8,6,9,8
20210423,10,SO2_24h,2,3,2,2,3,3,2,2,2,4,2,2,,,5,,5,6,5,,4,,4,4,,6,2,,5,9,3,6,2,8,8,,5,10,,6,12,6,10,3,,3,,9,3,5,8,10,5,7,9,11,6,,8,8,6,4,7,9,6,6,5,6,,5,4,6,3,11,10,,5,5,5,5,8,,7,8,7,8,6,6,,8,6,,,7,7,8,7,10,15,16,,14,12,14,12,8,,15,4,5,4,10,4,8,8,7,4,4,9,5,6,9,7,6,6,7,11,6,19,24,19,,18,15,14,19,14,25,19,16,5,6,4,9,6,,3,9,8,8,12,4,9,4,6,1,5,4,1,7,,3,6,4,6,5,7,2,5,11,12,9,7,,,,8,6,,7,12,5,,,,4,,6,4,3,5,6,5,7,4,6,,,,8,7,,5,4,5,3,4,,6,5,13,11,5,8,3,3,,5,,6,6,,4,5,,5,6,2,,5,4,5,6,10,5,7,,,5,8,9,5,4,6,6,,5,,,3,,8,8,,4,3,4,4,4,5,,6,4,6,6,5,7,5,5,4,5,5,3,5,5,8,8,3,5,2,,5,6,4,4,3,4,10,3,7,2,,5,2,4,,6,6,7,6,,6,5,6,7,5,,,5,4,5,6,4,4,8,8,6,5,5,6,8,7,7,7,6,5,5,6,7,5,,4,6,8,4,4,6,5,7,5,7,5,8,10,10,,9,10,9,8,9,7,7,6,4,6,9,7,7,6,,6,5,5,9,8,9,7,6,8,8,8,8,,8,17,15,7,6,5,5,6,9,7,8,,,12,9,8,11,12,12,11,13,13,15,9,11,5,5,8,6,3,8,5,9,4,2,3,3,4,10,,8,10,10,11,11,12,6,,,9,8,4,4,9,,10,10,7,7,,,15,11,7,8,9,9,6,6,5,7,7,,8,17,11,11,14,15,3,4,4,4,4,5,10,6,6,9,7,8,6,8,,9,7,6,7,,7,4,6,7,,,,10,15,,,,15,18,5,4,3,6,5,,4,6,2,5,4,6,5,5,6,6,6,3,5,5,4,10,,19,10,14,16,10,13,7,7,8,,6,8,6,10,12,8,7,9,10,8,52,7,11,10,5,5,4,5,,3,,5,5,4,5,3,,4,7,,,10,5,5,8,,3,7,7,,29,13,21,10,5,8,6,5,9,11,,,,7,,7,8,,6,7,7,9,5,4,3,3,3,4,,6,,,10,,12,12,9,6,9,8,12,10,,5,5,6,6,5,6,7,5,14,10,5,7,12,9,8,9,7,7,7,6,,7,6,7,,15,13,,7,9,11,10,9,,20,11,,,6,4,,8,,19,15,15,18,9,9,,10,9,,3,6,,4,,8,9,9,,12,10,10,18,7,,9,7,10,8,8,7,6,19,16,13,13,10,17,11,,27,4,8,11,10,9,15,16,10,13,16,11,14,11,6,3,7,5,,4,7,8,8,7,6,3,5,7,11,6,6,4,4,,12,,14,,9,7,6,5,7,,6,5,4,,3,,4,4,4,2,7,9,10,,,,7,,6,,7,5,7,,11,7,9,4,3,,4,,6,8,5,7,6,6,,11,8,13,6,5,9,,7,,,5,2,2,1,2,4,4,4,6,9,6,5,4,7,5,5,6,,5,4,4,7,12,16,6,13,12,8,8,9,,28,10,20,10,10,14,14,16,,,,,8,8,,8,4,7,6,3,2,14,8,6,6,7,6,4,4,6,6,7,,5,16,7,,3,2,,11,5,4,5,4,4,5,4,3,9,12,8,6,,9,76,24,25,15,11,10,1,4,,5,3,3,4,1,18,9,5,5,,5,,8,5,5,4,4,8,6,9,4,,,6,10,8,10,6,4,4,3,4,4,7,,8,6,5,7,8,8,5,5,6,,4,4,9,8,7,10,7,8,7,7,5,5,8,,5,5,,2,5,12,21,,,5,4,6,4,5,7,7,6,6,,,6,6,3,5,4,,4,8,10,11,9,10,7,,7,6,,,,4,5,,11,9,13,,12,,14,18,,,7,5,,,13,10,19,,,3,4,6,9,7,8,6,15,11,11,20,12,12,12,11,11,5,7,7,8,8,9,7,8,,7,9,9,,16,11,14,12,5,4,10,8,7,8,10,13,,,36,16,17,13,12,17,12,10,8,10,7,6,14,13,15,19,14,,,20,3,6,3,10,13,,9,9,8,,6,7,10,,6,5,3,6,3,2,2,6,8,14,5,15,11,8,5,8,,4,3,3,6,6,6,,4,,6,,,,5,5,6,6,5,5,,8,,9,9,6,6,4,6,4,4,5,7,7,5,2,5,3,7,5,7,8,4,4,,3,4,8,8,17,8,13,18,17,16,11,10,16,21,,,5,11,10,7,8,4,9,8,12,15,7,9,10,9,15,,12,14,13,11,9,9,8,6,11,17,24,,20,10,6,,12,9,9,5,,3,5,8,,5,9,10,6,12,8,8,8,8,8,4,5,3,,6,6,5,11,11,,15,12,7,3,4,6,6,7,5,8,5,6,,4,4,4,,5,4,,7,7,8,7,,8,5,5,6,7,7,10,7,6,9,13,10,10,7,11,9,2,2,2,1,1,5,5,5,5,4,7,10,5,7,7,4,6,6,5,1,3,3,4,3,3,6,10,7,18,10,9,8,9,8,10,7,8,8,5,5,11,6,4,14,9,20,17,7,7,10,7,8,26,12,11,8,8,7,,11,7,11,11,9,6,10,7,10,6,11,8,9,10,12,,,7,12,8,,6,19,16,13,6,7,,6,,9,,,,,6,6,8,8,8,13,14,12,,8,9,16,13,13,12,3,3,5,4,5,,,,,4,5,9,10,6,10,4,,5,7,6,8,7,5,6,8,6,6,11,10,11,12,,10,9,10,4,10,11,5,8,7,,27,9,,12,8,,9,5,,,4,,8,,11,8,5,6,5,6,5,13,10,7,5,8,14,12,,17,17,8,9,9,9,,4,6,4,7,5,4,,5,5,4,14,17,,6,7,5,,13,5,16,18,10,18,11,,8,11,,12,4,3,5,4,5,3,3,5,,6,3,10,5,5,6,3,5,4,,,7,4,5,4,,2,4,5,3,23,5,9,9,5,3,4,6,7,,13,14,10,5,8,8,3,,6,,8,6,17,8,16,18,30,11,7,10,12,8,6,4,,,4,6,6,4,,9,14,16,8,,5,5,,,8,10,4,7,9,6,8,8,8,6,4,10,13,10,6,,6,4,,8,12,4,10,3,15,5,4,6,5,10,4,2,3,11,18,8,14,4,3,3,8,3,8,5,5,4,4,5,13,6,7,14,5,8,10,7,9,5,7,6,13,17,15,6,7,9,6,,5,4,4,,14,3,4,,,7,6,9,6,6,8,8,4,9,7,10,15,8,10,4,6,8,3,,10,7,10,18,21,,30,2,5,4,2,5,4,3,5,6,2,16,13,19,14,14,,11,,3,2,4,5,5,7,8,7,7,12,11,9,6,5,5,8,9,8,10,,9,8,8,12,6,2,5,2,11,8,6,3,7,5,2,4,8,7,6,6,,5,2,6,7,13,23,13,17,9,9,8,10,11,10,7,9,8,8,7,10,9,6,4,6,8,4,6,8,5,5,2,3,8,8,5,10,18,6,11,6,6,8,5,6,7,8,7,4,4,20,7,5,5,8,6,16,2,,6,3,2,15,25,2,7,2,6,6,3,7,7,5,6,3,10,4,3,2,4,8,4,5,,7,8,6,8,4,6,8,11,7,7,6,6,5,8,11,14,3,3,5,8,6,6,6,4,4,5,5,6,6,7,,4,7,9,11,6,10,10,7,16,8,12,8,9,8,16,8,8,7,5,2,11,,7,,7,6,5,5,5,7,7,10,16,5,14,,7,16,,8,7,7,4,6,10,6,14,6,9,11,11,10,6,2,5,9,7,,5,,6,5,,6,9,7,13,3,6,6,4,,7,24,11,9,,,6,10,3,9,3,3,3,2,6,8,5,7,3,7,6,9,3,7,6,8,6,7,,5,,13,5,2,6,21,13,5,5,9,7,8,4,6,7,6,9,3,9,6,15,3,22,6,8,9,8,11,9,12,14,15,,18,5,3,2,21,9,8,4,6,10,8,8,7,10,12,7,4,6,5,8,4,7,8,,4,6,10,3,5,3,7,4,3,3,2,2,3,16,6,7,5,12,26,22,7,6,4,6,2,2,3,3,7,5,8,5,6,,9,10,9,7,12,9,8,6,9,8
20210423,10,NO2,20,9,14,19,18,20,23,4,6,22,18,24,,,18,,20,19,16,,20,,26,18,,14,18,,14,13,13,10,12,16,24,,24,25,,27,26,13,16,27,,16,,21,14,24,12,12,13,11,17,20,24,,31,36,20,26,18,20,8,13,16,14,,17,19,13,20,7,14,,9,10,13,18,47,,31,44,49,26,28,34,,14,11,,,11,13,15,11,7,16,26,,18,42,30,30,35,,38,27,26,8,15,10,13,11,8,13,9,60,54,72,72,65,20,19,76,70,58,15,30,40,,21,34,19,25,29,18,16,36,32,53,53,56,32,,40,40,34,41,42,32,21,34,36,32,16,26,29,24,,32,34,26,26,29,18,21,20,13,20,17,20,,,,19,19,,16,21,24,,,,26,,30,27,29,29,30,26,35,26,27,,,,28,20,,19,29,22,13,8,,9,19,27,21,20,22,13,20,,16,,18,16,,37,36,,35,35,48,,37,39,50,43,34,42,41,,,48,41,42,23,15,37,19,,37,,,29,,34,29,,18,13,26,15,14,25,,40,43,25,38,30,22,22,30,20,21,22,11,22,18,28,22,28,17,26,,16,14,12,18,9,30,19,16,37,10,,18,14,7,,11,28,25,24,,31,22,28,13,18,,,26,24,18,29,,20,25,19,16,21,29,20,21,28,22,38,30,26,48,25,36,41,,19,22,38,25,32,22,26,27,28,22,28,13,70,49,,62,54,31,102,66,59,58,27,32,40,50,30,16,44,,46,36,48,33,36,33,12,17,44,42,36,28,,24,48,37,23,27,26,27,23,34,14,28,,,58,62,56,38,40,61,44,46,27,42,36,35,13,14,20,14,15,23,28,22,10,21,28,9,15,14,,44,62,25,51,73,40,37,,,71,45,78,52,64,,35,51,68,58,,,51,2,12,31,10,11,12,19,24,21,8,,16,23,16,33,22,24,14,8,19,14,18,5,32,34,30,52,43,35,36,61,,20,25,56,25,,49,18,,44,,,,21,16,,,,30,22,29,25,11,23,22,,10,21,32,27,25,26,36,32,19,31,33,4,,26,6,26,,33,38,28,33,22,20,19,16,17,,20,55,27,11,13,14,31,24,26,28,38,36,46,32,15,11,9,7,,13,,22,19,21,25,22,,15,20,,,12,13,19,23,,20,23,20,,21,16,16,12,4,41,32,30,20,31,,,,32,,23,9,,23,18,23,22,20,17,13,14,20,30,,15,,,22,,17,16,35,18,16,8,13,11,,23,21,18,11,17,13,10,16,15,14,26,26,22,13,16,17,24,27,23,8,,12,38,45,,17,,,17,17,16,19,16,,40,38,,,15,12,,8,,17,13,20,28,27,19,,18,24,,14,,,11,,19,26,22,,26,20,46,37,29,,35,16,28,30,32,6,6,25,23,14,,9,39,19,,12,33,33,14,31,24,21,39,30,23,31,17,25,23,24,13,14,11,,7,25,25,24,31,18,11,14,11,16,12,21,18,22,,31,,25,,19,16,18,28,14,,28,23,4,,48,,35,41,34,44,13,15,16,,,,13,,15,,18,20,30,,28,30,36,14,18,,17,,38,14,31,28,21,13,,22,21,14,13,18,12,,13,,,11,23,16,18,10,12,21,15,21,12,14,10,9,18,16,13,15,,18,5,5,13,39,45,42,14,44,29,34,18,,39,15,53,38,37,49,32,50,,,,,30,61,,56,19,26,22,22,19,16,26,9,37,26,22,14,11,29,27,28,,12,15,41,,56,60,,82,11,21,37,33,36,24,28,32,20,20,23,20,,15,12,28,26,22,19,25,6,13,,18,8,6,11,6,12,16,22,22,,16,,21,25,25,19,16,10,10,15,12,,,14,22,11,14,14,17,13,16,13,12,24,,,17,15,33,27,29,24,32,30,,11,22,23,25,22,14,23,,12,9,13,15,16,,37,22,,38,36,18,31,,,23,20,26,14,15,19,12,17,10,,,38,16,16,17,19,,16,37,35,32,36,33,19,,22,26,,,,10,16,,27,27,54,,45,,10,20,,,18,7,,,10,15,7,,,11,13,5,6,6,8,7,36,19,10,19,20,22,40,35,29,25,20,17,27,17,10,23,16,,25,24,,,23,42,40,56,15,14,8,24,14,11,13,30,,,,11,22,18,17,12,20,15,10,,18,10,16,11,20,22,17,,,,6,24,6,19,23,,10,16,31,,20,32,16,,17,10,14,12,24,8,14,5,21,26,20,37,20,14,,12,,4,6,6,29,14,17,,16,,20,,,,5,19,17,12,10,12,,15,,19,13,27,24,11,20,8,3,13,16,23,6,2,7,9,7,13,12,15,21,20,,16,6,10,14,14,11,5,13,28,21,24,12,16,22,,,14,15,16,16,14,5,15,12,10,15,10,13,9,9,16,,17,17,17,8,12,13,13,8,23,25,22,,33,22,18,,20,14,17,15,,16,12,24,,24,12,16,14,9,13,13,14,12,9,16,16,9,,9,11,12,38,,,47,32,7,18,17,19,12,22,18,12,28,36,,29,27,32,,12,18,,17,9,18,15,,15,14,12,19,19,16,14,19,7,19,14,11,17,16,16,20,6,22,19,14,17,,15,13,13,16,11,9,12,8,15,4,4,20,8,4,4,15,16,13,17,2,14,19,29,28,38,29,15,,10,15,11,16,23,17,32,37,6,7,12,11,16,22,23,11,12,15,14,10,14,26,28,38,,34,,24,11,42,37,39,38,33,25,29,29,17,27,24,,,16,26,25,,36,38,38,34,53,51,,32,,24,,,,,13,33,34,42,31,15,8,29,,29,10,10,16,16,22,10,14,14,6,13,,,,,8,10,19,15,10,16,32,,4,24,35,18,23,6,11,11,50,38,,32,24,19,,7,8,14,12,52,44,17,17,52,,15,26,,11,1,,9,25,,,4,,19,,11,10,4,7,7,14,21,32,24,25,7,12,18,19,,16,17,8,23,24,14,,,11,30,41,7,6,,17,16,8,13,40,,22,49,36,,17,10,18,24,8,10,16,,19,21,,15,21,16,15,22,18,13,7,3,,13,4,15,16,20,10,44,23,23,,,49,24,22,10,,29,16,22,8,41,48,24,79,18,20,17,12,24,,50,21,12,32,46,36,20,,9,,33,16,47,14,65,54,16,27,10,36,17,40,21,4,,,10,32,31,17,,32,33,21,17,,13,12,,,27,20,20,15,17,22,31,24,22,24,35,58,35,53,9,,23,11,,72,14,42,29,6,,11,12,11,15,17,10,11,16,8,61,26,17,11,10,10,28,21,,6,8,5,6,11,30,28,15,68,32,30,24,20,11,15,14,14,40,36,15,45,19,30,21,,10,5,31,,9,37,29,,,43,16,15,18,19,4,20,27,16,9,34,22,17,29,18,11,26,19,,36,51,21,15,24,,19,,20,44,25,46,41,36,37,40,16,,31,14,10,28,,22,,15,7,21,17,16,42,61,65,52,42,41,47,30,25,52,,21,27,42,,9,43,62,22,23,16,17,19,16,38,11,8,18,10,12,15,27,24,24,28,,44,44,15,11,29,42,30,40,26,14,35,31,29,43,11,58,41,46,30,46,22,30,28,23,,18,28,28,19,20,19,21,14,12,9,12,65,16,25,15,18,13,8,6,13,14,14,,25,16,26,38,41,39,36,20,11,,28,3,3,31,8,37,26,23,18,17,20,28,19,24,15,20,19,16,15,9,24,21,22,9,,57,15,12,57,40,13,13,9,24,35,4,34,36,49,14,8,13,6,11,15,18,24,37,10,17,17,24,29,,13,,16,22,13,5,14,14,23,13,31,53,21,28,25,22,40,30,43,21,26,20,19,,6,,16,16,7,20,17,16,12,11,12,19,21,,16,9,,22,17,10,19,15,20,9,5,12,14,10,16,22,6,12,5,4,10,,53,,16,37,,25,14,8,28,21,20,40,27,,23,11,10,2,,,20,35,12,10,30,16,18,18,28,19,25,20,10,20,22,16,19,15,11,20,24,52,,35,,25,26,19,40,41,33,17,17,20,32,22,34,5,9,16,44,42,49,47,18,14,31,14,50,18,35,59,61,30,32,67,,28,15,49,34,51,24,52,42,24,18,26,16,12,16,22,36,69,14,23,14,51,38,39,,11,7,41,8,9,15,17,9,6,20,15,10,16,24,51,8,26,33,31,20,20,12,15,20,19,10,18,5,16,13,10,13,19,,37,11,30,39,31,24,3,13,36,15
20210423,10,NO2_24h,27,18,33,27,41,29,40,27,17,29,41,35,,,23,,23,21,22,,23,,32,28,,23,19,,24,22,26,20,19,25,16,,23,30,,31,29,18,19,29,,24,,27,18,22,29,32,31,32,27,33,26,,23,25,28,32,19,25,15,16,28,32,,31,24,18,25,23,26,,20,22,30,27,57,,17,38,35,50,44,38,,23,27,,,27,21,20,16,18,25,28,,22,34,26,33,34,,32,28,33,13,18,15,22,16,10,20,12,47,38,45,35,37,18,19,38,33,39,31,39,28,,32,32,40,36,45,32,25,45,42,52,48,52,43,,46,29,36,37,39,38,22,41,33,31,23,34,34,35,,55,54,50,44,57,49,42,58,43,42,47,20,,,,26,20,,18,31,26,,,,36,,29,56,46,25,53,48,34,67,47,,,,48,46,,12,31,29,31,28,,34,20,30,30,21,32,22,29,,22,,20,20,,51,37,,68,27,50,,53,67,53,25,53,39,50,,,25,42,37,34,28,43,26,,38,,,63,,49,46,,21,20,25,19,14,20,,35,40,33,44,37,17,21,23,20,23,22,13,18,18,26,23,29,18,12,,26,22,22,24,14,17,20,24,43,14,,22,21,7,,16,23,19,16,,22,17,22,15,10,,,20,20,13,17,18,16,44,41,34,39,42,39,39,46,22,24,27,26,37,36,30,34,,17,16,29,20,24,16,15,23,21,17,24,10,48,40,,54,60,40,65,47,70,50,33,20,32,42,38,27,63,,21,27,51,36,25,29,11,16,36,34,31,28,,12,51,36,19,18,17,14,16,22,16,20,,,51,41,42,38,36,47,43,44,39,38,22,26,12,13,15,10,12,22,27,26,11,12,19,8,9,13,,39,35,47,47,44,48,33,,,36,55,49,40,52,,44,41,45,40,,,55,13,12,34,8,11,11,21,25,25,9,,16,16,40,31,31,37,8,4,10,8,14,5,39,51,42,52,48,54,44,51,,29,38,50,37,,40,12,31,36,,,,20,13,,,,22,20,23,26,13,18,16,,13,16,28,20,18,20,25,27,21,26,27,4,18,30,7,31,,29,37,25,30,21,25,22,22,18,,38,46,38,17,13,13,20,25,28,22,33,34,33,36,20,14,17,14,,13,,29,31,34,28,24,,16,20,,,16,17,23,25,,21,26,24,,23,19,16,23,10,20,15,15,14,15,,,,29,,29,13,,29,30,27,38,23,17,15,16,19,26,,16,,,28,,27,21,34,17,15,13,17,15,,12,11,16,12,14,9,12,15,16,12,23,26,31,10,9,11,30,28,20,7,,11,37,36,,17,18,,14,15,15,17,15,,31,20,,,32,25,,26,,26,24,29,34,23,18,,20,19,,26,30,,21,,31,32,31,,31,27,19,18,16,,22,16,34,21,21,14,8,26,30,24,26,17,39,11,,27,17,19,11,28,26,25,34,26,23,28,21,25,23,14,12,14,12,,6,23,24,22,27,19,14,18,13,16,13,30,28,37,,33,,36,,20,25,28,37,24,,34,29,6,,31,,29,31,21,30,23,19,27,,,,29,,26,,15,22,11,,36,35,23,14,17,,17,,32,28,23,27,26,26,,30,33,31,18,23,16,,21,,,9,13,15,12,7,11,23,11,20,9,10,8,8,21,25,22,27,,28,5,6,21,40,42,42,26,39,34,33,24,,34,14,38,20,18,39,31,32,,,,,32,45,,40,16,21,19,18,16,16,13,7,14,10,14,17,12,34,34,34,,14,19,37,,33,32,,46,9,22,30,30,27,26,26,27,28,34,34,36,,13,14,16,20,20,12,22,5,7,,16,7,5,12,7,16,21,20,20,,15,,14,20,20,24,20,7,6,17,12,,,9,14,15,16,18,18,14,15,11,11,44,,51,49,39,48,34,46,48,52,48,,27,35,58,56,58,41,41,36,34,30,27,23,25,,42,36,,37,41,13,32,,,26,19,17,15,22,19,12,18,14,,,27,15,16,16,17,,14,40,37,35,40,41,20,,25,28,,,,13,12,,27,34,51,,43,,15,21,,,18,13,,,8,13,11,,,11,12,13,16,7,7,8,30,18,10,21,20,16,23,25,23,27,27,28,24,17,12,17,17,,19,23,23,,21,27,23,29,16,13,9,23,9,8,9,36,,,75,40,40,60,37,30,27,29,18,25,20,10,58,47,54,55,30,,,49,11,12,9,21,25,,12,20,33,,27,37,23,,19,14,16,18,25,9,13,13,32,22,27,37,36,19,11,14,,4,12,11,18,21,24,,18,,22,,,,10,20,19,18,17,15,,17,,20,18,27,23,14,24,11,12,28,27,27,11,2,12,11,12,23,28,32,27,12,,15,7,15,16,20,16,7,18,22,25,16,13,17,22,,,12,9,14,13,12,6,16,13,13,12,10,11,9,8,15,,18,16,16,7,8,11,11,7,21,21,26,,23,38,35,,29,23,28,24,,24,25,25,,29,19,21,18,16,15,15,16,15,14,27,24,24,,15,16,15,31,24,,35,28,7,13,14,15,17,23,19,18,27,26,,31,27,27,,11,17,,13,8,16,16,,15,15,20,10,20,14,11,17,6,12,12,10,12,14,11,15,5,16,19,14,22,13,15,11,10,10,10,8,12,9,15,4,4,10,7,4,5,10,11,12,12,5,8,9,32,34,31,31,25,11,20,16,16,23,24,20,25,26,11,11,13,10,14,22,24,13,15,24,18,15,10,14,26,35,,33,22,18,9,20,24,24,18,27,18,25,27,22,25,40,,,9,16,13,,27,37,32,32,45,43,,38,,28,,,,,11,22,25,28,24,13,10,31,,32,6,10,9,11,14,7,10,7,8,9,,,,,5,7,17,20,10,13,26,,4,10,10,17,17,5,8,9,23,36,13,16,21,21,,6,9,9,10,38,38,14,9,35,,11,16,,11,7,,7,23,,,7,,5,,7,6,7,8,9,20,32,43,34,24,5,7,10,16,,21,20,7,21,14,20,,14,15,27,34,10,8,,14,12,11,14,15,,26,35,19,,14,10,17,18,11,13,17,,18,18,,16,19,13,14,13,16,10,7,4,,12,5,11,15,22,5,7,4,3,,,16,10,12,6,,9,13,18,7,25,23,21,50,27,23,19,23,24,,56,30,26,35,43,53,47,,15,,30,18,52,12,41,33,20,14,16,26,25,23,46,6,,,27,22,47,19,,23,20,18,15,,19,41,,,46,44,51,21,21,21,44,35,25,49,25,54,28,31,22,,25,23,,46,15,20,18,4,24,12,15,8,15,13,14,10,19,17,37,19,14,12,12,11,28,22,14,5,7,5,5,9,30,24,17,62,30,34,36,22,20,21,19,32,39,37,16,35,31,40,20,,25,7,32,,10,27,24,,,34,19,22,26,24,3,22,34,25,14,31,22,22,30,11,26,23,19,,22,34,24,17,26,,15,49,29,52,23,30,40,42,44,28,25,26,30,18,18,17,,25,,19,24,27,28,34,39,59,54,55,45,50,41,22,44,41,15,23,25,52,,12,26,50,19,20,24,25,25,22,34,14,14,22,15,17,16,28,19,30,26,,32,29,20,14,26,54,25,29,18,14,27,11,21,44,9,41,21,55,38,35,20,24,13,28,17,15,22,27,29,26,20,20,28,30,11,21,54,28,18,21,21,11,8,6,14,33,15,15,26,17,50,31,54,40,41,29,15,,27,20,15,31,17,35,29,23,43,19,29,31,41,42,49,41,22,35,26,9,20,18,22,7,,36,13,17,48,36,10,24,10,12,23,6,15,38,43,21,19,21,20,26,18,22,24,38,21,12,14,25,40,32,28,,25,14,18,22,20,9,28,13,31,29,26,27,39,25,44,34,29,17,19,27,19,,15,,22,27,9,19,16,26,20,16,15,24,21,,16,11,,28,16,15,17,24,23,14,14,13,20,17,9,11,6,15,4,9,10,,31,,19,13,,17,18,13,24,28,29,36,29,,35,22,16,4,,,37,32,24,26,37,20,29,43,31,25,30,34,30,42,41,34,33,28,23,30,30,27,,28,,24,21,20,33,33,24,29,33,29,36,38,25,4,9,5,13,27,32,44,36,13,21,20,38,16,28,43,49,30,22,42,,33,25,30,29,52,21,43,23,18,18,27,19,29,15,17,43,36,26,16,17,61,58,37,,9,10,43,2,10,32,23,9,25,26,31,16,33,33,22,14,18,35,52,23,33,18,18,23,24,16,33,26,27,30,13,20,28,,38,14,37,41,28,31,5,4,26,14
20210423,10,O3,76,81,81,74,77,69,73,95,92,76,74,62,,,76,,80,82,83,,80,,77,85,,89,65,,92,98,91,89,98,96,68,,80,83,,82,80,102,93,92,,104,,79,88,81,104,92,108,100,103,92,79,,77,80,83,66,57,81,97,78,90,90,,88,75,73,70,96,90,,96,95,94,94,44,,57,29,36,75,67,50,,109,115,,,113,111,104,112,95,81,54,,62,56,66,62,66,,59,108,104,134,114,127,120,121,113,118,120,34,41,30,28,33,55,75,16,25,37,92,88,57,,105,102,124,109,86,111,114,92,55,33,28,37,52,,53,29,51,32,32,52,46,44,46,37,50,40,45,72,,66,49,65,63,65,67,57,57,57,51,59,47,,,,75,80,,76,72,60,,,,75,,57,57,48,53,51,58,56,,93,,,,98,99,,45,51,51,84,88,,89,52,61,61,47,58,41,51,,50,,76,72,,34,29,,37,21,20,,28,43,28,22,40,69,42,,,62,60,48,88,65,34,58,,40,,,45,,55,58,,56,81,53,49,49,39,,22,26,35,49,29,38,45,44,78,66,68,87,58,73,66,67,74,79,54,,68,66,78,68,95,63,51,56,50,68,,63,61,66,,63,57,56,52,,49,58,,70,68,,,44,48,55,45,,53,79,83,82,80,69,78,83,79,75,58,61,64,47,64,56,51,,70,62,31,46,33,42,36,46,40,45,42,48,44,60,,44,55,89,36,48,71,47,88,44,52,26,62,77,96,,42,64,34,82,45,65,81,74,58,51,65,61,,66,35,44,108,69,96,76,85,71,75,73,,,66,56,74,132,124,138,119,104,44,34,41,45,52,53,49,47,42,47,36,48,59,41,60,62,45,68,,11,10,62,33,13,41,34,,,14,26,12,14,23,,58,54,49,40,,,53,84,94,78,95,101,90,80,86,83,99,,136,126,135,117,123,119,105,110,98,98,104,125,52,40,43,21,38,42,52,8,,55,46,6,47,,50,63,17,20,,,,46,85,,,,59,67,52,56,64,51,52,,61,45,55,52,47,43,30,36,42,33,34,104,41,51,66,96,,78,72,86,82,98,93,97,105,91,,72,47,72,103,96,86,79,76,70,56,55,59,42,57,105,94,93,95,,62,,66,74,73,58,73,,73,69,,,86,76,71,44,,60,51,56,,72,72,79,91,80,83,86,94,102,85,,,,30,,40,71,,67,86,85,77,62,60,64,122,112,105,,52,,,57,,63,57,59,118,113,111,109,110,,45,43,49,53,45,53,57,70,66,57,62,60,69,104,91,101,84,88,84,78,,66,70,97,,107,107,,111,124,124,101,62,,38,90,,,84,86,,116,,108,114,107,90,58,59,,69,60,,93,,,94,,99,89,88,,90,95,50,68,69,,57,68,63,67,65,83,76,63,73,79,69,89,61,86,,98,68,73,82,58,58,66,52,59,88,78,99,78,90,72,103,95,100,,102,118,,120,100,130,104,110,130,97,115,50,55,56,,43,,54,,48,48,49,39,48,,38,44,89,,43,,58,51,50,37,85,87,85,,,,94,,89,,72,77,54,,98,91,33,102,104,,102,,25,40,24,37,78,87,,64,72,67,75,84,78,,81,,,89,48,50,44,94,57,46,55,38,41,53,55,53,49,56,50,54,,56,55,56,50,30,20,15,90,53,66,69,61,,99,116,85,92,38,38,37,34,,,,,,16,,24,24,30,29,34,36,53,38,60,24,39,44,136,141,55,57,61,,81,70,46,,16,12,,24,57,33,30,36,31,30,37,31,55,62,60,61,,72,72,64,74,89,100,99,76,82,,66,76,100,91,103,52,48,58,58,,62,,,73,73,53,46,60,54,55,55,,,57,65,65,60,123,109,117,113,125,121,78,,87,82,67,55,59,67,44,35,65,,64,58,54,54,59,99,90,,88,82,70,74,82,,33,30,,24,34,24,24,,,41,90,80,88,88,92,90,90,92,,,76,89,92,86,86,,82,65,61,72,72,69,84,,69,69,,,,119,111,,79,70,52,,60,,114,112,,,93,82,,,90,96,107,,,85,86,65,62,116,112,122,70,79,86,89,75,73,46,59,47,86,69,69,75,72,71,64,71,,69,68,42,,78,56,77,68,77,95,95,86,100,104,104,118,,,,117,98,111,101,125,110,120,123,,82,109,106,109,116,108,115,,,108,76,54,72,70,69,,77,112,114,,112,113,115,,112,112,119,113,111,83,95,84,38,41,47,28,35,38,81,78,,78,87,77,38,59,61,,99,,97,,,,111,108,110,110,101,100,,50,,37,28,29,69,82,71,84,76,78,81,80,92,79,71,62,72,74,76,69,71,41,,46,46,41,50,44,47,63,49,39,48,38,77,66,72,,,39,39,48,50,40,81,64,83,82,69,89,78,89,84,81,,87,84,78,52,48,46,45,50,62,60,70,,56,84,85,,82,84,83,82,,87,83,82,,93,102,104,91,105,94,98,87,91,97,76,82,87,,104,107,107,22,,,17,23,78,68,71,66,70,68,72,72,35,23,,55,64,51,,74,69,,40,56,54,61,,78,87,89,25,28,62,64,,69,63,64,58,62,60,54,54,79,65,64,66,66,37,45,41,41,33,70,57,59,67,48,58,61,51,55,61,81,53,68,67,70,17,12,28,42,43,20,29,46,,50,34,43,60,33,54,37,33,77,77,72,66,64,38,33,58,56,59,56,55,44,25,12,12,,25,,30,35,15,54,52,45,58,63,82,70,82,88,86,,,29,30,29,,,21,28,46,41,20,,24,,23,,,,,70,63,58,56,64,48,55,63,,34,95,126,,118,114,90,77,70,83,100,,,,,63,64,50,59,97,90,13,,83,108,86,81,70,133,125,132,84,99,76,81,111,111,,122,120,118,107,35,61,107,116,50,,87,76,,123,122,,98,98,,,120,,92,,75,70,70,51,58,46,81,71,80,76,76,72,66,97,,54,53,32,81,61,71,,85,78,49,,89,90,,57,51,65,63,34,,40,29,42,,86,73,77,56,88,95,79,,82,51,,59,69,72,70,46,54,72,78,82,,73,71,62,60,69,80,39,60,70,,,40,60,59,46,,17,70,69,59,96,53,62,38,90,84,84,97,79,,51,86,86,44,54,59,59,,102,,33,74,53,64,56,74,78,43,112,58,82,26,62,73,,,93,70,48,80,,60,57,81,43,,73,94,,,34,96,86,47,79,79,32,39,49,100,50,20,52,30,94,,81,78,,48,111,59,55,77,101,80,58,118,103,88,64,52,86,88,22,107,75,61,78,55,40,77,,103,109,108,101,114,36,88,,15,79,69,79,79,82,86,85,89,66,35,84,45,76,60,77,,83,76,22,,127,3,10,,,25,91,90,47,69,105,75,63,71,73,91,73,54,86,50,92,79,42,,42,17,38,58,47,,71,35,42,43,36,24,45,47,49,23,86,112,84,114,104,62,,78,,67,71,42,76,83,73,53,36,50,50,78,50,74,73,48,70,72,40,140,,78,88,61,115,98,75,80,84,79,37,109,87,62,110,52,49,74,73,90,72,,43,36,69,75,78,89,20,26,45,56,33,44,51,25,61,7,18,45,66,53,69,70,45,48,53,54,100,32,70,72,74,74,77,,135,130,50,111,51,64,71,42,70,55,49,56,52,,38,63,60,39,44,31,31,78,59,,35,92,96,84,108,45,61,34,80,73,56,62,86,91,65,63,52,95,54,80,58,59,58,57,,58,119,77,72,78,76,70,66,49,153,82,86,62,62,90,83,88,101,94,91,87,69,33,55,102,94,49,84,92,90,,79,62,103,104,72,99,6,44,30,6,76,74,72,54,50,27,14,46,56,71,56,,83,,72,82,126,55,67,78,76,76,76,83,84,,76,109,,63,40,91,89,96,86,43,80,68,46,62,46,59,,57,56,58,51,,28,,49,65,,17,125,131,122,49,61,38,61,,60,108,103,102,,,58,78,82,95,54,87,86,96,81,78,67,98,95,80,72,80,78,92,91,,67,44,,64,,72,83,109,31,32,24,60,62,59,49,64,57,75,68,73,62,3,5,47,98,92,93,50,51,124,48,48,80,47,37,18,,47,90,30,64,96,65,21,36,46,48,43,60,79,86,63,54,10,64,44,61,24,49,24,,87,80,24,86,122,90,82,121,79,74,79,83,80,97,47,77,56,84,100,62,69,64,87,83,78,86,73,94,113,119,83,95,80,,106,92,108,63,65,111,123,98,70,53
20210423,10,O3_24h,105,109,102,101,93,95,105,95,106,114,96,97,,,99,,103,108,102,,100,,78,88,,103,82,,141,142,138,136,142,150,144,,102,104,,106,95,114,106,108,,111,,142,145,144,122,114,130,120,121,113,155,,153,157,154,94,100,104,112,102,119,115,,114,107,101,105,134,129,,140,137,138,135,137,,123,136,139,142,146,139,,122,116,,,116,120,104,119,125,128,119,,124,128,133,117,116,,121,118,122,141,121,140,123,125,144,131,142,137,143,144,153,152,160,151,152,139,150,202,205,215,,247,211,243,226,184,232,231,209,114,111,109,118,107,,115,103,102,98,58,62,65,53,66,58,68,51,53,103,,95,79,84,99,100,97,59,59,65,52,59,49,,,,75,80,,76,75,74,,,,75,,82,68,82,90,81,89,93,61,93,,,,98,99,,60,53,51,84,88,,89,52,61,61,49,58,56,64,,65,,76,72,,86,60,,96,64,85,,70,88,91,65,83,79,78,,,79,73,74,90,88,98,76,,103,,,50,,117,118,,81,91,69,77,97,86,,80,68,74,85,74,104,99,106,78,66,68,87,58,73,66,67,74,79,134,,140,139,144,157,214,156,140,94,78,77,,83,87,72,,97,95,106,92,,102,108,100,119,122,,,108,101,114,117,96,98,137,141,138,146,124,134,147,138,137,116,112,113,102,118,110,83,,117,131,81,82,83,75,92,85,83,95,85,81,208,215,,230,240,254,169,222,200,193,226,154,167,136,168,111,261,,106,109,103,237,115,144,146,133,195,226,204,170,,148,142,157,160,154,160,163,170,145,136,152,,,238,266,257,242,213,265,178,135,105,125,124,129,113,104,113,113,111,111,99,108,84,66,76,84,79,114,,102,94,118,137,128,150,106,,,108,126,113,112,134,,153,142,143,120,,,134,138,123,106,124,127,115,101,119,125,120,,152,155,165,134,159,147,118,136,113,117,121,129,103,92,100,84,94,82,108,81,,100,87,67,103,,93,91,79,84,,,,136,135,,,,146,136,72,70,83,76,70,,83,94,101,103,97,94,89,90,91,88,85,121,96,102,91,157,,152,153,158,154,151,148,144,152,148,,134,119,128,140,140,135,132,129,122,138,124,115,112,109,153,145,143,154,,87,,72,86,73,68,113,,108,115,,,112,100,94,78,,90,85,70,,92,81,92,91,80,110,109,112,115,111,,,,64,,69,104,,100,110,102,100,80,91,87,130,124,119,,81,,,175,,178,150,156,156,160,152,185,147,,84,79,82,82,84,89,91,104,99,92,163,174,175,147,134,147,182,179,202,115,,111,197,172,,204,216,,164,164,168,171,100,,85,157,,,118,119,,134,,139,124,136,127,180,179,,193,190,,171,152,,167,,143,131,139,,113,135,113,113,121,,131,130,121,128,132,126,128,120,120,129,118,129,120,138,,121,128,133,135,124,103,121,121,117,144,146,153,141,150,161,137,127,136,,134,179,169,177,167,191,128,150,152,142,147,50,55,56,,59,,67,,74,62,59,48,59,,52,55,107,,146,,151,144,158,139,143,150,151,,,,123,,122,,129,131,119,,117,116,132,134,138,,136,,92,91,84,94,118,132,,89,97,101,107,116,103,,104,,,113,54,52,50,111,94,96,111,81,80,97,84,89,100,98,88,90,,92,70,69,87,87,74,75,137,132,125,135,142,,140,147,140,142,132,129,120,132,,,,,102,88,,87,87,121,94,102,100,87,77,84,82,88,77,170,180,96,99,99,,117,106,109,,117,111,,108,94,83,90,89,132,77,85,78,120,130,132,123,,137,141,131,151,158,159,140,88,99,,87,94,102,91,103,68,65,94,94,,99,,101,109,109,103,103,117,102,89,91,,,100,103,94,92,130,117,127,129,142,138,101,,102,121,117,96,95,98,72,77,113,,64,58,54,54,59,99,90,53,88,82,70,96,97,,62,50,,82,60,64,71,,,100,135,135,134,132,103,101,98,102,,,145,140,134,133,134,,127,123,115,126,120,122,124,,125,126,,,,129,146,,129,120,136,,131,,228,211,,,132,90,,,125,135,111,,,130,136,126,134,133,127,137,162,134,149,137,139,131,128,126,117,131,126,123,125,116,120,110,116,,132,132,138,,136,135,147,138,139,161,126,118,136,132,137,208,,,133,237,234,237,226,224,205,207,211,167,181,172,199,236,225,210,234,,,282,130,152,131,204,212,,122,112,114,,112,113,115,,112,112,119,113,111,83,95,84,61,68,55,51,45,49,91,87,,88,98,94,85,80,68,,99,,97,,,,111,108,110,110,101,100,,78,,72,76,75,130,130,119,139,124,136,143,149,139,105,116,108,108,156,159,155,150,107,,110,104,92,100,93,96,106,115,106,111,100,116,100,102,,,108,118,122,122,112,151,155,147,134,149,125,110,124,118,127,,123,123,120,109,125,120,118,127,92,104,112,,152,147,138,,148,133,148,131,,140,134,116,,126,111,112,105,112,114,113,108,118,120,94,91,100,,118,118,119,85,83,,99,89,92,84,111,102,139,152,121,106,89,88,,124,118,126,,137,137,,94,90,85,91,,115,118,113,110,94,87,97,91,95,99,93,72,81,70,65,70,119,97,113,105,104,92,98,100,105,107,111,67,95,70,62,69,75,72,72,84,87,67,85,83,94,67,83,79,124,113,107,114,72,91,80,105,117,80,112,108,108,108,109,101,95,129,125,97,105,94,90,99,91,93,109,113,68,74,,72,126,120,132,125,123,130,130,133,148,158,151,145,146,148,,,127,130,122,,124,104,75,104,94,82,,101,,100,,,,,119,125,119,121,126,113,118,115,,106,132,153,136,146,152,134,116,131,100,157,,,,,66,64,153,159,147,144,93,,90,153,153,147,140,140,135,138,146,152,135,155,143,139,,140,136,145,134,88,196,132,148,167,,144,148,,129,136,,124,131,,,128,,122,,115,113,107,95,99,90,122,112,122,128,88,92,87,110,,74,83,114,110,109,137,,131,121,78,80,129,127,,112,96,79,76,115,,102,81,144,,140,122,111,124,88,107,181,,175,153,,163,89,104,93,81,90,98,100,98,,95,90,88,101,107,123,107,109,113,,,85,88,81,77,,66,85,85,87,132,171,173,211,90,107,105,144,121,,134,148,86,52,84,130,61,,102,,64,112,130,96,158,163,129,92,112,131,123,122,70,93,,,119,175,99,100,,96,141,154,100,,73,94,,,37,96,86,57,79,79,49,62,49,100,113,134,131,153,162,,102,119,,182,212,163,159,102,106,132,89,140,136,106,89,99,107,152,114,128,112,80,90,76,105,117,140,134,141,140,128,124,123,162,113,134,120,118,152,110,107,109,151,120,146,99,121,105,76,101,138,,97,86,63,,127,91,94,,,90,91,128,57,73,118,126,63,112,146,119,102,60,140,114,121,170,73,,134,91,85,99,101,,130,114,113,113,113,106,113,111,106,101,118,133,158,203,104,112,,78,,97,88,63,76,83,196,209,162,218,208,234,231,173,205,174,113,147,110,210,,113,180,239,182,140,90,105,108,101,48,109,87,73,110,58,90,137,136,124,112,,136,140,172,188,172,287,100,66,115,95,130,138,99,119,109,66,92,144,164,151,170,151,120,72,86,98,118,64,70,72,109,104,108,152,168,168,135,121,146,147,128,96,105,89,115,97,97,104,111,136,114,98,102,93,80,111,79,,70,99,104,156,109,66,71,72,96,78,56,89,86,91,101,71,66,95,72,99,79,82,79,83,,176,172,161,215,150,129,132,91,145,153,107,164,143,138,93,141,137,108,108,107,87,69,48,66,103,94,86,143,120,146,,145,126,118,111,170,144,60,103,110,78,135,131,141,137,118,79,80,91,95,71,97,,104,,103,85,134,74,107,113,112,95,105,113,150,,104,155,,103,88,196,171,152,178,98,98,90,96,94,94,159,87,78,69,105,89,,114,,125,118,,105,143,141,157,84,83,99,83,,82,121,117,130,,,129,124,125,144,137,96,99,97,96,134,142,120,120,117,111,120,117,122,116,103,124,154,,151,,157,128,133,113,122,129,77,106,94,90,105,145,90,94,108,110,96,67,142,131,129,236,161,154,176,170,221,280,93,131,130,,60,90,144,139,294,155,94,112,80,74,74,99,114,190,166,122,105,106,110,102,71,97,77,,123,137,74,122,140,165,144,137,104,120,102,117,108,134,166,109,105,152,311,104,146,98,109,102,119,110,98,96,116,119,131,95,157,,217,127,215,83,126,111,134,126,132,96
20210423,10,O3_8h,32,38,29,25,25,27,18,42,42,33,19,26,,,66,,72,75,69,,68,,68,70,,83,63,,48,50,53,49,55,58,94,,87,87,,89,83,98,96,96,,101,,58,71,61,67,57,51,42,46,62,57,,68,71,49,34,26,40,52,25,42,35,,40,56,52,52,46,46,,54,61,46,57,15,,48,21,40,20,25,19,,72,64,,,57,73,78,85,83,64,46,,54,48,69,56,71,,58,110,111,134,117,130,118,120,119,120,120,53,55,62,64,72,67,64,60,47,33,44,29,44,,53,61,68,55,38,43,66,36,19,21,12,15,25,,27,13,26,15,34,43,43,39,46,36,43,36,38,23,,25,26,25,23,29,30,28,27,30,24,29,26,,,,48,54,,59,49,45,,,,54,,21,23,24,26,22,28,34,29,46,,,,41,45,,35,39,41,47,48,,49,30,30,22,29,26,25,36,,33,,41,42,,20,14,,17,13,16,,23,24,23,12,14,31,17,,,27,22,21,25,23,14,30,,15,,,19,,27,30,,37,36,38,47,55,53,,13,8,14,32,11,33,38,40,61,44,50,50,46,48,42,43,55,49,72,,28,34,26,28,27,46,42,44,46,57,,51,47,45,,48,75,74,73,,72,76,81,75,77,,,58,55,62,60,51,57,22,22,22,25,13,22,27,22,19,73,64,66,63,52,56,56,,71,69,43,54,47,52,55,54,54,60,53,53,23,20,,13,14,41,8,21,19,13,27,41,38,29,29,53,24,,19,24,9,40,23,48,38,47,28,19,32,30,,52,11,15,50,48,39,34,51,40,59,44,,,20,13,28,38,48,53,34,27,13,13,22,18,46,47,48,47,41,41,29,27,46,48,41,47,43,67,,8,16,16,18,8,11,19,,,19,8,8,10,8,,29,29,24,26,,,31,88,92,71,96,96,93,79,83,78,99,,119,118,90,105,108,96,98,106,97,94,98,116,27,16,9,8,19,15,34,6,,32,30,3,24,,16,56,16,12,,,,35,91,,,,66,69,62,62,58,60,57,,62,62,67,66,62,59,43,39,46,41,45,107,38,52,48,45,,42,26,46,48,87,71,77,74,86,,47,46,57,96,89,84,83,75,70,62,60,59,52,55,56,49,43,54,,77,,55,55,48,46,46,,58,61,,,72,63,58,52,,74,68,52,,50,48,57,50,49,92,96,101,106,94,,,,38,,44,54,,45,47,59,45,48,55,56,117,112,108,,49,,,25,,30,17,17,104,100,90,95,89,,43,44,44,39,40,43,33,49,42,26,20,16,28,74,66,70,50,50,47,63,,46,41,45,,74,73,,100,97,89,78,29,,12,56,,,48,58,,44,,51,63,46,36,53,56,,63,62,,78,76,,79,,53,47,47,,62,65,65,64,82,,72,76,57,79,72,86,55,63,62,80,62,86,50,93,,74,77,61,63,63,64,60,60,66,56,44,63,39,55,60,92,83,86,,90,106,104,106,88,101,90,94,111,91,106,33,36,34,,38,,40,,38,52,48,34,45,,37,40,98,,38,,31,28,38,22,54,68,68,,,,41,,34,,60,55,67,,36,33,29,90,93,,91,,8,12,8,12,51,54,,45,34,35,41,59,63,,46,,,70,44,48,19,104,52,45,53,33,26,51,47,39,16,21,28,19,,12,51,52,36,21,11,7,60,57,63,73,75,,94,109,76,80,22,40,26,51,,,,,30,14,,12,45,46,39,47,55,56,43,58,40,45,49,100,114,37,38,41,,86,76,48,,6,4,,7,61,11,32,26,30,27,33,35,45,53,53,48,,74,78,68,72,92,90,87,83,92,,74,81,99,89,99,41,35,74,74,,61,,57,64,64,60,53,73,66,67,70,,,58,63,66,62,109,100,118,118,128,123,33,,33,26,22,25,27,31,26,17,21,,52,41,32,26,38,34,32,39,28,39,37,34,33,,22,11,,10,17,7,7,,,46,76,59,74,70,55,54,58,51,,,51,100,98,92,94,,85,30,29,32,30,32,68,,49,51,,,,107,100,,58,40,16,,13,,109,112,,,100,70,,,76,88,78,,,80,73,52,47,113,111,122,72,75,87,92,68,62,50,48,42,74,57,59,69,81,82,79,69,,72,62,60,,77,78,73,46,72,97,81,72,99,103,100,78,,,,132,118,119,117,103,96,103,103,68,72,83,75,89,84,77,91,,,75,80,62,77,62,70,,82,63,66,,66,65,69,,69,64,76,65,73,75,75,66,24,31,27,19,23,24,63,66,,65,54,44,48,48,47,,83,,75,,,,85,76,69,74,57,66,,40,,37,27,33,25,32,29,49,23,22,31,22,34,78,32,28,25,18,18,16,15,16,,22,18,24,29,25,28,26,19,20,23,20,38,36,41,,,31,34,42,43,27,54,41,47,48,50,74,55,64,68,48,,51,56,50,50,60,58,54,60,28,24,34,,51,48,57,,49,51,49,60,,61,51,21,,16,41,51,47,54,74,80,60,75,71,37,53,48,,82,82,84,20,21,,20,20,77,74,78,69,63,68,63,60,40,40,,61,62,62,,56,50,,53,48,47,45,,45,56,45,24,24,60,68,62,67,70,66,49,66,60,57,60,59,50,38,37,48,39,41,43,45,42,78,55,69,61,52,55,60,50,47,59,56,51,66,51,71,13,16,36,8,9,5,4,35,43,42,32,29,34,31,32,31,32,56,66,64,58,68,12,6,43,22,33,41,37,35,29,20,15,,27,38,45,61,49,58,59,59,56,62,71,52,65,42,32,,,44,44,44,,41,21,36,47,40,20,,20,,24,,,,,55,50,47,49,55,37,40,39,,10,91,112,107,107,115,35,79,80,82,104,,,,,62,54,52,58,94,86,12,,81,107,107,66,70,132,124,126,80,41,69,85,68,58,,118,119,108,100,32,50,106,113,35,,76,62,,90,90,,104,107,,,117,,100,,74,73,67,58,62,50,33,43,52,71,81,80,79,86,,40,23,35,66,71,67,,83,76,45,47,88,90,,61,56,59,60,52,,15,20,45,,62,57,66,39,64,93,76,,75,48,,67,58,62,57,60,68,78,80,78,,70,76,70,50,58,93,84,88,94,,,44,63,58,52,,27,72,69,59,86,34,52,18,76,80,78,53,63,,12,41,57,39,18,31,39,,88,,42,64,28,39,28,46,74,51,69,58,70,43,37,69,,,40,31,16,73,,64,64,87,54,,39,46,,,22,45,47,31,58,62,24,28,26,44,51,4,40,33,76,,71,51,,10,86,58,64,85,65,76,52,123,90,82,45,45,76,52,24,110,66,72,69,68,19,58,35,91,98,100,99,110,15,76,105,5,15,32,34,45,30,26,66,32,29,22,50,50,50,42,58,,37,59,34,,102,8,16,,,10,66,63,47,37,101,47,43,40,72,38,41,39,69,22,32,36,34,,52,10,20,34,27,,70,18,24,16,16,12,19,16,19,17,28,66,44,111,64,68,,55,,27,29,27,50,42,14,11,12,9,24,24,13,45,19,29,43,53,11,39,,49,46,19,82,48,55,50,73,64,26,71,59,52,68,34,36,54,62,21,12,,11,17,56,68,63,78,21,33,66,62,35,52,33,23,47,14,49,15,52,35,66,60,54,52,42,55,103,38,53,58,59,64,43,69,95,80,45,111,31,48,62,49,70,48,39,13,47,36,37,45,31,15,21,11,11,34,53,,41,32,57,39,77,46,50,37,32,47,40,27,36,50,28,32,38,54,32,83,63,60,57,57,,10,97,26,16,18,46,38,35,26,43,56,38,20,32,87,44,63,72,54,79,57,43,19,35,94,77,50,21,34,58,,40,70,44,36,75,100,6,36,16,10,61,46,17,31,36,16,11,60,78,58,58,,55,,71,74,127,48,65,44,60,62,66,70,83,,62,89,,43,16,47,39,48,29,36,63,55,14,43,44,58,62,39,48,34,33,,18,,21,63,,26,98,95,107,38,45,20,24,,43,42,46,82,,,38,29,40,46,25,89,72,72,86,52,57,50,31,30,36,32,22,41,52,41,26,30,,30,,55,29,89,17,20,26,33,47,39,34,50,53,82,70,89,90,7,12,22,24,96,101,22,27,95,33,17,27,12,43,30,,32,73,32,31,92,64,6,52,53,58,51,54,40,79,71,50,4,14,59,47,22,18,8,,72,83,22,100,116,78,55,115,28,33,28,36,24,41,63,60,75,43,81,22,34,45,90,87,23,47,20,32,76,45,88,68,61,,71,91,66,25,66,58,102,102,67,52
20210423,10,O3_8h_24h,54,38,44,28,49,50,18,42,47,33,19,26,,,70,,74,77,72,,71,,69,70,,83,64,,64,60,53,49,55,66,122,,89,88,,91,88,102,106,108,,103,,72,71,83,67,57,51,42,52,62,57,,95,97,52,69,68,97,97,29,68,55,,58,65,61,64,51,50,,80,61,67,77,15,,74,55,65,49,32,19,,80,80,,,57,80,78,85,83,64,64,,59,52,84,56,90,,70,111,118,134,117,130,118,120,121,121,120,56,70,73,76,84,67,64,76,81,52,63,46,56,,58,79,72,68,55,74,98,48,19,21,12,15,27,,27,45,34,19,57,59,64,53,66,58,65,51,53,23,,26,26,26,31,29,30,28,27,30,24,29,26,,,,60,63,,64,49,50,,,,62,,21,23,24,26,22,28,34,29,46,,,,41,45,,35,39,41,47,48,,49,36,37,30,39,34,25,36,,33,,41,42,,20,14,,17,13,16,,23,24,23,12,14,31,17,,,40,28,21,25,23,14,30,,15,,,19,,27,30,,52,60,51,50,73,65,,28,8,14,32,25,72,67,56,61,44,50,50,46,48,47,43,55,50,72,,36,36,38,40,27,72,55,44,46,62,,51,47,45,,50,90,96,91,,90,97,95,83,107,,,80,75,97,94,82,68,33,31,54,30,13,53,27,22,19,89,68,86,79,58,65,79,,87,70,50,74,59,64,73,81,77,71,68,72,34,29,,14,14,41,8,34,22,13,46,70,75,49,68,63,24,,19,28,9,59,36,48,39,75,31,38,32,39,,73,11,22,59,62,50,49,56,60,69,58,,,35,42,43,50,48,87,46,27,13,32,41,35,51,48,54,52,46,44,34,36,53,53,41,54,55,87,,20,53,16,30,34,11,23,,,60,8,34,10,8,,36,50,73,59,,,61,108,97,71,100,99,95,83,89,84,103,,119,118,90,105,108,96,109,114,108,108,107,119,27,16,9,27,19,31,34,26,,50,30,14,24,,16,58,17,16,,,,77,105,,,,74,81,67,70,70,67,64,,67,73,71,74,68,70,49,40,50,48,48,110,53,59,61,59,,43,31,62,64,116,93,95,87,88,,47,60,57,101,97,95,103,91,90,65,71,66,65,55,58,54,61,54,,78,,55,55,48,46,88,,87,67,,,78,69,62,78,,77,78,70,,63,71,76,50,63,104,98,104,106,100,,,,63,,69,57,,45,47,59,45,48,55,56,120,114,113,,73,,,25,,30,19,32,108,110,101,106,89,,56,59,54,72,54,72,60,52,53,46,23,17,28,95,82,86,50,59,47,83,,57,41,56,,106,110,,111,111,108,95,33,,30,77,,,48,58,,93,,57,63,46,43,72,65,,63,75,,78,76,,79,,65,47,54,,72,103,101,100,100,,73,76,66,98,86,89,55,73,65,90,62,89,63,111,,90,98,80,85,66,72,60,70,71,63,53,63,65,65,77,108,93,100,,94,106,112,106,89,101,100,105,118,103,112,33,36,34,,44,,43,,48,56,54,38,54,,37,40,103,,44,,38,39,65,40,54,70,68,,,,41,,34,,87,66,88,,51,33,49,95,99,,97,,8,12,8,12,51,54,,45,34,35,50,60,63,,46,,,70,44,49,19,108,60,51,60,45,34,59,58,54,52,39,28,33,,12,54,54,46,21,22,7,82,63,87,76,75,,99,138,104,117,22,44,28,80,,,,,38,25,,22,71,75,68,76,87,68,49,58,47,51,51,105,116,37,46,50,,87,76,51,,6,4,,7,65,17,32,26,37,27,33,35,45,53,53,48,,121,111,68,102,109,100,108,86,96,,77,82,99,89,99,60,56,91,91,,89,,72,79,79,66,70,106,98,78,82,,,90,95,77,72,109,101,118,121,134,128,33,,33,26,22,25,27,31,26,17,21,,52,41,32,26,38,34,32,39,28,39,37,34,35,,22,11,,10,19,7,8,,,50,76,59,74,70,55,54,58,61,,,62,119,119,111,101,,102,30,29,44,30,32,83,,65,69,,,,112,122,,94,72,16,,27,,124,134,,,107,70,,,110,123,93,,,93,90,52,47,133,127,137,72,75,97,112,68,74,78,53,60,74,62,63,69,86,88,90,76,,92,94,89,,107,91,73,58,79,99,94,86,102,106,101,81,,,,142,128,119,118,103,96,103,103,112,119,84,75,89,84,77,91,,,75,84,71,81,84,96,,84,63,66,,66,65,69,,69,64,76,65,73,75,75,66,25,40,27,25,23,26,63,66,,65,54,44,60,52,47,,84,,75,,,,90,79,71,92,57,66,,40,,38,30,35,47,38,32,61,26,22,33,22,34,86,41,37,42,18,18,16,15,16,,33,18,24,29,28,29,26,38,40,37,43,38,40,41,,,52,54,70,71,56,65,52,53,52,71,90,75,79,76,51,,58,60,55,57,77,74,70,77,39,34,34,,51,48,57,,56,56,85,65,,66,51,37,,16,52,62,63,68,90,86,81,78,75,37,53,48,,82,82,84,20,29,,24,28,87,81,85,82,63,68,64,60,43,56,,61,76,62,,72,60,,60,78,47,45,,73,77,53,40,24,60,68,62,68,70,69,53,68,68,59,62,72,62,72,44,57,54,68,73,74,70,82,55,74,61,53,55,60,51,51,59,81,54,72,51,74,14,83,79,8,9,5,4,35,43,44,34,33,42,41,41,44,49,58,66,64,91,93,12,8,49,22,35,41,37,55,53,24,15,,28,89,98,108,107,94,100,100,100,86,106,92,89,47,33,,,90,73,77,,62,21,38,51,42,20,,22,,42,,,,,66,70,66,64,70,37,40,39,,10,114,133,111,117,120,35,82,92,88,115,,,,,62,54,54,58,106,99,12,,82,122,126,66,70,134,128,133,90,41,103,124,118,102,,126,127,113,104,88,50,110,132,95,,85,95,,101,111,,112,118,,,117,,103,,102,103,76,62,70,50,33,43,58,71,86,85,83,86,,49,56,74,74,93,99,,106,107,61,66,90,93,,82,68,59,60,88,,23,39,99,,90,83,84,39,64,93,80,,81,83,,72,77,72,72,69,77,82,82,84,,86,79,72,72,71,106,102,100,106,,,78,74,72,69,,41,74,69,71,129,61,61,39,76,80,81,53,77,,12,64,57,39,18,31,39,,88,,62,68,60,39,29,52,75,83,69,75,70,78,37,72,,,61,53,16,76,,84,88,100,58,,39,46,,,25,45,47,31,69,70,24,47,26,44,52,8,64,33,76,,76,51,,12,116,107,104,90,91,94,76,128,95,82,48,52,76,84,70,110,76,72,69,69,26,94,54,93,98,100,100,110,82,97,112,5,42,62,34,65,52,55,75,32,30,35,59,63,50,48,70,,42,59,62,,118,12,36,,,26,66,66,50,37,102,48,50,40,106,38,44,47,88,26,32,51,39,,86,13,30,52,46,,78,18,25,16,27,24,19,16,19,34,48,94,44,128,82,97,,74,,37,29,27,50,42,17,11,13,9,27,24,13,71,19,52,54,53,29,39,,49,78,29,108,65,61,54,73,74,26,71,65,52,68,34,39,77,85,40,24,,21,47,106,114,116,97,21,38,90,70,58,90,47,23,47,14,57,50,52,73,100,86,99,71,68,84,103,61,53,58,92,86,43,99,100,104,55,117,47,48,62,58,70,57,43,13,48,42,49,87,31,15,21,11,11,36,53,,68,45,57,64,95,61,50,40,32,51,40,27,36,50,28,32,38,54,32,92,69,64,70,66,,10,97,41,16,44,72,38,73,36,43,78,55,20,42,88,44,63,78,64,79,57,43,19,35,94,77,50,21,40,58,,46,87,72,48,113,109,6,36,16,19,91,66,18,61,36,18,14,82,90,58,74,,57,,71,74,127,48,78,44,65,69,71,70,98,,91,96,,43,43,66,42,60,37,45,63,55,14,43,45,63,66,43,52,36,39,,30,,21,75,,32,98,106,107,39,45,20,24,,43,42,48,89,,,38,29,44,46,25,89,81,72,90,52,57,50,31,30,36,38,22,51,52,42,26,54,,62,,60,46,89,17,23,46,34,47,39,44,50,82,88,79,103,104,10,20,63,33,121,132,26,44,95,41,33,48,37,91,73,,36,73,41,40,122,96,36,91,68,69,74,70,41,83,74,52,4,14,62,47,22,18,8,,82,87,22,106,126,78,55,127,28,53,48,38,29,46,97,60,97,43,108,22,34,46,92,88,39,49,20,41,79,55,98,68,61,,74,104,87,25,80,58,114,126,112,69
20210423,10,CO,0.6,0.6,0.6,0.5,0.5,0.5,0.5,0.3,0.3,0.7,0.5,0.6,,,0.7,,0.9,0.7,0.6,,0.8,,0.5,0.9,,0.8,0.8,,0.7,0.6,0.6,0.8,0.8,0.6,0.8,,0.7,0.5,,0.6,0.4,0.4,0.3,0.3,,0.2,,0.7,0.6,0.7,0.4,0.5,0.6,0.4,0.5,0.4,0.6,,0.9,1,0.6,0.7,0.6,0.7,0.5,0.5,0.4,0.4,,0.2,0.6,0.5,0.7,0.4,0.5,,0.5,0.5,0.4,0.2,1,,0.8,1,0.9,1,0.9,0.9,,0.4,0.5,,,0.5,0.5,0.6,0.5,0.6,0.7,0.6,,1.3,1,0.6,0.8,0.7,,1.1,0.4,0.6,0.7,0.8,0.4,0.5,0.4,0.4,0.4,0.5,0.8,0.9,0.8,0.9,0.7,0.5,0.6,0.7,0.6,0.6,0.5,0.5,0.9,,0.4,0.4,0.5,0.2,0.1,0.5,0.6,0.6,1,1.3,1.2,1,0.9,,1.1,1,0.9,1,1.1,0.9,0.7,1.2,1.2,1,1.1,1,1,0.7,,1.2,1.1,0.8,0.9,1.1,1,0.7,0.8,1,1,0.9,1.2,,,,0.8,0.7,,0.9,0.8,0.9,,,,0.8,,1,0.9,1.1,1.2,1.1,1.2,1.1,1.3,1.2,,,,1,1.1,,1,0.9,1.8,0.5,0.6,,0.9,0.6,0.9,0.8,0.9,0.6,0.9,0.8,,1,,1.3,1.3,,1.1,0.8,,1,1.2,1.1,,1,1.1,1.1,1,0.6,0.9,0.5,,,0.7,0.8,1,0.5,0.5,0.4,0.5,,1.2,,,1,,1.2,1.1,,0.6,0.4,0.3,0.5,0.4,0.4,,0.8,0.7,0.9,0.7,0.8,0.6,0.6,0.6,1,0.7,0.7,0.8,0.7,0.7,0.6,0.6,0.6,0.8,0.6,,0.8,0.8,0.7,0.7,0.5,0.5,0.5,1,0.9,0.7,,0.8,1.2,1,,0.8,0.7,0.7,0.7,,0.6,0.6,0.8,0.7,0.7,,,0.4,0.8,0.8,0.6,,0.7,0.8,0.8,0.7,0.7,0.6,0.6,1,0.8,0.5,1.5,0.8,0.7,1.5,0.9,0.8,0.7,,0.7,0.6,1,1.1,0.9,0.8,1,0.9,0.9,0.8,1.1,0.8,1.2,1,,0.8,0.9,0.8,1.1,0.9,0.8,0.8,0.9,0.7,0.8,0.9,0.6,0.6,0.8,,0.7,0.8,0.7,0.8,0.5,0.7,0.4,0.7,0.8,0.9,0.7,0.9,,0.7,0.7,0.6,0.8,0.8,0.7,0.6,1.2,1.2,0.4,0.8,,,0.9,0.9,1.1,0.8,0.8,0.8,0.7,0.7,0.6,0.9,0.5,0.6,,0.7,0.5,0.7,0.6,0.8,0.6,0.5,0.5,0.7,,0.5,0.5,0.6,,0.8,1.2,1,1.1,1.1,0.6,0.4,,,1.2,0.7,0.7,1,1.1,,0.8,1.1,1.1,1.1,,,1,0.7,0.5,0.5,0.6,0.7,0.7,0.6,0.6,0.7,0.7,,0.7,1,0.5,0.6,0.5,0.8,0.6,0.5,0.5,0.5,0.6,0.5,0.8,1,0.8,0.9,0.9,0.9,0.8,1,,0.7,0.7,1.2,0.8,,1,0.7,1.8,1.1,,,,0.6,0.9,,,,1.2,1.1,0.5,0.9,0.5,0.5,0.4,,0.4,1,0.7,0.8,0.9,0.9,0.7,0.8,0.7,0.8,0.8,0.6,0.7,0.8,0.4,1.6,,1.7,1.3,1.5,1,0.8,0.8,0.7,0.6,0.9,,0.7,1.3,0.9,0.4,0.5,0.6,0.6,1,1.1,1,0.9,0.9,1,0.8,0.5,0.5,0.5,0.3,,0.8,,0.7,0.9,0.9,1,0.7,,0.8,0.6,,,0.8,0.8,1.3,0.5,,0.7,1,0.9,,0.7,0.4,0.6,0.6,0.6,0.6,0.4,1,0.6,0.3,,,,1.2,,0.8,1,,0.9,0.7,0.7,0.8,1,0.9,0.8,0.4,0.4,0.5,,0.6,,,0.6,,1,0.4,1.4,0.3,0.5,0.5,0.6,0.8,,0.7,0.6,0.7,0.6,0.6,0.5,0.4,0.7,0.7,0.5,0.8,0.7,0.7,0.7,0.7,0.7,0.8,0.9,0.8,0.7,,0.5,0.9,1.1,,0.7,0.8,,0.8,0.7,0.8,0.7,0.8,,0.7,2.4,,,0.4,0.6,,0.6,,0.8,0.5,0.8,0.8,1,1.5,,1,1.5,,1.1,,,0.9,,0.8,0.9,0.7,,0.9,0.8,0.7,0.2,0.3,,0.6,0.6,1.1,0.6,0.6,0.4,0.4,0.6,0.5,0.6,0.6,0.5,1.7,0.7,,0.5,0.7,0.6,0.3,0.9,1.1,1,1.1,1.2,0.7,0.7,0.5,0.7,0.6,0.6,0.6,0.6,0.4,,0.3,0.5,0.5,0.5,0.5,0.5,0.4,0.4,0.3,0.3,0.1,0.8,0.7,0.9,,1.4,,1.1,,0.9,0.9,0.8,0.9,0.8,,0.4,0.6,0.6,,1.1,,1.2,1.1,0.6,1.2,0.5,0.3,0.7,,,,0.6,,0.6,,1,,0.8,,0.6,0.8,0.9,1,0.9,,0.9,,0.9,0.9,0.8,0.7,0.6,0.7,,0.8,0.9,0.8,0.6,1,0.8,,1,,,0.9,0.5,0.8,0.8,0.5,0.9,1.7,0.9,1,0.7,0.6,0.5,0.6,0.8,0.9,0.6,0.8,,0.7,0.5,0.4,0.9,0.7,1.1,0.7,0.8,1,1,0.8,0.7,,2.2,0.2,2,1.1,0.8,1.1,0.7,0.8,,,,,0.9,1.1,,,1,0.9,0.7,0.6,0.6,0.8,0.9,0.5,0.6,0.7,0.4,0.5,0.5,0.8,0.9,1,,0.8,1,1,,1.1,1.2,,1.6,0.7,0.6,0.8,0.7,0.8,0.7,0.7,0.7,0.8,0.8,0.8,0.7,,0.6,0.7,1.4,1.5,0.8,0.7,0.7,0.2,0.5,,0.4,0.4,0.1,0.1,0.3,0.6,0.9,0.5,0.5,,0.6,,,0.8,0.8,1.2,1,0.7,0.4,0.7,0.7,,,0.6,0.6,0.6,0.7,0.4,0.5,0.5,0.4,0.8,0.6,0.8,,,0.7,0.8,0.9,1,1.1,1,1.2,0.7,,0.9,1,1.1,0.9,1,,1,,1.1,1.2,1.3,1.1,0.8,,1.2,1,,0.8,0.7,1,1.2,,,0.8,0.4,0.5,0.5,0.3,0.8,0.7,0.8,0.8,,,0.8,0.9,1,1.1,1,,1.1,0.9,0.8,0.9,,0.8,0.7,,0.6,0.8,,,,0.9,0.9,,1,0.8,1.3,,1.1,,0.6,0.6,,,0.1,0.5,,,0.9,0.7,0.4,,,0.3,0.3,0.2,0.2,,0.6,0.5,0.7,0.6,0.6,0.6,0.6,0.7,1,0.9,1.1,0.7,0.5,0.6,0.4,0.6,0.6,0.8,0.5,,0.5,0.5,0.9,,1,0.8,0.7,1,0.8,0.4,0.2,0.1,0.4,0.6,0.5,0.9,,,,0.4,0.5,0.4,0.5,0.5,0.5,0.4,0.2,,0.4,0.6,0.6,0.5,0.6,0.8,0.5,,,0.7,0.2,0.2,0.2,0.5,0.4,,0.3,0.4,0.7,,0.6,0.6,0.5,,0.5,0.7,0.6,0.5,,0.5,0.6,0.6,0.9,0.8,0.8,0.8,0.6,0.9,0.6,0.5,,0.6,0.8,0.7,1.1,1.6,1,,0.6,,0.5,,,,0.8,0.6,0.7,0.8,0.5,0.6,,0.9,,0.9,1.2,0.9,0.8,0.6,0.7,0.5,0.7,0.6,0.5,1.3,0.4,0.3,0.5,0.5,0.6,0.6,0.5,0.6,0.7,0.6,,0.3,0.4,0.9,0.6,0.6,0.7,1.1,1.3,1.7,1.1,1.9,0.8,0.7,0.7,,,0.8,1,0.7,0.8,0.9,1,0.9,0.5,1.5,1.1,0.6,0.8,0.8,0.5,1,,0.9,0.9,1,0.8,0.9,0.9,1,1,0.7,1,1,,1.4,0.5,0.4,,0.7,0.6,0.6,0.8,,0.8,0.7,0.9,,0.9,0.6,0.6,0.6,0.7,0.8,0.9,0.8,0.6,0.7,0.6,0.7,0.7,,0.5,0.4,0.5,1.2,,,3.3,1.1,0.8,0.7,0.8,0.6,0.7,0.6,0.9,0.8,0.9,0.9,,0.4,0.5,0.5,,0.9,0.8,,0.8,0.7,0.5,0.7,,0.7,0.6,0.4,0.9,1.1,0.8,0.8,1.1,0.7,1.1,0.9,0.7,0.9,0.6,0.7,0.8,1.4,1,1.6,1,0.7,,0.7,0.9,0.8,0.8,1,0.8,0.9,1,1,0.7,0.5,0.8,0.9,0.8,0.8,0.6,0.6,0.9,0.6,0.5,0.9,,1,0.9,0.8,0.8,0.8,,0.5,0.6,1,1.8,0.5,0.6,1.3,1.3,0.5,0.7,0.7,1,1,0.6,0.7,0.6,0.6,0.6,0.8,0.6,0.5,0.5,0.4,0.8,,0.7,0.6,0.7,0.5,0.6,0.7,1.1,1,0.9,1.2,0.8,0.9,0.7,0.8,0.8,,,0.8,0.7,0.8,,0.8,0.4,0.9,0.9,1.4,1.5,,0.7,,0.5,,,,,0.6,0.7,0.8,0.7,0.7,0.7,0.6,0.4,,0.4,0.9,0.8,0.9,0.8,1,0.7,0.7,0.5,0.6,0.4,,,,,0.3,0.5,0.7,0.6,0.4,0.6,1,,0.9,0.7,0.8,0.7,0.6,0.6,0.5,0.5,0.9,0.6,0.9,1,0.7,0.8,,0.6,0.7,0.5,0.8,1.3,0.8,0.7,0.5,1,,1.3,1.1,,0.6,0.5,,0.4,0.4,,,0.6,,0.6,,0.4,0.5,0.6,0.7,0.6,0.7,0.8,0.7,0.8,0.7,0.6,0.6,0.7,0.8,,0.8,1,0.3,0.6,0.8,0.6,,0.3,0.4,0.5,0.7,0.3,0.3,,1,0.8,0.2,0.3,0.5,,0.6,1,0.6,,0.6,0.6,0.8,0.6,0.6,0.5,0.6,,0.6,0.7,,,0.6,0.7,0.7,0.7,0.6,0.8,0.7,0.4,,0.3,0.2,0.3,0.4,0.2,1.3,0.9,0.9,0.6,,,0.8,0.6,0.7,0.7,,0.8,0.4,0.6,0.5,3.2,0.4,1.4,1,0.9,0.9,0.7,0.5,0.7,,1.1,0.6,1.1,0.7,0.7,1.1,1.1,,0.6,,1,0.5,1.1,0.6,2.8,3.5,0.6,0.5,,0.5,0.8,0.9,0.9,0.5,,,0.4,0.4,1.1,0.5,,1,1.3,1.2,0.7,,1,1,,,1.5,0.9,0.8,0.9,0.9,0.7,1.7,1.1,1.3,0.9,0.7,0.9,0.8,0.9,1.1,,0.8,0.8,,1,0.8,0.6,0.7,0.3,0.4,0.2,0.3,0.7,1.1,0.8,0.8,0.7,0.7,0.6,4.4,0.4,0.4,0.7,0.4,0.8,0.5,0.5,0.7,0.4,0.8,0.6,0.6,0.5,0.4,0.9,0.2,1.3,0.9,0.9,1,0.9,0.8,1,0.7,0.6,0.9,1.8,0.9,1.1,1.4,0.6,1,,0.7,0.8,1,,,1.2,0.5,,,1,0.5,0.4,0.9,0.9,0.4,0.6,0.9,0.6,0.4,0.7,0.7,0.9,0.9,0.4,0.7,0.8,0.8,,0.9,1.1,1,0.8,0.6,,0.6,,0.7,0.8,0.9,1.3,0.8,0.8,0.9,1,0.6,0.6,1.5,0.7,0.3,1.3,,1.2,,1.2,0.9,1.1,1,0.8,1,0.9,1,0.8,0.8,1,0.9,0.9,0.7,0.8,0.6,0.6,0.7,0.6,,0.5,1.1,1.1,0.6,0.3,0.5,0.4,0.7,0.6,0.8,0.4,0.7,1,0.5,0.8,0.9,0.7,0.8,0.9,,,0.9,1.1,0.5,0.7,0.6,0.6,0.7,1,0.9,0.7,1,0.7,0.7,0.9,0.5,0.9,0.6,0.9,1,0.9,1,0.8,0.6,0.6,0.2,0.4,0.2,1.2,1.1,1.1,0.6,0.6,0.5,,0.5,0.6,1.6,0.5,0.6,0.7,0.7,0.7,0.8,0.7,0.5,0.8,1,,0.9,1,1.2,1,1.2,0.9,1,0.6,0.9,,1,0.4,0.4,1.2,0.3,1.1,1,0.7,1,0.6,1,1,1.1,1,1.2,0.9,1.3,0.9,0.6,0.3,0.4,0.5,0.4,0.4,,0.9,0.5,0.7,0.9,0.6,0.6,0.6,0.5,0.7,0.8,0.6,0.9,0.9,0.8,,0.6,0.4,0.4,0.8,0.7,0.4,0.8,1,0.8,0.7,0.9,0.9,0.4,0.5,0.5,,0.3,0.8,0.7,0.8,0.4,0.7,1,1.2,0.9,1.2,0.3,1,0.8,0.9,1.1,0.6,1.1,0.9,0.7,0.8,0.4,,0.5,,0.7,0.3,0.1,0.9,0.9,0.5,,1.2,0.5,0.6,0.8,,0.7,0.4,,0.8,0.9,0.6,0.6,0.5,,0.7,0.6,0.6,0.8,0.6,0.5,0.6,1.1,0.6,0.5,0.7,0.6,,1.3,,0.7,0.8,,1.3,0.6,0.2,0.7,1,1.2,1.4,0.5,,0.4,0.6,0.5,0.6,,,1.4,0.6,0.6,0.6,0.8,0.4,0.3,0.4,0.5,0.6,1,0.5,0.4,0.4,0.7,0.6,0.5,0.5,0.5,0.4,0.7,0.8,,0.7,,0.9,0.9,0.7,0.7,0.9,0.9,1.2,0.9,0.7,0.9,0.9,0.7,0.2,0.5,0.6,1,1.3,0.8,1,0.7,1,0.6,0.4,0.5,0.6,0.8,1,1,0.8,2.2,2.8,,1.1,0.5,1.1,1,0.8,0.6,1,0.8,0.5,1,0.5,0.6,0.5,0.6,0.6,0.9,1.2,0.7,0.7,0.4,1.1,1.1,0.8,,0.9,0.3,1.4,0.3,0.9,0.9,0.3,0.9,0.6,0.6,0.1,0.5,0.4,0.7,1.3,0.9,0.8,1.3,0.8,0.8,0.6,0.9,0.5,0.5,0.6,0.4,0.7,0.4,0.6,0.4,0.7,0.5,0.4,,0.8,0.4,0.7,0.9,0.5,0.6,0.5,0.4,0.8,0.5
20210423,10,CO_24h,0.7,0.7,0.7,0.7,0.7,0.7,0.7,0.7,0.6,0.8,0.7,0.7,,,0.8,,0.9,0.9,0.8,,0.9,,0.9,1.3,,1,0.8,,0.6,0.7,0.5,0.7,0.6,0.5,0.6,,0.8,0.8,,0.9,0.8,0.4,0.3,0.3,,0.2,,0.6,0.5,0.6,0.4,0.5,0.6,0.4,0.5,0.4,0.5,,0.7,0.7,0.7,0.8,0.7,0.8,0.7,0.6,0.4,0.5,,0.4,0.6,0.6,0.8,0.6,0.6,,0.5,0.6,0.5,0.2,1,,0.8,0.9,0.8,1.1,0.9,0.8,,0.6,0.6,,,0.7,0.7,0.6,0.8,0.7,0.7,0.7,,0.9,0.8,0.6,0.7,0.7,,0.9,0.5,0.6,0.7,0.6,0.4,0.5,0.4,0.4,0.4,0.5,0.6,0.7,0.6,0.7,0.5,0.5,0.5,0.5,0.4,0.4,0.6,0.7,0.8,,0.5,0.7,0.6,0.4,0.4,0.7,0.7,0.7,0.9,0.8,0.7,0.7,0.6,,0.8,0.6,0.6,0.8,1,0.8,0.5,1.1,1,0.8,0.9,0.9,1,0.5,,1,1,0.7,0.7,0.9,0.9,0.6,0.8,0.8,0.9,0.8,0.8,,,,0.9,0.8,,1,0.9,1,,,,0.8,,0.9,0.7,0.8,0.7,0.8,0.9,0.8,0.9,1,,,,0.8,1,,0.8,0.7,1,0.6,0.8,,1,0.6,0.8,0.8,0.7,0.7,0.7,0.6,,0.7,,1.1,1,,0.7,0.4,,0.7,0.8,0.7,,0.7,0.9,0.7,0.6,0.6,0.7,0.5,,,0.5,0.6,0.7,0.6,0.5,0.4,0.5,,0.7,,,0.7,,0.8,0.7,,0.6,0.4,0.3,0.5,0.4,0.4,,0.7,0.6,0.8,0.6,0.7,0.5,0.5,0.5,1.1,0.7,0.8,0.8,0.8,0.7,0.7,0.7,0.7,0.9,0.5,,0.7,0.7,0.7,0.7,0.5,0.5,0.4,1.1,1,0.7,,0.8,1.3,1,,1,0.5,0.5,0.6,,0.4,0.5,0.7,0.7,0.6,,,0.2,0.5,0.5,0.4,0.3,0.5,0.9,1,0.9,1,0.8,0.6,1.1,1,0.7,0.7,0.8,0.7,0.9,0.9,0.8,0.7,,0.7,0.7,1,1.1,0.9,0.8,0.8,0.8,0.8,0.8,1,0.9,1,0.9,,0.8,0.8,0.8,0.9,0.8,0.8,0.8,0.9,0.6,0.6,0.7,0.6,0.5,0.8,,0.6,0.7,0.6,0.7,0.5,0.7,0.3,0.7,0.7,0.8,0.6,0.6,,0.6,0.7,0.5,0.7,0.7,0.4,0.5,0.8,0.7,0.4,0.5,,,0.8,0.7,0.9,0.6,0.7,0.6,0.7,0.5,0.7,0.7,0.4,0.5,0.7,0.7,0.5,0.7,0.6,0.7,0.6,0.6,0.4,0.6,0.6,0.5,0.4,0.7,,0.6,0.7,1,1,0.8,0.6,0.4,,,0.8,0.7,0.4,0.8,1.1,,1,0.9,0.8,0.8,,,0.9,0.7,0.5,0.4,0.6,0.7,0.7,0.6,0.6,0.6,0.7,,0.6,0.7,0.7,0.6,0.7,0.9,0.5,0.5,0.5,0.5,0.6,0.4,0.7,1.1,0.8,0.7,0.9,0.8,0.7,0.8,,0.6,0.7,0.9,0.8,,0.7,0.7,0.8,0.5,,,,0.5,0.9,,,,0.6,0.8,0.5,0.9,0.5,0.6,0.3,,0.5,0.9,0.7,0.9,0.9,0.9,0.7,0.8,0.8,0.7,0.8,0.6,0.6,0.8,0.5,1.2,,1,1.1,1,0.9,0.8,0.7,0.8,0.8,0.6,,0.9,1.2,1.1,0.5,0.6,0.6,0.6,0.8,0.8,0.8,0.6,0.7,0.7,0.6,0.5,0.5,0.5,0.4,,0.9,,0.7,1,1,0.9,0.7,,0.8,0.5,,,0.9,0.9,1.5,0.8,,0.7,1,1.1,,0.9,0.5,0.7,0.8,0.7,0.6,0.3,0.7,0.6,0.2,,,,0.9,,0.7,1.1,,1,0.7,0.7,0.9,0.9,0.7,0.6,0.4,0.4,0.5,,0.8,,,0.6,,0.8,0.8,0.8,0.3,0.5,0.5,0.6,0.8,,0.6,0.5,0.6,0.7,0.6,0.5,0.4,0.6,0.6,0.4,0.7,0.7,0.6,0.7,0.5,0.5,0.7,0.8,0.6,0.6,,0.5,0.9,1,,0.7,0.8,,0.7,0.6,0.8,0.7,0.6,,0.7,1.1,,,0.5,0.7,,0.8,,1,0.7,0.9,0.8,1.2,1.7,,1.3,1.5,,1.2,0.7,,0.9,,0.9,0.8,0.8,,1.1,0.9,0.5,0.2,0.3,,0.6,0.6,0.9,0.7,0.6,0.5,0.4,0.8,0.6,0.6,0.7,0.6,1.3,0.5,,1,0.5,0.4,0.3,0.7,0.8,0.8,0.9,0.9,0.7,0.7,0.6,0.7,0.6,0.5,0.6,0.5,0.4,,0.3,0.5,0.5,0.5,0.5,0.5,0.5,0.4,0.4,0.3,0.3,0.9,0.7,0.9,,1.4,,1.1,,0.8,1.2,1,1.1,1,,0.7,0.7,0.7,,0.9,,1,0.9,0.5,1,0.5,0.4,0.8,,,,0.7,,0.6,,1,0.9,0.8,,0.7,0.9,0.8,0.9,0.7,,0.8,,0.9,1.1,0.7,0.8,0.7,0.8,,0.9,0.8,0.8,0.6,0.8,0.8,,1,,,0.8,0.5,0.8,0.9,0.5,0.8,1.2,0.7,0.9,0.6,0.5,0.5,0.6,0.8,0.9,0.7,0.9,,0.7,0.5,0.4,0.9,0.7,1.1,0.8,0.8,0.8,0.9,0.8,0.7,,1.7,0.4,1,0.7,0.7,1,0.8,0.8,,,,,0.9,0.8,,0.7,1,0.8,0.7,0.5,0.6,0.8,0.8,0.5,0.5,0.7,0.4,0.5,0.5,0.7,0.8,0.8,,0.7,0.9,0.9,,0.6,0.8,,1,0.6,0.6,0.7,0.7,0.7,0.7,0.6,0.6,0.8,0.7,0.7,0.7,,0.5,0.7,0.5,1,0.7,0.6,0.6,0.2,0.4,,0.4,0.4,0.1,0.3,0.3,0.7,0.9,0.5,0.5,,0.6,,0.6,0.5,0.5,0.6,0.5,0.5,0.2,0.3,0.4,,,0.4,0.4,0.5,0.6,0.4,0.4,0.5,0.3,0.7,0.6,0.7,,0.8,0.7,0.7,0.8,0.7,1,0.8,1,0.6,,0.9,1,1,0.9,1,1,0.9,1.1,1,1.2,1.2,0.9,0.6,,0.9,0.8,,0.6,0.5,0.6,0.8,,,0.8,0.4,0.4,0.4,0.3,0.8,0.6,0.8,0.9,,,0.4,1.1,1.2,1.3,1.2,,1.4,0.8,0.7,0.9,0.9,0.7,0.6,,0.6,0.8,,,,0.7,0.7,,0.8,0.7,1,,0.7,,1,1,,,0.2,0.5,,,0.8,0.6,0.5,,,0.2,0.4,0.3,0.2,0.6,0.5,0.4,0.6,0.5,0.4,0.7,0.5,0.7,0.7,0.6,0.7,0.8,0.6,0.7,0.5,0.5,0.5,0.6,0.5,,0.4,0.5,0.6,,0.8,0.5,0.6,0.8,0.7,0.5,0.3,0.1,0.4,0.5,0.4,1,,,1.2,1,1.1,1.1,0.9,1,0.7,0.8,0.5,0.7,0.5,0.6,1.4,1.4,1.2,1.3,1,,,1.3,0.3,0.2,0.3,0.6,0.6,,0.4,0.5,0.8,,0.7,0.7,0.6,,0.6,0.9,0.6,0.7,0.6,0.7,0.8,0.7,0.9,0.8,0.8,0.9,0.7,0.9,0.7,0.5,,0.6,0.6,0.5,0.9,0.9,0.9,,0.7,,0.6,,,,0.8,0.6,0.7,0.8,0.7,0.7,,0.9,,0.8,1,0.8,0.7,0.6,0.7,0.6,0.7,0.7,0.7,0.8,0.5,0.2,0.5,0.5,0.5,0.6,0.6,0.6,0.6,0.5,,0.4,0.4,0.7,0.6,0.6,0.5,1,2.2,1.5,1.5,1.3,0.6,0.6,0.6,,,0.5,0.5,0.3,0.4,0.5,1,0.9,0.6,1.3,1.1,0.7,0.8,0.8,0.6,1.1,,1,1,1.1,0.7,0.6,0.6,0.7,0.8,0.5,0.8,0.8,,0.9,0.6,0.6,,0.8,0.8,0.8,0.8,,0.8,0.7,0.9,,0.9,0.7,0.7,0.8,0.8,0.8,0.9,0.8,0.7,0.8,0.7,0.7,0.7,,0.5,0.4,0.5,1.2,1.3,,1.3,1.1,0.8,0.7,0.8,0.7,0.8,0.7,0.9,0.9,1,1.1,,0.5,0.5,0.6,,1,0.9,,0.8,0.7,0.6,0.7,,0.8,0.7,0.6,0.8,1,0.8,0.9,1.1,0.8,1,1,0.8,0.9,0.7,0.7,0.9,1.3,0.9,1.5,1,0.7,0.9,0.7,0.9,0.7,0.7,0.9,0.8,0.8,1,1,0.8,0.5,0.8,0.8,0.8,0.8,0.6,0.6,1.1,0.6,0.5,0.7,0.5,1.3,0.8,0.8,0.8,0.7,0.6,0.5,0.7,0.9,1.4,0.4,0.5,0.8,0.8,0.6,0.7,0.6,1,0.9,0.5,0.7,0.6,0.6,0.6,0.8,0.7,0.5,0.5,0.4,1,,0.8,0.6,0.6,0.4,0.5,0.6,0.9,0.9,0.8,0.9,0.7,0.8,0.7,0.7,0.8,,,0.8,0.6,0.7,,0.8,0.4,0.7,0.8,1,1,,0.6,,0.5,,,,,0.6,0.6,0.7,0.6,0.6,0.6,0.7,0.5,,0.4,0.6,0.6,0.7,0.8,0.6,0.6,0.6,0.5,0.6,0.4,,,,,0.2,0.5,0.7,0.5,0.4,0.5,0.7,,0.9,0.4,0.5,0.5,0.4,0.5,0.5,0.5,0.4,0.5,0.6,0.8,0.6,0.7,,0.6,0.6,0.5,0.7,1.2,0.7,0.7,0.5,0.8,,1.7,0.9,,0.7,0.5,,0.5,0.3,,,0.6,,0.4,,0.4,0.4,0.5,0.7,0.6,0.6,0.7,0.7,0.7,0.7,0.5,0.6,0.6,0.6,,0.7,0.7,0.3,0.5,0.7,0.6,,0.4,0.5,0.4,0.7,0.3,0.3,,0.8,0.7,0.2,0.3,0.4,,0.8,0.6,0.5,,0.5,0.5,0.7,0.5,0.6,0.5,0.6,,0.5,0.6,,0.4,0.6,0.7,0.6,0.5,0.5,0.3,0.3,0.4,,0.3,0.2,0.3,0.3,0.2,0.9,0.5,0.5,0.4,,,0.4,0.3,0.6,0.5,,0.6,0.4,0.4,0.5,1.2,0.3,1.4,0.8,0.9,0.9,0.8,0.5,0.7,,0.8,0.7,0.7,0.6,0.5,0.7,0.8,,0.6,,0.7,0.4,1,0.6,2.2,1.9,0.7,0.4,0.8,0.6,0.9,0.7,0.6,0.5,,,0.5,0.2,0.8,0.7,,1,1,1,0.7,,0.9,1.1,,,1.2,0.8,1,0.7,1,0.8,1.3,1,0.9,0.7,0.6,0.8,0.7,0.7,1,,0.9,0.8,,1,0.8,0.5,0.6,0.3,0.5,0.4,0.5,0.7,1,0.6,0.9,0.6,0.8,0.7,1.1,0.4,0.3,0.7,0.4,0.9,0.5,0.6,0.7,0.3,0.6,0.5,0.5,0.5,0.5,0.8,0.2,1.2,0.9,0.9,1,0.9,0.8,1,0.7,0.8,0.8,1.6,0.9,1,1.1,0.6,1.2,,0.7,0.9,0.7,,0.4,0.7,0.4,,,0.7,0.6,0.6,1.1,0.8,0.3,0.7,0.9,0.5,0.4,0.7,0.8,0.8,0.8,0.4,0.7,0.6,0.8,,0.7,0.6,0.5,0.8,0.7,,0.4,0.4,0.6,0.6,0.5,0.8,0.6,0.6,0.6,0.6,0.7,0.8,0.8,0.9,0.5,0.9,,1.3,,0.9,0.8,0.8,0.9,0.8,0.8,0.9,0.9,0.8,0.7,0.9,0.8,0.7,0.6,0.7,0.6,0.5,0.7,0.5,,0.4,0.9,0.9,0.6,0.3,0.6,0.6,0.8,0.8,0.9,0.6,0.8,0.8,0.5,0.8,0.8,0.8,0.9,0.9,0.8,,0.7,0.9,0.7,0.7,0.6,1.1,0.6,0.7,0.7,0.6,0.9,0.6,0.6,0.8,0.4,0.5,0.5,1,1.1,0.8,0.6,0.8,0.4,0.9,0.4,0.6,0.2,0.9,1.2,1.1,0.7,0.7,0.6,0.4,0.5,0.6,1.7,0.5,0.5,0.8,0.8,0.7,1,0.7,0.6,0.9,0.9,0.7,0.9,1,0.8,0.5,0.8,0.6,0.6,0.7,1,,0.8,0.6,0.7,0.9,0.5,0.9,0.9,0.6,0.7,0.6,0.8,0.8,0.9,0.9,0.9,0.8,0.9,1,0.4,0.3,0.3,0.5,0.4,0.4,,0.8,0.4,0.7,0.8,0.5,0.5,0.5,0.4,0.6,0.4,0.6,0.7,0.8,0.7,,0.5,0.5,0.7,0.9,0.9,0.5,0.8,0.9,0.9,0.6,0.8,0.8,0.8,0.5,0.6,,0.5,0.9,0.8,0.8,0.6,0.6,0.8,0.7,0.8,0.7,0.4,0.9,0.8,0.9,1.1,0.7,0.9,0.8,0.6,0.9,0.5,,0.7,,0.6,0.4,0.1,0.6,0.8,0.5,0.7,1.2,0.8,0.9,0.8,,0.6,0.5,,0.7,0.7,0.5,0.5,0.5,0.2,0.6,0.7,0.6,0.7,0.7,0.5,0.4,1.1,0.5,0.5,0.6,0.6,,0.7,,0.9,0.7,,1.3,0.7,0.6,0.6,0.6,0.9,0.9,0.4,,0.4,0.7,0.6,0.6,,,1.7,0.7,0.5,0.6,0.7,0.7,0.4,0.6,0.8,0.6,0.7,0.5,0.5,0.4,0.6,0.5,0.5,0.5,0.7,0.5,0.7,0.9,,0.9,,0.7,0.9,0.6,0.9,0.8,0.9,0.9,0.9,0.5,0.7,0.8,0.7,0.2,0.5,0.5,0.6,0.8,0.7,0.7,1,1.3,0.8,0.4,0.4,0.7,0.7,0.8,0.7,0.8,1.8,1,,1.4,0.6,0.9,0.8,1.2,0.4,0.7,0.6,0.2,1.2,0.8,0.9,0.6,0.6,0.5,0.9,0.6,0.8,0.8,0.4,0.8,0.7,0.7,,0.8,0.5,1.3,0.2,0.8,0.7,0.3,0.7,0.7,0.7,0.4,0.6,0.7,0.8,0.8,1,0.6,1,1.2,0.6,0.6,1,0.8,0.8,0.7,0.7,0.8,0.7,0.6,0.5,0.7,0.6,0.6,,0.9,0.3,0.8,0.6,0.5,0.7,0.5,0.4,0.7,0.7
20210423,11,AQI,42,54,28,26,27,28,29,31,31,55,28,31,,,26,,,28,28,,27,,25,28,,30,24,,80,56,68,73,56,70,83,,31,32,,39,,32,39,35,,32,,31,41,52,45,45,50,44,49,61,58,,74,74,54,27,34,33,31,31,40,32,,34,30,48,38,37,46,,35,44,43,44,84,,87,125,117,72,83,78,,39,40,,,44,40,41,46,40,30,27,,,39,33,44,36,,26,40,41,42,35,40,38,38,36,36,37,85,65,78,79,77,60,63,,55,59,45,35,,,43,36,40,,33,38,43,39,97,97,100,104,,,102,109,92,105,73,57,73,64,79,75,58,73,51,88,,,49,64,53,68,59,45,54,46,82,72,98,,,,75,55,,75,64,54,,,,55,,53,64,62,64,73,67,67,,60,,,,65,57,,40,57,,49,55,,40,90,83,89,69,74,80,52,,57,,65,65,,77,92,,62,68,67,,67,75,93,,51,65,54,,,74,87,,29,47,36,67,,80,,,48,,70,53,,31,40,40,15,16,16,,68,60,62,59,56,,55,50,,36,42,36,41,39,52,34,36,44,51,,30,27,33,52,42,69,42,31,29,25,,37,25,25,,43,35,53,46,,52,53,,44,23,,,79,89,98,68,,60,73,70,63,,73,71,69,68,58,48,43,34,36,,32,24,,39,34,59,42,42,49,40,46,43,45,45,34,78,75,,70,76,61,88,77,72,77,69,52,39,53,53,52,69,,47,58,56,62,58,55,52,50,65,,70,62,,62,85,94,59,66,57,61,56,58,53,,,,66,61,70,74,71,103,103,89,44,57,48,55,,44,46,42,44,45,58,,29,48,,51,,46,,64,60,37,65,77,58,61,,,65,61,59,42,72,,80,99,92,99,,,94,43,52,59,59,52,57,59,57,57,60,,58,57,52,61,58,69,38,38,39,36,36,40,63,63,68,61,,58,,100,,61,60,86,65,,58,30,34,52,,,,55,56,,,,53,67,20,17,26,26,22,,23,40,,54,48,40,34,31,,51,46,55,,46,25,54,,70,64,56,64,56,,52,46,62,,28,42,38,30,31,29,32,46,57,43,93,,58,59,48,51,59,40,,24,,,51,42,,45,,50,52,,,,34,40,52,,59,69,42,,94,70,83,60,39,26,,26,32,25,,,,79,,85,54,,58,,44,44,46,,48,37,37,35,,49,,,55,,55,61,62,43,49,,46,47,,,36,29,,47,43,29,59,51,54,43,,56,55,,63,56,57,,,,52,114,98,,55,,,61,61,52,,42,,63,68,,,54,64,,57,,40,46,,53,,,,92,97,,82,90,,82,,97,85,88,,78,97,58,47,39,,45,37,41,36,35,26,27,42,27,38,,29,56,29,,33,30,28,27,83,67,53,70,134,67,72,75,,75,84,55,51,,,57,64,,79,70,57,,39,45,45,40,48,45,46,,50,,57,,65,43,55,35,36,,49,,30,,117,,112,124,108,112,,42,32,,,,57,,58,,110,104,149,,99,70,82,80,62,,58,,52,49,52,49,36,36,,53,47,48,28,49,29,,32,,,38,41,28,33,31,35,56,43,50,46,42,36,42,49,44,47,44,,50,27,27,93,,48,,94,73,88,87,79,,58,47,40,50,59,59,70,57,,,,,,68,,,32,40,37,42,37,52,36,32,39,56,46,58,58,59,61,58,,44,43,57,,62,80,,77,36,47,58,50,46,66,56,64,73,73,,85,,64,73,104,43,54,66,,25,27,,22,31,31,41,37,48,52,42,42,,29,,59,64,64,89,72,49,67,40,35,,,46,19,64,22,36,33,38,,40,39,39,,,38,,52,53,51,59,58,46,,52,48,53,51,63,45,42,52,35,49,49,35,32,,33,60,,57,48,67,69,,,48,51,,55,43,,60,62,65,,,77,70,70,79,95,,58,80,78,,81,,83,,95,90,88,,,100,,,80,75,83,,79,,63,54,,,35,32,,,83,87,42,,,46,40,,69,47,50,48,28,30,42,39,33,26,36,36,27,28,31,27,25,35,,,36,,24,28,,,41,47,69,72,31,39,30,33,45,41,48,115,,,,39,43,41,39,69,64,54,54,,42,38,70,58,65,59,63,,,,26,42,30,60,53,,24,,56,,41,46,44,,67,60,60,59,,,57,67,58,64,62,62,80,60,,27,,26,,28,37,59,68,,88,,77,,,,47,38,53,55,75,80,,38,,75,68,54,59,69,,57,49,32,43,32,33,,30,29,33,42,32,38,61,52,,30,23,18,,33,64,22,45,40,34,,36,49,52,,,44,,49,58,55,33,,36,42,53,45,38,37,35,38,,,46,47,62,54,58,52,51,54,75,59,,84,,59,,89,77,75,40,,38,34,57,,57,60,67,60,57,57,52,46,52,44,42,58,49,,69,64,53,51,,,81,57,,46,43,55,48,59,67,62,47,45,,49,62,41,,38,38,,38,28,35,38,,39,30,38,36,50,35,,,,36,,43,,34,46,50,27,25,27,27,26,36,,39,40,43,40,28,31,40,29,26,27,28,31,34,26,26,36,40,26,18,33,21,67,59,71,61,24,,25,48,,52,67,55,68,98,50,47,46,59,57,56,55,42,51,61,41,40,48,46,22,29,,,,53,42,49,39,48,61,32,52,,,57,69,52,,,35,43,44,,,55,56,45,59,56,,45,,42,,,,,30,40,45,45,39,42,,25,,29,39,44,,42,53,54,55,57,,62,,,,,45,29,56,56,46,58,44,,39,92,79,54,59,41,46,45,88,74,,71,51,43,,72,67,57,85,103,68,51,48,83,,60,64,,43,,,33,36,,,40,,31,,27,27,23,24,20,24,,57,48,52,25,21,20,28,,29,42,18,26,26,77,,114,114,33,,107,95,,31,34,24,23,,,50,69,70,,37,55,36,32,34,32,29,,33,32,,,23,23,22,128,137,165,141,26,,31,30,27,69,108,30,83,66,73,,,52,43,32,30,,22,45,35,24,55,58,92,70,30,28,29,57,94,,86,67,58,74,82,59,48,,70,,87,45,102,39,,79,103,16,,24,28,51,54,,,,32,69,74,27,,64,54,63,45,,97,42,,,77,62,54,58,54,59,71,83,104,60,49,62,68,66,87,,28,,,115,59,94,73,24,,,42,64,,33,33,57,28,77,85,36,102,25,26,28,33,41,,55,50,,,38,45,71,,74,56,82,65,32,29,35,30,53,66,60,43,50,43,60,109,,46,26,80,,39,28,18,,,63,70,52,39,64,33,36,54,39,68,80,44,64,90,29,52,61,40,,75,55,46,54,41,,84,,67,99,113,119,104,93,100,88,35,,56,86,40,53,,88,,46,45,53,39,46,77,86,90,64,71,61,65,49,52,56,,58,55,107,,50,104,65,66,,44,30,30,,55,50,67,73,78,33,44,130,122,52,,,115,118,,40,30,84,44,78,34,31,78,35,61,62,28,37,49,56,57,83,57,45,32,36,,55,32,90,,55,54,,62,,57,58,52,37,35,,59,36,29,32,43,44,44,,45,58,48,103,60,77,84,48,46,,69,32,31,53,,73,65,53,,81,64,,42,35,52,73,69,39,64,28,26,30,21,28,,79,56,40,,65,40,47,48,,73,38,,97,,29,59,38,,,29,63,35,52,50,74,57,64,68,,62,,94,159,65,75,24,35,45,28,70,128,33,68,59,78,59,32,65,,35,58,39,,36,,29,31,,31,33,54,31,39,39,27,52,,25,57,,51,54,51,59,54,,39,32,52,59,34,57,58,,31,29,25,39,,113,,52,45,,31,57,45,55,80,29,114,49,,30,50,37,51,,,139,80,51,60,78,30,40,34,32,43,68,47,55,,79,58,59,55,55,37,76,88,,62,,92,62,74,59,88,48,64,58,55,64,57,49,24,,240,148,35,17,,,73,101,60,63,62,58,66,77,55,49,64,,62,65,123,104,122,88,68,54,67,62,49,45,58,35,48,,67,53,40,35,80,62,59,,52,25,62,30,74,69,51,67,40,43,29,33,28,50,105,58,53,54,104,62,97,30,35,33,39,33,27,,39,41,69,79,43,,,30,96,74,28,,40,33,98,56
20210423,11,PM2.5,12,38,12,11,10,10,10,4,3,39,6,18,,,11,,12,13,11,,8,,9,6,,6,13,,59,39,49,53,37,51,61,,8,18,,27,17,16,27,17,,8,,11,22,14,31,31,34,26,32,34,16,,46,45,26,14,13,11,13,20,20,14,,19,21,33,26,24,32,,24,28,22,24,62,,64,95,88,52,61,57,,14,13,,,12,14,18,16,14,21,17,,20,24,20,21,16,,18,25,17,22,23,16,16,12,18,21,19,63,47,57,58,56,43,45,47,30,42,14,18,46,,19,21,24,17,22,23,30,26,72,72,75,78,,,76,82,68,79,53,39,53,39,58,55,39,53,34,65,,39,34,46,37,49,42,31,38,32,60,52,73,,,,55,39,,55,46,30,,,,39,,36,46,44,46,53,48,48,,43,,,,47,40,,26,40,44,34,39,,28,67,61,66,50,54,59,36,,40,,46,47,,56,68,,44,49,48,,48,44,69,53,26,47,32,,,54,64,44,20,29,16,34,,59,,,33,,32,35,,15,28,25,7,6,6,,49,38,36,36,37,34,32,33,17,19,29,24,19,22,27,22,12,29,28,,12,12,18,16,24,50,29,20,20,14,,9,8,6,,30,24,29,23,,32,37,,27,12,,,58,66,73,46,,39,50,38,44,43,49,42,48,46,39,33,15,17,19,22,20,13,,20,19,42,29,29,34,21,32,30,22,31,10,57,55,,47,47,34,63,53,26,56,50,28,25,28,24,30,33,,21,32,34,41,41,22,29,25,38,42,44,34,,44,63,70,38,38,33,29,35,33,24,,,,47,38,51,54,43,60,61,52,26,34,26,36,25,29,26,23,23,23,25,21,13,11,14,12,17,27,,32,41,25,39,49,33,43,,,47,36,30,29,52,,59,74,68,74,,,70,30,24,29,29,36,31,36,36,39,29,,29,27,35,37,31,30,7,4,6,5,12,5,34,34,38,30,38,33,,36,,34,36,33,36,,32,15,10,24,,,,35,21,,,,29,27,14,10,18,18,13,,15,28,29,38,33,28,23,21,,21,31,39,26,32,16,31,,51,42,20,36,15,27,22,24,27,,19,27,24,18,10,13,15,32,40,30,69,32,41,42,23,26,29,15,,12,,46,22,29,,24,,17,27,,,,17,28,36,,42,50,29,,70,51,61,41,27,12,15,9,14,7,,,,58,,63,34,,41,,20,17,32,34,33,19,17,15,,34,,,39,,39,31,34,23,18,,21,19,,22,25,20,,29,18,17,34,19,29,28,36,34,19,26,21,24,25,,23,,17,86,73,,32,42,,32,33,25,,24,,34,39,,,34,39,,18,,19,22,30,27,,,,68,72,,60,67,,60,,72,63,65,,57,72,29,22,12,,31,25,28,22,17,13,13,24,16,26,20,20,36,14,,8,21,13,7,61,48,37,51,102,48,52,55,,55,62,19,24,23,,28,30,32,58,47,39,28,22,20,24,26,33,31,32,,27,,40,,47,19,39,24,21,,34,,11,,88,,84,94,81,84,20,29,20,,,,33,,34,,83,78,114,,74,51,60,44,42,,41,,36,34,36,34,18,24,,37,30,22,8,34,19,,18,,,26,20,19,19,3,24,24,28,27,19,15,17,17,34,27,25,25,,31,12,16,16,16,33,34,70,53,65,64,58,,41,26,28,30,42,42,51,40,,,,,50,43,,42,22,28,18,29,23,36,22,16,16,7,17,40,33,33,31,35,,28,30,40,,44,59,,56,24,28,41,35,32,39,38,46,53,53,51,63,,25,19,36,30,38,36,,8,15,,14,14,7,17,6,31,36,27,27,,13,,42,46,46,66,52,34,48,28,24,,,17,13,13,15,19,16,14,,7,2,26,,33,26,,36,37,33,42,36,31,,36,23,37,35,45,31,29,36,24,34,34,24,20,,17,38,,39,27,48,50,,,33,34,,39,25,51,43,42,47,,,36,51,46,46,71,,41,52,57,48,48,39,61,,71,67,65,,,75,,,59,55,47,,51,,13,20,,,24,15,,,42,30,20,,,30,25,,34,28,21,26,19,21,29,27,23,18,25,21,18,17,14,15,11,24,,,25,,15,14,,,28,31,36,44,19,27,19,22,28,26,29,87,,,,27,26,24,27,50,21,36,38,,29,26,51,41,47,42,45,,,,15,14,5,43,36,,14,44,35,,27,29,29,,48,43,43,42,,,40,48,36,44,38,24,59,41,13,11,,8,12,13,19,42,49,,65,,56,,,,24,25,36,36,55,59,,26,,55,49,38,24,50,,19,31,19,14,8,12,14,12,14,12,20,22,26,22,17,,9,16,12,17,10,12,13,31,27,21,,25,18,22,27,,19,,29,41,39,23,30,20,29,31,19,24,23,24,24,,,26,23,44,35,41,35,27,38,55,28,,62,43,42,,66,56,55,28,,26,17,40,,40,43,48,43,40,26,36,29,25,25,27,41,34,,50,46,37,27,34,,55,26,9,29,30,39,33,42,48,44,22,16,,34,44,27,,18,21,,25,18,21,21,,27,14,26,20,21,24,,,20,19,,24,22,22,32,35,12,8,9,16,7,20,,27,26,30,28,19,20,28,18,10,10,9,14,16,8,18,25,28,18,12,23,13,41,33,42,24,13,,9,24,21,20,48,37,45,53,22,22,26,34,35,17,35,29,26,30,28,26,23,21,15,14,,,17,32,14,24,10,23,27,12,36,35,33,40,50,36,,,22,29,29,,32,33,25,30,34,35,,31,,29,,,,,5,2,12,16,7,12,17,10,,12,22,16,21,17,23,38,39,40,,36,,,,,12,19,37,37,27,41,28,,24,68,44,37,33,6,23,12,65,43,,45,28,27,,52,48,40,63,77,43,28,31,52,,38,35,,30,,,10,8,,,11,,10,,6,4,8,10,11,15,54,35,33,33,11,7,8,15,,18,9,8,6,15,56,,39,47,22,20,28,29,,19,16,11,10,10,,23,41,51,,22,39,21,22,7,12,13,,23,22,,32,4,6,5,50,52,73,,6,,19,2,12,42,30,14,21,21,16,,,36,29,22,17,,15,17,24,10,29,39,68,48,5,19,6,38,70,,52,48,41,54,60,42,33,,51,,64,28,76,27,48,39,36,6,30,12,15,27,32,,,,17,33,52,8,,28,32,38,22,,72,22,,,56,44,38,41,38,42,43,61,78,43,34,44,32,42,64,,11,22,,87,19,70,53,7,21,36,29,45,38,17,14,40,8,56,62,5,76,14,6,19,11,20,13,39,35,38,38,5,31,31,7,54,36,60,47,22,17,24,21,32,47,41,19,24,21,33,82,,32,11,59,,12,18,12,,,21,51,23,27,46,5,20,38,14,49,59,28,46,67,11,31,40,28,,55,21,22,28,20,,32,,48,74,85,90,78,69,75,65,24,16,32,12,22,37,,65,,32,31,37,24,32,56,58,67,46,37,41,42,32,34,32,,41,33,58,,14,78,46,23,18,21,15,17,,37,33,48,53,46,22,29,99,92,36,40,,87,89,15,28,21,62,22,57,16,21,57,24,33,44,16,16,10,39,35,61,40,16,22,25,,39,2,67,,39,25,,44,37,28,39,36,13,24,31,42,25,16,16,30,27,17,23,23,41,33,77,40,56,62,33,11,,50,8,3,30,11,53,39,36,32,40,46,,29,24,33,53,50,24,46,17,12,11,14,17,,58,32,28,,31,27,23,19,44,37,26,48,72,,9,30,10,,,11,45,15,33,35,54,40,46,43,,26,,70,121,47,55,4,22,22,19,51,97,23,49,39,57,42,15,40,34,24,41,27,,25,,11,17,13,12,20,27,19,27,27,18,35,,4,18,,33,38,30,28,33,,27,22,34,32,19,36,41,24,12,14,17,18,,85,,36,29,,18,32,31,35,59,20,86,20,,18,25,18,23,,,106,40,23,28,57,4,28,4,7,30,38,27,31,,49,19,22,18,7,3,48,46,,37,,68,44,44,42,65,28,46,41,35,36,40,25,6,,190,111,22,10,53,62,53,28,32,34,44,29,44,46,25,34,42,,44,47,93,78,92,52,36,38,41,44,34,31,41,24,32,46,48,37,22,19,59,41,27,,18,12,44,3,54,50,33,48,28,13,7,23,8,33,79,41,37,31,49,37,72,21,24,23,21,3,11,3,,17,50,58,30,,,16,57,54,19,38,5,8,73,31
20210423,11,PM2.5_24h,34,50,37,29,31,40,35,34,34,51,32,38,,,23,,26,25,22,,20,,27,25,,26,16,,51,46,53,52,47,54,48,,26,22,,37,24,19,26,26,,16,,46,41,43,39,38,38,40,36,37,29,,31,41,30,20,15,17,18,35,30,28,,30,36,30,33,38,46,,48,44,48,47,58,,41,65,65,55,52,48,,22,23,,,20,16,22,20,36,37,34,,35,35,35,36,38,,40,27,20,15,21,12,15,13,18,25,21,38,30,31,28,25,27,34,29,30,30,39,38,52,,43,42,53,42,48,57,53,53,49,45,50,48,52,,49,41,48,51,37,34,43,36,39,32,39,52,39,85,,41,38,62,38,35,71,45,48,45,66,51,38,,,,51,48,,48,46,33,,,,42,,36,41,43,37,42,44,41,44,64,,,,72,58,,35,64,65,49,52,,45,68,60,62,34,43,49,25,,30,,33,31,,45,47,,46,37,42,,44,47,56,31,19,29,23,,,27,47,30,22,19,24,23,,50,,,37,,45,50,,16,17,21,14,11,13,,44,40,42,35,34,30,26,24,23,29,30,22,26,26,31,28,25,31,17,,21,12,19,20,13,22,14,22,21,13,,16,9,9,,32,31,31,33,,40,46,30,38,14,,,25,27,24,18,24,17,40,34,36,37,40,38,38,35,32,22,15,19,19,24,20,17,,18,18,26,34,20,24,18,20,24,17,24,10,41,40,,37,35,33,50,38,42,40,38,26,24,24,23,23,32,,18,23,25,36,27,22,22,25,31,35,38,29,,31,50,37,30,28,26,23,24,25,18,24,,,37,33,38,48,49,49,41,29,31,30,26,30,23,25,24,22,24,24,25,23,10,12,15,11,13,16,,26,25,28,27,20,27,25,,,23,27,19,26,29,,96,92,75,80,,,97,56,27,29,31,35,30,33,35,35,27,,31,27,47,44,34,36,8,7,11,7,13,4,33,35,40,31,37,42,33,37,,34,35,37,34,,30,18,17,23,,,,23,20,,,,32,25,9,11,13,11,9,,19,20,22,25,25,22,20,17,17,17,24,36,20,25,14,34,,47,42,34,33,17,24,24,28,23,,41,40,50,26,18,18,19,34,37,35,61,32,42,42,18,18,18,18,,21,,29,24,26,26,34,,32,46,,,33,32,33,60,,58,50,48,,49,46,44,41,43,18,12,11,17,13,,,,56,,47,49,,57,30,31,39,33,33,33,22,21,20,,39,,,45,,39,40,44,35,29,25,28,28,,17,18,16,15,21,20,20,25,20,18,30,34,35,19,23,20,30,35,32,22,,18,53,46,,29,32,,38,33,32,31,23,,30,33,,,52,48,,26,,23,28,24,35,87,67,,88,68,,50,51,,48,,72,55,66,,60,56,14,15,8,,20,21,24,26,25,18,14,41,35,39,40,35,45,11,,17,19,10,15,58,43,32,47,64,39,39,45,47,43,37,21,22,18,,27,44,43,59,43,46,31,23,22,31,20,35,39,35,,34,38,47,,40,37,35,30,31,,36,24,6,,69,,67,87,71,71,37,49,38,,,,36,,31,,68,68,78,,69,63,64,44,37,,38,,41,42,38,42,20,22,,23,22,20,20,20,18,,22,,,15,26,11,13,5,27,30,28,29,14,10,12,15,34,31,26,33,36,33,12,13,25,32,49,55,53,50,49,45,46,,36,22,28,29,35,42,41,35,,,,,51,44,,40,22,27,16,22,20,26,17,14,13,13,15,26,21,32,29,29,,27,31,41,,27,29,,37,26,27,34,32,29,35,31,42,43,45,42,51,,40,39,71,28,41,26,57,14,17,,8,9,22,39,15,48,46,34,34,,15,,29,22,22,34,29,17,18,15,16,,,11,11,10,13,16,13,19,,11,16,35,,40,43,43,39,35,39,41,38,37,,44,40,42,45,46,37,42,38,40,40,39,23,24,,36,28,,27,30,30,37,,,26,35,28,34,32,23,25,23,23,,,21,52,52,51,70,,51,33,35,27,30,26,44,,44,49,49,,,45,44,,41,32,24,,23,,36,33,,,33,17,,,33,28,24,,,27,31,28,19,26,26,30,29,28,25,28,29,22,26,22,29,49,32,40,37,32,27,29,31,,23,24,31,,19,19,22,23,21,21,23,18,29,26,29,90,,,190,123,148,115,109,150,103,111,96,51,42,36,247,215,234,184,180,,,203,20,24,21,76,74,,51,38,33,,33,34,39,,50,49,31,42,26,38,36,49,28,35,26,23,41,25,28,23,,20,14,22,23,54,37,,35,,42,,,,27,24,31,39,42,43,,25,,38,39,34,22,18,30,28,21,33,25,38,18,12,16,21,16,29,37,31,26,15,,14,12,17,16,16,16,10,37,24,14,23,25,20,23,20,,8,12,10,15,15,24,29,25,35,27,20,26,22,22,22,,,24,23,25,20,22,22,16,31,35,21,,65,66,61,,65,68,65,48,,45,34,36,,33,33,35,37,32,32,37,37,34,34,37,43,38,,44,44,41,25,26,,37,27,12,29,25,26,36,44,46,45,22,18,,31,31,25,,22,21,,23,18,22,23,,22,13,15,19,16,19,,,18,26,,22,20,22,24,28,17,22,25,24,17,21,34,26,30,30,25,22,22,29,23,9,11,15,13,17,14,24,20,20,18,8,12,10,35,26,30,25,19,19,10,16,20,18,37,33,35,29,30,30,33,33,33,34,30,33,30,33,35,32,25,28,16,17,,13,15,21,16,18,20,26,30,24,52,52,48,47,40,51,,,19,23,21,,22,21,18,21,32,33,,42,,36,,,,,22,19,24,28,21,14,15,18,,10,22,22,24,23,24,36,38,39,24,39,,,,,8,8,37,39,28,28,25,,23,52,36,32,31,11,19,12,47,30,43,38,28,29,,45,49,44,44,62,41,27,19,40,,39,37,,22,2,,8,11,,,12,,5,,11,7,11,10,11,16,23,27,23,25,12,12,11,21,,16,10,8,14,16,45,,40,50,20,17,55,59,,23,24,13,11,10,,33,41,24,,20,25,20,18,8,11,22,,25,26,,32,18,16,19,110,98,72,50,9,,15,9,10,21,19,12,10,12,18,,,15,18,16,17,,14,10,10,10,25,22,78,37,8,29,18,52,48,,27,56,48,77,32,52,35,,36,,54,42,108,25,40,43,80,10,37,36,32,20,40,13,,,29,20,44,28,,28,28,31,22,,50,40,,,31,57,59,37,43,42,30,29,32,64,24,31,20,27,55,,22,34,,55,25,38,31,6,24,27,40,48,35,16,17,26,23,64,26,11,29,26,17,30,8,29,25,32,32,29,34,7,26,39,17,28,31,69,48,20,23,21,39,31,54,35,20,21,30,31,68,,32,24,49,,13,18,14,,,20,56,45,33,32,10,22,44,39,51,66,22,33,49,18,35,23,26,,31,18,22,27,18,,56,45,19,46,39,46,50,48,49,32,47,24,32,31,33,22,,48,,34,35,27,34,31,51,56,45,40,33,39,37,22,28,28,19,30,26,49,,11,43,35,32,21,27,44,37,14,39,45,45,47,38,26,29,67,75,28,31,,69,76,53,64,53,172,17,43,20,21,42,22,20,33,16,27,15,64,69,59,42,46,12,41,52,29,12,55,34,29,42,46,52,33,26,34,35,19,15,32,47,18,23,12,24,34,21,19,26,36,40,52,40,39,48,34,30,,54,28,34,32,21,44,34,36,46,36,37,40,36,38,42,37,22,33,35,22,7,10,13,13,,43,29,29,44,29,20,24,17,27,18,22,24,51,53,27,58,33,15,26,25,39,24,37,32,35,29,37,41,37,34,,70,75,40,40,40,25,20,16,33,36,28,53,43,59,49,30,43,33,39,28,21,,32,,25,22,15,25,31,45,44,36,37,30,30,,16,23,,29,25,20,19,18,18,23,29,26,24,26,26,40,22,14,12,18,19,,40,,37,19,,21,32,35,30,39,43,63,17,,17,35,30,23,,,91,34,44,46,49,12,30,12,18,50,53,31,46,46,45,37,38,41,29,36,37,36,,39,,85,33,38,46,31,40,33,48,28,33,48,29,9,,340,378,19,22,47,65,56,44,36,26,39,28,34,34,25,24,33,,40,40,80,70,178,34,46,19,19,48,59,33,55,34,25,38,29,41,28,21,52,30,36,,15,35,30,5,33,48,56,37,47,36,35,38,32,26,56,53,43,40,157,33,53,22,30,23,46,37,33,34,22,17,46,43,44,,108,25,93,30,28,42,6,4,46,34
20210423,11,PM10,42,42,19,20,27,9,24,12,12,51,8,31,,,16,,,18,20,,19,,7,9,,8,24,,91,62,63,70,61,63,90,,11,11,,11,,24,27,35,,27,,29,41,53,45,45,50,44,49,71,66,,98,97,58,19,34,29,7,17,40,32,,34,28,34,33,37,41,,35,44,43,44,103,,92,135,115,82,93,86,,34,29,,,44,25,41,46,40,28,27,,28,39,33,44,36,,22,40,41,27,33,24,30,21,24,32,37,74,44,81,70,64,35,51,64,59,43,45,35,70,,43,32,36,28,32,30,35,39,78,64,60,56,,,72,61,48,47,87,63,58,78,103,61,66,75,51,56,,49,49,34,46,52,52,33,37,23,10,25,73,,,,63,43,,68,68,58,,,,41,,56,62,69,58,66,63,53,,56,,,,61,56,,40,47,33,36,42,,29,56,46,48,60,49,55,38,,48,,79,75,,83,83,,74,76,73,,81,100,87,59,52,77,57,,,74,80,84,28,47,36,84,,86,,,43,,90,56,,31,37,40,8,7,9,,70,69,73,68,62,57,59,50,29,36,19,36,41,39,53,34,36,44,51,,30,19,33,54,42,59,38,31,25,6,,37,25,17,,27,34,56,46,,53,46,,44,19,,,88,97,88,85,,70,95,90,76,103,96,92,88,86,65,42,43,34,36,34,32,24,,39,34,52,36,42,38,40,38,35,45,38,34,104,95,,90,101,72,126,103,93,102,74,53,39,56,56,53,87,,47,66,62,73,59,60,54,50,79,78,90,73,,70,105,136,67,82,64,71,61,65,55,,,,82,71,63,94,92,125,111,127,44,63,48,59,53,44,46,42,44,45,66,43,29,48,67,51,52,46,,78,70,37,79,103,66,72,,,48,72,68,42,60,,70,93,94,103,,,102,37,53,68,68,53,63,68,63,63,70,,65,64,54,72,65,88,14,24,39,9,27,11,76,76,86,71,93,65,,149,,72,70,122,80,,66,30,34,53,,,,59,62,,,,55,83,16,14,20,23,22,,23,36,32,29,36,36,34,31,,51,46,58,41,33,22,58,,70,77,61,78,62,,53,46,73,,24,42,38,27,22,26,32,40,60,33,60,75,33,34,48,51,68,40,,24,,,51,39,,45,,50,53,,,39,34,36,39,,33,69,38,,96,90,110,70,39,14,17,17,19,22,,,,75,,73,58,,55,,44,44,44,44,48,24,20,34,,31,,,58,,46,72,74,43,49,,46,47,,40,33,29,,47,43,29,67,52,58,43,37,62,60,67,75,61,63,,36,,53,110,108,,59,67,,72,72,53,,42,,76,85,,,57,78,,63,,35,46,51,55,,66,,71,111,,56,61,,64,,101,80,81,,73,72,66,47,39,,41,37,41,36,35,26,17,42,27,33,30,25,62,18,,24,19,24,17,38,40,29,42,46,68,88,72,,70,81,59,52,48,,63,77,71,90,90,64,44,37,36,45,37,48,40,45,,50,,35,,61,43,46,34,36,,39,,8,,97,,95,141,118,107,29,29,32,,,,63,,65,,137,138,149,,124,61,87,110,74,,60,,46,49,52,43,36,36,,40,47,48,7,39,29,,32,,,26,41,26,33,16,34,61,43,50,46,42,36,42,44,44,47,44,,50,27,27,22,46,30,66,80,81,90,88,76,,39,47,30,50,55,50,58,60,,,,,79,85,,100,26,30,37,31,37,23,36,32,39,62,46,65,66,67,71,65,,44,41,54,,64,78,,98,36,47,58,42,43,81,61,68,80,80,75,84,,78,95,158,43,45,82,,12,26,,21,31,31,41,37,48,46,42,42,,29,,55,48,48,70,58,47,50,28,33,,,46,16,78,20,36,16,7,16,9,10,39,,,3,54,49,47,52,67,66,46,,44,48,47,51,53,36,34,35,31,41,43,30,32,,33,69,,64,48,54,80,,,39,51,,39,43,,63,73,61,,,103,66,90,107,75,,65,110,102,110,112,114,80,,82,84,86,,,99,,,69,76,116,,108,,75,58,,,26,32,,,115,123,41,,,46,40,94,87,47,50,48,23,30,32,19,20,17,29,36,27,24,31,27,11,23,18,,22,,24,28,,,41,47,87,94,31,29,30,33,45,41,48,143,,,,36,43,41,26,65,78,57,37,,41,36,67,44,59,60,45,,,,26,42,30,66,55,,18,46,61,,41,46,44,,53,64,43,51,,48,42,47,66,77,74,74,79,70,25,21,,18,16,18,37,59,70,,83,,81,,,,47,38,56,59,97,82,,38,,56,54,48,68,57,,63,49,24,43,26,14,12,25,29,33,42,29,35,71,53,,30,23,17,23,33,78,9,31,40,34,,35,49,53,43,,44,,49,49,52,32,42,36,33,56,45,38,37,34,38,,,46,47,50,57,53,53,51,52,80,68,,105,66,68,,126,73,81,32,,27,34,61,,62,49,56,56,54,64,43,46,53,44,42,39,43,,79,51,50,52,59,,111,64,58,46,31,51,33,44,39,39,47,45,,45,39,41,,38,38,,38,28,35,38,,37,26,31,36,50,29,33,42,33,36,42,43,39,34,45,42,24,14,9,21,12,36,,26,40,35,34,26,31,26,29,26,27,28,31,34,14,23,29,38,26,17,31,21,83,67,92,72,24,,25,48,,54,73,60,86,146,50,47,46,68,63,62,59,36,52,72,41,40,48,46,16,29,,27,33,56,42,49,39,48,71,32,48,55,54,49,39,54,,,35,43,44,,50,60,62,45,67,62,,39,,39,,,,,24,40,45,45,39,42,22,24,,29,32,37,46,42,56,53,51,59,56,74,,,,,45,29,61,61,46,47,44,,39,89,107,58,67,21,46,45,121,97,,92,52,36,,72,73,52,80,154,85,52,48,116,,70,77,,24,5,,21,17,,,26,,23,,14,12,15,24,16,24,61,64,47,54,8,18,14,27,,29,42,18,18,26,69,,177,177,33,,163,139,,31,34,24,23,28,,50,88,57,,37,36,36,24,34,32,22,,27,25,,34,9,12,9,206,224,280,232,23,,31,30,27,87,166,30,116,82,95,,,40,43,27,30,,20,45,34,21,60,65,74,90,11,24,12,63,86,,122,69,33,44,79,54,48,,62,,73,45,100,35,112,108,156,6,55,24,25,51,58,13,,,32,87,97,16,,78,58,76,45,,109,42,,,58,57,58,44,48,66,92,75,107,52,37,74,86,82,43,,19,19,,141,68,124,87,17,36,53,38,78,93,33,33,29,14,90,119,12,44,25,25,22,33,41,,50,47,50,64,14,40,92,32,72,62,80,57,32,29,22,19,56,81,69,43,50,43,69,123,,46,20,75,,25,28,17,,,76,78,54,28,70,8,36,46,39,69,85,44,76,78,29,54,71,38,,67,59,46,58,41,,118,75,24,34,80,71,60,48,64,52,35,44,61,121,40,38,,91,,43,34,40,39,36,91,121,128,72,91,71,79,49,54,62,,63,59,102,,50,136,79,81,64,44,12,25,24,59,50,56,76,105,33,44,114,125,49,72,,149,121,35,39,24,114,44,48,34,31,86,26,71,48,28,37,49,61,64,88,60,45,23,34,,39,9,83,63,44,58,48,73,116,64,66,43,24,18,30,43,32,29,32,30,44,44,26,45,65,42,99,69,90,87,46,46,,66,6,5,56,27,68,80,56,,112,64,,37,31,53,73,61,39,48,27,26,30,17,28,,107,62,40,,79,40,47,48,75,96,34,117,108,,10,67,38,24,,24,74,35,54,46,90,62,58,86,,74,,101,145,68,72,18,35,45,19,87,75,27,65,68,78,64,32,80,44,27,48,22,,31,,29,31,17,31,33,58,31,34,36,18,54,,6,63,,51,45,52,67,58,60,29,31,54,67,34,64,66,39,31,29,25,39,,76,,45,45,,31,64,38,60,108,29,116,49,,30,50,37,51,,,110,110,51,70,94,16,12,20,23,29,85,47,60,,107,65,68,59,60,37,101,125,,74,,76,63,98,35,74,48,63,63,59,78,61,49,9,,229,246,35,17,92,74,77,152,70,75,66,66,81,104,60,49,77,,56,70,126,105,138,126,86,54,83,28,30,16,52,24,48,20,76,46,40,35,95,74,68,,54,14,51,19,69,51,51,80,39,43,18,27,4,50,133,66,56,57,158,73,126,28,22,20,39,1,10,,38,39,74,73,32,,,19,141,82,27,47,8,24,101,61
20210423,11,PM10_24h,38,45,43,38,40,36,45,40,36,52,45,54,,,30,,35,31,32,,35,,62,37,,31,26,,75,68,78,74,75,68,80,,25,27,,24,37,33,29,36,,29,,72,61,79,61,62,66,74,67,63,70,,67,70,67,19,16,26,18,19,55,49,,48,42,43,46,50,48,,66,70,64,68,93,,57,95,81,82,74,71,,38,36,,,34,35,31,33,61,60,60,,56,68,63,75,71,,60,48,60,35,26,30,39,28,32,42,35,70,56,68,51,48,43,66,48,52,55,72,78,86,,85,78,84,71,68,85,88,82,68,57,60,62,61,,63,51,58,52,66,55,56,61,76,44,65,74,55,66,,59,64,62,58,65,61,54,48,51,52,53,39,,,,68,40,,60,71,64,,,,58,,62,69,81,56,65,64,51,66,98,,,,106,87,,52,54,72,57,64,,49,60,48,48,46,39,52,33,,37,,55,52,,78,66,,96,66,75,,105,96,90,43,46,51,38,,,41,55,64,37,40,58,49,,76,,,61,,116,85,,36,29,35,30,26,31,,67,64,74,71,65,47,58,35,41,44,31,36,43,44,51,43,39,41,28,,44,38,48,49,38,34,30,34,38,16,,37,34,27,,30,49,60,55,,56,58,54,60,18,,,33,33,31,32,31,25,70,77,66,81,81,75,82,73,62,30,32,33,31,31,28,31,,31,33,31,22,29,25,26,25,22,29,26,24,81,75,,74,88,68,98,76,103,78,72,57,58,57,60,48,86,,40,52,57,86,57,58,50,51,69,69,72,59,,47,91,77,56,60,53,47,51,52,48,54,,,81,71,77,107,99,108,89,80,56,58,49,59,43,43,42,39,42,45,55,50,25,27,36,29,30,28,,51,38,42,54,58,53,52,,,36,59,51,57,57,,123,124,96,114,,,140,72,52,70,70,57,68,71,66,69,65,,49,53,93,67,66,80,17,34,51,22,45,26,84,72,115,79,84,75,71,118,,86,73,111,80,,56,33,39,39,,,,47,49,,,,61,60,33,33,30,37,33,,39,28,23,30,31,26,25,25,32,34,32,54,27,29,22,52,,61,55,55,49,46,54,49,50,57,,71,69,80,50,42,45,53,45,42,34,59,55,40,38,38,36,43,33,,32,,44,50,48,40,45,,57,67,,,46,33,32,60,,51,72,55,,70,72,73,63,47,27,19,17,26,24,,,,72,,59,69,,61,59,55,55,34,36,42,25,27,33,,32,,,67,,66,66,67,52,50,51,51,64,,36,33,34,34,42,40,38,54,49,54,52,52,59,47,49,52,63,63,60,40,,48,86,79,,65,64,,68,64,67,61,39,,59,55,,,72,83,,58,,43,54,74,63,80,82,,82,97,,53,51,,55,,98,75,96,,84,63,34,35,28,,45,55,52,68,60,48,27,75,60,66,56,55,85,26,,45,29,24,35,34,41,39,39,60,64,79,68,78,68,59,91,89,89,,86,80,86,97,96,87,58,49,42,56,45,44,48,44,,55,50,58,,57,50,50,44,44,,52,46,8,,83,,87,123,94,94,63,64,64,,,,65,,56,,111,105,96,,94,82,88,68,62,,53,,56,53,59,56,44,45,,30,37,32,28,27,22,,29,,,23,32,30,24,13,36,48,44,48,32,36,28,38,53,50,48,56,60,53,26,26,39,65,70,77,68,72,78,65,69,,53,50,41,55,46,57,60,55,,,,,80,77,,88,30,38,39,49,33,32,25,30,31,34,38,58,51,64,63,55,,50,46,71,,54,55,,94,47,46,63,48,56,74,61,69,66,66,68,77,,141,147,340,62,47,44,52,13,21,,24,34,80,90,89,59,48,54,54,,22,,34,29,29,35,29,21,19,16,21,,,20,12,46,18,30,31,17,22,18,21,65,,78,73,67,58,57,51,65,70,64,,73,93,66,74,72,58,59,56,53,69,66,41,42,,66,72,,64,61,43,64,,,25,48,37,41,47,38,35,40,39,,,75,81,93,92,85,,94,76,74,67,76,94,59,,56,63,64,,,71,64,,54,56,68,,71,,77,66,,,40,43,,,65,60,39,,,65,63,43,42,56,56,45,42,44,37,38,35,34,41,41,53,66,71,67,58,36,28,32,32,,56,44,47,,44,45,58,59,50,37,60,52,51,56,50,132,,,225,173,189,211,141,186,151,156,110,71,71,50,351,264,240,218,226,,,245,44,57,43,107,105,,38,50,50,,42,48,47,,51,54,44,52,35,40,48,45,55,64,52,58,54,48,33,31,,24,27,30,36,60,58,,48,,56,,,,51,49,45,54,59,63,,42,,46,48,43,47,37,43,44,29,52,44,66,28,14,23,29,27,54,54,72,50,32,,33,24,30,30,31,32,11,63,40,43,44,30,42,48,38,,25,23,24,26,24,40,51,44,44,52,44,39,36,43,37,,,41,38,38,33,33,37,32,48,60,61,,106,86,88,,94,74,83,61,,63,60,48,,62,53,55,57,55,54,49,52,50,49,55,55,60,,58,51,53,40,51,,60,54,52,37,27,36,37,43,43,41,39,40,,38,34,40,,33,29,,34,23,31,28,,33,27,30,30,44,34,36,34,29,34,38,32,35,32,46,36,30,26,36,29,29,40,36,38,41,39,35,37,35,35,40,15,22,20,33,34,18,27,26,34,28,13,22,14,76,63,72,71,47,38,45,38,39,53,70,67,74,67,52,50,49,70,61,52,56,44,52,86,54,48,53,44,29,31,,33,44,35,27,32,31,42,48,44,69,74,69,68,56,89,,,34,34,35,,43,49,43,39,62,58,,58,,53,,,,,36,42,50,50,42,26,27,40,,30,32,43,52,50,62,51,54,62,58,71,,,,,30,19,61,65,48,47,40,,40,68,64,53,60,24,46,37,78,73,54,72,46,50,,68,73,62,65,111,84,53,46,99,,70,66,,29,5,,29,39,,,30,,9,,18,13,21,29,24,30,51,60,44,45,17,22,23,25,,33,31,17,25,32,138,,147,153,34,36,329,358,,38,36,19,20,17,,67,70,42,,38,45,31,27,25,28,80,,60,63,,73,30,27,28,471,415,392,337,19,,28,27,24,84,93,125,102,121,99,,,41,38,38,27,,14,27,27,37,55,35,83,75,19,34,29,83,61,,82,95,42,43,45,157,62,,39,,60,57,132,33,76,78,391,11,51,75,64,38,88,17,,,50,48,101,32,,59,63,72,38,,61,43,,,30,91,108,47,52,64,64,38,39,99,31,56,44,52,45,,33,49,,94,65,66,50,19,29,65,40,73,66,28,29,22,30,80,61,19,37,37,42,34,33,48,48,45,48,42,48,17,38,70,40,52,50,97,78,30,32,31,65,63,91,53,38,37,48,64,115,,50,34,60,,30,32,24,,,47,65,54,44,43,16,41,66,66,174,95,46,53,62,34,63,55,34,,52,46,48,50,55,,260,70,33,54,53,56,59,58,70,40,47,49,53,109,44,33,,69,,57,47,38,44,46,82,113,105,90,87,84,75,48,64,72,52,66,50,116,,47,86,82,79,50,44,26,21,22,45,60,55,67,69,34,37,100,106,47,53,,126,102,78,77,79,238,38,51,32,32,65,30,37,43,26,37,30,95,115,82,62,64,18,51,77,34,19,72,39,32,60,49,78,80,51,58,55,49,29,39,40,26,31,26,41,61,49,38,58,69,72,70,77,66,74,50,51,,70,29,33,56,36,53,69,46,78,82,56,58,58,52,64,58,24,44,47,40,32,42,30,31,,82,61,46,91,78,45,53,47,43,57,43,58,85,72,14,77,49,20,26,23,63,40,50,42,45,36,47,94,58,67,,106,105,56,55,57,46,44,20,62,43,52,79,98,85,77,52,71,44,42,41,27,,43,,34,35,18,37,42,71,57,46,51,35,47,,26,51,,48,37,38,43,40,54,33,49,50,54,49,46,59,40,27,31,40,36,,52,,44,36,,33,62,48,56,77,78,106,40,,31,62,48,43,,,103,81,62,82,91,20,19,22,28,62,93,55,77,71,95,90,72,73,64,56,66,89,,74,,90,54,85,58,54,49,40,75,54,62,75,60,13,,1142,1010,44,38,78,102,90,101,67,64,60,59,76,86,53,44,61,,52,56,109,96,234,68,84,23,30,44,41,25,74,54,66,74,54,59,39,30,75,68,62,,80,52,36,61,56,52,89,59,49,44,34,42,38,43,87,56,61,56,149,60,116,27,29,24,43,37,44,38,41,37,68,52,78,,153,42,150,55,47,51,8,19,65,43
20210423,11,SO2,1,3,3,2,3,4,2,1,4,5,3,1,,,5,,5,6,6,,4,,4,3,,6,2,,5,8,5,6,1,7,8,,3,8,,4,11,6,10,2,,3,,8,6,19,5,8,2,6,7,8,8,,12,13,8,4,6,7,5,6,5,5,,5,3,4,3,11,8,,2,4,5,4,23,,9,8,6,9,6,7,,10,6,,,7,8,8,10,8,13,13,,13,11,9,10,4,,13,3,4,4,10,4,8,9,8,4,5,10,6,6,15,7,6,6,9,15,7,18,34,,,16,15,12,20,13,28,20,16,4,6,5,8,7,,3,9,8,8,13,4,10,4,6,1,8,3,1,6,,,4,4,6,6,7,2,4,11,11,8,9,,,,8,7,,8,13,8,,,,4,,4,3,2,5,6,5,7,4,6,,,,4,8,,5,3,4,3,4,,9,5,3,9,5,5,4,6,,6,,10,11,,5,5,,4,6,2,,5,3,5,7,9,5,6,,,6,8,,6,5,6,6,,7,,,4,,7,7,,5,4,4,4,4,5,,6,4,5,6,6,7,6,5,5,5,5,3,6,7,8,9,3,5,4,,4,6,3,3,4,5,14,1,5,2,,5,1,3,,5,6,6,6,,5,5,,5,4,,,5,4,5,7,5,4,9,10,7,,6,7,10,8,7,12,7,5,8,,8,4,,6,7,9,5,4,6,5,8,6,8,6,9,17,15,,10,11,11,12,15,10,13,10,4,7,18,7,8,7,,9,6,6,12,8,6,8,6,15,,15,15,,18,26,33,8,7,7,8,8,10,10,10,,,18,15,11,12,13,16,11,11,15,17,9,11,,5,7,5,3,7,5,7,4,4,5,4,5,10,,11,21,13,28,25,18,12,,,18,19,9,7,41,,7,8,6,6,,,7,12,8,8,10,9,7,6,5,8,7,,7,14,9,10,10,10,3,5,3,4,4,5,11,6,6,11,,10,,8,,10,7,5,6,,17,4,17,11,,,,13,10,,,,15,17,5,5,4,6,5,,4,7,3,6,7,8,6,5,,8,9,5,,5,2,11,,35,11,17,16,11,11,10,9,9,,5,10,8,8,11,10,8,14,14,12,35,13,15,17,6,6,5,5,,3,,5,4,4,5,3,,4,6,,,9,4,5,5,,2,5,5,,18,8,21,8,5,7,,5,8,11,,,,8,,5,7,,6,,6,9,5,,3,2,3,4,,5,,,7,,9,14,27,8,10,10,16,10,,5,5,6,6,5,6,6,5,6,27,5,8,9,9,,9,8,9,,5,,5,12,13,,16,15,,10,12,12,,16,,43,14,,,5,5,,5,,12,9,12,9,,9,,10,9,,2,4,,3,,3,8,5,,7,10,17,27,10,,8,8,10,8,7,6,7,14,17,10,12,7,22,12,,10,5,11,13,17,13,21,27,16,29,24,24,15,28,8,5,10,5,,3,6,,8,6,5,3,5,8,12,5,6,5,4,,14,,8,,10,4,4,3,5,,2,1,4,,8,,7,,10,6,,5,8,,,,6,,7,,8,5,8,,20,16,9,3,2,,2,,6,7,5,6,10,6,,9,8,15,8,7,8,,8,,,7,1,2,2,2,5,4,4,7,7,7,5,4,6,6,4,5,,5,3,5,7,,15,,8,12,9,7,10,,18,6,15,13,20,15,12,15,,,,,,9,,11,3,7,4,2,1,12,9,6,9,7,6,4,4,8,8,6,,5,10,7,,4,5,,13,5,4,5,4,4,4,4,3,8,10,,6,,11,18,85,16,15,11,11,1,4,,4,4,3,5,1,12,9,5,5,,5,,8,6,6,5,4,11,8,8,5,,,5,10,8,9,6,5,3,3,4,3,5,,7,6,5,11,10,13,6,5,6,,4,5,7,7,7,8,7,10,8,12,8,5,8,,4,5,,3,5,6,7,,,5,4,10,4,5,8,6,7,10,,,10,8,3,5,6,,5,14,15,,15,17,6,,6,5,4,,,2,,,16,13,16,,16,,8,9,,,5,5,,,11,11,16,,,2,3,7,9,5,6,5,16,11,17,13,16,14,17,14,17,2,4,4,5,9,8,7,8,,12,11,7,,22,17,9,11,4,4,10,8,7,8,10,9,,,9,5,6,4,6,7,7,8,5,,6,7,5,5,9,13,7,,,,3,29,2,8,8,,9,,9,,7,8,10,,6,5,7,6,5,3,3,6,9,18,4,26,6,8,6,9,,4,3,3,8,7,6,,4,,6,,,,5,4,6,6,6,5,,7,,6,8,6,6,7,6,6,5,2,6,6,5,,4,3,8,8,7,8,5,4,,4,4,6,6,22,3,13,20,18,16,,6,6,11,13,,13,,18,16,18,4,,8,11,22,6,9,6,6,16,,,14,15,5,7,5,5,5,1,11,13,,12,,6,,12,8,8,8,,5,5,10,,6,7,9,7,9,9,8,9,8,9,5,5,4,,6,6,5,16,,,72,12,,3,4,6,6,6,6,10,6,10,,6,7,4,,5,3,,9,7,8,8,,7,4,6,7,8,10,7,8,13,6,9,16,,8,16,9,2,4,2,3,1,4,5,4,4,3,6,11,5,5,7,4,7,6,5,3,3,3,3,3,3,6,14,8,16,17,28,12,8,,8,7,6,8,7,12,20,15,3,6,4,15,14,10,8,10,7,7,16,8,13,11,4,1,,3,7,13,14,12,7,12,9,10,4,114,,7,10,10,,,7,12,10,,7,13,11,12,8,5,,5,,8,,,,,6,6,9,8,8,14,12,13,,9,13,14,,11,20,5,3,5,3,6,,,,,3,5,14,16,7,11,4,,5,9,8,10,12,5,6,8,8,7,,12,10,9,,10,8,5,5,8,11,5,8,6,,12,9,,8,7,,8,4,,,4,,9,,11,8,4,5,5,5,,15,12,10,5,5,42,9,,68,31,8,7,9,9,,,7,5,4,4,3,,5,5,4,14,,,7,6,34,,12,5,16,27,11,16,7,,5,9,,9,3,3,5,4,5,3,4,5,,4,3,10,5,5,6,8,15,10,,,7,6,5,5,,10,4,9,2,16,7,10,12,5,3,4,5,6,,20,16,10,6,9,8,3,,13,,8,6,6,8,12,12,38,16,11,6,11,8,5,3,,,4,6,7,4,,12,16,17,9,,13,5,,,9,11,3,8,9,8,7,8,11,6,5,20,18,14,6,,6,,,18,12,5,11,3,,,4,8,3,7,4,2,4,10,29,7,12,4,2,3,8,3,9,5,5,3,,5,11,11,7,33,6,7,9,8,9,6,5,6,10,16,15,12,7,10,5,,6,4,4,,11,4,3,,,12,8,8,4,10,8,15,4,7,8,15,4,10,13,5,6,13,4,,20,15,20,15,21,,51,2,5,4,2,6,4,2,4,6,3,9,18,10,13,48,,14,,3,3,6,6,6,10,13,8,9,13,13,12,6,7,6,9,11,15,10,,9,10,13,13,5,1,5,1,9,10,7,6,8,6,2,5,7,6,7,8,,6,5,6,5,12,38,22,30,13,8,10,9,23,11,7,12,8,3,4,10,12,5,4,8,,4,5,7,4,4,1,4,8,7,4,7,20,4,8,6,6,8,5,6,7,8,6,2,10,18,5,7,6,8,8,8,3,,5,3,5,15,,1,6,2,,8,2,6,8,5,6,5,10,5,3,2,6,8,4,9,,12,8,6,,4,9,9,8,9,8,6,10,10,9,9,13,2,2,6,9,3,7,8,4,6,7,5,6,7,6,,5,8,7,7,5,12,10,8,21,20,16,8,11,8,12,7,9,,5,2,8,,7,,7,5,5,5,6,6,6,9,10,4,20,,8,18,,10,9,3,5,8,18,6,1,12,9,6,12,14,6,3,6,7,6,,9,,6,12,,6,9,2,13,4,6,8,5,,8,11,7,11,,,8,11,4,8,9,3,3,2,4,8,10,6,3,5,6,8,3,6,7,7,7,8,,6,,13,6,2,10,27,14,5,7,11,7,9,4,6,,5,14,4,4,,,2,16,10,10,8,8,11,13,43,26,27,,16,5,5,3,17,10,9,6,6,9,1,8,4,8,11,4,10,6,8,8,4,9,7,,4,5,10,4,4,3,3,2,2,2,1,1,3,6,8,6,5,13,16,14,10,5,2,5,3,2,5,6,6,6,8,3,5,,20,12,9,8,15,10,8,6,10,8
20210423,11,SO2_24h,2,3,2,2,3,3,3,2,2,4,2,2,,,5,,5,6,6,,4,,4,4,,6,2,,5,9,3,6,2,8,8,,5,10,,6,12,6,10,3,,3,,9,4,6,8,10,5,7,9,11,6,,8,8,6,4,7,8,5,6,5,6,,5,3,6,3,11,10,,4,5,5,4,8,,7,8,7,8,6,6,,8,6,,,7,7,8,7,10,15,16,,14,12,13,12,8,,14,4,5,4,10,4,8,8,7,4,4,9,5,6,10,7,6,6,7,12,6,19,24,19,,18,15,14,19,14,25,19,16,5,6,4,9,6,,3,9,8,8,12,4,9,4,6,1,5,4,1,7,,3,6,4,6,5,7,2,5,11,12,9,7,,,,8,6,,7,12,5,,,,4,,6,4,3,5,6,5,7,4,6,,,,8,7,,5,3,5,3,4,,6,5,13,11,5,7,3,3,,5,,6,6,,4,5,,5,6,2,,5,4,5,6,10,5,7,,,5,8,9,5,4,6,6,,5,,,3,,8,8,,4,3,4,4,4,5,,6,4,6,6,5,7,5,5,4,5,5,3,5,5,8,8,3,5,2,,5,6,4,4,3,4,10,3,6,2,,5,2,4,,6,6,7,6,,6,5,6,7,5,,,5,4,5,6,4,4,8,8,6,5,5,6,9,7,6,7,6,5,5,6,7,5,,4,6,8,4,4,6,5,7,5,7,5,8,10,11,,9,10,9,8,10,7,7,6,4,6,10,7,7,6,,6,5,5,9,8,9,7,6,8,8,9,8,,9,17,15,7,6,5,5,6,9,7,8,,,13,9,8,11,12,12,11,13,13,15,8,11,5,5,8,6,3,8,5,9,4,3,3,3,4,10,,8,11,10,11,11,12,6,,,9,9,4,4,10,,10,10,7,7,,,14,11,7,8,9,9,6,6,5,7,7,,8,17,11,11,14,15,3,4,4,4,4,5,10,6,6,10,7,8,5,8,,9,7,6,7,,7,4,7,8,,,,10,14,,,,14,16,5,4,3,6,5,,4,6,2,5,4,6,5,5,6,6,6,3,5,5,4,10,,20,10,14,16,10,13,7,7,8,,5,7,6,10,12,8,7,9,10,9,53,8,11,10,5,5,4,5,,3,,5,5,4,5,3,,4,7,,,10,5,5,8,,3,7,7,,29,13,21,10,5,8,6,5,9,11,,,,8,,7,8,,7,7,7,9,5,5,3,3,3,4,,6,,,9,,12,12,10,6,8,8,12,10,,5,5,6,6,5,6,7,5,14,11,5,7,12,9,8,9,7,7,7,6,,7,6,7,,15,13,,7,9,11,10,8,,21,11,,,6,4,,7,,19,15,15,18,9,9,,10,9,,3,6,,4,,7,9,9,,12,10,11,19,7,,8,7,10,8,8,7,6,19,16,13,14,10,17,11,,26,4,8,11,10,9,16,17,11,14,16,11,15,12,6,3,7,5,,4,6,8,8,7,5,3,5,7,11,6,6,4,4,,12,5,14,,9,7,6,5,7,,6,4,4,,3,,4,4,4,2,7,9,10,,,,7,,6,,7,5,7,,12,8,9,4,3,,4,,6,7,5,7,6,6,,11,8,13,6,5,9,,7,,,6,2,2,1,2,4,4,4,6,9,7,5,4,7,5,5,6,7,5,3,4,7,12,16,5,12,12,8,7,9,,28,8,20,10,10,14,13,16,,,,,8,8,,8,4,7,6,3,2,14,8,6,6,7,6,4,4,6,6,7,,5,16,7,,3,2,,11,5,4,5,4,4,5,4,3,9,12,8,6,,10,74,26,23,14,10,8,1,4,,5,3,3,4,1,18,9,5,5,,5,,8,5,5,4,4,8,6,9,4,,,6,10,8,10,6,4,4,3,4,4,7,,8,6,5,7,8,9,5,5,6,,4,4,9,8,7,10,7,8,7,7,5,5,8,,5,5,,2,5,12,21,,,5,4,6,4,5,7,7,6,6,,,7,6,3,5,4,,4,8,10,10,10,10,7,,7,6,5,,,4,5,,11,9,13,,12,,13,18,,,6,5,,,11,10,19,,,3,4,6,9,7,8,6,15,11,11,20,12,12,12,11,11,5,7,7,8,8,8,7,8,,7,9,9,,16,11,14,12,5,4,10,8,7,8,10,12,,,30,15,16,13,11,17,12,10,8,10,7,6,14,12,14,18,13,,,20,3,8,3,10,12,,9,9,8,,6,8,10,,6,5,3,6,3,2,2,6,8,14,5,16,11,8,5,8,,4,3,3,6,6,6,,4,,6,,,,5,5,6,6,5,5,,8,,9,9,6,6,5,6,4,4,4,7,6,5,2,5,3,7,5,7,8,3,4,,3,4,8,7,17,8,13,18,17,16,12,10,16,21,8,,5,11,10,7,9,4,9,8,12,15,7,9,10,9,15,,,14,13,11,9,9,8,6,10,17,24,,20,10,6,,12,9,8,5,,3,5,8,,5,9,11,6,12,8,8,8,8,8,4,5,4,,6,6,5,11,11,,18,12,7,3,4,6,6,7,5,9,5,6,,4,5,4,,5,4,,7,7,8,7,,8,5,5,6,7,7,10,7,7,9,13,10,10,7,11,9,2,3,2,1,1,5,5,5,5,4,7,10,5,7,7,4,7,6,5,2,3,3,4,3,3,6,10,7,18,10,10,8,8,8,10,7,8,8,5,5,11,6,4,13,9,20,17,7,7,9,6,8,26,12,11,8,7,7,,10,6,10,11,9,6,10,7,10,5,15,7,9,10,12,,,7,11,8,,6,18,16,13,6,7,,6,,8,,,,,6,6,8,8,8,13,14,12,,8,8,16,13,13,12,3,3,5,4,5,,,,,4,5,9,10,6,10,4,,5,7,6,8,7,5,6,8,6,6,10,10,11,12,,10,9,10,4,10,11,5,8,6,,27,9,,12,8,,8,4,,,4,,8,,11,8,5,6,5,6,5,13,10,7,5,8,16,11,,19,17,8,8,9,9,,4,6,4,7,5,4,,5,5,4,14,17,,6,7,6,,13,5,16,18,10,18,10,,8,10,,12,4,3,5,4,5,3,3,5,,6,3,10,5,5,6,4,6,4,,,7,4,5,4,,2,4,5,3,23,5,9,9,5,3,4,6,7,,14,14,10,5,8,8,3,,7,,8,6,17,8,16,18,28,11,7,10,12,8,6,4,,,4,6,6,4,,8,13,15,8,,5,5,,,8,10,4,7,9,6,8,8,8,6,4,10,13,10,6,,6,4,,8,12,4,10,3,15,5,4,6,5,10,4,2,3,11,16,8,14,4,3,3,8,3,8,5,5,4,3,5,13,6,7,15,6,7,10,7,9,5,7,6,12,17,15,6,7,9,6,,5,4,4,,14,3,4,,,8,6,9,6,6,8,8,4,9,7,10,15,8,10,4,6,8,3,,11,7,10,17,20,,30,2,5,4,2,5,4,3,5,6,2,15,14,18,14,15,,11,,3,2,4,5,5,7,8,7,7,12,11,9,6,5,5,8,9,8,10,,9,7,8,12,6,2,5,2,11,8,6,3,7,5,2,4,8,7,6,6,,5,2,6,7,13,23,13,18,9,9,8,10,12,9,7,9,8,7,7,10,9,6,4,6,8,4,6,8,5,5,2,3,8,8,4,10,18,6,8,6,6,8,5,6,7,8,7,4,4,19,7,5,5,8,6,16,2,,6,3,2,15,24,2,7,2,6,6,3,7,6,5,6,3,10,4,3,2,4,8,4,5,,8,8,6,8,4,6,8,11,7,7,6,6,5,8,11,14,3,3,5,8,6,6,6,4,4,5,5,6,6,6,,4,7,9,12,6,10,10,7,16,8,12,8,9,8,15,8,8,7,5,2,11,,7,,7,5,5,5,6,7,6,10,16,5,14,,7,16,,8,7,7,4,6,11,6,14,6,9,10,10,10,6,2,5,9,7,,5,,6,5,,6,9,7,13,3,6,6,4,,7,23,11,9,,,6,10,3,9,3,3,3,2,6,8,5,6,3,7,6,9,3,6,6,8,6,7,,5,,13,5,2,6,21,13,5,5,9,7,8,4,6,,6,10,3,8,6,15,3,21,6,9,9,8,11,10,12,12,13,,18,5,3,2,21,9,8,4,6,10,8,8,7,10,12,7,4,6,5,8,4,7,8,,4,6,10,3,5,3,7,4,3,3,2,2,3,16,6,7,5,12,24,22,6,6,4,6,3,2,3,3,7,5,8,5,6,,9,10,9,7,12,9,8,6,9,8
20210423,11,NO2,15,11,13,18,20,12,16,4,5,18,13,15,,,18,,20,18,15,,19,,26,17,,12,19,,17,13,20,10,11,16,23,,18,18,,22,19,15,18,19,,20,,12,11,15,13,12,12,12,14,18,33,,33,34,34,22,12,14,10,9,16,13,,17,20,16,19,6,12,,7,9,11,16,42,,36,41,37,20,37,29,,10,8,,,9,10,11,9,6,16,26,,,51,31,29,38,,32,28,26,8,17,11,13,11,8,14,8,59,57,57,81,71,18,15,,37,60,7,18,39,,15,29,20,18,16,12,11,25,34,44,53,54,27,,44,32,27,32,37,30,12,25,32,32,16,16,19,25,,30,42,29,32,32,21,14,18,8,14,17,16,,,,18,14,,15,18,18,,,,22,,24,27,27,21,34,24,25,,26,,,,27,18,,21,25,19,12,8,,11,16,20,16,16,16,10,16,,15,,14,12,,33,42,,34,36,43,,43,38,52,,38,46,49,,,51,48,38,25,26,31,22,,39,,,26,,24,22,,18,11,16,18,18,19,,39,27,19,34,27,20,26,28,,18,19,10,16,20,21,23,23,16,29,,10,14,10,18,10,15,23,14,37,9,,17,13,6,,10,29,23,26,,29,20,,15,17,,,24,26,17,29,,20,21,16,14,16,21,17,17,22,16,30,34,28,41,23,37,38,,18,24,34,25,29,24,24,23,24,23,31,12,65,55,,52,44,31,98,68,39,76,20,34,40,62,32,20,30,,35,39,34,13,20,27,14,12,51,44,34,33,,33,54,75,17,23,19,24,26,28,15,22,,,44,41,40,23,22,48,32,39,20,35,28,28,14,14,19,10,11,23,27,,9,15,22,9,16,28,,48,49,23,48,66,34,31,,,60,38,73,45,64,,31,38,61,43,,,43,2,11,26,10,10,9,19,17,19,9,,12,12,15,30,22,15,5,8,11,6,13,4,34,30,36,39,48,38,35,63,,25,22,53,28,,48,9,31,42,,,,30,18,,,,15,17,22,27,6,13,16,,8,20,,23,22,32,32,26,,37,30,4,,27,8,17,,19,15,18,22,18,17,17,14,12,,18,39,25,18,11,8,33,26,27,19,30,,30,25,18,11,18,9,,14,,24,22,24,26,24,,16,17,,,13,15,20,21,,20,24,17,,22,14,15,13,5,41,,38,20,33,,,,28,,17,9,,18,,21,16,20,,12,12,17,25,,18,,,16,,10,8,24,10,9,7,10,8,,,13,6,5,15,7,7,7,11,14,27,27,20,13,13,13,15,17,,,,8,43,46,,14,14,,16,18,14,,13,,28,30,,,15,12,,7,,12,12,,20,18,15,,15,19,,13,16,,12,,18,26,17,,20,24,26,25,26,,29,23,26,26,29,9,5,20,22,13,,9,40,19,,11,26,23,13,27,16,19,35,24,31,30,27,,33,31,13,16,,,10,27,38,27,28,18,13,14,10,16,9,16,16,20,,24,,23,,14,14,13,14,10,,15,,4,,35,,24,32,28,28,14,17,18,,,,10,,13,,16,,20,,23,25,21,12,18,,17,,35,17,37,27,23,12,,18,15,12,13,15,12,,8,,,9,16,16,18,9,11,22,12,21,8,16,7,8,8,10,8,10,,11,4,6,10,19,21,17,18,29,21,25,9,,16,7,22,18,35,44,32,44,,,,,,35,,40,16,27,25,19,17,18,16,9,27,12,15,12,9,29,30,28,,11,14,29,,52,45,,48,8,17,34,33,39,20,22,30,20,22,22,26,,13,10,29,14,19,14,22,6,12,,18,6,10,13,8,9,15,20,20,,14,,19,27,27,19,16,10,10,17,14,,,15,21,11,13,19,17,10,10,14,13,25,,26,15,11,28,25,26,23,28,30,,15,20,19,20,16,17,17,32,12,12,19,13,20,,40,24,,29,33,14,28,,,22,14,18,12,13,,9,14,8,,,30,21,21,21,20,,22,24,23,,26,,17,,20,24,9,,,11,15,,25,26,27,,27,,14,13,,,18,10,,,9,12,2,,,12,12,6,5,6,5,6,30,19,10,22,13,22,40,43,28,23,15,16,25,14,8,21,16,,21,21,,,30,34,5,16,12,11,12,24,14,13,14,27,,,25,11,15,19,15,13,13,12,8,,18,11,17,8,19,21,13,,,21,6,22,7,15,17,,10,,32,,21,30,14,,16,8,14,9,19,8,9,5,20,22,18,35,15,12,7,11,,4,6,5,23,12,15,,9,,19,,,,11,15,18,7,9,11,,16,,20,15,23,23,24,18,6,18,7,8,9,5,2,5,3,6,7,7,8,11,12,,7,4,10,,12,12,5,8,16,12,15,13,14,17,28,,12,,18,15,14,3,13,14,12,14,11,6,7,7,15,,,16,15,8,10,12,11,6,15,14,16,,26,20,17,,21,17,19,12,,14,10,12,,13,8,12,8,5,12,11,13,10,7,12,12,7,,7,10,10,46,48,,56,30,7,17,15,18,13,21,21,23,29,36,,29,30,32,,12,16,,17,10,14,13,,13,10,12,20,25,14,14,19,,17,14,11,15,15,13,20,4,16,14,9,12,11,15,12,13,16,11,7,12,8,13,4,2,16,5,6,5,12,11,12,14,2,20,27,24,30,27,30,16,,12,13,8,14,19,16,21,31,6,6,8,9,13,20,19,8,8,11,7,5,13,18,26,29,,26,18,18,21,24,30,31,22,19,18,,,23,22,18,,,12,21,19,,35,42,39,36,54,49,,22,,21,,,,,14,26,30,33,25,9,6,36,,13,9,7,7,6,19,9,5,11,4,11,,,,,9,9,24,25,13,16,29,,3,18,26,14,22,5,9,8,30,16,18,27,9,6,,6,9,9,10,53,41,12,11,43,,13,19,,6,1,,7,19,,,4,,18,,9,8,4,7,6,13,21,25,24,22,6,17,21,20,,15,13,8,22,18,12,,,10,29,,7,7,,15,16,10,13,29,,34,42,38,,14,21,14,21,3,11,15,,16,16,,17,14,15,16,17,19,12,6,4,,10,6,13,11,18,6,23,15,24,,,29,22,18,8,,17,16,22,6,19,49,17,77,16,21,16,11,20,,28,20,8,24,52,30,20,,9,,33,13,33,4,32,26,18,20,11,28,15,37,25,6,,,9,27,31,16,,22,15,18,18,,12,11,,,29,18,19,13,14,18,34,21,19,22,34,52,32,36,8,,21,,,62,10,18,20,5,8,,16,9,,27,9,8,18,9,61,21,9,13,10,12,20,24,27,5,6,,5,10,28,31,,69,15,29,21,14,5,10,15,13,32,34,15,42,15,30,18,,8,4,27,,7,36,27,,,32,13,13,11,15,7,17,23,13,7,22,18,14,24,9,10,29,15,,44,43,15,14,18,,30,48,20,30,26,42,35,33,37,34,12,12,24,14,6,30,,23,,19,9,18,16,16,34,43,75,44,35,34,36,40,28,29,,26,23,29,,11,51,52,17,11,22,11,18,15,28,12,8,16,10,11,14,28,22,13,14,,39,31,,8,12,46,30,30,20,10,35,28,23,38,18,54,32,33,31,42,10,19,25,20,9,20,28,26,25,22,19,21,16,,8,11,46,11,19,12,21,12,7,5,10,12,16,,24,14,20,38,38,36,35,16,9,,22,4,3,17,,37,28,20,23,16,18,30,17,21,15,15,25,15,15,9,15,21,17,7,,26,13,9,,30,11,14,11,24,40,6,,36,48,15,5,9,10,10,16,14,21,24,9,11,10,25,27,15,13,,17,17,8,5,19,11,26,16,35,48,14,27,24,16,37,15,20,21,24,20,19,,7,,15,15,6,18,17,13,11,12,12,19,21,,17,9,,21,6,8,21,20,20,10,7,7,12,7,15,22,,12,4,2,6,,49,,12,24,,26,14,4,18,20,20,41,27,,23,11,10,2,,,26,25,14,7,25,14,18,15,22,12,24,18,12,20,19,10,12,9,12,22,13,20,,34,,27,11,19,30,21,27,16,18,20,29,22,27,5,,10,26,42,32,45,20,19,14,9,52,14,36,42,44,33,25,61,,22,15,36,25,32,15,21,34,24,19,22,17,13,18,21,,33,16,25,8,49,42,24,,6,5,32,2,9,18,19,8,10,13,12,11,13,16,46,6,24,20,23,18,22,9,10,15,13,6,14,5,15,10,11,11,17,,43,12,32,46,22,20,2,10,22,16
20210423,11,NO2_24h,26,17,32,26,40,29,39,26,16,29,40,34,,,23,,23,21,22,,23,,32,28,,22,19,,24,22,26,20,19,24,16,,22,28,,30,27,18,17,27,,23,,27,17,21,29,32,31,32,27,32,26,,24,26,28,31,18,24,15,16,28,32,,31,24,18,24,23,26,,20,22,30,27,57,,18,39,35,50,45,39,,22,26,,,26,21,20,16,18,25,28,,22,34,25,32,33,,30,28,32,12,17,15,21,16,10,19,12,48,40,46,38,39,19,20,39,34,41,30,38,29,,32,32,39,36,44,31,25,44,43,53,50,53,43,,46,30,37,37,39,38,21,40,32,31,21,33,34,35,,55,55,50,44,57,49,41,57,42,41,47,20,,,,26,19,,18,31,25,,,,35,,29,56,46,25,53,48,35,67,46,,,,47,45,,12,32,28,30,28,,34,19,29,29,21,32,21,29,,22,,19,19,,51,37,,68,27,51,,53,67,54,25,54,40,52,,,27,43,38,34,29,43,26,,39,,,62,,49,46,,21,18,23,19,15,20,,35,40,32,44,36,17,22,23,20,23,22,13,18,19,26,23,29,18,13,,26,22,22,24,14,17,20,23,42,14,,21,20,7,,15,22,19,16,,22,17,21,15,11,,,20,20,13,17,18,16,44,41,34,39,42,39,39,46,22,24,27,26,37,36,31,34,,17,16,30,21,25,16,15,23,21,17,24,10,49,42,,55,60,39,68,48,68,52,33,21,33,44,38,28,63,,22,29,52,36,25,30,12,16,37,35,32,28,,13,51,38,19,17,18,14,17,22,16,20,,,51,41,42,38,36,49,44,45,39,39,22,26,13,13,15,10,12,22,27,26,11,12,20,9,9,13,,41,35,46,47,46,48,33,,,37,55,50,41,53,,43,39,44,39,,,52,12,12,34,8,11,10,20,25,24,8,,16,16,40,31,30,36,7,4,9,7,14,4,39,51,43,52,48,53,45,51,,28,38,51,37,,42,12,32,37,,,,20,13,,,,21,20,23,26,12,18,16,,13,16,29,20,18,20,26,27,22,27,27,4,18,30,7,31,,29,36,25,30,21,25,22,22,18,,37,46,37,17,13,12,20,25,27,22,33,34,33,36,20,14,17,14,,13,,28,30,33,27,24,,16,20,,,15,16,22,24,,20,25,23,,23,19,16,23,10,21,15,16,14,15,,,,29,,28,12,,29,30,27,37,23,17,15,16,19,26,,16,,,28,,26,20,35,16,15,13,17,14,,13,12,16,12,14,9,12,15,16,12,23,26,31,11,10,11,30,28,21,7,,11,37,36,,17,18,,14,15,15,17,15,,31,20,,,32,25,,25,,26,24,29,34,23,18,,20,18,,26,29,,21,,31,32,30,,31,27,20,19,16,,21,16,33,21,22,13,7,26,30,24,26,17,41,12,,26,18,19,11,28,26,25,34,25,24,29,22,26,24,15,12,14,11,,6,23,23,22,26,18,14,17,13,16,13,29,27,36,,32,32,35,,20,25,27,36,23,,34,30,6,,31,,29,31,22,30,24,20,28,,,,30,,26,,15,22,11,,36,36,24,13,17,,17,,32,27,23,28,27,26,,30,33,30,18,22,16,,20,,,9,13,15,13,8,11,23,10,20,9,11,8,8,20,25,22,27,33,28,5,6,21,39,41,41,25,39,34,32,23,,33,12,37,20,18,40,31,32,,,,,32,44,,39,16,22,19,18,16,16,13,6,15,10,14,17,12,34,34,34,,13,19,37,,35,34,,47,9,22,30,30,27,26,26,27,29,34,34,37,,13,14,16,19,19,12,22,5,8,,16,7,5,11,6,16,20,19,19,,14,,14,20,20,23,19,7,6,17,11,,,10,14,15,16,18,18,14,15,11,11,45,,51,49,39,48,35,46,47,52,48,,26,35,57,55,57,40,40,36,33,29,26,23,25,,41,35,,38,41,14,33,,,26,19,17,15,22,20,12,19,14,,,27,15,16,16,17,,14,40,37,35,40,43,20,,25,28,9,,,13,13,,27,34,51,,43,,15,20,,,18,13,,,8,13,11,,,11,12,12,16,7,7,8,30,18,10,21,20,17,24,26,23,28,27,28,24,17,12,17,17,,19,24,23,,22,28,23,29,15,13,9,23,9,8,9,36,,,54,37,39,58,35,30,26,29,18,25,21,10,57,45,53,54,29,,,48,10,13,9,20,25,,11,19,33,,26,36,22,,18,13,16,17,25,9,13,12,32,22,27,36,36,18,10,13,,4,11,10,18,19,22,,18,,21,,,,10,19,19,18,17,15,,17,,21,18,27,24,14,24,11,12,27,27,27,11,2,12,11,12,22,27,31,26,12,,14,7,15,15,19,16,6,18,22,25,16,13,17,22,26,,12,9,14,13,12,6,16,13,12,12,10,10,9,8,15,,,16,16,7,9,11,11,6,21,20,26,,24,38,35,,29,23,28,24,,24,24,24,,29,19,21,17,16,15,15,16,15,14,27,24,24,,15,15,14,32,25,,36,28,7,13,13,15,17,23,19,18,27,26,,32,28,28,,11,17,,13,8,16,16,,16,15,20,11,21,14,12,18,6,13,13,10,12,14,11,15,5,17,19,14,21,13,15,11,10,10,10,8,11,9,15,4,4,11,7,4,5,10,11,12,12,4,8,9,32,35,31,31,25,10,20,16,16,23,24,20,25,27,11,10,13,10,14,22,23,13,14,23,18,15,10,15,26,35,,33,22,18,9,20,23,24,18,26,19,25,27,22,26,38,,,10,16,14,,28,38,33,33,46,44,,38,,26,,,,,11,22,26,28,23,13,10,32,,32,6,10,8,11,13,7,10,7,8,9,,,,,5,7,17,20,10,13,26,,3,10,10,17,17,5,8,9,23,36,12,16,21,21,,6,9,9,10,39,39,14,9,34,,11,16,,11,7,,7,23,,,6,,6,,7,6,6,8,8,20,33,44,35,25,5,7,10,16,,21,20,7,20,14,19,,14,14,27,34,9,8,,14,12,11,14,16,,27,35,20,,14,10,17,18,11,13,17,,17,18,,16,19,13,14,13,16,10,7,4,,12,4,11,14,22,5,8,5,4,,,17,11,12,6,,10,13,18,6,24,24,21,52,26,22,19,23,24,,56,30,25,35,45,53,46,,14,,31,18,49,12,41,33,18,14,16,26,25,24,46,6,,,26,23,47,19,,22,20,17,15,,18,40,,,45,43,50,21,21,20,44,34,26,48,25,54,28,31,22,,25,22,,47,15,19,18,4,23,12,15,8,15,13,15,10,19,17,37,19,14,12,12,11,28,23,14,5,7,5,5,9,30,25,16,64,29,33,35,22,20,21,19,32,37,37,16,36,30,40,20,,25,6,31,,10,27,25,,,35,19,22,25,24,4,22,32,25,13,32,22,21,30,11,26,24,19,,24,35,24,17,26,,15,50,29,52,23,31,41,43,45,29,25,25,31,17,17,18,,25,,20,24,27,27,34,39,59,56,55,45,50,41,23,44,41,15,23,25,52,,12,26,50,19,20,24,25,25,21,33,14,14,21,14,16,16,28,19,30,26,,33,29,20,14,26,53,26,29,19,14,27,11,21,44,10,42,22,53,36,35,20,24,13,26,17,15,22,27,29,26,20,20,28,31,11,21,55,27,18,21,22,12,8,6,14,33,15,15,26,17,51,32,55,41,42,29,14,,26,19,14,31,16,35,29,23,43,19,28,31,40,41,48,41,23,34,26,9,20,18,21,7,,36,13,17,49,37,10,24,10,12,24,6,15,37,44,20,19,20,19,25,18,22,24,38,20,12,13,25,41,32,28,,25,14,19,22,20,9,29,13,32,29,26,27,39,24,45,33,28,17,18,27,20,,15,,21,24,9,19,16,26,20,15,14,24,21,,16,11,,28,16,15,17,24,24,14,14,13,19,17,10,12,5,15,4,9,10,,32,,19,13,,18,18,13,24,28,28,37,29,,34,21,16,3,,,37,33,24,26,37,19,28,42,30,25,30,34,30,41,40,33,33,28,23,30,30,27,,28,,24,21,20,33,32,25,28,33,29,36,38,24,5,,5,14,29,32,44,36,13,19,19,38,16,28,43,49,30,21,42,,32,24,30,29,51,21,42,23,18,17,26,18,29,15,17,44,36,26,17,16,62,57,37,,9,9,44,2,10,32,23,9,25,25,31,16,32,32,23,14,18,35,50,23,33,17,17,22,24,16,33,25,26,29,13,20,28,,37,14,36,42,28,31,5,4,26,14
20210423,11,O3,87,90,88,81,84,88,90,97,99,86,87,82,,,81,,85,88,89,,84,,80,88,,96,66,,100,104,99,98,109,107,91,,99,100,,100,93,100,93,104,,102,,98,94,92,107,94,111,104,105,97,90,,93,97,88,86,92,103,98,98,93,95,,89,83,71,77,102,98,,106,100,103,100,65,,54,39,63,90,63,66,,123,128,,,121,125,115,124,98,89,62,,71,53,70,67,68,,66,105,102,133,111,126,119,121,113,115,116,38,40,48,17,30,58,91,39,64,41,118,108,75,,117,115,125,117,104,120,127,109,51,48,30,45,,,51,46,65,51,53,61,70,66,56,47,74,64,70,73,,68,45,65,59,73,75,80,70,70,76,62,61,,,,82,89,,84,84,76,,,,94,,70,71,59,78,61,74,85,65,103,,,,106,114,,64,68,70,88,90,,90,90,96,96,77,98,71,77,,73,,103,105,,48,25,,47,27,34,,24,44,34,32,50,73,32,,,70,73,69,67,59,62,56,,55,,,74,,84,84,,64,91,85,45,51,49,,48,61,61,66,49,,50,52,99,77,88,102,80,92,83,67,88,90,71,,90,85,100,91,123,108,72,72,65,80,,78,73,78,,76,52,58,46,,48,59,49,62,71,,,54,50,53,51,49,54,95,100,97,98,87,93,94,92,94,68,58,66,55,68,57,57,,77,75,44,53,44,50,46,62,51,52,44,61,68,76,,91,104,129,55,69,137,53,147,60,85,32,83,107,167,,72,73,65,146,66,74,99,92,72,60,86,88,,77,49,51,122,95,155,137,124,102,94,,,,118,118,129,178,160,205,205,172,74,63,61,78,57,59,57,60,59,56,48,64,67,67,77,85,,46,,20,30,77,54,27,56,56,,,33,48,24,37,32,,71,86,74,76,,,83,87,101,90,101,110,98,85,100,98,104,,147,145,141,128,127,131,119,119,112,114,114,128,47,43,37,37,34,42,50,14,,48,51,16,39,,84,66,38,33,,,,58,90,,,,98,88,62,53,75,66,60,,72,54,55,58,58,44,37,49,44,36,43,109,44,54,77,113,,104,114,112,114,118,109,112,116,113,,87,72,83,94,99,90,75,79,71,79,75,67,64,72,128,123,122,109,,63,,53,65,65,38,72,,73,80,,,84,73,69,60,,59,50,65,,76,76,81,91,87,81,,83,102,80,,,,47,,56,75,,75,85,92,90,71,75,75,118,118,112,,49,,,92,,99,88,95,118,103,93,123,114,,65,58,73,68,58,69,62,91,85,70,70,80,98,118,114,116,106,106,,80,,75,187,137,,134,135,,142,147,142,128,84,,68,129,,,86,88,,123,,128,123,133,116,70,70,,78,73,,102,94,,100,,108,96,104,,108,97,78,82,76,,62,61,67,71,69,82,84,72,77,82,75,90,63,91,,105,81,87,86,67,70,69,62,71,81,86,94,79,82,76,112,102,104,,103,119,105,127,109,135,,122,141,105,126,70,68,71,,59,,66,,72,60,67,59,62,,61,58,94,,66,,82,69,72,67,88,88,83,,,,105,,99,,73,,66,,111,105,56,116,116,,113,,32,44,30,44,90,99,,90,92,86,88,112,89,,91,,,88,56,50,45,97,61,51,66,44,59,62,69,66,80,72,62,67,,75,56,58,194,56,54,57,93,88,87,88,95,,130,142,125,132,57,47,50,47,,,,,,53,,,25,33,24,35,36,39,56,64,42,62,60,147,153,55,57,61,,78,68,57,,37,54,,64,63,62,37,42,33,42,49,35,56,59,60,52,,82,85,62,98,102,120,115,78,85,,69,80,96,88,101,54,48,62,62,,65,,70,67,67,54,47,60,54,54,53,,,53,60,65,60,112,104,119,120,127,123,79,,75,100,90,68,72,80,63,56,75,,68,70,78,80,87,102,98,74,94,85,77,89,83,,39,32,,43,44,32,33,,,50,109,97,102,100,112,111,104,111,,,107,85,87,83,83,,72,98,93,100,102,90,88,,76,74,126,,,121,115,,95,85,101,,100,,113,126,,,96,81,,,105,113,132,,,89,90,74,74,118,121,123,80,79,92,84,90,78,49,53,54,88,78,72,78,81,75,67,72,,76,73,52,,65,72,145,134,83,99,88,91,105,106,106,120,,,103,116,112,112,113,139,117,126,127,,79,94,105,120,118,111,115,,,117,74,53,72,78,82,,76,118,121,,120,121,123,,120,121,131,126,124,88,109,87,51,59,63,43,48,50,,85,,83,97,89,50,90,100,,117,,114,,,,116,116,116,110,112,113,,52,,43,44,47,90,90,85,106,89,102,107,102,103,78,94,89,92,93,97,99,98,69,,75,59,54,70,67,60,68,84,80,85,,86,77,91,,,56,,69,76,58,93,81,90,86,80,101,91,101,95,94,,,100,95,54,61,57,54,58,80,84,93,,70,93,93,,83,80,80,88,,94,89,105,,118,118,118,110,120,105,110,99,106,111,95,102,103,,113,116,116,21,16,,16,32,81,73,80,72,74,70,65,58,32,26,,59,74,56,,78,74,,43,75,85,88,,86,93,92,24,29,70,67,,61,66,60,64,75,73,60,61,86,78,84,84,82,40,44,45,45,40,68,69,58,72,58,57,64,55,58,62,82,60,79,76,78,22,12,39,66,55,54,45,48,,55,47,65,67,51,77,72,61,85,88,82,79,78,65,72,71,70,73,75,73,56,49,17,26,,33,,46,41,46,80,82,80,91,91,106,92,92,119,120,,,39,41,38,,37,25,22,42,38,21,,41,,40,,,,,93,96,83,83,89,76,,78,,67,123,140,,132,129,111,90,83,90,113,,,,,61,61,64,62,105,106,22,,83,132,129,109,92,131,126,130,143,153,108,112,134,135,,128,123,134,120,68,99,117,132,85,,109,104,,124,123,,105,113,,,126,,97,,86,84,71,54,61,49,85,81,83,81,78,66,62,87,,65,68,40,81,79,78,,89,81,47,48,91,91,,68,58,67,66,52,,43,53,44,,97,62,86,79,97,97,90,,92,58,,60,71,72,68,51,58,73,79,83,,83,72,67,73,80,91,71,74,68,,,66,63,73,50,,32,76,73,74,123,70,76,62,96,85,91,106,83,,98,86,104,65,73,74,84,,117,,40,84,87,94,,127,76,51,117,69,88,34,84,64,,,97,116,66,86,,89,97,97,42,,101,98,,,40,109,98,73,88,90,32,51,67,113,56,39,67,57,102,,87,81,,134,143,102,112,76,124,,51,124,116,63,73,58,88,87,39,113,88,60,81,53,60,78,78,110,119,116,106,120,58,100,106,24,109,101,114,86,92,89,89,98,101,47,96,56,92,62,81,,98,83,42,,124,4,14,,,42,107,99,64,95,104,90,82,82,82,110,85,83,107,79,103,108,52,,47,31,58,68,64,,58,37,39,65,53,34,58,52,50,32,99,121,106,115,125,72,,82,,69,61,66,93,81,138,118,66,86,81,118,94,101,114,118,84,99,63,214,,84,128,111,150,,69,93,94,87,60,116,96,100,119,66,57,75,,113,,,54,61,74,85,84,97,21,34,50,62,38,56,82,54,35,10,27,76,68,86,107,99,55,64,72,55,102,43,45,54,76,76,76,142,144,142,76,118,62,,64,42,71,64,66,76,54,61,58,77,85,54,62,49,41,108,71,,53,101,99,114,126,62,70,50,78,86,67,48,101,102,79,81,48,98,69,87,71,60,65,70,,139,142,106,158,144,101,86,75,75,140,87,190,140,80,90,95,103,96,96,91,99,92,69,69,121,114,60,96,,96,,81,68,118,115,75,108,6,33,46,14,85,101,90,80,55,57,48,54,54,54,71,,79,,72,88,,71,74,83,81,75,79,86,91,,80,119,,62,57,133,113,130,114,52,87,80,69,77,59,69,57,75,55,65,67,,39,,53,80,,25,135,135,140,55,65,48,56,,62,123,116,114,,,53,103,90,114,92,96,93,107,100,96,78,106,98,,84,93,92,105,97,85,84,90,,75,,72,107,116,40,74,36,68,59,57,58,61,70,76,,81,76,3,19,58,95,91,116,84,70,151,74,95,143,57,69,45,,64,103,60,78,120,99,65,42,48,46,62,59,83,87,62,66,79,65,44,89,31,57,63,,100,80,46,96,126,77,86,123,82,93,90,93,87,124,79,82,56,106,116,91,70,79,103,98,92,103,85,98,123,129,60,107,87,,99,95,107,70,78,126,125,105,95,54
20210423,11,O3_24h,105,109,102,101,93,95,105,97,106,114,96,97,,,99,,102,108,102,,100,,80,88,,103,82,,141,142,138,136,142,150,144,,102,104,,106,95,114,106,108,,111,,142,145,144,122,114,130,120,121,113,155,,153,157,154,94,100,104,112,102,119,115,,114,107,101,105,134,129,,140,137,138,135,137,,123,136,139,142,146,139,,123,128,,,121,125,115,124,124,128,119,,124,128,133,117,116,,121,118,122,141,121,140,123,125,144,131,142,132,134,120,144,146,151,151,148,136,134,202,205,215,,247,211,243,226,184,232,231,209,114,111,109,118,107,,115,103,102,98,58,62,70,66,66,58,74,64,70,103,,95,79,84,99,100,97,80,70,70,76,62,61,,,,82,89,,84,84,76,,,,94,,80,71,82,90,81,89,93,65,103,,,,106,114,,64,68,70,88,90,,90,90,96,96,77,98,71,77,,73,,103,105,,77,60,,96,54,85,,70,88,91,58,83,79,78,,,79,73,74,90,88,98,76,,103,,,74,,117,118,,81,91,85,77,97,86,,80,68,74,85,74,104,99,106,99,77,88,102,80,92,83,67,88,90,134,,140,139,144,157,214,156,140,94,78,80,,83,87,78,,97,95,106,92,,102,108,100,119,122,,,108,101,114,117,96,97,137,141,138,146,124,134,147,138,137,116,112,113,102,118,110,83,,117,131,81,82,83,75,92,85,83,95,85,81,208,215,,230,240,254,169,222,200,193,226,154,167,136,168,111,261,,106,109,103,237,115,144,146,133,195,226,204,170,,148,142,157,160,154,160,163,170,145,136,152,,,238,266,257,242,213,265,205,172,105,125,124,129,113,104,113,113,111,111,99,108,84,67,77,85,79,114,,102,94,118,137,128,150,106,,,108,126,113,112,134,,153,142,143,120,,,134,138,123,106,124,127,115,101,119,125,120,,152,155,165,134,159,147,119,136,113,117,121,129,103,92,100,84,94,82,108,81,,100,87,67,103,,93,91,79,84,,,,136,135,,,,146,136,72,70,83,76,70,,83,94,101,103,97,94,89,90,91,88,85,121,96,102,91,157,,152,153,158,154,151,148,144,152,148,,134,112,128,140,140,135,132,129,122,138,124,115,112,109,153,145,143,154,,87,,72,86,73,68,113,,108,115,,,112,100,94,78,,90,85,70,,92,81,92,91,87,110,109,112,115,111,,,,64,,69,104,,100,110,102,100,80,87,84,130,124,119,,81,,,175,,178,150,156,156,160,152,185,147,,84,79,82,82,84,89,91,104,99,92,163,174,175,147,134,147,182,179,202,115,,111,197,172,,204,216,,164,164,168,171,100,,85,157,,,118,119,,134,,139,124,136,127,180,179,,193,190,,171,152,,167,,143,131,139,,113,135,113,113,121,,131,130,121,128,130,126,128,120,120,127,118,127,118,138,,121,128,133,135,124,103,121,121,117,144,146,153,138,150,161,137,127,136,,134,179,169,177,167,191,128,150,152,142,146,70,68,71,,59,77,67,,74,62,67,59,62,,61,58,107,,146,,151,144,158,139,143,150,151,,,,123,,122,,129,131,119,,117,116,132,134,138,,136,,92,91,84,94,118,132,,90,97,101,107,116,103,,104,,,113,56,52,50,111,94,96,111,81,80,97,84,89,100,98,88,90,103,92,69,66,194,87,74,75,137,132,125,135,142,,140,147,140,142,132,129,120,132,,,,,102,88,,87,87,121,94,102,100,87,77,84,82,88,77,170,180,96,99,99,,117,106,109,,117,111,,108,94,83,90,89,132,77,85,78,120,130,132,123,,137,141,131,151,158,159,140,88,99,,87,94,102,91,103,68,65,94,94,,99,,101,109,109,103,103,117,102,89,91,,,100,103,94,92,130,117,127,127,142,138,101,,102,121,117,96,95,98,72,77,113,,68,70,78,80,87,102,98,74,94,85,77,96,97,,62,50,,59,59,60,66,,,100,135,135,134,132,112,111,104,111,,,145,140,134,133,134,,127,123,115,126,120,122,124,,125,126,135,,,129,146,,129,120,136,,131,,228,211,,,132,90,,,125,135,132,,,130,136,126,134,133,127,137,162,134,149,137,139,131,128,124,117,125,121,115,125,116,120,110,116,,123,124,128,,133,135,145,134,139,161,126,118,136,132,137,208,,,132,237,234,237,226,224,205,207,211,167,181,172,199,236,225,210,234,,,282,127,144,131,204,212,,122,118,121,,120,121,123,,120,121,131,126,124,88,109,87,61,68,63,51,48,50,91,87,,88,98,94,85,90,100,,117,,114,,,,116,116,116,110,112,113,,78,,72,76,75,130,130,119,139,124,136,143,149,139,105,116,108,108,156,159,155,150,107,,110,104,92,100,93,96,106,115,106,111,100,116,100,102,109,,108,118,122,122,112,151,155,147,134,147,125,110,124,118,127,,,123,120,109,125,120,118,127,92,104,112,,152,147,138,,148,133,148,131,,140,134,116,,126,118,118,110,120,114,113,108,118,120,95,102,103,,118,118,119,85,83,,99,89,92,84,111,102,139,152,121,106,89,88,,124,118,126,,137,137,,94,90,85,91,,115,118,113,110,94,87,97,91,95,99,93,72,81,73,65,70,119,97,113,105,104,92,98,100,105,107,111,69,95,72,62,69,75,72,72,84,87,67,85,83,94,67,83,79,124,113,107,114,72,91,80,105,117,80,112,108,108,108,109,101,95,129,125,97,105,94,90,99,91,93,109,113,68,74,,72,126,120,132,125,123,130,130,133,148,158,151,145,146,148,,,127,130,122,,124,104,75,104,94,82,,101,,100,,,,,119,125,119,121,126,113,118,115,,106,132,153,136,146,152,134,116,131,100,157,,,,,66,64,153,159,147,144,93,,90,153,153,147,140,140,135,138,146,153,135,155,143,139,,140,136,145,134,88,196,132,148,167,,144,148,,129,136,,124,131,,,128,,122,,115,113,107,95,99,90,122,112,122,128,88,92,87,110,,74,83,114,110,109,137,,131,121,78,80,129,127,,112,96,79,76,115,,102,81,144,,140,122,111,124,97,107,181,,175,153,,163,89,104,93,81,90,98,100,97,,95,90,88,101,107,119,103,109,110,,,85,88,81,77,,66,85,85,87,132,171,173,211,96,107,105,144,121,,134,145,104,65,84,130,84,,117,,64,112,130,96,158,163,129,92,117,131,123,122,84,93,,,119,175,99,93,,96,141,154,100,,101,98,,,40,109,98,73,88,90,33,62,67,113,113,134,131,153,162,,102,119,,182,212,163,159,102,124,132,89,140,136,106,89,99,107,152,114,128,112,80,90,76,105,117,140,134,141,140,128,124,123,162,113,134,120,118,152,110,107,109,151,120,146,99,121,105,92,101,138,,98,86,63,,127,91,94,,,90,107,128,64,95,118,126,82,112,146,119,102,83,140,114,121,170,73,,125,91,85,99,101,,130,114,113,113,113,106,113,111,106,101,118,133,158,203,125,112,,82,,97,88,66,93,83,196,209,162,218,208,234,231,173,205,174,113,147,110,214,,113,180,239,182,140,90,105,108,101,60,116,96,100,119,66,90,137,136,124,112,,136,140,172,188,172,287,100,66,115,95,130,138,99,119,109,66,92,144,164,151,170,151,120,72,86,98,118,64,70,72,109,104,108,152,168,168,135,118,146,147,128,96,105,89,115,97,97,104,111,136,114,98,102,93,80,111,79,,70,101,104,156,126,66,71,72,96,86,67,85,101,102,101,81,65,98,72,99,79,82,79,83,,176,172,161,215,150,129,132,90,145,153,107,190,143,138,93,141,137,108,108,107,99,92,69,69,121,114,86,143,120,146,,145,126,118,115,170,144,60,103,110,78,123,131,141,137,118,79,80,91,95,71,97,,104,,103,88,132,74,107,113,112,95,105,113,150,,104,155,,103,88,196,171,152,178,98,98,90,96,94,94,159,87,78,69,105,89,,114,,125,118,,105,143,141,157,84,83,99,83,,82,123,117,130,,,129,124,125,144,137,96,99,107,100,134,142,120,120,117,111,120,117,122,116,103,124,154,,151,,157,128,133,113,122,129,77,106,94,90,105,145,90,,108,110,96,67,142,131,129,236,161,154,176,170,221,280,93,131,130,,64,103,144,139,294,155,94,112,80,74,74,99,114,190,166,122,105,106,110,102,68,97,77,,123,137,74,120,140,165,144,137,104,120,102,117,108,134,166,109,105,152,311,104,146,98,109,102,119,110,98,98,123,129,131,107,157,,217,127,215,83,123,126,134,126,132,96
20210423,11,O3_8h,40,46,38,34,35,36,28,53,50,42,30,35,,,68,,74,76,72,,70,,70,72,,85,64,,56,57,61,57,63,64,93,,88,88,,90,84,99,96,96,,102,,63,75,64,76,66,64,53,57,70,61,,68,71,55,38,32,46,54,35,46,43,,46,58,53,53,58,56,,62,66,56,62,22,,47,20,41,31,31,26,,79,74,,,66,79,82,90,86,68,50,,56,51,69,58,70,,59,109,110,134,116,129,118,120,118,119,120,50,50,57,55,63,63,67,54,45,31,52,38,48,,62,65,74,62,45,56,72,46,24,26,14,20,27,,33,16,32,20,35,45,45,42,46,36,46,38,43,31,,31,29,30,28,36,39,38,34,37,33,35,31,,,,51,58,,62,52,48,,,,58,,30,32,31,35,30,37,44,36,56,,,,54,59,,40,42,45,54,56,,57,38,39,32,34,35,31,41,,38,,51,52,,26,17,,23,16,20,,25,29,27,16,20,37,20,,,31,30,29,33,30,22,36,,21,,,28,,34,36,,42,45,43,46,53,51,,18,14,21,38,17,32,39,39,66,48,56,57,52,54,46,46,59,54,72,,36,41,37,36,41,52,47,48,48,59,,54,50,50,,52,70,70,68,,68,72,75,72,74,,,56,52,60,56,54,55,32,34,33,34,24,32,37,33,30,72,62,67,61,54,56,55,,70,68,42,53,45,51,51,51,51,59,50,52,28,26,,24,27,53,15,26,34,18,44,41,41,26,34,60,56,,26,30,17,53,29,51,46,51,34,24,39,38,,54,16,18,59,54,52,46,59,46,62,43,,,33,27,40,56,62,71,57,47,22,19,26,25,48,48,49,48,43,43,32,32,48,50,46,51,41,62,,8,14,25,24,10,18,24,,,16,14,8,14,12,,34,35,27,30,,,36,88,93,74,97,97,93,79,85,80,99,,124,122,106,110,114,108,99,108,97,96,100,118,32,22,13,12,23,20,39,7,,37,36,5,28,,26,57,19,15,,,,35,90,,,,69,70,61,60,60,59,57,,63,59,66,63,62,56,42,40,46,41,44,107,37,51,53,51,,48,37,54,55,88,74,81,81,88,,52,48,60,95,90,84,79,73,67,64,62,59,54,56,65,59,51,62,,75,,59,58,53,50,47,,57,63,,,74,66,61,51,,73,64,52,,52,51,60,56,55,90,95,98,106,92,,,,36,,42,59,,52,55,65,52,53,58,59,117,113,108,,48,,,33,,38,27,28,106,100,92,98,94,,44,44,46,42,40,44,34,54,48,31,27,25,37,80,72,76,58,61,46,67,,49,59,57,,79,79,,106,103,95,83,36,,19,65,,,54,64,,55,,62,72,60,48,53,57,,64,61,,82,81,,81,,57,59,53,,68,67,62,62,79,,70,74,55,78,72,86,60,63,63,78,65,87,49,91,,81,76,66,65,63,65,62,60,66,59,49,69,43,60,60,94,86,89,,92,108,104,109,91,108,88,96,112,91,107,37,40,38,,40,36,43,,42,55,51,39,48,,41,42,96,,41,,36,30,40,26,59,70,72,,,,51,,44,,60,56,65,,46,42,30,93,95,,94,,11,17,11,17,59,61,,52,43,45,49,63,70,,52,,,74,46,48,23,102,52,45,53,33,29,52,49,41,25,28,34,27,12,21,51,52,58,26,15,13,64,61,68,76,77,,97,110,81,83,29,40,28,49,,,,,32,17,,10,41,42,36,44,52,53,44,58,40,46,50,105,118,44,42,47,,84,75,50,,10,10,,14,62,18,34,28,31,29,36,37,51,59,58,53,,72,76,68,71,90,92,88,82,91,,73,81,99,89,99,42,37,71,71,,60,,59,67,67,59,51,67,60,65,68,,,56,61,66,62,109,100,118,118,126,122,39,,40,38,32,33,36,41,33,24,30,,55,45,41,35,50,45,44,47,39,48,45,43,42,,25,15,,14,20,11,11,,,47,80,64,79,76,66,64,67,61,,,58,96,95,88,90,,82,42,39,43,42,42,70,,52,53,114,,,109,100,,60,43,27,,26,,108,113,,,100,71,,,79,90,84,,,81,74,57,52,113,112,122,74,77,89,89,78,62,49,48,42,78,63,62,71,80,80,76,70,,70,59,55,,72,74,83,58,73,97,81,72,100,103,101,82,,,103,126,113,117,112,109,99,107,106,63,68,85,81,96,93,84,97,,,81,79,59,76,63,71,,81,72,76,,76,75,77,,76,72,84,75,81,77,80,69,27,34,31,22,27,28,64,69,,68,65,54,47,53,54,,87,,80,,,,91,83,78,80,65,72,,41,,38,29,34,34,40,37,56,33,33,41,34,44,78,40,36,34,29,30,28,27,23,,29,24,27,34,30,32,33,25,27,29,19,44,41,47,,,34,33,44,46,31,58,46,53,54,54,77,60,69,71,54,,,62,55,49,59,57,53,59,36,32,44,,55,54,62,,54,55,52,66,,67,57,34,,31,52,60,57,63,78,84,64,79,77,46,60,58,,86,86,89,21,20,,19,22,76,73,78,69,66,70,65,62,40,38,,64,65,63,,58,52,,52,50,54,53,,47,59,53,24,25,62,68,62,66,70,65,51,67,61,57,60,63,55,43,43,54,38,40,42,43,40,76,57,67,63,52,55,61,51,49,60,59,52,67,56,71,14,14,33,17,15,12,10,35,42,44,32,32,39,31,36,35,35,61,70,68,59,68,19,15,50,30,40,44,41,36,29,19,18,,29,32,41,55,44,57,57,57,56,63,73,55,66,50,46,,,40,41,40,,38,22,34,47,39,20,,24,,25,,,,,59,53,49,52,58,42,40,46,,18,93,114,107,109,116,46,80,80,82,104,,,,,63,56,53,58,94,87,13,,82,108,108,71,72,132,124,126,86,58,72,86,72,70,,118,118,110,102,35,57,106,113,38,,80,66,,94,94,,104,107,,,118,,100,,73,72,67,58,62,50,43,52,61,72,80,78,76,87,,41,29,32,67,71,65,,82,75,43,44,88,90,,61,55,61,61,49,,18,24,43,,66,57,67,44,70,94,77,,76,48,,64,60,64,58,59,67,77,79,78,,70,75,69,53,61,93,80,84,89,,,48,62,59,52,,26,73,70,60,86,36,54,22,79,81,80,61,65,,24,48,63,41,26,37,47,,92,,39,65,33,47,29,57,73,49,76,59,73,39,42,68,,,46,40,24,75,,65,66,86,52,,49,56,,,23,57,57,37,61,64,24,31,31,58,54,8,40,37,79,,73,56,,26,89,60,67,83,73,75,51,123,93,81,49,46,78,55,24,112,69,71,70,66,26,58,38,93,100,101,100,112,19,76,104,8,28,40,45,49,37,34,70,44,39,25,57,49,54,46,60,,46,62,32,,106,6,14,,,14,71,68,50,47,102,54,48,48,72,47,46,45,71,30,44,44,37,,49,12,23,41,33,,68,20,29,23,19,14,26,23,24,16,36,75,52,110,72,66,,57,,32,35,32,55,49,31,25,18,20,30,36,24,51,33,38,48,58,17,64,,55,54,31,88,47,56,55,76,68,30,78,63,58,75,39,38,56,59,32,14,,17,22,54,66,62,80,21,32,61,62,34,51,39,27,46,14,44,22,55,37,68,63,52,52,45,55,104,36,58,63,59,64,50,78,103,85,47,111,33,53,64,48,71,49,43,22,48,41,37,47,38,21,27,17,16,45,55,,40,42,65,47,82,48,53,39,40,53,44,33,49,60,38,41,40,62,38,82,64,59,56,58,,28,103,36,35,36,54,43,41,32,59,62,55,37,38,88,51,68,74,57,80,62,50,25,42,97,82,52,32,37,68,,46,69,52,47,71,99,6,36,21,7,63,52,27,36,39,22,16,58,74,61,58,,60,,72,77,127,52,65,49,64,65,68,75,82,,64,93,,50,22,57,50,58,41,37,66,59,22,50,46,59,61,42,48,39,38,,20,,25,68,,24,105,101,122,41,48,24,28,,47,53,56,85,,,43,39,47,59,36,90,76,80,88,60,64,60,42,32,42,40,32,47,58,48,34,32,,34,,58,37,94,22,26,26,38,50,46,40,55,56,80,,87,87,5,12,26,36,93,101,28,31,103,38,27,42,19,43,30,,36,77,36,35,94,66,13,49,51,55,51,56,46,78,68,49,13,21,57,55,24,24,16,,75,83,24,98,117,79,59,116,35,41,36,44,34,52,62,66,71,50,81,33,39,50,91,88,31,55,30,44,80,60,83,74,66,,74,90,69,32,66,68,103,100,70,52
20210423,11,O3_8h_24h,54,46,44,34,49,50,28,53,50,42,30,35,,,70,,74,77,72,,71,,70,72,,85,64,,64,60,61,57,63,66,122,,89,88,,91,88,102,106,108,,103,,72,75,83,76,66,64,53,57,70,61,,95,97,55,69,68,97,97,35,68,55,,58,65,61,64,58,56,,80,66,67,77,22,,74,55,65,49,32,26,,80,80,,,66,80,82,90,86,68,64,,59,52,84,58,90,,70,111,118,134,117,130,118,120,121,121,120,56,70,73,76,84,67,67,76,81,52,63,46,56,,62,79,74,68,55,74,98,48,24,26,14,20,27,,33,45,34,20,57,59,64,53,66,58,65,51,53,31,,31,29,30,31,36,39,38,34,37,33,35,31,,,,60,63,,64,52,50,,,,62,,30,32,31,35,30,37,44,36,56,,,,54,59,,40,42,45,54,56,,57,38,39,32,39,35,31,41,,38,,51,52,,26,17,,23,16,20,,25,29,27,16,20,37,20,,,40,30,29,33,30,22,36,,21,,,28,,34,36,,52,60,51,50,73,65,,28,14,21,38,25,72,67,56,66,48,56,57,52,54,47,46,59,54,72,,36,41,38,40,41,72,55,48,48,62,,54,50,50,,52,90,96,91,,90,97,95,83,107,,,80,75,97,94,82,68,33,34,54,34,24,53,37,33,30,89,68,86,79,58,65,79,,87,70,50,74,59,64,73,81,77,71,68,72,34,29,,24,27,53,15,34,34,18,46,70,75,49,68,63,56,,26,30,17,59,36,51,46,75,34,38,39,39,,73,16,22,59,62,52,49,59,60,69,58,,,35,42,43,56,62,87,57,47,22,32,41,35,51,48,54,52,46,44,34,36,53,53,46,54,55,87,,20,53,25,30,34,18,24,,,60,14,34,14,12,,36,50,73,59,,,61,108,97,74,100,99,95,83,89,84,103,,124,122,106,110,114,108,109,114,108,108,107,119,32,22,13,27,23,31,39,26,,50,36,14,28,,26,58,19,16,,,,77,105,,,,74,81,67,70,70,67,64,,67,73,71,74,68,70,49,40,50,48,48,110,53,59,61,59,,48,37,62,64,116,93,95,87,88,,52,60,60,101,97,95,103,91,90,65,71,66,65,56,65,59,61,62,,78,,59,58,53,50,88,,87,67,,,78,69,62,78,,77,78,70,,63,71,76,56,63,104,98,104,106,100,,,,63,,69,59,,52,55,65,52,53,58,59,120,114,113,,73,,,33,,38,27,32,108,110,101,106,94,,56,59,54,72,54,72,60,54,53,46,27,25,37,95,82,86,58,61,47,83,,57,59,57,,106,110,,111,111,108,95,36,,30,77,,,54,64,,93,,62,72,60,48,72,65,,64,75,,82,81,,81,,65,59,54,,72,103,101,100,100,,73,76,66,98,86,89,60,73,65,90,65,89,63,111,,90,98,80,85,66,72,62,70,71,63,53,69,65,65,77,108,93,100,,94,108,112,109,91,108,100,105,118,103,112,37,40,38,,44,40,43,,48,56,54,39,54,,41,42,103,,44,,38,39,65,40,59,70,72,,,,51,,44,,87,66,88,,51,42,49,95,99,,97,,11,17,11,17,59,61,,52,43,45,50,63,70,,52,,,74,46,49,23,108,60,51,60,45,34,59,58,54,52,39,34,33,38,21,54,54,58,26,22,13,82,63,87,76,77,,99,138,104,117,29,44,28,80,,,,,38,25,,22,71,75,68,76,87,68,49,58,47,51,51,105,118,44,46,50,,87,76,51,,10,10,,14,65,18,34,28,37,29,36,37,51,59,58,53,,121,111,68,102,109,100,108,86,96,,77,82,99,89,99,60,56,91,91,,89,,72,79,79,66,70,106,98,78,82,,,90,95,77,72,109,101,118,121,134,128,39,,40,38,32,33,36,41,33,24,30,,55,45,41,35,50,45,44,47,39,48,45,43,42,,25,15,,14,20,11,11,,,50,80,64,79,76,66,64,67,61,,,62,119,119,111,101,,102,42,39,44,42,42,83,,65,69,120,,,112,122,,94,72,27,,27,,124,134,,,107,71,,,110,123,93,,,93,90,57,52,133,127,137,74,77,97,112,78,74,78,53,60,78,63,63,71,86,88,90,76,,92,94,89,,107,91,83,58,79,99,94,86,102,106,101,82,,,103,142,128,119,118,109,99,107,106,112,119,85,81,96,93,84,97,,,81,84,71,81,84,96,,84,72,76,,76,75,77,,76,72,84,75,81,77,80,69,27,40,31,25,27,28,64,69,,68,65,54,60,53,54,,87,,80,,,,91,83,78,92,65,72,,41,,38,30,35,47,40,37,61,33,33,41,34,44,86,41,37,42,29,30,28,27,23,,33,24,27,34,30,32,33,38,40,37,43,44,41,47,,,52,54,70,71,56,65,52,53,54,71,90,75,79,76,54,,,62,55,57,77,74,70,77,39,34,44,,55,54,62,,56,56,85,66,,67,57,37,,31,52,62,63,68,90,86,81,79,77,46,60,58,,86,86,89,21,29,,24,28,87,81,85,82,66,70,65,62,43,56,,64,76,63,,72,60,,60,78,54,53,,73,77,53,40,25,62,68,62,68,70,69,53,68,68,59,62,72,62,72,44,57,54,68,73,74,70,82,57,74,63,53,55,61,51,51,60,81,54,72,56,74,14,83,79,17,15,12,10,35,43,44,34,33,42,41,41,44,49,61,70,68,91,93,19,15,50,30,40,44,41,55,53,24,18,,29,89,98,108,107,94,100,100,100,86,106,92,89,50,46,,,90,73,77,,62,22,38,51,42,20,,24,,42,,,,,66,70,66,64,70,42,40,46,,18,114,133,111,117,120,46,82,92,88,115,,,,,63,56,54,58,106,99,13,,82,122,126,71,72,134,128,133,90,58,103,124,118,102,,126,127,113,104,88,57,110,132,95,,85,95,,101,111,,112,118,,,118,,103,,102,103,76,62,70,50,43,52,61,72,86,85,83,87,,49,56,74,74,93,99,,106,107,61,66,90,93,,82,68,61,61,88,,23,39,99,,90,83,84,44,70,94,80,,81,83,,72,77,72,72,69,77,82,82,84,,86,79,72,72,71,106,102,100,106,,,78,74,72,69,,41,74,70,71,129,61,61,39,79,81,81,61,77,,24,64,63,41,26,37,47,,92,,62,68,60,47,29,57,75,83,76,75,73,78,42,72,,,61,53,24,76,,84,88,100,58,,49,56,,,25,57,57,37,69,70,24,47,31,58,54,8,64,37,79,,76,56,,26,116,107,104,90,91,94,76,128,95,82,49,52,78,84,70,112,76,72,70,69,26,94,54,93,100,101,100,112,82,97,112,8,42,62,45,65,52,55,75,44,39,35,59,63,54,48,70,,46,62,62,,118,12,36,,,26,71,68,50,47,102,54,50,48,106,47,46,47,88,30,44,51,39,,86,13,30,52,46,,78,20,29,23,27,24,26,23,24,34,48,94,52,128,82,97,,74,,37,35,32,55,49,31,25,18,20,30,36,24,71,33,52,54,58,29,64,,55,78,31,108,65,61,55,76,74,30,78,65,58,75,39,39,77,85,40,24,,21,47,106,114,116,97,21,38,90,70,58,90,47,27,47,14,57,50,55,73,100,86,99,71,68,84,104,61,58,63,92,86,50,99,103,104,55,117,47,53,64,58,71,57,43,22,48,42,49,87,38,21,27,17,16,45,55,,68,45,65,64,95,61,53,40,40,53,44,33,49,60,38,41,40,62,38,92,69,64,70,66,,28,103,41,35,44,72,43,73,36,59,78,55,37,42,88,51,68,78,64,80,62,50,25,42,97,82,52,32,40,68,,46,87,72,48,113,109,6,36,21,19,91,66,27,61,39,22,16,82,90,61,74,,60,,72,77,127,52,78,49,65,69,71,75,98,,91,96,,50,43,66,50,60,41,45,66,59,22,50,46,63,66,43,52,39,39,,30,,25,75,,32,105,106,122,41,48,24,28,,47,53,56,89,,,43,39,47,59,36,90,81,80,90,60,64,60,42,32,42,40,32,51,58,48,34,54,,62,,60,46,94,22,26,46,38,50,46,44,55,82,88,,103,104,10,20,63,36,121,132,28,44,103,41,33,48,37,91,73,,36,77,41,40,122,96,36,91,68,69,74,70,46,83,74,52,13,21,62,55,24,24,16,,82,87,24,106,126,79,59,127,35,53,48,44,34,52,97,66,97,50,108,33,39,50,92,88,39,55,30,44,80,60,98,74,66,,74,104,87,32,80,68,114,126,112,69
20210423,11,CO,0.4,0.6,0.5,0.5,0.4,0.5,0.4,0.3,0.3,0.6,0.3,0.5,,,0.7,,0.9,0.7,0.7,,0.8,,0.5,0.8,,0.6,0.8,,0.7,0.7,0.7,0.8,0.8,0.7,0.8,,0.3,0.3,,0.3,0.3,0.4,0.2,0.3,,0.2,,0.6,0.5,0.6,0.4,0.4,0.6,0.4,0.5,0.3,0.8,,1,0.9,0.9,0.7,0.6,0.6,0.5,0.4,0.4,0.3,,0.2,0.5,0.6,0.7,0.3,0.4,,0.5,0.6,0.4,0.2,2,,0.9,1,0.9,0.9,0.9,0.8,,0.4,0.4,,,0.5,0.5,0.5,0.5,0.6,0.8,0.7,,0.9,1.9,0.7,0.8,0.8,,1,0.4,0.6,0.7,0.7,0.4,0.5,0.5,0.5,0.4,0.6,0.8,0.9,0.8,1,0.8,0.5,0.6,0.6,0.5,0.6,0.4,0.5,1,,0.3,0.4,0.5,,,0.5,0.5,0.6,1.2,1.1,1.2,1,0.7,,1.4,0.9,0.9,1,1.1,0.8,0.5,1.1,1.1,0.9,1.1,0.9,1,0.8,,1.4,1.5,1,0.9,1.2,1.4,0.6,0.8,0.9,1,0.9,1.1,,,,0.7,0.6,,0.9,0.8,1,,,,0.8,,1,1,1.2,1,1.1,1.1,1.1,1.3,1.1,,,,0.9,1,,1,0.9,,0.5,0.6,,0.9,0.7,0.9,0.9,1,0.8,0.8,0.8,,1,,1.1,1.3,,1,0.8,,1,1.2,1,,1,1.1,1,1,0.6,1,0.4,,,0.8,0.9,1,0.5,0.5,0.4,0.5,,1.2,,,1,,1.1,1,,0.6,0.5,0.3,0.5,0.4,0.4,,0.8,0.7,0.8,0.6,0.8,0.7,0.6,0.5,1,0.7,0.7,0.8,0.7,0.7,0.6,0.6,0.6,0.8,0.6,,0.7,0.7,0.7,0.7,0.5,0.7,0.5,0.9,0.8,0.7,,0.7,1.2,1,,0.8,0.7,0.7,0.8,,0.6,0.6,,0.8,0.8,,,0.4,0.8,0.9,0.6,,0.7,0.7,0.8,0.7,0.7,0.6,0.5,0.9,0.8,0.5,1.1,0.8,0.7,1.1,0.9,0.9,0.7,,0.7,0.7,1.1,1.2,0.9,0.8,0.9,0.8,0.9,0.9,1,0.8,1.1,1,,0.8,0.8,0.8,1.1,0.9,0.7,0.9,0.9,0.7,0.8,0.9,0.7,0.6,0.8,,0.7,0.8,0.7,0.7,0.4,0.6,0.3,0.6,0.8,0.8,0.7,0.7,,0.7,0.7,0.7,0.7,0.7,0.6,0.6,1.2,1,0.4,0.7,,,0.8,0.8,1,0.7,0.7,0.8,0.7,0.7,0.6,0.7,0.5,0.6,0.7,0.8,0.6,0.7,0.6,0.8,0.6,0.6,0.5,0.7,,0.5,0.5,0.8,,0.7,1,0.9,1,1.1,0.6,0.4,,,1,0.5,0.8,0.9,1,,0.8,1,1,1,,,0.9,0.6,0.5,0.5,0.6,0.7,0.7,0.6,0.6,0.7,0.7,,0.5,0.5,0.5,0.4,0.5,0.6,0.5,0.6,0.5,0.4,0.6,0.4,0.8,1,0.8,0.8,0.9,0.9,0.8,1,,0.7,0.7,1,0.8,,0.9,0.7,2,0.9,,,,0.7,0.9,,,,0.4,0.9,0.5,0.9,0.4,0.5,0.4,,0.4,0.9,0.7,0.9,0.9,0.8,0.7,0.8,0.7,0.7,0.8,0.6,0.8,0.8,0.4,1,,0.9,1,0.9,0.7,0.8,0.7,0.7,0.6,0.5,,0.6,1,0.9,0.5,0.5,0.6,0.7,1.1,1.2,0.9,0.8,,0.9,0.7,0.6,0.6,0.6,0.3,,0.8,,0.7,0.9,0.9,0.9,0.6,,0.7,0.5,,,0.7,0.7,1.2,0.3,,0.7,1,0.8,,0.7,0.3,0.5,0.6,0.6,0.6,,1,0.6,0.4,,,,1.1,,0.6,1,,1,0.7,0.8,0.8,1,0.8,0.7,0.3,0.4,0.5,,0.6,,,0.6,,0.9,0.2,1.1,0.1,0.5,0.4,0.5,0.8,,0.8,0.6,0.8,0.6,0.6,0.5,0.4,0.6,0.6,0.5,0.7,,0.7,0.8,0.6,0.6,0.7,0.8,,0.6,,0.5,1,1.2,,0.7,,,0.7,0.6,0.8,0.7,0.6,,0.6,1.3,,,0.4,0.6,,0.6,,0.7,0.4,,0.6,0.9,1.3,,0.9,1.3,,1.2,0.8,,1,,0.8,0.8,0.7,,0.8,0.9,0.5,0.2,0.3,,0.6,0.6,1,0.7,0.6,0.5,0.4,0.5,0.6,0.5,,0.5,2.7,0.7,,0.5,0.7,0.6,0.3,0.9,1,0.9,1,1,1.1,0.8,0.6,0.9,0.8,0.7,0.6,0.5,0.4,,0.3,0.5,0.6,0.5,0.5,0.5,0.4,0.4,0.3,0.3,0.1,0.8,0.7,0.8,,1.2,,0.9,,0.8,0.9,0.8,0.9,0.7,,0.4,0.6,0.6,,0.9,,1.1,,0.6,1.1,0.5,0.4,0.7,,,,0.6,,0.6,,0.8,0.6,0.7,,0.5,0.7,0.8,1,0.9,,0.9,,0.9,0.9,0.3,0.6,0.7,0.7,,0.8,0.9,0.8,0.6,0.9,0.8,,1,,,0.9,0.5,0.8,0.9,0.5,0.9,1.6,0.9,1.1,0.6,0.6,0.5,0.6,0.6,0.8,0.5,0.8,,0.6,0.5,0.4,0.8,0.6,1,0.5,0.8,0.8,0.9,0.7,0.7,,0.9,0.1,0.5,0.9,0.8,1,0.6,0.8,,,,,,0.7,,0.7,1,0.8,0.7,0.6,0.7,0.7,0.7,0.5,0.6,0.6,0.4,0.4,0.5,0.8,0.9,1,,0.8,1,1,,1.1,1.2,,1.3,0.7,0.7,0.9,0.8,0.8,0.7,0.7,0.8,0.8,0.8,0.8,0.7,,0.6,0.7,1.4,0.8,0.8,0.7,0.8,0.2,0.4,,0.4,0.4,0.1,0.1,0.3,0.5,0.8,0.5,0.5,,0.6,,0.8,0.8,0.8,1.1,0.9,0.7,0.5,0.6,0.8,,,0.7,0.8,0.6,0.7,0.4,0.5,0.5,0.4,0.7,0.6,0.7,,0.9,0.7,0.7,0.8,0.9,1,1,1.1,0.7,,0.9,1,1,0.9,1,0.9,1,1,1,1.3,1.4,1.1,0.7,,1.1,1.1,,0.7,0.8,1,1.3,,,0.8,0.4,0.5,0.4,0.3,0.8,0.6,0.8,0.8,,,0.7,0.9,1,1.1,1,,1.1,0.7,0.7,0.8,0.8,0.7,0.7,,0.7,0.8,0.8,,,0.8,0.8,,0.9,0.7,1.2,,1,,0.6,0.6,,,0.1,0.5,,,0.9,0.7,0.3,,,0.3,0.3,0.2,0.2,0.5,0.5,0.4,0.6,0.6,0.6,0.7,0.5,0.8,1.3,1.3,1.2,0.7,0.5,0.5,0.4,0.6,0.6,0.8,0.5,,0.5,0.5,0.8,,1.2,1.1,0.4,0.6,0.8,0.5,0.3,0.1,0.4,0.6,0.5,0.8,,,0.8,0.5,0.5,0.5,0.5,0.5,0.3,0.3,0.2,,0.4,0.6,0.6,0.6,0.6,0.8,0.5,,,0.8,0.2,0.2,0.2,0.4,0.4,,0.3,0.3,0.6,,0.5,0.5,0.4,,0.4,0.6,0.6,0.4,0.5,0.6,0.6,0.5,0.8,0.7,0.8,0.8,0.6,0.9,0.6,0.5,,0.5,,0.6,1,0.9,1,,0.5,,0.5,,,,0.8,0.7,0.7,0.8,0.5,0.6,,0.9,,1.1,1.2,1,0.8,0.7,0.7,0.5,0.8,0.5,0.4,0.6,0.4,0.3,0.5,0.4,0.6,0.5,0.4,0.5,0.5,0.5,,0.3,0.4,0.8,0.5,0.6,0.6,1.1,1.1,1.2,0.8,,0.8,0.7,0.6,,,0.8,,0.6,0.6,0.8,0.9,0.8,0.5,1.5,1.1,0.6,0.7,0.7,0.5,1,,,0.8,1,0.8,0.8,0.8,0.9,0.9,0.6,0.8,0.8,,1,0.6,0.4,,0.8,0.8,0.8,0.8,,0.8,0.7,0.8,,0.7,0.6,0.6,0.6,0.7,0.8,0.8,0.7,0.6,0.7,0.6,0.6,0.6,,0.5,0.4,0.4,1.3,,,3.4,1.1,0.7,0.7,0.8,0.6,0.7,0.7,0.9,0.8,0.9,0.9,,0.5,0.6,0.6,,0.9,0.8,,0.8,0.7,0.5,0.7,,0.7,0.6,0.4,0.9,1.1,0.8,0.8,1,0.8,0.9,0.9,0.7,,0.6,0.6,0.8,1.3,0.9,1.4,1,0.7,1,0.7,0.9,0.7,0.8,1,0.8,0.9,1,1,0.8,0.5,0.8,0.9,0.8,0.8,0.6,0.6,1,0.5,0.5,0.9,0.7,0.8,0.7,0.7,0.7,0.8,,0.5,0.6,1,1.3,0.5,0.6,0.9,1,0.5,0.7,0.6,0.9,0.9,0.6,0.7,0.5,0.5,0.6,0.6,0.6,0.5,0.5,0.3,0.8,,0.3,0.6,0.6,0.4,0.5,0.7,1,0.8,0.9,1,0.7,0.8,0.7,0.7,0.7,,,0.7,0.6,0.8,,,0.5,0.9,0.9,1.1,1.4,,0.6,,0.5,,,,,0.6,0.6,0.7,0.5,0.6,0.6,0.6,0.4,,0.4,0.7,0.5,0.6,0.5,1.4,0.7,0.6,0.5,0.6,0.4,,,,,0.3,0.4,0.7,0.6,0.4,0.6,0.9,,0.8,0.6,0.7,0.5,0.6,0.5,0.5,0.5,0.5,0.3,0.8,0.9,0.6,0.6,,0.6,0.7,0.4,0.7,1.3,0.9,0.7,0.5,0.9,,1.3,1,,0.5,0.5,,0.4,0.3,,,0.5,,0.7,,0.4,0.4,0.6,0.7,0.6,0.7,0.9,0.7,0.8,0.7,0.6,0.7,0.7,0.8,,0.7,0.9,0.3,0.6,0.9,0.6,,0.4,0.3,0.5,,0.3,0.3,,1,0.8,0.2,0.3,,,0.8,0.8,0.6,,0.6,0.7,0.7,0.7,0.5,0.5,0.6,,0.5,0.7,,,0.6,0.7,0.7,0.6,0.6,0.3,0.4,0.4,,0.3,0.2,0.3,0.3,0.1,1.3,0.7,0.7,0.6,,,0.6,0.5,0.6,0.7,,0.7,0.4,0.6,0.4,0.9,0.5,1.1,1.1,0.7,0.9,0.6,0.5,0.7,,1.2,0.6,0.7,0.6,0.9,1.1,1.1,,0.5,,0.9,0.4,1.1,0.5,1.5,1.2,0.4,0.4,,0.5,0.8,0.8,0.9,0.5,,,0.4,0.4,1.1,0.5,,0.8,0.8,1.2,0.7,,1,0.9,,,1.4,0.8,0.8,0.8,0.9,0.7,1.4,1.2,1.2,0.8,0.6,0.8,0.7,0.8,1.1,,0.8,0.8,,1,0.7,0.6,0.6,0.3,0.3,,0.2,0.7,1.1,0.8,0.8,0.7,0.7,0.6,3.6,0.4,0.3,0.6,0.4,0.8,0.5,0.5,,0.4,0.8,0.6,0.5,0.4,0.4,1,,1.3,0.8,0.9,0.9,0.9,0.8,1,0.7,0.6,0.9,1.8,0.8,1.3,1.1,0.7,0.9,,0.6,0.8,0.8,,0.9,1.1,0.5,,,1,0.3,0.4,0.8,0.8,0.4,0.6,0.9,0.5,0.4,0.6,0.6,0.9,0.8,0.4,0.6,0.8,0.7,,0.9,1.3,1.2,0.8,0.6,,0.5,0.7,0.7,0.7,0.8,1.3,0.7,0.8,0.9,1,0.5,,0.7,0.8,0.2,1.5,,1.7,,1.1,0.9,1,1.2,0.8,0.9,0.9,1.1,0.8,0.7,0.9,0.8,1,0.7,0.8,0.6,0.6,0.7,0.6,,0.5,1.1,1,0.6,0.3,0.7,0.4,0.7,0.7,0.8,0.4,0.6,0.9,0.5,0.8,0.8,0.6,0.8,0.8,0.7,,0.8,1,0.5,0.6,0.5,0.6,0.7,0.9,0.8,0.6,1,0.7,0.7,0.7,0.5,0.6,0.5,0.8,1,0.8,0.7,0.7,0.6,0.5,0.3,0.4,0.2,1,1.4,1.3,0.6,0.6,0.5,,0.4,0.6,1.2,0.5,0.5,0.7,0.7,0.7,0.9,0.7,0.6,0.8,1,1.1,1.1,1,1,1,1.2,0.9,1,0.6,0.9,,0.7,0.3,0.4,0.6,0.4,1.1,1,0.7,0.9,0.7,0.9,1.1,1,0.9,1.4,0.9,1.2,0.9,0.7,0.3,0.3,0.5,0.3,0.4,,0.8,0.4,0.7,0.9,0.6,0.6,0.6,0.4,,0.8,0.6,0.9,0.9,0.8,,0.6,0.2,0.4,0.8,0.8,0.3,0.7,0.9,0.8,0.5,0.6,1.1,0.4,,0.4,,0.5,0.8,0.7,0.8,0.5,0.6,0.9,1.3,0.9,0.9,0.4,0.9,0.7,0.9,1.1,0.5,0.7,0.9,0.7,1.1,0.4,,0.6,,0.7,0.3,,0.8,0.9,0.4,0.4,1.1,0.5,0.5,0.9,,0.7,0.4,,0.8,0.7,0.6,0.6,0.6,,0.7,0.7,0.6,0.8,0.6,0.4,0.6,1.1,0.6,0.5,0.6,0.5,,1.3,,0.7,0.8,,1.3,0.7,0.1,0.4,1,1.2,1.5,0.5,,0.4,0.6,0.5,0.5,,,1.8,0.6,0.6,0.5,0.8,0.4,0.4,0.4,0.3,0.6,1.1,0.4,0.4,0.3,0.5,0.4,0.4,0.4,0.4,0.3,0.6,0.7,,0.7,,0.9,0.8,0.8,0.6,0.8,0.8,1,0.9,0.7,0.8,0.9,0.7,0.2,,0.5,0.8,1.2,0.7,1.2,,1,0.6,0.4,0.5,0.6,0.8,0.9,0.7,0.7,2.3,4,,1.3,0.4,1,0.8,0.7,0.5,0.6,0.9,0.4,0.8,0.4,0.7,0.5,0.7,0.7,0.8,0.9,0.6,0.8,0.4,1.1,1,0.8,,0.7,0.3,1.3,0.3,0.9,0.8,0.2,0.9,0.6,0.5,,0.5,0.4,0.5,1.1,0.9,0.8,0.9,0.6,0.8,0.7,0.9,0.3,0.3,0.5,0.4,0.5,0.3,0.5,0.3,0.7,0.4,0.5,,,0.3,0.7,1,0.5,,0.5,0.4,0.8,0.5
20210423,11,CO_24h,0.7,0.7,0.7,0.7,0.7,0.7,0.7,0.7,0.6,0.8,0.7,0.7,,,0.8,,0.9,0.9,0.8,,0.9,,0.9,1.4,,1,0.8,,0.6,0.7,0.5,0.7,0.6,0.5,0.7,,0.8,0.8,,0.8,0.7,0.4,0.3,0.3,,0.2,,0.6,0.5,0.6,0.4,0.5,0.6,0.4,0.5,0.4,0.6,,0.7,0.7,0.7,0.8,0.7,0.7,0.6,0.6,0.4,0.5,,0.4,0.6,0.6,0.8,0.6,0.6,,0.5,0.6,0.5,0.2,1,,0.8,0.9,0.8,1,0.9,0.8,,0.6,0.6,,,0.7,0.7,0.6,0.8,0.7,0.7,0.7,,0.9,0.8,0.6,0.7,0.7,,0.9,0.5,0.6,0.7,0.6,0.4,0.5,0.4,0.4,0.4,0.5,0.6,0.7,0.6,0.7,0.5,0.5,0.6,0.5,0.4,0.4,0.5,0.7,0.8,,0.5,0.7,0.6,0.4,0.3,0.7,0.7,0.7,0.9,0.8,0.7,0.7,0.6,,0.9,0.6,0.6,0.8,1,0.8,0.5,1.1,1,0.8,0.9,0.9,1,0.6,,1.1,1,0.7,0.7,1,0.9,0.6,0.8,0.8,0.9,0.8,0.8,,,,0.9,0.8,,1,0.9,1,,,,0.8,,0.9,0.8,0.9,0.7,0.8,0.9,0.9,1,1,,,,0.8,1,,0.8,0.7,1,0.6,0.8,,1,0.6,0.8,0.8,0.7,0.7,0.7,0.6,,0.8,,1.1,1,,0.7,0.4,,0.7,0.9,0.8,,0.8,0.9,0.7,0.6,0.6,0.7,0.5,,,0.5,0.6,0.7,0.6,0.5,0.4,0.5,,0.8,,,0.8,,0.8,0.8,,0.6,0.4,0.3,0.5,0.4,0.4,,0.7,0.6,0.8,0.6,0.7,0.5,0.5,0.5,1.1,0.7,0.8,0.8,0.8,0.7,0.6,0.7,0.7,0.9,0.5,,0.7,0.7,0.7,0.7,0.5,0.5,0.4,1.1,1,0.7,,0.8,1.3,1,,1,0.5,0.5,0.6,,0.4,0.5,0.7,0.7,0.6,,,0.2,0.5,0.5,0.4,0.3,0.5,0.9,1,0.9,0.9,0.8,0.6,1.1,0.9,0.7,0.7,0.8,0.7,0.9,0.9,0.8,0.7,,0.7,0.7,1,1.1,0.9,0.8,0.8,0.8,0.8,0.8,1,0.9,1,0.9,,0.8,0.9,0.8,0.9,0.8,0.8,0.8,0.9,0.6,0.7,0.7,0.6,0.5,0.8,,0.6,0.7,0.6,0.7,0.5,0.7,0.3,0.7,0.7,0.8,0.6,0.7,,0.6,0.7,0.6,0.7,0.7,0.4,0.5,0.8,0.7,0.4,0.5,,,0.8,0.8,0.9,0.6,0.7,0.7,0.7,0.5,0.7,0.7,0.4,0.5,0.7,0.7,0.5,0.7,0.6,0.7,0.6,0.6,0.4,0.6,0.6,0.5,0.4,0.7,,0.6,0.8,1,0.9,0.9,0.6,0.3,,,0.8,0.6,0.4,0.8,1.1,,0.9,0.9,0.8,0.8,,,0.9,0.7,0.5,0.4,0.6,0.7,0.7,0.6,0.6,0.6,0.7,,0.6,0.7,0.7,0.6,0.7,0.9,0.5,0.5,0.5,0.5,0.6,0.4,0.7,1.1,0.8,0.7,0.9,0.8,0.7,0.8,,0.6,0.7,0.9,0.9,,0.7,0.7,0.8,0.5,,,,0.6,0.9,,,,0.6,0.8,0.5,0.9,0.5,0.5,0.3,,0.5,0.9,0.7,0.9,0.9,0.9,0.7,0.8,0.8,0.7,0.8,0.6,0.6,0.8,0.5,1.2,,0.9,1.1,1,0.9,0.8,0.7,0.7,0.7,0.6,,0.9,1.3,1.1,0.5,0.6,0.6,0.6,0.8,0.9,0.8,0.6,0.6,0.7,0.6,0.5,0.5,0.5,0.4,,0.9,,0.7,1,1,0.9,0.7,,0.8,0.5,,,0.9,0.9,1.5,0.7,,0.7,1,1,,0.9,0.4,0.7,0.8,0.7,0.6,0.3,0.8,0.6,0.2,,,,1,,0.7,1.1,,1,0.7,0.7,0.9,0.9,0.7,0.6,0.4,0.4,0.5,,0.8,,,0.6,,0.9,0.7,0.8,0.2,0.5,0.5,0.6,0.8,,0.6,0.5,0.6,0.7,0.6,0.5,0.4,0.6,0.6,0.4,0.7,0.7,0.6,0.7,0.5,0.5,0.7,0.8,0.6,0.6,,0.5,0.9,1,,0.7,0.8,,0.7,0.6,0.8,0.7,0.6,,0.7,1.1,,,0.5,0.7,,0.8,,1,0.7,1,0.8,1.2,1.6,,1.3,1.5,,1.2,0.7,,0.9,,1,0.8,0.8,,1.1,0.9,0.5,0.2,0.3,,0.6,0.6,0.9,0.6,0.6,0.5,0.4,0.8,0.6,0.6,0.7,0.6,1.4,0.5,,1,0.5,0.4,0.3,0.7,0.8,0.8,1,1,0.7,0.7,0.6,0.7,0.6,0.5,0.6,0.5,0.4,,0.3,0.5,0.5,0.5,0.5,0.5,0.4,0.4,0.4,0.3,0.3,0.9,0.7,0.9,,1.4,0.9,1.1,,0.8,1.2,1,1.1,1,,0.7,0.7,0.7,,0.9,,1,0.9,0.5,1,0.5,0.4,0.8,,,,0.7,,0.6,,0.9,0.8,0.8,,0.7,0.9,0.8,0.9,0.8,,0.8,,0.9,1.1,0.7,0.8,0.7,0.8,,0.9,0.8,0.8,0.5,0.8,0.8,,1,,,0.8,0.5,0.8,0.9,0.5,0.8,1.3,0.7,0.9,0.6,0.5,0.5,0.5,0.7,0.9,0.7,0.9,1,0.7,0.5,0.4,0.9,0.7,1.1,0.8,0.8,0.8,0.9,0.8,0.7,,1.7,0.2,1,0.7,0.7,1,0.8,0.8,,,,,0.8,0.8,,0.7,1,0.8,0.7,0.5,0.6,0.8,0.7,0.5,0.5,0.7,0.4,0.5,0.5,0.7,0.8,0.8,,0.7,0.9,0.9,,0.7,0.8,,1,0.6,0.6,0.7,0.7,0.7,0.7,0.6,0.6,0.8,0.7,0.8,0.7,,0.6,0.8,0.6,0.9,0.7,0.6,0.6,0.2,0.4,,0.4,0.4,0.1,0.2,0.3,0.7,0.9,0.5,0.5,,0.6,,0.6,0.5,0.5,0.7,0.5,0.5,0.2,0.3,0.4,,,0.4,0.4,0.5,0.6,0.4,0.4,0.5,0.3,0.7,0.6,0.7,,0.8,0.7,0.7,0.8,0.8,1,0.9,1,0.6,,0.9,1,1,0.9,1,1,0.9,1.1,1,1.2,1.2,0.9,0.6,,0.9,0.8,,0.6,0.5,0.6,0.8,,,0.8,0.4,0.4,0.4,0.3,0.8,0.6,0.8,0.9,,,0.4,1.1,1.2,1.3,1.2,,1.4,0.8,0.7,0.9,0.9,0.7,0.6,,0.6,0.8,0.7,,,0.7,0.7,,0.8,0.7,1,,0.7,,0.9,1,,,0.2,0.5,,,0.8,0.6,0.5,,,0.2,0.4,0.3,0.2,0.6,0.5,0.5,0.6,0.6,0.4,0.7,0.5,0.7,0.7,0.6,0.7,0.8,0.6,0.7,0.5,0.5,0.5,0.6,0.5,,0.4,0.5,0.6,,0.8,0.6,0.6,0.8,0.7,0.5,0.3,0.1,0.4,0.6,0.4,1,,,1,0.9,1,1,0.9,1,0.7,0.8,0.5,0.7,0.5,0.6,1.3,1.4,1.2,1.3,1,,,1.3,0.3,0.2,0.3,0.6,0.6,,0.4,0.5,0.8,,0.7,0.7,0.6,,0.6,0.9,0.6,0.7,0.6,0.7,0.8,0.7,0.9,0.8,0.8,0.9,0.7,0.9,0.7,0.5,,0.6,0.6,0.5,0.9,0.9,0.9,,0.7,,0.6,,,,0.8,0.6,0.7,0.8,0.6,0.7,,0.9,,0.8,1,0.8,0.7,0.6,0.7,0.6,0.7,0.6,0.6,0.7,0.5,0.2,0.5,0.5,0.5,0.6,0.6,0.6,0.6,0.5,,0.3,0.4,0.7,0.6,0.6,0.5,1,2.1,1.5,1.5,1.4,0.6,0.6,0.6,1.3,,0.5,0.5,0.3,0.4,0.5,1,0.9,0.6,1.3,1.1,0.7,0.8,0.8,0.6,1,,,1,1.1,0.7,0.6,0.7,0.7,0.8,0.5,0.8,0.8,,0.9,0.6,0.5,,0.8,0.8,0.8,0.8,,0.8,0.7,0.9,,0.9,0.7,0.7,0.7,0.8,0.8,0.9,0.8,0.7,0.8,0.7,0.7,0.7,,0.5,0.4,0.5,1.2,1.3,,1.4,1.1,0.8,0.7,0.8,0.6,0.8,0.7,0.9,0.9,1,1.1,,0.5,0.5,0.6,,1,0.9,,0.8,0.7,0.6,0.7,,0.8,0.7,0.6,0.7,1,0.8,0.9,1.1,0.8,1.1,1,0.8,0.9,0.7,0.7,0.8,1.3,0.9,1.5,1,0.7,0.9,0.7,0.9,0.7,0.7,0.9,0.8,0.8,1,1,0.8,0.5,0.8,0.8,0.8,0.8,0.6,0.6,1.1,0.6,0.5,0.7,0.5,1.3,0.8,0.8,0.8,0.7,0.6,0.5,0.7,0.9,1.4,0.4,0.5,0.8,0.8,0.6,0.7,0.6,0.9,0.9,0.5,0.7,0.6,0.6,0.6,0.8,0.6,0.5,0.5,0.4,1,,0.8,0.6,0.6,0.4,0.5,0.6,0.9,0.9,0.8,0.9,0.7,0.8,0.7,0.7,0.8,,,0.8,0.6,0.7,,0.8,0.4,0.7,0.8,1,1,,0.6,,0.5,,,,,0.6,0.6,0.7,0.6,0.6,0.6,0.7,0.4,,0.4,0.6,0.6,0.7,0.8,0.6,0.6,0.6,0.5,0.6,0.4,,,,,0.2,0.4,0.7,0.5,0.4,0.5,0.8,,0.9,0.4,0.5,0.5,0.4,0.5,0.5,0.5,0.4,0.5,0.6,0.8,0.6,0.7,,0.6,0.6,0.5,0.7,1.2,0.7,0.7,0.5,0.8,,1.7,0.9,,0.7,0.5,,0.4,0.3,,,0.6,,0.4,,0.4,0.4,0.5,0.7,0.6,0.6,0.7,0.7,0.7,0.7,0.5,0.6,0.6,0.6,,0.7,0.7,0.3,0.5,0.7,0.6,,0.4,0.5,0.4,0.7,0.3,0.3,,0.8,0.7,0.2,0.3,0.4,,0.8,0.6,0.5,,0.5,0.5,0.7,0.5,0.6,0.5,0.6,,0.5,0.6,,0.4,0.6,0.7,0.6,0.5,0.5,0.3,0.3,0.4,,0.3,0.2,0.3,0.3,0.2,1,0.5,0.5,0.4,,,0.4,0.3,0.6,0.5,,0.6,0.3,0.4,0.5,1.2,0.3,1.4,0.9,0.9,0.9,0.8,0.5,0.7,,0.8,0.7,0.7,0.6,0.5,0.7,0.8,,0.6,,0.7,0.4,1,0.6,2.2,1.9,0.6,0.4,0.8,0.6,0.9,0.8,0.6,0.5,,,0.5,0.2,0.8,0.7,,0.9,0.9,0.9,0.7,,0.9,1.1,,,1.2,0.8,1,0.7,0.9,0.8,1.3,1,0.9,0.7,0.6,0.8,0.7,0.7,1,,0.9,0.8,,1,0.8,0.5,0.6,0.3,0.5,0.4,0.5,0.7,1,0.6,0.9,0.6,0.8,0.7,1.1,0.4,0.3,0.7,0.4,0.9,0.5,0.6,0.7,0.3,0.6,0.5,0.5,0.5,0.5,0.8,0.2,1.2,0.9,0.9,1,0.9,0.8,1,0.7,0.7,0.8,1.6,0.9,1,1.1,0.6,1.1,,0.7,0.9,0.7,,0.5,0.8,0.4,,,0.7,0.6,0.6,1,0.8,0.3,0.7,0.9,0.5,0.4,0.7,0.8,0.8,0.8,0.4,0.7,0.6,0.8,,0.7,0.7,0.5,0.7,0.7,,0.4,0.5,0.6,0.6,0.5,0.8,0.6,0.6,0.7,0.6,0.7,0.8,0.8,0.8,0.5,0.9,,1.3,,0.9,0.8,0.9,0.9,0.8,0.9,0.9,0.9,0.8,0.7,0.9,0.8,0.7,0.6,0.7,0.6,0.5,0.7,0.5,,0.5,0.9,0.9,0.6,0.3,0.6,0.6,0.8,0.8,0.9,0.6,0.8,0.8,0.5,0.8,0.8,0.8,0.9,0.9,0.8,,0.7,0.9,0.7,0.7,0.6,1,0.6,0.7,0.7,0.6,0.9,0.5,0.6,0.8,0.4,0.5,0.5,0.9,1,0.8,0.6,0.8,0.4,0.8,0.4,0.6,0.2,0.9,1.2,1.1,0.7,0.7,0.6,0.4,0.5,0.6,1.7,0.5,0.5,0.8,0.8,0.7,0.9,0.7,0.6,0.9,0.9,0.7,0.9,1,0.8,0.5,0.8,0.6,0.6,0.7,1,,0.8,0.6,0.6,0.9,0.5,1,0.9,0.6,0.8,0.6,0.8,0.8,1,0.9,0.9,0.8,1,1,0.4,0.3,0.3,0.5,0.4,0.4,,0.8,0.5,0.7,0.8,0.5,0.5,0.5,0.4,0.6,0.4,0.6,0.7,0.8,0.7,,0.5,0.5,0.6,0.9,0.9,0.5,0.8,0.9,0.8,0.6,0.8,0.8,0.7,0.5,0.5,,0.5,0.9,0.8,0.8,0.6,0.6,0.8,0.8,0.8,0.7,0.4,0.9,0.8,0.9,1.1,0.7,0.9,0.8,0.6,0.9,0.5,,0.7,,0.6,0.3,0.1,0.7,0.8,0.5,0.7,1.2,0.8,0.9,0.7,,0.6,0.5,,0.7,0.7,0.5,0.5,0.5,0.2,0.6,0.7,0.6,0.7,0.7,0.5,0.4,1,0.5,0.5,0.6,0.6,,0.7,,0.9,0.7,,1.3,0.7,0.6,0.6,0.6,0.9,0.9,0.4,,0.4,0.7,0.6,0.6,,,1.6,0.7,0.5,0.6,0.7,0.7,0.4,0.6,0.8,0.5,0.7,0.5,0.5,0.4,0.6,0.5,0.5,0.5,0.6,0.5,0.7,0.9,,0.9,,0.7,0.9,0.6,0.9,0.8,0.9,0.9,0.9,0.5,0.7,0.8,0.7,0.2,,0.5,0.6,0.8,0.7,0.7,1,1.3,0.8,0.4,0.4,0.7,0.7,0.8,0.7,0.8,1.8,1,,1.4,0.6,0.9,0.8,1.1,0.4,0.7,0.6,0.2,1.1,0.8,0.9,0.6,0.6,0.5,0.9,0.6,0.8,0.8,0.4,0.8,0.7,0.7,,0.8,0.5,1.3,0.2,0.8,0.7,0.3,0.7,0.7,0.7,0.4,0.6,0.6,0.8,0.9,1,0.6,1,1.2,0.6,0.6,1,0.8,0.7,0.7,0.7,0.8,0.6,0.6,0.5,0.7,0.6,0.5,,0.9,0.3,0.8,0.7,0.5,0.7,0.5,0.4,0.7,0.7
20210423,12,AQI,30,43,31,29,30,29,31,32,33,35,30,30,,,24,,27,27,25,,27,,26,30,,29,22,,69,62,77,72,60,70,80,,33,33,,36,30,32,30,34,,33,,36,39,55,43,42,43,48,42,59,73,,70,68,80,32,35,35,34,34,38,31,,,28,33,26,47,43,,38,48,45,45,84,,74,103,89,77,82,67,,41,42,,,40,42,38,42,36,30,29,,,34,33,41,35,,27,49,46,41,39,39,37,37,35,36,40,73,67,64,69,72,55,57,,47,55,42,35,,,39,37,45,,40,42,46,45,107,95,104,112,,,102,120,83,99,66,56,,62,72,64,52,58,54,103,,,58,68,55,62,55,43,60,50,62,68,94,,,,64,58,,67,64,57,,,,45,,51,58,58,62,67,64,58,,59,,,,62,48,,41,49,53,52,62,,39,97,87,98,69,90,,53,,57,,57,52,,73,73,,58,59,53,,53,75,69,,44,78,43,,,65,83,,35,41,43,61,,75,,,46,,67,53,,37,46,39,16,19,17,,49,53,55,47,40,,57,40,,28,31,37,31,36,44,48,34,39,32,,59,39,56,52,49,68,42,28,30,29,,39,29,28,,40,34,53,46,,51,53,,55,53,,,67,113,92,70,104,57,65,61,63,,66,57,64,61,58,48,46,37,38,,37,26,,37,37,52,40,52,48,47,42,48,48,43,34,82,75,,,74,72,84,79,66,79,69,53,49,57,57,51,104,,50,58,55,72,54,57,56,50,70,,68,63,,63,90,92,55,63,57,72,58,54,54,,,,67,62,101,93,77,117,118,103,31,40,40,46,57,45,49,35,42,42,,,32,45,,41,,45,,65,57,39,62,76,55,57,,,60,58,59,51,67,,55,73,85,85,,,75,54,52,63,62,58,63,65,60,65,64,,51,52,52,54,55,57,38,39,37,37,38,40,65,62,68,59,,61,,97,,76,55,82,59,,63,,39,51,,,,55,61,,,,53,53,27,26,25,32,27,,28,40,,53,50,60,41,39,,46,50,58,,45,26,52,,,59,55,62,63,,51,54,,,32,41,32,32,30,29,32,43,45,42,59,,48,46,57,57,63,56,,24,,69,51,53,,53,,47,35,,,35,39,42,52,,68,48,55,,79,64,89,70,36,31,,32,34,31,,,,72,,84,62,,70,,44,30,35,,39,,36,32,,58,,,52,,49,54,64,37,41,,53,,,43,36,41,,47,47,34,39,41,57,39,,51,57,,55,50,43,,,,46,128,94,,62,,,68,72,59,,39,,57,55,,,62,59,,58,,49,53,,51,104,,,,89,,,84,,74,,92,77,72,,70,89,53,36,30,,39,43,39,36,35,,27,35,26,39,,30,79,30,,33,25,29,28,,39,45,64,95,102,82,115,,92,84,56,53,,,56,69,,95,80,63,,43,46,40,43,39,33,40,,,173,52,,55,30,46,28,29,,38,,29,,105,,108,115,99,92,,43,39,,,,56,,59,,93,82,112,,87,,84,80,60,,55,,52,42,51,45,43,36,,42,38,47,31,42,34,,32,,,38,37,23,35,31,36,52,52,,44,37,39,51,46,37,40,37,45,49,26,28,29,,35,,99,70,87,78,65,,45,46,44,45,59,60,68,64,,,,,,58,,,35,46,,56,40,49,35,35,,,40,59,59,54,57,57,,47,46,52,,58,75,,74,,47,67,59,63,,61,73,70,73,,92,,60,63,107,59,57,52,,26,29,,23,53,33,36,32,57,67,51,51,,46,,62,55,55,,54,43,54,43,36,,,49,33,,35,43,32,39,,,39,51,,59,,45,46,42,46,57,56,35,,49,44,35,34,43,46,40,46,33,54,54,40,39,,36,62,,49,39,55,59,,,40,43,,43,45,,67,62,68,,,72,79,72,73,103,,85,73,73,,74,,80,,80,77,90,,,102,,,74,68,71,,65,,64,57,,,45,31,,,65,78,42,,,42,42,74,,74,94,42,32,28,32,33,30,28,33,34,23,34,32,24,26,32,,,29,,31,26,,,46,39,59,59,33,33,34,33,50,44,51,105,,,,40,38,38,,69,51,52,40,29,42,38,,62,62,60,57,,,,23,46,30,59,54,,24,,51,,40,39,41,,60,65,46,59,50,,50,62,48,57,54,41,83,53,31,28,,29,,31,28,,53,,77,,70,,,,43,39,53,,72,80,,32,,62,59,50,57,79,57,52,78,36,38,35,36,,34,33,33,39,36,38,38,33,,28,23,24,,26,75,26,45,39,34,,39,43,48,,,43,,46,52,46,33,,36,38,50,45,38,34,35,37,,,44,45,,53,57,54,52,48,65,58,,88,,62,,89,92,83,45,,46,50,64,,59,63,72,69,62,59,53,52,48,47,51,59,53,,72,59,64,53,62,,,58,,53,43,54,54,69,,77,45,51,,53,59,44,,37,36,,40,27,32,34,,34,32,35,49,46,50,,,,45,,44,,32,63,37,30,28,29,29,28,37,,39,42,42,40,25,33,33,34,,,23,35,30,26,25,29,32,,20,39,35,57,53,71,59,37,,52,44,,48,63,55,67,,40,49,46,59,56,57,60,42,50,55,40,40,45,48,14,22,,33,25,43,48,46,35,40,61,36,49,,,55,52,45,,,35,42,39,,50,44,63,59,66,68,,53,,49,,,,,37,36,35,35,55,34,,32,,26,40,46,,43,46,58,57,57,,62,,,,,38,26,56,51,49,50,46,,36,84,78,58,60,41,48,46,85,55,,74,44,43,,62,68,,84,93,70,54,43,79,,61,72,,37,39,,35,37,,,40,,33,,34,33,23,19,21,22,,53,49,52,24,24,24,22,,39,29,18,27,34,82,,,86,33,,102,87,,24,24,23,29,,,64,61,57,,34,52,35,33,50,38,32,,35,29,,,20,21,19,112,116,157,145,27,,29,36,31,92,120,31,59,56,65,,,37,42,35,22,,14,40,39,26,54,59,110,72,34,31,28,62,92,,80,93,45,63,69,59,45,,67,,89,42,72,38,,56,103,16,,,29,53,56,20,,,32,62,73,26,,57,59,54,49,,74,33,,,77,,52,65,64,,73,79,98,59,52,64,51,61,,,25,,,98,60,89,72,25,41,45,58,83,,29,30,,29,106,83,39,45,28,26,35,32,39,44,57,50,,,39,42,78,36,70,59,49,48,36,30,36,32,55,65,64,41,47,,59,95,,48,28,69,,37,34,15,,,49,46,45,29,57,34,33,46,44,73,68,,58,67,31,53,66,28,,74,40,40,48,29,,82,90,55,78,117,110,93,82,104,88,35,,60,83,42,50,,103,,53,45,62,36,36,73,77,90,63,,61,61,54,55,,,60,52,124,,44,,62,77,,25,55,33,27,43,46,,58,74,28,28,117,107,60,72,,113,113,,,62,77,46,69,,29,72,38,58,42,27,46,35,51,48,54,52,51,30,34,52,49,35,69,59,58,52,45,60,76,55,56,38,33,23,,49,35,32,,42,42,48,,47,58,52,89,61,74,77,40,48,,60,33,33,55,,74,64,55,,60,59,,43,34,50,46,70,41,62,37,26,,23,26,,71,56,38,,78,35,46,36,,60,40,76,88,84,31,,34,30,,30,63,37,,43,68,57,57,62,,64,,92,110,69,73,,41,43,22,64,59,30,57,43,53,55,31,47,,32,58,26,,36,,34,28,41,39,42,50,38,32,39,32,52,,25,97,,,52,56,66,57,,34,33,52,57,30,52,55,,36,36,34,30,,108,,38,38,,31,54,43,47,77,54,109,45,,32,47,39,44,,,148,83,56,54,68,,45,35,34,45,65,44,57,,,59,57,55,54,49,64,66,,60,,112,60,,57,57,41,34,58,52,60,54,45,25,,208,111,29,14,,,73,,62,62,57,58,66,99,47,62,83,,50,57,117,104,94,88,58,58,73,59,54,49,51,36,52,,59,41,,36,,59,51,,35,25,57,32,65,79,52,63,32,34,30,32,31,41,94,73,55,47,71,57,95,30,,38,33,34,30,32,40,42,54,68,48,,,31,84,82,27,,39,40,84,51
20210423,12,PM2.5,11,30,11,10,9,11,7,7,3,24,7,10,,,13,,12,12,11,,8,,9,3,,3,12,,50,40,56,52,41,51,59,,9,14,,25,10,15,20,21,,10,,5,25,13,27,24,28,23,23,33,26,,44,48,34,13,9,14,18,12,11,11,,19,17,23,16,22,30,,18,30,31,31,62,,54,77,66,56,60,48,,10,12,,,12,9,15,12,11,19,18,,18,21,21,20,16,,15,30,23,20,27,19,16,13,18,20,23,53,48,46,50,52,39,40,,30,39,20,20,40,,23,25,31,,28,29,32,29,80,71,78,84,,,76,91,61,74,44,39,51,31,41,46,36,41,36,77,,41,41,49,39,44,39,30,43,35,44,49,70,,,,41,41,,48,46,31,,,,31,,24,41,41,44,48,46,41,,42,,,,44,33,,26,34,37,36,44,,27,72,64,73,50,67,,37,,40,,40,36,,53,53,,41,42,37,,33,32,50,46,22,57,25,,,47,61,,24,23,18,25,,55,,,32,,31,37,,19,32,27,7,4,6,,34,37,26,24,24,33,29,28,17,19,19,17,17,19,22,31,19,27,19,,28,17,26,29,25,49,27,17,14,8,,12,8,4,,28,20,24,24,,29,37,,39,22,,,48,85,68,51,78,39,47,39,44,,42,39,43,42,41,33,16,17,20,22,21,14,,20,16,35,28,28,33,23,29,33,23,30,14,60,55,,48,48,36,59,55,26,58,50,31,31,30,29,29,32,,22,31,34,38,35,23,31,24,36,,45,39,,45,67,68,39,42,30,34,34,32,21,27,,,46,39,65,43,43,48,52,39,19,21,22,32,28,28,25,23,23,25,,,14,12,,14,19,25,,29,38,27,33,54,36,40,,,43,41,29,28,48,,39,53,63,63,,,55,38,22,31,29,41,31,39,39,39,29,,28,21,29,32,25,28,5,4,6,6,8,7,34,32,32,29,37,32,35,31,,35,33,29,36,,35,,14,22,,,,36,31,,,,30,30,16,18,14,22,10,,15,28,,37,35,27,28,21,34,25,35,41,,31,17,21,,,37,26,29,15,27,22,24,17,,22,26,20,21,11,14,17,30,31,29,42,28,33,32,40,40,30,26,,12,,50,28,28,,14,,24,19,,,24,27,29,36,,49,33,39,,58,46,66,51,24,17,,7,12,5,,,,52,,62,41,,51,,18,14,24,27,27,14,22,18,,41,,,36,,34,28,33,25,15,,22,,,24,25,22,,28,23,17,22,20,29,27,,32,22,31,25,19,21,,24,,19,77,59,,44,51,,38,32,27,50,24,,35,26,,,44,33,,24,,16,26,,25,78,,,124,66,,53,62,,54,,68,56,52,,51,66,23,21,15,,27,30,27,25,22,16,14,23,15,27,20,18,40,11,,9,14,13,12,51,27,31,46,71,76,60,87,63,68,62,22,21,,,20,27,40,71,49,35,,19,22,16,26,27,23,27,,,131,36,,39,21,32,19,18,,24,,11,,79,,81,87,74,68,20,30,21,,,,33,,33,,69,60,84,,64,,62,43,40,,39,,36,29,31,31,27,20,,26,26,30,16,29,16,,20,,,26,25,14,24,3,25,26,28,28,22,12,20,15,32,23,20,21,31,29,13,17,16,17,24,29,74,51,64,57,47,,29,20,17,25,42,40,49,40,,,,,43,31,,42,24,30,,23,28,34,24,20,9,11,21,24,32,30,31,40,,32,32,36,,41,55,,54,,32,48,42,45,,43,53,51,53,,68,,23,18,34,30,22,26,,1,14,,13,37,14,25,3,40,48,27,27,,32,,44,39,39,,38,29,38,30,25,,,19,23,24,24,19,15,21,,10,21,25,,34,26,31,32,29,29,40,37,15,,34,23,24,22,30,32,28,32,21,38,38,28,26,,20,40,,31,22,39,42,,,28,30,,30,26,56,48,44,49,,,32,58,51,48,77,,48,44,41,,39,34,59,,59,56,67,,,76,57,,54,49,41,,41,,13,17,,,31,14,,,34,33,21,,,19,29,41,34,25,23,26,22,17,22,23,21,19,23,18,16,14,22,12,10,22,,,20,,14,14,42,,27,27,24,31,20,15,21,23,29,30,28,79,,,,28,26,18,,50,12,35,28,15,28,26,52,44,44,43,40,,,8,12,14,8,42,38,,3,,30,,22,22,27,,43,47,32,42,35,,35,44,27,33,21,19,61,27,10,10,,6,8,13,11,,37,,56,,51,,,,20,23,37,,52,59,,21,,44,42,35,31,58,40,27,57,17,14,12,13,,11,12,13,22,23,24,22,18,,12,11,11,24,12,19,8,31,27,22,33,27,17,19,26,,19,,27,36,31,18,28,17,26,28,20,22,21,21,23,,,24,23,34,35,40,38,31,31,47,22,,65,40,44,,66,68,61,31,,32,22,46,,42,45,52,50,44,32,37,32,25,27,28,42,33,,52,42,46,26,36,,,27,9,37,30,38,38,50,62,56,26,21,,37,42,25,,16,23,,25,15,21,20,,21,10,24,21,21,25,,,18,24,,24,20,22,25,25,8,5,2,5,6,19,,27,29,29,28,17,21,23,14,14,11,11,15,14,6,14,20,22,17,13,27,16,40,36,47,24,16,14,9,17,21,19,43,33,41,63,26,34,31,35,36,20,37,29,26,30,28,27,27,27,7,11,,23,17,30,24,27,7,28,27,16,34,36,33,39,36,31,,,22,29,26,,32,28,30,33,37,41,,37,,34,,,,,6,4,8,15,6,14,10,7,,4,17,14,20,16,19,41,40,40,,42,,,,,16,18,36,31,32,35,30,,22,62,56,33,31,5,23,13,63,39,,46,27,26,,44,48,,62,69,40,28,30,46,,41,34,,21,9,,7,7,,,8,,8,,7,2,7,9,11,15,,37,34,34,8,3,6,9,,27,14,9,9,16,60,,38,44,23,14,24,26,,14,12,10,20,12,,34,26,40,,22,36,22,13,8,15,13,,18,20,,24,4,5,2,41,50,,,7,,20,3,12,68,31,4,13,39,24,,,22,29,24,12,,7,16,24,10,28,41,83,52,2,9,6,44,68,,52,69,31,45,50,42,30,,48,,66,20,52,26,,29,44,4,35,,13,29,33,4,,,11,36,52,8,,28,28,35,21,,54,22,,,56,43,33,47,46,,46,58,73,42,36,46,31,38,58,,12,,,73,24,66,52,14,20,25,41,61,,12,13,,10,63,61,2,31,14,8,24,10,13,19,40,35,40,,7,29,45,13,51,42,33,33,25,19,25,22,30,37,46,19,30,18,32,71,,32,9,50,,21,22,10,,,16,26,21,20,40,4,18,32,17,53,49,24,41,48,10,30,42,19,,54,20,20,27,17,,29,67,39,57,88,83,69,60,78,65,11,,31,11,24,35,,77,,37,31,44,14,25,38,48,65,45,36,39,43,34,39,31,2,30,28,51,,16,52,43,32,17,8,39,23,1,30,31,49,41,39,18,18,88,80,43,52,,85,85,15,,25,56,19,50,22,19,50,26,32,29,11,15,8,31,31,36,35,24,21,22,36,34,7,50,42,41,23,20,41,34,26,39,26,18,4,33,34,24,17,,29,23,19,,7,38,36,66,42,54,56,26,25,,43,3,2,26,11,54,39,36,36,39,42,,30,22,30,31,51,26,44,19,9,4,13,18,,51,28,25,37,27,16,23,14,52,26,26,53,51,62,18,34,9,3,,11,45,13,,30,49,40,39,44,41,24,,68,83,50,53,,20,13,15,46,42,20,40,28,37,39,11,27,12,22,41,17,,25,,12,14,19,19,19,27,25,22,22,14,33,,2,19,,30,36,34,35,34,,19,23,26,27,16,33,36,24,14,13,15,19,,81,,26,26,,18,28,26,27,49,37,82,19,,20,24,18,19,,,113,46,32,20,48,4,31,4,5,27,41,28,27,19,,32,18,15,4,6,43,46,,39,,84,42,43,40,40,14,20,41,32,35,38,26,5,,158,83,17,6,57,56,53,,31,34,34,34,47,41,21,44,61,,35,40,88,78,70,33,26,41,40,42,38,34,25,25,36,47,42,28,,19,43,38,24,,18,11,40,5,47,58,35,42,22,10,7,15,7,26,70,53,34,23,37,38,69,20,28,26,10,2,10,2,28,11,38,49,33,,60,21,50,60,17,,3,1,62,17
20210423,12,PM2.5_24h,33,50,36,28,30,39,34,33,33,51,31,37,,,23,,26,24,22,,20,,27,25,,25,16,,51,46,54,52,47,54,49,,25,20,,36,24,19,25,26,,15,,44,41,42,39,38,38,40,35,38,29,,31,41,30,19,15,17,17,34,29,28,,30,35,29,33,38,45,,47,44,48,47,59,,42,66,66,55,53,49,,21,22,,,20,16,21,20,36,36,33,,34,35,35,35,37,,38,27,19,15,21,12,15,12,18,24,22,39,31,32,29,27,28,35,29,30,31,37,36,51,,40,39,49,40,47,52,51,49,52,47,52,50,53,,52,44,50,54,38,35,44,36,40,34,40,52,40,88,,42,39,63,38,36,71,44,49,46,67,53,40,,,,51,48,,48,46,33,,,,43,,36,42,44,39,43,45,42,45,65,,,,72,58,,35,64,65,49,52,,45,69,61,63,36,45,50,26,,31,,33,32,,47,48,,47,38,42,,45,48,57,32,19,31,24,,,28,49,31,22,20,24,23,,52,,,37,,46,50,,15,18,21,13,11,13,,44,40,41,35,34,30,26,25,24,29,30,23,25,26,32,28,25,31,17,,22,12,19,20,14,23,14,22,21,13,,16,10,9,,32,30,31,33,,40,45,30,38,14,,,26,30,26,20,27,18,40,34,36,38,40,38,38,36,32,23,15,19,19,24,20,18,,19,18,27,34,21,25,19,21,25,18,24,11,42,41,,38,36,33,50,39,42,41,39,27,25,25,23,24,33,,18,24,25,37,27,22,22,24,32,36,39,30,,32,51,38,31,29,26,23,24,25,18,24,,,38,34,40,49,49,50,42,30,31,30,26,30,23,25,24,22,24,24,25,23,10,12,15,11,13,17,,26,25,28,27,21,27,26,,,24,28,19,26,30,,93,90,74,80,,,96,55,26,29,30,35,29,33,35,35,27,,31,27,47,44,34,35,8,7,11,7,13,4,33,35,39,31,37,41,34,36,,34,36,36,35,,30,18,17,23,,,,24,20,,,,29,25,10,11,13,12,9,,19,20,22,25,26,22,20,18,18,17,25,36,20,25,14,34,,47,42,34,33,17,24,24,28,23,,41,40,49,26,18,18,19,34,37,36,62,32,42,42,19,20,19,19,,21,,30,24,26,27,32,,30,44,,,32,32,33,59,,58,49,47,,50,46,46,42,43,17,11,10,16,12,,,,57,,49,48,,57,29,31,38,33,34,34,22,21,20,,40,,,44,,39,40,43,35,28,26,28,28,,18,18,16,15,21,20,19,24,20,19,30,34,34,20,24,20,30,35,33,22,,18,54,46,,29,33,,38,33,32,32,23,,30,33,,,52,48,,26,,23,28,24,34,87,68,,90,69,,50,52,,49,,72,56,66,,59,57,14,16,8,,21,22,25,26,25,18,15,41,36,40,40,35,46,11,14,17,20,10,16,59,43,32,47,66,42,41,48,49,45,39,20,21,18,,27,42,42,58,44,45,31,24,23,31,21,34,38,34,,33,42,46,,41,37,35,30,31,,35,24,6,,69,,68,88,72,71,37,48,37,,,,37,,31,,68,68,78,,69,63,64,44,38,,39,,41,41,37,42,21,22,,23,22,20,20,21,18,,22,,,16,25,11,14,5,27,30,28,29,14,10,12,15,34,31,26,33,36,33,12,13,25,31,48,55,53,50,50,46,46,,36,22,28,29,36,42,42,36,,,,,52,44,,40,22,27,16,22,21,27,17,14,13,13,15,25,21,32,30,31,,28,31,41,,28,31,,38,26,27,35,32,30,,32,43,44,45,43,52,,39,39,71,27,39,26,58,13,17,,8,11,12,27,8,49,48,34,34,,16,,31,24,24,,30,18,18,16,16,,,11,11,11,14,16,13,19,,11,16,35,,40,43,44,40,36,39,42,39,37,,44,40,43,45,47,38,42,39,39,40,39,23,24,,35,28,,27,30,31,38,,,27,35,29,33,32,25,26,24,24,,,21,53,52,51,72,,52,34,35,27,30,27,45,,45,50,49,,,47,45,,42,33,24,,24,,33,32,,,33,17,,,33,28,24,,,27,31,28,20,26,26,30,28,27,25,27,28,22,26,22,29,47,32,39,35,31,28,30,31,,23,24,31,,19,19,22,24,20,20,23,18,29,26,29,90,,,,114,140,111,109,144,101,110,95,51,42,34,230,201,198,173,165,,,195,19,22,18,73,71,,49,39,33,,32,34,38,,51,49,32,42,27,38,37,49,28,35,26,23,42,25,27,23,,20,14,21,22,54,37,,36,,43,,,,27,24,32,39,43,44,,25,,38,40,35,23,20,31,29,23,33,25,37,18,12,16,21,16,28,36,31,26,15,,14,12,16,16,15,17,10,37,25,14,24,25,20,23,23,,8,12,11,16,16,23,28,24,35,27,20,25,22,22,22,,,24,23,26,20,23,23,17,32,36,21,,65,65,60,,65,68,67,48,,45,34,36,,33,33,35,37,32,32,38,37,34,34,37,43,38,,44,44,41,25,27,,37,27,12,29,25,27,36,44,47,45,22,18,,31,31,24,,22,21,,23,18,22,24,,22,13,16,19,16,19,,,19,27,,22,20,23,24,28,16,22,24,24,17,21,34,26,30,30,24,21,21,29,22,9,11,15,14,17,14,23,20,21,18,9,13,10,35,27,30,25,20,18,10,16,20,19,38,33,36,31,29,30,33,33,33,33,30,33,30,34,35,32,25,28,16,17,,13,15,21,15,17,19,27,29,23,51,52,48,47,40,50,,,19,24,21,,22,21,18,22,32,33,,42,,36,,,,,21,18,23,27,21,14,15,18,,10,21,22,23,22,23,36,38,39,24,39,,,,,8,9,37,39,28,28,25,,23,52,37,31,31,11,19,12,48,31,44,38,28,29,,46,50,44,45,62,41,27,19,40,,39,36,,22,3,,8,10,,,12,,4,,11,6,11,10,11,16,23,27,24,25,12,12,11,21,,17,10,9,14,16,46,,41,50,20,18,55,59,,23,24,13,11,10,,33,41,25,,20,26,20,18,8,11,21,,25,25,,32,17,16,18,76,67,71,48,9,,15,9,11,23,19,11,11,14,17,,,16,19,16,17,,13,11,10,10,25,23,78,38,7,28,18,52,50,,28,58,48,77,33,53,36,,37,,56,40,106,25,40,43,80,10,37,35,31,20,40,12,,,29,21,46,27,,27,25,31,23,,51,40,,,33,58,59,38,44,43,32,31,34,65,24,32,20,27,55,,22,34,,55,25,38,31,6,24,27,40,49,35,16,17,26,23,65,27,10,30,26,16,30,8,28,24,33,33,30,34,7,27,39,16,29,32,68,49,20,22,21,38,31,54,35,20,22,30,32,68,,32,23,51,,14,18,14,,,20,55,44,32,33,10,21,44,38,52,66,22,34,50,18,35,24,26,,32,18,22,27,17,,56,47,20,47,42,48,50,50,52,34,46,24,32,28,32,22,,50,,35,35,28,33,32,51,56,46,41,33,39,37,23,28,28,18,30,26,50,,11,43,35,32,21,26,44,37,14,39,45,46,47,38,26,28,68,76,28,32,,70,77,53,,53,166,18,44,20,22,43,23,21,31,16,26,15,62,68,59,41,45,13,41,53,30,11,57,34,31,40,43,52,33,26,34,34,18,15,32,46,19,23,12,25,34,21,19,26,36,41,54,41,40,50,34,30,,55,27,34,32,20,45,35,36,47,36,38,41,36,38,43,38,24,34,36,22,7,10,13,12,,44,29,29,43,30,19,24,18,28,19,22,25,51,55,27,58,31,14,25,24,40,24,37,32,36,30,38,41,37,34,,70,74,40,41,41,25,21,16,33,35,27,52,42,58,49,29,43,32,39,29,21,,32,,25,20,14,25,29,45,43,35,37,30,30,,15,22,,29,26,21,20,19,18,23,28,26,23,26,27,40,23,14,12,18,19,,43,,36,19,,21,31,35,30,39,43,66,17,,17,34,30,23,,,91,34,43,46,50,11,30,11,16,50,53,31,45,45,45,37,37,40,28,35,38,37,,39,,85,33,38,47,32,39,33,48,29,33,49,28,9,,342,379,20,21,48,65,56,42,36,26,39,28,35,34,25,24,33,,40,41,81,70,170,34,45,20,20,47,58,34,54,34,26,39,30,41,28,22,52,31,36,,15,32,31,6,34,49,55,38,46,35,33,38,31,26,57,53,42,39,155,33,54,23,29,22,45,36,32,33,21,17,46,43,43,29,103,25,91,32,28,42,6,4,46,34
20210423,12,PM10,30,42,17,23,23,21,15,2,16,32,17,15,,,19,,13,18,22,,21,,6,6,,4,22,,86,73,92,76,70,87,99,,20,22,,15,30,26,30,33,,25,,36,39,60,43,42,43,48,42,68,96,,90,85,109,14,22,27,7,7,38,25,,33,28,27,26,47,33,,38,48,39,44,98,,86,108,85,88,92,70,,31,29,,,32,21,35,42,36,23,29,,29,34,33,41,35,,14,49,46,26,34,24,30,22,28,30,40,69,56,63,75,53,48,42,,47,41,42,28,63,,39,34,38,,36,39,42,45,59,52,69,62,,,62,54,36,44,82,61,56,73,94,53,51,58,58,51,,42,46,44,50,52,45,30,36,38,20,32,83,,,,78,44,,61,70,63,,,,36,,51,55,63,53,68,53,51,,53,,,,58,46,,41,48,28,48,46,,34,63,61,53,57,53,65,45,,52,,63,53,,79,64,,66,61,54,,55,100,63,47,44,96,43,,,65,78,,33,41,43,71,,81,,,45,,84,55,,37,40,36,9,3,8,,48,47,59,47,40,113,64,40,29,27,30,22,31,34,44,48,34,36,19,,67,39,62,54,49,56,42,25,30,15,,39,23,6,,31,34,56,46,,51,49,,54,56,,,83,88,90,85,102,63,69,72,76,,81,63,77,71,62,48,46,37,38,31,37,26,,37,37,53,40,53,40,47,40,42,48,42,34,110,96,,93,98,75,117,107,81,99,78,55,49,64,64,52,81,,50,66,59,68,58,63,61,50,89,,85,75,,76,110,124,60,76,64,70,65,58,57,,,,83,73,64,76,70,108,97,112,31,40,40,41,64,45,49,35,42,42,,,32,45,73,41,56,45,,79,63,38,73,102,59,62,,,50,63,68,51,53,,48,70,82,85,,,80,48,53,75,73,66,75,80,70,80,78,,52,54,53,57,60,64,12,26,30,9,20,14,80,74,86,68,104,72,51,144,,101,60,113,67,,75,,39,51,,,,59,71,,,,55,55,27,13,14,27,27,,28,40,,35,39,70,41,39,55,46,48,58,36,38,26,54,,68,68,59,73,76,,51,58,75,,27,41,32,26,25,26,32,37,44,38,40,48,27,27,58,51,76,61,,24,,58,51,56,,55,,47,35,,,35,36,30,40,,39,47,39,,83,71,102,68,36,14,14,9,10,9,,,,61,,63,73,,60,,44,30,31,34,37,24,27,32,,36,,,46,,45,57,77,32,41,,55,,,43,32,41,42,47,47,34,39,41,63,32,,52,63,72,60,50,43,,46,,46,91,93,,65,77,,74,63,65,100,39,,63,60,,,61,67,,66,,49,55,,52,77,,,,89,,,54,,53,,89,71,84,,65,69,55,36,30,,39,41,39,36,35,26,18,35,21,32,25,18,107,23,,24,20,23,11,26,30,29,34,37,101,97,104,90,86,82,62,55,,,62,88,109,117,110,75,,35,33,39,28,35,28,40,,,,37,,50,29,35,25,29,,38,,14,,90,,84,126,98,95,42,29,39,,,,62,,68,,107,114,114,,88,,79,110,70,,58,,46,35,51,36,43,36,,42,37,47,18,25,26,,32,,,28,37,23,29,18,32,54,53,51,44,37,39,52,35,37,40,37,42,49,26,28,21,40,12,48,82,75,87,77,65,,35,44,27,42,56,69,60,78,,,,,79,65,,100,27,46,,61,40,34,33,35,37,41,40,68,66,58,63,59,,47,42,53,,54,57,,77,,47,77,60,59,,71,78,73,75,,83,,70,75,163,67,64,54,,15,16,,16,8,33,12,,55,56,51,51,,45,,55,46,46,,45,43,39,34,36,,,49,23,,24,43,23,22,24,6,14,52,,68,,44,46,38,46,62,61,22,,41,44,30,34,35,37,34,32,29,44,45,34,39,,36,74,,49,39,48,63,,,34,42,,39,45,101,60,67,69,,,93,90,94,96,79,,120,95,95,,98,95,78,,83,91,88,,,84,92,,73,79,92,,79,,77,63,,,25,31,,,80,106,40,,,42,39,98,91,97,138,41,32,28,18,22,18,22,33,34,18,34,29,23,14,24,19,,14,,31,26,54,,46,39,67,67,33,23,34,30,50,44,51,128,,,,40,33,38,,67,51,53,35,4,42,34,69,59,56,58,45,,,34,23,46,30,65,57,,20,,52,,39,36,39,,50,37,34,46,48,51,36,40,48,63,58,41,66,55,31,21,,11,17,11,28,,53,,72,,89,,,,43,22,51,,88,80,,32,,55,49,50,64,56,54,54,78,28,37,35,16,,16,21,28,39,36,38,38,33,,28,15,24,25,26,100,11,26,31,26,65,33,43,48,42,,43,48,46,45,46,29,36,36,31,50,45,38,32,34,37,,,44,45,49,56,56,54,53,48,75,66,,105,73,72,,93,64,91,34,,38,50,57,,57,59,61,70,59,68,45,54,48,47,52,56,56,,84,52,53,56,73,,130,66,58,43,32,46,34,39,44,44,45,52,,47,36,44,,37,36,,40,25,32,34,,34,17,27,49,46,50,44,41,41,45,47,44,42,29,75,37,25,13,10,10,16,37,,34,38,37,33,25,33,26,34,22,32,23,35,30,11,25,26,32,29,20,35,35,64,55,92,67,37,31,53,44,,48,75,59,84,,40,41,46,68,62,64,69,33,50,59,26,40,45,48,14,22,,31,25,39,48,46,29,39,71,30,48,57,56,48,34,44,,,35,41,39,,50,44,75,68,81,85,,41,,46,,,,,17,34,34,26,59,34,16,15,,19,30,37,44,38,46,64,57,58,61,74,,,,,38,25,62,52,49,40,46,,36,74,106,66,69,20,48,46,103,58,,98,44,38,,65,86,,82,127,90,58,42,107,,71,94,,24,3,,12,27,,,25,,12,,24,12,8,19,14,19,,51,44,53,12,13,11,13,,36,29,18,14,34,68,,119,122,25,,153,124,,24,24,18,24,26,,77,72,50,,33,43,35,16,50,38,23,,17,22,,34,8,5,5,174,181,263,240,23,,24,36,31,87,189,29,68,61,80,,,37,42,33,22,,12,40,39,16,58,68,68,94,5,12,12,64,90,,110,94,28,36,69,57,45,,49,,78,42,81,36,,61,156,6,57,,21,56,62,4,,,30,73,96,17,,64,68,58,49,,69,28,,,45,62,53,61,61,,95,68,90,50,39,65,52,71,46,,22,,,120,69,108,68,14,39,45,48,74,,27,29,,16,162,111,7,35,28,17,28,32,39,44,50,46,51,,11,36,105,36,85,53,49,48,34,30,27,30,59,79,69,41,47,36,68,106,,48,18,68,,20,34,15,,,49,46,45,22,53,9,33,36,44,74,78,48,64,70,18,55,82,26,,63,40,40,48,27,,114,60,9,27,70,64,50,40,76,44,22,,70,115,42,40,,91,,47,34,44,24,35,61,104,130,76,89,72,72,57,59,64,54,70,53,100,,44,98,70,72,57,16,17,27,24,41,46,63,64,97,28,28,111,99,62,81,,139,107,36,,74,103,46,40,29,29,93,28,65,40,27,46,35,51,48,58,53,52,29,34,54,34,17,68,51,58,53,45,70,102,59,61,31,18,4,95,40,25,32,,38,42,48,,47,65,46,97,72,84,80,34,48,,58,12,1,59,28,64,78,59,54,70,58,,37,29,50,46,64,41,46,37,26,33,17,26,,92,61,38,70,65,34,46,36,76,70,40,102,79,92,15,48,26,18,,22,60,26,,36,76,48,63,62,,77,,118,113,66,76,,30,43,22,77,36,25,55,43,56,58,23,47,29,29,56,22,,36,,34,17,31,39,42,50,38,30,39,21,54,,3,143,,43,43,62,81,63,50,34,33,54,63,30,54,59,41,36,36,34,30,,69,,30,38,,31,57,29,47,104,57,109,45,,32,47,34,44,,,116,116,62,58,85,24,17,23,20,45,79,44,64,50,,67,64,59,57,49,77,82,,70,,89,69,,41,59,41,34,58,53,69,55,45,14,,164,171,29,10,87,74,88,,73,74,64,66,82,95,47,38,84,,45,60,117,110,92,126,65,57,95,47,22,25,51,27,49,36,62,41,,36,64,67,52,,35,10,48,12,71,56,53,76,31,34,16,23,17,41,120,54,59,47,92,63,139,24,24,29,20,5,13,10,27,27,50,63,36,,110,21,118,96,18,,6,8,82,51
20210423,12,PM10_24h,39,46,42,37,39,35,44,38,36,51,44,54,,,29,,34,31,32,,34,,60,36,,30,26,,76,69,79,74,75,70,82,,24,26,,23,35,32,28,34,,28,,71,61,78,60,62,66,74,66,63,72,,69,71,68,18,16,25,17,18,54,48,,48,42,42,45,50,47,,66,69,64,68,95,,58,96,82,82,76,72,,37,34,,,35,34,31,33,60,59,58,,54,66,61,73,70,,56,48,58,34,26,29,38,27,31,41,35,68,55,66,51,47,42,64,47,51,53,69,75,83,,80,74,79,69,66,79,85,78,68,57,61,62,61,,63,51,56,52,66,55,55,62,77,44,64,73,55,66,,59,64,61,59,65,61,53,47,50,50,52,42,,,,70,41,,61,72,65,,,,57,,62,69,81,56,65,64,51,66,98,,,,105,87,,52,54,71,57,64,,48,60,49,49,47,40,53,33,,38,,55,52,,79,67,,96,67,75,,105,97,91,43,46,53,38,,,42,58,65,37,40,57,50,,77,,,60,,117,86,,35,29,34,29,25,30,,67,64,73,70,64,49,59,35,41,44,31,36,42,45,52,43,39,42,27,,45,38,49,49,39,34,31,34,38,16,,38,34,27,,31,48,60,55,,56,57,54,60,19,,,35,35,34,33,34,27,70,77,67,82,82,75,83,74,62,31,34,34,32,32,29,31,,32,33,32,23,30,25,27,26,22,30,27,25,82,76,,74,89,69,99,78,103,79,73,57,58,58,60,49,86,,40,53,57,86,57,58,50,51,70,69,72,60,,49,92,79,56,60,53,48,51,51,49,54,,,82,71,77,105,99,109,90,82,56,58,48,59,44,43,42,39,42,45,55,50,25,27,38,29,30,29,,52,39,42,55,60,54,53,,,37,59,52,57,57,,119,122,95,113,,,138,71,51,69,68,57,66,69,65,68,64,,49,53,92,67,65,79,17,33,51,22,45,25,84,72,115,79,84,75,71,119,,86,74,111,81,,57,33,39,40,,,,47,50,,,,60,59,33,33,30,37,33,,39,29,23,31,32,29,26,26,34,35,32,54,27,30,23,53,,62,57,56,51,48,55,49,51,59,,70,68,78,49,41,44,52,44,41,34,59,54,40,37,39,37,44,35,,32,,46,51,49,40,43,,54,65,,,46,33,33,60,,50,71,53,,72,72,75,64,48,25,18,16,24,22,,,,74,,60,70,,62,58,55,53,35,37,43,24,26,32,,33,,,65,,64,64,66,51,48,50,51,64,,36,33,35,35,43,40,37,53,48,54,50,51,57,47,50,52,62,62,60,40,,48,86,79,,63,63,,68,63,67,62,38,,60,55,,,73,84,,58,,44,54,74,63,79,83,,83,97,,54,52,,55,,99,77,97,,83,64,34,35,27,,45,54,52,66,58,47,26,73,60,66,56,55,88,26,42,44,29,24,35,33,39,39,38,59,67,82,70,80,69,60,89,86,88,,84,79,85,97,96,86,58,48,42,54,43,44,48,45,,55,50,57,,57,50,50,43,44,,53,46,8,,84,,87,123,95,94,63,62,64,,,,66,,58,,111,106,97,,95,84,88,70,64,,54,,55,52,59,56,44,45,,31,38,33,28,28,22,,29,,,24,33,30,25,14,36,48,44,48,32,36,28,38,52,50,48,57,60,53,26,26,38,65,68,76,68,72,79,65,67,,53,50,41,54,46,58,60,56,,,,,81,77,,87,30,38,38,49,33,32,26,30,32,34,38,57,51,64,64,55,,51,46,70,,56,57,,96,46,45,63,48,56,,62,69,67,67,69,79,,138,147,344,60,48,44,52,13,20,,20,33,34,43,46,61,50,54,54,,23,,36,31,31,,30,21,19,17,22,,,21,12,46,19,30,30,16,21,17,20,64,,79,73,67,58,57,51,66,71,62,,72,92,65,73,71,58,59,55,52,68,65,40,42,,64,72,,63,60,44,64,,,26,47,38,41,47,41,36,42,41,,,75,83,94,94,86,,97,79,76,69,78,96,60,,58,65,66,,,73,65,,55,58,70,,73,,76,66,,,39,41,,,66,62,39,,,65,61,46,44,59,59,45,41,43,36,36,34,34,40,41,51,64,71,67,54,35,28,32,31,,54,43,46,,44,44,58,58,47,34,59,51,51,55,50,133,,,,160,177,203,138,183,149,155,109,69,70,47,334,250,216,202,199,,,237,40,53,37,102,101,,37,50,50,,42,48,46,,52,53,45,52,37,41,48,45,55,64,52,57,55,48,34,30,,23,26,29,36,59,56,,49,,58,,,,51,48,46,55,61,65,,42,,47,49,44,48,38,44,43,31,51,43,65,27,13,23,28,27,52,52,70,48,31,,32,23,31,30,30,35,11,62,41,43,45,31,42,49,41,,26,24,25,27,26,38,49,43,43,51,43,38,36,42,37,,,42,39,39,34,34,38,33,47,60,61,,106,86,88,,95,75,85,60,,62,60,49,,62,53,55,58,55,55,49,53,51,50,56,56,62,,59,51,52,41,53,,64,55,52,37,27,36,37,42,43,41,40,41,,39,35,40,,34,30,,34,23,32,29,,33,27,31,32,45,32,37,34,30,35,38,33,36,32,47,36,30,25,35,28,28,39,35,38,41,38,34,36,35,35,39,15,23,20,34,33,18,28,26,35,29,14,23,15,76,64,73,71,47,37,46,39,39,53,70,68,74,68,51,49,49,70,61,51,55,44,51,86,54,48,53,44,28,30,,33,43,34,28,32,30,40,48,42,69,74,68,67,56,87,,,34,36,35,,43,49,45,40,64,59,,57,,53,,,,,35,42,50,48,41,27,27,40,,29,32,43,52,50,61,51,54,62,58,71,,,,,31,20,61,65,48,47,41,,39,68,65,53,61,24,46,37,78,72,53,73,47,50,,68,74,62,66,112,85,54,47,99,,70,67,,29,5,,28,39,,,30,,9,,18,12,20,29,23,30,52,61,45,47,17,22,23,25,,34,32,17,25,32,138,,148,156,33,37,332,360,,37,35,19,20,17,,67,71,43,,38,45,31,27,26,28,78,,58,61,,71,29,26,27,350,315,396,335,20,,28,27,24,85,98,119,101,120,98,,,42,38,39,26,,14,26,26,36,55,36,83,76,18,34,28,82,63,,85,98,42,43,46,158,61,,40,,63,56,131,34,77,78,393,11,52,75,62,39,87,17,,,50,48,103,31,,57,63,72,39,,62,42,,,31,92,107,48,53,65,66,40,42,99,32,57,44,52,46,,32,50,,95,63,67,50,20,28,65,41,73,66,28,30,21,30,84,61,17,37,37,41,34,33,46,47,44,48,43,49,17,38,72,39,54,51,96,79,30,33,31,63,65,91,54,38,38,48,65,116,,51,34,62,,29,32,24,,,48,65,53,43,44,16,41,65,65,173,95,47,52,64,33,64,56,34,,50,46,49,50,53,,263,70,32,53,54,57,59,57,71,40,46,49,54,109,43,33,,71,,57,46,39,43,46,82,114,107,90,87,84,75,49,64,73,52,66,50,117,,47,86,82,78,51,42,26,22,23,45,60,56,65,71,33,37,101,106,48,54,,127,102,77,,80,230,39,51,32,32,68,30,40,41,26,37,30,92,112,81,62,63,19,51,78,34,18,74,41,34,58,48,79,81,50,59,54,46,28,41,41,26,31,26,41,61,50,38,58,69,72,73,79,68,76,49,51,,72,28,32,56,35,54,70,48,78,83,57,58,58,52,64,57,26,44,48,39,31,42,30,30,,83,61,46,90,78,44,52,47,44,58,43,60,84,74,15,78,47,19,26,23,64,40,51,41,46,37,48,94,59,67,,108,104,56,56,58,45,45,21,63,43,50,77,96,83,77,51,69,43,42,42,27,,43,,34,33,18,38,41,71,57,46,52,36,47,,24,54,,49,37,40,45,42,54,33,49,50,52,49,47,60,40,27,31,40,35,,53,,44,36,,33,61,47,56,79,77,110,40,,30,60,47,44,,,102,84,62,81,92,20,19,22,27,62,93,55,77,70,96,91,72,73,64,56,67,89,,74,,91,55,86,58,54,49,40,75,55,63,76,60,13,,1126,1001,44,35,78,103,91,99,67,64,60,60,76,86,53,43,62,,51,57,110,97,224,70,83,24,33,44,41,25,74,53,65,74,55,59,40,31,75,68,62,,73,47,38,60,58,53,89,60,49,44,33,41,38,43,88,57,60,56,138,59,119,27,28,23,43,36,44,37,40,37,68,53,77,59,148,41,149,58,46,51,8,18,66,44
20210423,12,SO2,3,3,2,2,3,4,2,3,4,5,2,1,,,5,,5,6,6,,4,,4,2,,5,2,,5,8,3,6,2,8,8,,4,9,,5,12,6,10,2,,3,,10,4,14,4,9,1,6,6,9,10,,12,13,9,3,6,7,5,6,5,5,,,3,5,3,11,9,,3,4,5,4,24,,9,8,5,12,6,6,,10,7,,,8,8,10,8,8,12,13,,14,12,9,10,4,,13,3,5,4,10,4,8,9,8,5,5,10,6,6,14,8,6,7,,16,7,18,35,,,16,15,12,,13,29,20,16,5,6,6,9,6,,4,9,8,8,13,4,,4,6,2,9,3,3,5,,3,4,4,6,5,6,2,4,11,11,8,8,,,,9,8,,7,12,6,,,,3,,4,3,2,5,6,5,7,3,6,,,,4,7,,5,4,4,4,4,,9,5,2,8,6,5,4,6,,6,,7,7,,4,5,,4,6,2,,5,3,5,6,7,5,6,,,5,8,,6,5,6,8,,6,,,4,,6,7,,5,4,4,4,4,5,,5,4,5,5,5,,6,6,5,5,5,3,5,5,8,9,3,5,2,,6,6,4,4,5,5,10,4,7,2,,6,2,4,,3,5,6,6,,5,4,6,5,5,,,5,4,5,7,5,5,8,9,6,5,4,6,9,7,8,8,7,5,7,6,9,5,,6,8,9,4,4,6,5,8,5,8,6,8,17,16,,9,10,10,12,16,8,13,9,4,7,14,8,11,6,,8,6,6,12,8,8,8,6,14,,12,13,,17,23,24,6,7,5,7,8,10,7,,,,16,13,10,11,12,14,20,22,14,14,10,10,5,5,7,5,2,7,5,,4,4,6,3,5,9,,12,17,12,27,25,18,13,,,15,24,7,8,40,,8,7,6,5,,,7,6,7,8,10,9,7,6,5,7,6,,8,10,8,5,7,9,3,4,3,4,4,5,10,6,5,8,,8,,9,,8,7,5,5,,19,,13,10,,,,18,10,,,,14,16,5,4,3,6,4,,3,7,3,6,6,7,5,5,9,6,8,5,5,5,3,7,,19,9,13,12,16,10,10,9,9,,4,10,9,8,12,11,8,15,14,13,48,14,11,13,6,6,5,7,,3,,5,3,3,5,3,,4,6,,,9,4,5,5,,2,4,6,,12,8,12,6,5,7,6,5,8,11,,,,6,,6,8,,6,6,6,10,4,,3,,3,5,,5,,,4,,6,9,19,8,9,8,13,,,5,5,6,6,5,6,5,5,6,16,5,6,7,10,,11,6,6,,,,5,12,13,,16,16,,11,12,12,10,13,,51,8,,,5,4,,5,,11,8,12,9,9,9,,9,9,,2,6,,3,,4,7,5,,7,11,26,64,9,,9,10,11,9,8,,7,14,17,10,12,7,29,12,,10,6,11,12,15,12,14,27,13,37,22,32,,27,13,5,9,6,,4,6,8,8,8,6,,5,8,12,5,6,4,4,,9,21,10,,8,4,4,2,5,,2,,4,,10,,7,6,12,7,6,6,7,,,,6,,6,,7,5,6,,14,10,10,3,2,,2,,6,7,6,7,8,6,,10,8,13,8,7,10,,7,,,6,1,2,2,2,5,6,4,8,6,6,5,5,5,5,3,5,6,5,3,5,6,7,14,,9,10,7,6,5,,12,5,9,7,18,16,11,16,,,,,,5,,6,2,8,4,1,3,15,8,7,,7,5,5,4,6,8,6,,5,12,6,,5,5,,12,5,4,5,4,4,,4,3,8,11,7,6,,10,19,76,12,13,8,6,1,4,,5,3,4,4,2,14,9,4,4,,5,,8,6,6,,4,9,8,8,5,,,5,11,9,10,6,5,4,3,,3,5,,8,5,5,9,10,10,5,5,5,,4,5,8,7,7,8,6,9,8,16,9,5,8,,4,5,,3,5,6,7,,,5,4,7,4,5,7,5,6,8,,,6,6,3,4,3,,4,8,11,10,12,13,7,,7,6,4,,,2,3,,16,11,10,,10,,8,10,,,6,5,,,11,12,15,,,2,3,8,,5,6,5,19,11,8,12,14,14,18,16,19,2,4,4,6,9,9,8,8,,12,15,,,23,22,9,8,4,4,10,9,7,9,10,11,,,11,5,6,4,6,7,6,8,5,11,6,7,9,4,7,11,5,,,104,3,25,2,7,8,,8,8,8,,5,8,9,,6,5,8,6,5,3,4,6,8,14,5,14,4,8,6,8,,4,3,3,8,5,6,,4,,7,,,,5,4,6,7,6,5,,5,,6,5,7,9,8,5,3,7,3,6,13,4,1,4,3,4,6,6,6,4,5,,4,3,5,6,23,7,13,14,14,13,13,6,4,10,10,,9,22,14,12,14,3,,6,9,26,6,8,8,4,14,,,10,9,4,6,6,6,5,1,5,9,,12,,8,,12,8,8,6,,5,5,8,,6,7,8,5,8,9,8,8,8,9,5,5,5,,5,6,5,15,16,,24,13,,3,4,5,7,7,,9,6,14,,4,8,3,,5,3,,9,7,8,7,,7,4,6,7,7,9,6,7,8,7,10,14,10,7,10,10,2,2,2,2,1,5,5,4,4,3,6,9,6,5,8,,,6,5,3,3,3,3,3,2,7,13,8,13,13,22,11,7,,8,5,5,8,5,7,15,10,3,7,6,14,12,10,8,10,7,7,15,7,16,14,4,1,,1,9,12,9,10,6,10,8,9,4,8,5,7,9,10,,,8,12,10,,7,7,13,11,6,5,,5,,8,,,,,5,5,7,6,6,14,13,12,,9,7,11,,9,12,5,3,5,4,6,,,,,4,5,13,12,6,11,4,,5,6,7,10,9,5,6,7,7,6,9,10,10,9,,11,8,,5,8,12,5,8,6,,13,9,,8,9,,8,4,,,3,,8,,10,8,5,5,5,4,6,15,12,10,5,6,22,5,,92,55,8,7,12,9,,,7,6,,4,3,,5,5,5,13,16,,7,6,9,,10,4,17,13,10,18,7,,4,9,,9,3,3,5,4,6,4,5,5,,4,3,11,5,5,6,3,5,4,,,7,5,5,5,,2,4,12,3,10,6,10,13,4,3,4,5,7,,18,15,9,5,8,8,3,,13,,7,5,6,8,8,9,43,15,,,11,8,5,3,,,4,6,7,4,,12,13,16,10,,7,5,,,9,,3,8,11,,6,10,9,5,4,21,16,17,,,6,5,,16,13,4,10,2,14,8,6,6,3,13,4,3,3,10,20,7,11,4,3,3,8,3,8,4,4,2,3,5,10,11,7,29,6,6,8,7,8,6,5,6,10,16,13,13,,10,6,,6,4,3,,11,4,4,,,11,8,8,4,7,8,10,3,7,8,12,,6,12,5,5,8,4,,10,14,15,15,16,,66,5,5,4,2,6,4,2,4,6,3,8,10,11,13,47,,15,,3,2,6,5,5,9,14,10,8,,12,11,6,6,6,,10,10,11,,8,,11,14,4,1,5,2,10,9,8,,8,5,2,5,6,6,6,7,,7,6,5,,17,14,21,21,,8,10,9,21,10,7,12,8,4,4,9,6,5,4,4,5,4,6,6,4,4,1,2,8,8,4,6,15,6,5,6,6,9,5,6,6,7,6,2,8,14,5,6,6,8,7,6,3,,5,3,3,11,13,1,6,3,6,8,1,6,6,6,5,4,9,6,3,2,5,8,4,7,,12,11,6,9,6,9,8,6,,7,4,8,10,10,10,,2,2,5,8,3,7,7,4,4,7,5,6,7,6,,5,7,6,6,4,11,9,9,22,14,19,7,9,7,12,7,10,6,5,1,8,,7,,7,5,6,5,6,6,6,9,11,4,13,,8,14,,,7,7,6,8,12,6,2,9,8,6,14,14,,2,6,4,6,,6,,6,6,,6,8,3,9,3,7,9,5,,8,8,7,9,,,7,13,3,8,3,,4,1,4,7,10,6,2,4,,8,3,6,6,7,6,7,,5,,13,5,2,9,26,12,4,7,10,7,9,5,6,,9,7,3,4,,5,3,14,7,11,9,6,11,11,14,35,24,,22,7,7,4,12,8,6,5,6,10,1,8,4,6,12,4,10,6,7,8,4,8,7,,4,5,9,2,4,13,5,2,1,1,1,1,3,6,6,6,5,9,13,8,12,5,,6,3,3,5,4,8,7,8,2,8,6,16,12,8,8,16,9,8,5,10,8
20210423,12,SO2_24h,2,3,2,2,3,3,3,2,2,4,2,2,,,5,,5,6,6,,4,,4,4,,6,2,,5,9,3,6,2,8,8,,5,10,,5,12,6,10,3,,3,,9,4,6,8,10,5,7,9,11,6,,8,9,6,4,6,8,5,6,5,6,,5,3,6,3,11,9,,4,5,5,4,9,,7,8,7,8,6,6,,8,6,,,7,7,8,7,10,15,16,,14,12,13,11,8,,14,4,5,4,10,4,8,8,7,4,4,9,5,6,10,7,6,6,7,12,6,19,25,19,,17,14,13,19,14,25,19,16,5,6,4,9,6,,3,9,8,8,12,4,9,4,6,1,5,4,1,7,,3,6,4,6,5,7,2,5,12,12,9,7,,,,8,6,,7,12,6,,,,4,,6,4,3,5,6,5,7,4,6,,,,7,7,,5,3,5,3,4,,6,5,13,11,5,7,3,3,,5,,6,6,,4,5,,5,6,2,,5,3,5,6,10,5,7,,,5,8,9,5,4,6,6,,5,,,3,,8,8,,4,3,4,4,4,5,,6,4,6,6,5,7,5,5,4,5,5,3,5,5,8,8,3,5,2,,5,6,4,4,4,4,10,3,6,2,,5,2,4,,6,6,7,6,,6,5,6,7,5,,,5,4,5,6,5,4,8,8,6,5,5,6,9,7,7,7,6,5,5,6,7,5,,4,6,8,4,4,6,5,7,5,7,5,8,10,11,,8,10,9,8,10,7,7,6,4,6,10,7,7,6,,6,5,6,9,8,9,7,6,8,9,9,8,,9,17,15,7,6,5,5,6,9,7,8,,,13,10,8,11,12,13,11,14,13,14,8,11,5,5,8,6,3,8,5,9,4,3,3,3,4,10,,8,11,10,12,12,12,7,,,10,10,5,4,11,,10,10,7,7,,,14,11,7,8,9,9,6,6,5,7,7,,8,17,11,11,13,15,3,4,4,4,4,5,10,6,6,9,7,8,5,8,,9,7,6,7,,8,4,7,8,,,,11,12,,,,14,15,5,4,3,6,5,,4,6,2,5,4,6,5,5,6,6,6,4,5,5,4,10,,19,10,14,16,10,14,8,7,8,,5,7,6,10,12,8,7,10,10,9,55,8,11,10,5,5,4,5,,3,,5,5,4,5,3,,4,7,,,10,5,5,7,,2,7,6,,30,13,21,11,5,8,6,5,9,11,,,,8,,7,8,,7,6,6,9,5,5,3,3,3,4,,6,,,9,,12,12,10,6,8,8,12,10,,5,5,6,6,5,6,7,5,14,12,5,7,12,9,8,9,7,7,7,6,,7,7,7,,14,13,,7,9,12,11,9,,22,11,,,6,4,,7,,19,14,15,17,9,9,,10,9,,2,6,,4,,7,9,9,,12,10,11,21,7,,9,7,11,8,8,7,7,19,17,13,14,10,18,11,11,23,4,9,11,10,9,16,17,11,15,16,12,15,12,6,4,7,5,,4,6,8,8,7,5,3,5,7,11,6,6,4,4,,12,6,14,,9,7,6,5,7,,6,4,4,,3,,5,4,4,2,7,9,10,,,,7,,6,,7,5,7,,12,8,9,4,3,,4,,6,7,5,7,7,6,,11,8,13,6,6,9,,7,,,6,2,2,1,2,4,4,4,6,9,6,5,4,7,5,5,6,7,5,3,4,6,11,16,5,12,11,8,7,9,,28,8,19,10,10,14,13,16,,,,,8,8,,7,4,7,6,3,2,14,8,6,6,7,6,4,4,6,6,7,,5,16,7,,3,3,,12,5,4,5,4,4,,4,3,9,12,8,6,,10,71,29,21,13,10,8,1,4,,5,3,3,4,1,19,9,5,5,,5,,8,5,5,,4,8,6,9,4,,,5,10,8,10,6,4,4,3,4,4,6,,8,6,5,7,8,9,5,5,6,,4,4,9,8,7,9,7,8,7,7,6,5,8,,5,5,,2,5,12,21,,,5,4,6,4,5,7,7,6,6,,,7,6,3,5,4,,4,8,10,10,10,11,7,,7,6,5,,,3,5,,12,9,13,,12,,12,16,,,6,5,,,11,10,18,,,2,4,6,9,7,8,6,15,11,11,20,12,12,13,12,12,4,7,7,7,8,8,7,8,,8,10,9,,17,12,14,12,5,4,10,8,7,8,10,11,,,10,14,16,13,11,17,12,10,8,10,7,6,14,12,14,18,13,,,24,3,9,3,10,12,,9,9,8,,6,8,10,,6,5,4,6,4,2,2,6,8,14,5,16,11,8,5,8,,4,3,3,6,6,6,,4,,6,,,,5,5,6,6,5,5,,8,,9,9,6,6,5,6,4,4,4,6,6,5,2,5,3,7,5,7,8,3,4,,3,4,7,7,17,8,13,18,18,16,12,11,16,21,15,,5,11,10,7,9,4,9,8,13,16,7,9,10,8,14,,,14,13,11,9,9,8,7,10,17,24,,20,9,6,,12,9,8,5,,3,5,8,,5,9,11,6,12,8,8,8,8,8,4,5,4,,6,6,5,11,10,,19,12,7,3,4,6,6,7,5,9,5,6,,4,5,4,,5,4,,7,7,8,7,,8,5,5,6,7,7,10,7,7,9,13,11,10,7,11,9,2,3,2,1,1,5,5,5,4,3,7,10,5,7,7,3,7,6,5,2,3,3,4,3,3,6,10,7,18,10,10,8,8,8,10,7,8,8,5,5,12,7,3,13,9,20,17,7,6,9,6,7,26,12,12,8,7,6,,9,6,10,11,9,6,9,6,9,5,15,7,9,10,12,,,7,11,8,,6,18,16,13,6,7,,6,,8,,,,,6,6,8,7,8,13,14,12,,8,8,16,13,13,11,3,3,5,4,5,,,,,4,5,9,10,6,10,4,,4,7,6,8,7,5,6,8,6,6,10,10,11,12,,10,9,10,4,9,11,5,8,6,,27,9,,12,8,,8,4,,,4,,8,,11,8,5,6,5,6,6,13,10,7,5,8,17,11,,22,19,8,8,9,9,,5,6,4,7,4,4,,5,5,4,14,17,,6,6,6,,13,5,16,18,10,18,10,,8,10,,12,4,3,5,4,5,3,3,5,,6,2,10,4,5,6,4,6,4,,,7,4,5,4,,2,4,5,3,22,5,9,9,5,3,4,6,7,,14,14,10,5,8,8,3,,7,,8,6,16,8,16,18,29,11,7,10,12,8,5,4,,,4,6,6,4,,7,12,14,8,,5,5,,,8,11,4,7,9,6,9,8,8,6,4,11,13,10,5,,6,4,,8,11,4,10,2,15,5,4,6,5,10,4,2,3,11,16,8,14,4,3,3,8,3,8,5,5,4,3,5,13,6,7,16,6,7,10,7,8,5,7,6,12,16,15,6,7,9,6,,5,4,4,,14,3,4,,,8,6,9,6,6,8,8,4,9,7,11,15,7,10,4,6,8,3,,11,8,10,17,20,,32,2,5,4,2,5,4,2,5,6,2,15,13,16,14,17,,11,,3,2,4,5,5,7,8,7,7,12,11,9,6,5,5,8,9,8,10,,9,7,8,12,6,2,5,2,10,8,7,3,7,5,2,4,8,7,6,6,,5,2,6,,13,22,14,18,9,9,9,10,12,9,7,9,8,7,6,10,8,6,4,6,8,4,6,8,5,5,2,3,8,8,4,10,18,5,7,6,6,8,5,6,7,8,7,4,5,19,7,5,5,8,6,16,2,,6,3,3,14,23,2,6,2,6,6,3,7,6,5,6,3,10,4,3,2,4,8,4,6,,8,8,6,8,4,7,8,11,7,7,6,7,5,8,10,15,3,3,5,8,6,6,6,4,4,5,5,6,7,6,,4,6,9,12,6,10,10,7,16,8,13,8,9,8,15,8,8,7,5,2,10,,7,,7,5,5,5,6,7,6,10,15,5,13,,8,15,,8,7,7,4,6,11,6,13,6,9,10,11,10,6,2,5,9,7,,6,,6,5,,6,9,7,13,3,6,6,4,,7,22,10,9,,,6,10,3,9,3,3,3,2,6,8,5,6,3,7,5,8,3,6,6,8,6,7,,5,,14,5,2,7,21,13,5,5,9,7,8,4,6,,6,10,3,7,6,14,3,20,6,9,9,7,11,10,12,12,13,,19,5,3,2,21,8,8,4,6,10,8,8,7,10,12,7,5,6,5,8,4,8,8,,4,6,10,3,5,3,7,4,2,3,2,2,3,16,5,7,5,12,23,22,6,6,4,6,3,2,3,3,7,5,8,5,6,6,9,10,9,7,12,9,8,6,9,8
20210423,12,NO2,13,9,10,11,17,14,16,6,4,13,15,12,,,21,,20,21,20,,20,,26,17,,19,19,,18,14,20,10,14,18,22,,16,20,,20,24,14,19,16,,20,,13,13,14,13,11,12,13,14,15,36,,34,36,35,14,7,12,8,7,16,14,,,20,14,20,6,14,,10,7,10,17,35,,28,27,23,26,31,16,,9,7,,,9,9,10,8,5,12,17,,,36,22,24,31,,20,23,22,9,16,10,13,12,9,12,9,58,62,46,77,70,16,12,49,36,52,9,11,37,,15,28,19,19,27,11,12,24,35,47,47,47,24,,49,30,20,33,33,30,11,20,30,24,16,16,21,30,,,36,33,34,29,21,16,18,11,12,18,20,,,,20,16,,12,16,17,,,,19,,18,30,28,17,36,26,22,23,27,,,,29,16,,21,22,12,9,6,,10,16,18,15,14,18,13,17,,14,,10,6,,44,43,,40,33,39,,38,34,41,,34,56,40,,,44,54,51,22,21,43,20,,38,,,28,,22,22,,13,10,11,15,18,18,,22,21,13,18,17,18,20,21,,23,17,8,15,18,21,20,26,15,9,,22,17,15,19,12,11,29,11,34,11,,14,11,6,,8,26,21,20,,30,20,25,14,19,,,23,25,15,27,21,21,18,15,11,,18,14,15,21,17,18,29,23,33,,30,35,,14,23,36,28,28,21,24,22,26,21,29,12,51,44,,,34,25,72,56,26,57,24,34,37,50,42,38,21,,29,28,30,7,18,24,13,8,42,33,30,22,,19,53,62,14,25,10,18,17,19,10,13,,,39,36,32,17,22,33,28,25,15,18,18,13,17,13,17,7,8,21,24,17,9,10,35,6,13,19,,58,46,29,56,73,36,28,,,54,38,68,50,43,,12,28,51,35,,,35,15,10,26,10,9,8,14,14,16,6,,9,7,13,20,20,14,5,14,7,6,9,5,36,36,38,45,47,41,,45,,29,23,43,27,,47,14,31,39,,,,24,13,,,,14,18,18,26,6,10,14,,6,17,,22,22,21,30,21,21,29,27,5,13,28,6,12,,14,14,14,16,17,13,17,13,11,,16,42,19,15,12,10,28,24,24,18,24,18,17,14,18,12,14,14,,11,,24,22,24,22,23,,16,17,,,15,16,20,20,,22,25,21,,19,11,13,12,6,27,,24,17,24,,,,25,,18,10,,16,16,18,18,19,,10,,23,38,,20,,,11,,7,4,16,9,6,6,11,5,,8,8,6,4,9,4,6,8,9,9,19,21,20,10,11,10,9,11,7,6,,5,24,30,,14,13,,13,12,13,13,10,,25,12,,,13,11,,6,,10,11,13,20,22,15,,20,14,,12,13,,10,,19,23,18,,22,23,34,41,24,,26,23,25,23,24,10,5,20,21,13,14,8,50,16,,10,28,22,12,,13,15,33,23,30,30,32,18,34,30,11,15,16,,11,27,33,27,32,19,13,13,9,14,8,13,12,14,,,,25,,12,13,11,10,10,,12,14,4,,25,,23,,19,24,,16,16,,,,8,,10,,15,17,18,,19,31,23,12,17,,16,,35,14,36,23,20,13,,18,16,13,14,12,13,,7,,,9,15,21,16,9,11,22,15,20,5,9,9,6,6,8,6,8,14,10,3,4,5,,13,7,16,26,18,17,5,,10,6,15,8,33,38,20,30,,,,,7,16,,,17,29,20,18,17,11,10,7,,,11,14,10,28,30,26,,11,15,31,,23,24,,34,,17,33,27,30,,22,29,33,39,,28,,12,8,46,6,16,10,15,6,15,,17,6,18,13,5,10,16,20,20,,17,,20,27,27,,17,12,11,17,15,,,15,21,11,14,17,19,12,13,,11,29,,24,14,4,33,20,22,23,28,18,,13,20,19,26,19,24,22,23,9,13,14,16,17,,31,25,,24,20,12,27,,,16,16,18,12,14,,8,14,7,,,29,16,18,17,16,,18,14,13,,16,,13,,14,16,10,,,12,,,22,22,14,,14,,8,12,,,18,10,,,8,12,2,,,9,11,5,5,5,6,5,23,19,10,19,12,21,36,31,22,5,14,14,19,14,6,16,14,,10,19,30,,39,37,5,11,10,10,9,24,14,15,14,25,,,27,10,13,16,12,13,12,12,7,17,12,10,,8,18,19,9,,,14,6,20,6,12,18,,9,15,33,,19,28,12,,13,8,15,7,19,8,11,5,17,28,18,34,12,11,6,10,,3,5,5,24,9,14,,8,,18,,,,10,12,17,14,8,10,,15,,13,11,18,17,16,13,7,20,5,7,16,5,,5,2,4,6,7,6,7,8,,7,5,7,,18,10,4,4,13,11,,11,12,16,28,,9,11,15,12,7,3,10,9,9,10,8,6,7,6,11,,,14,12,8,7,11,9,7,9,4,4,,23,,19,,22,18,20,11,,13,11,11,,12,8,10,7,5,12,11,12,9,7,12,12,7,,6,9,10,44,39,,41,27,,22,16,18,18,30,20,29,27,33,,24,38,25,,11,15,,17,5,7,7,,14,9,12,21,30,14,9,,,14,15,8,,14,11,16,4,11,13,6,11,18,16,13,12,13,12,5,15,7,14,5,3,14,5,4,5,11,12,10,,3,20,22,11,17,26,13,15,,11,10,8,10,15,8,19,15,7,6,9,7,10,16,17,7,7,12,6,5,11,12,27,16,,22,12,11,7,18,21,21,18,17,15,17,,19,15,14,,,14,22,20,,38,41,42,37,53,49,,14,,24,,,,,12,22,22,26,21,7,7,40,,5,6,5,5,6,12,8,6,10,4,12,,,,,7,15,19,12,12,17,28,,4,6,15,10,16,5,6,7,16,12,12,20,7,7,,6,10,,10,23,23,9,8,31,,14,17,,6,2,,7,28,,,4,,11,,6,6,4,5,6,11,18,30,21,26,7,12,14,18,,14,35,12,18,15,12,,9,11,27,26,7,8,,13,15,4,12,31,,29,36,23,,13,20,15,12,2,20,14,,13,16,,17,18,16,17,15,20,12,5,4,,8,6,10,8,15,4,9,4,4,,,18,15,12,7,,13,16,24,5,15,22,16,70,11,15,17,12,15,,23,25,6,16,52,28,17,,8,,24,14,24,4,12,10,17,24,10,,13,41,23,5,,,8,17,38,17,,17,20,20,21,,6,11,,,23,19,19,11,19,,36,38,26,22,23,49,22,38,6,,25,10,,46,10,14,15,5,8,11,13,6,12,19,7,8,17,11,48,18,8,11,8,9,16,25,11,5,6,4,5,9,13,35,19,68,15,20,13,13,6,8,13,11,19,33,13,36,14,29,16,,8,4,20,,7,38,29,,,33,12,14,8,10,6,13,22,15,7,15,,11,25,6,8,24,11,,22,40,12,9,13,,23,46,19,25,26,38,27,30,36,26,6,8,16,14,6,27,,19,,22,9,16,12,18,18,56,57,39,,28,24,45,30,,,20,14,25,,12,31,36,15,,19,15,22,17,28,14,8,16,8,9,10,29,19,13,13,,29,21,10,,15,20,27,19,22,12,31,28,26,24,11,56,24,24,19,24,6,19,22,20,2,16,23,24,23,24,16,18,13,9,9,10,44,21,16,19,20,14,6,6,8,8,17,7,20,12,25,41,43,35,26,14,11,,17,2,3,13,6,30,28,18,,12,13,27,15,20,13,16,25,14,14,8,11,14,14,5,,27,32,8,24,20,10,11,5,,23,4,23,27,44,15,6,10,10,9,17,11,14,22,8,8,11,18,23,13,12,,17,14,5,3,11,6,24,20,33,30,11,27,15,11,19,2,12,,22,19,17,,8,,14,16,8,20,16,14,12,13,14,15,15,,16,9,,23,3,10,19,20,16,9,7,6,10,6,5,15,9,12,4,2,5,,45,,9,17,,23,11,4,12,20,23,43,19,,22,8,11,88,,,26,20,12,5,24,19,16,15,20,10,24,21,12,20,17,11,12,11,7,12,9,16,,35,,24,10,19,27,20,21,15,15,19,27,20,29,4,,6,14,39,28,33,,16,11,6,49,13,19,36,34,7,15,56,,37,6,25,27,21,10,13,32,26,18,21,16,12,10,19,,36,20,17,4,38,45,20,,5,6,22,2,10,15,17,9,12,12,11,10,8,15,27,10,24,15,17,15,22,8,,18,7,5,13,5,15,10,13,8,20,,,12,28,60,17,12,4,6,22,17
20210423,12,NO2_24h,26,17,31,25,39,28,38,25,16,28,39,34,,,23,,23,20,22,,23,,31,27,,22,19,,24,22,26,20,19,24,16,,21,27,,29,26,17,16,26,,21,,26,17,21,29,32,31,32,27,32,27,,25,26,29,31,18,24,15,16,28,32,,31,24,18,24,23,26,,20,22,29,27,58,,18,39,35,50,45,39,,22,26,,,26,20,19,16,18,24,27,,22,34,25,31,32,,29,27,31,12,17,14,20,15,9,18,12,50,41,47,40,41,19,20,41,35,43,29,38,30,,31,32,37,35,44,30,24,43,44,54,51,54,44,,48,31,37,38,38,37,20,39,32,30,20,32,34,35,,57,55,51,45,56,49,40,57,41,41,46,21,,,,26,19,,18,30,24,,,,34,,29,55,46,25,53,48,35,65,46,,,,46,44,,13,32,28,29,27,,33,19,29,29,21,31,21,28,,22,,18,18,,52,38,,68,28,52,,54,67,54,24,55,42,53,,,28,45,39,35,29,44,26,,40,,,61,,49,46,,21,18,23,19,15,19,,35,40,31,43,35,17,22,24,19,23,22,13,18,19,26,23,29,18,12,,27,22,22,24,15,17,20,22,41,13,,21,19,7,,15,22,19,16,,22,17,21,15,11,,,20,20,12,17,18,16,44,40,34,40,42,39,39,46,23,24,28,26,37,36,31,35,,17,17,30,21,25,17,16,23,21,17,24,10,50,42,,55,60,39,70,49,67,53,33,22,34,45,38,29,62,,23,29,53,33,26,30,12,16,38,35,32,28,,13,52,39,19,18,17,14,17,22,16,19,,,51,41,42,38,36,49,45,46,39,39,22,26,13,13,15,10,12,22,28,26,11,12,21,9,9,13,,42,36,46,48,48,48,32,,,39,55,52,41,53,,39,37,44,38,,,50,10,11,33,7,11,10,20,24,23,7,,16,16,39,31,30,36,7,4,9,7,14,4,40,51,43,53,49,53,46,51,,28,38,51,38,,43,13,33,38,,,,21,12,,,,21,20,23,26,11,17,16,,12,16,29,20,18,20,26,27,22,27,27,4,18,30,7,31,,29,36,25,30,21,25,22,22,19,,37,46,35,17,13,12,21,25,27,22,33,33,32,34,20,15,18,14,,12,,28,30,33,27,24,,16,20,,,15,16,22,23,,19,24,22,,23,19,16,22,9,21,15,16,14,16,,,,29,,27,12,,28,29,26,36,23,17,14,16,18,26,,16,,,27,,25,20,35,16,14,12,17,14,,13,12,16,12,14,9,12,15,15,13,23,26,31,11,10,11,29,28,20,7,,11,36,36,,17,18,,14,15,15,18,15,,31,20,,,32,25,,25,,26,23,29,33,23,17,,20,18,,26,29,,21,,30,31,30,,30,27,21,20,16,,22,16,33,21,22,13,7,27,31,24,27,17,42,12,14,24,18,20,12,28,25,24,34,25,25,30,23,26,25,16,12,14,12,,7,22,23,22,26,18,14,17,13,16,13,28,26,35,,32,31,34,,19,24,26,35,22,,33,29,5,,31,,29,32,22,30,24,19,28,,,,30,,26,,15,23,11,,36,36,24,13,18,,17,,33,27,23,28,27,26,,30,33,30,18,22,16,,20,,,8,13,15,13,8,11,23,10,20,9,11,8,8,20,25,22,27,33,28,5,6,20,39,40,40,24,39,34,32,22,,33,12,36,20,19,40,31,32,,,,,30,42,,37,16,22,20,18,17,16,13,6,15,9,14,17,12,34,35,34,,13,19,37,,36,34,,48,9,22,30,30,27,,26,27,30,35,35,37,,13,14,17,17,19,12,21,5,8,,16,7,5,11,6,16,20,19,19,,14,,14,21,21,,19,7,6,17,11,,,10,14,14,16,18,18,14,15,11,10,45,,51,49,39,48,35,45,47,52,48,,26,35,56,54,55,40,40,35,32,28,26,23,25,,40,35,,37,40,14,33,,,25,19,18,15,22,20,12,19,15,,,27,15,16,16,17,,15,40,38,36,39,44,20,,25,27,9,,,13,13,,27,34,50,,43,,14,20,,,18,13,,,9,13,10,,,11,12,12,16,7,7,8,30,18,10,21,20,17,25,27,23,27,27,28,23,17,12,17,17,,19,24,24,,23,28,23,30,15,13,9,23,9,9,9,35,,,26,35,37,56,34,30,26,29,18,25,20,10,58,45,52,53,28,,,47,10,13,9,20,25,,11,19,33,,25,36,21,,18,13,16,17,25,9,13,12,31,22,27,36,35,18,10,13,,4,11,10,18,18,21,,17,,21,,,,10,19,19,18,16,14,,17,,21,18,27,24,15,24,11,13,26,26,27,11,2,12,11,12,22,27,31,25,12,,14,7,14,16,19,16,6,18,22,24,17,13,17,22,29,,12,9,14,13,12,5,15,13,12,12,10,10,9,8,14,,,16,16,7,8,10,11,6,20,19,25,,24,39,35,,30,23,27,24,,24,24,24,,29,19,21,17,16,15,15,16,15,14,27,24,23,,15,15,14,33,26,,37,28,7,14,13,15,17,23,19,19,28,26,,32,28,28,,11,17,,14,8,15,16,,16,15,20,11,22,14,12,17,6,13,13,9,12,14,11,15,5,17,19,14,21,13,15,11,10,10,10,8,12,9,15,4,3,11,7,4,5,10,11,12,12,4,9,9,31,34,32,31,25,10,20,17,16,23,24,20,25,27,11,10,12,10,14,22,23,13,14,23,18,15,10,15,27,34,,33,21,18,9,20,23,24,18,25,19,25,27,23,26,37,,,10,17,14,,28,38,34,34,48,45,,38,,26,,,,,11,23,26,28,23,13,10,33,,31,6,10,8,11,13,7,10,7,8,9,,,,,4,7,17,20,10,13,27,,3,10,10,17,17,5,8,9,23,36,12,16,21,21,,6,9,9,10,38,39,13,9,34,,11,16,,11,7,,6,23,,,6,,6,,7,6,6,8,8,20,33,45,35,26,5,8,11,16,,21,21,8,20,15,19,,13,14,27,34,9,8,,14,12,11,14,17,,27,36,21,,14,10,17,18,11,13,17,,17,18,,16,19,13,15,13,16,10,7,4,,11,4,11,14,21,6,8,5,4,,,17,11,12,6,,10,13,18,6,23,25,21,53,25,21,18,23,23,,56,31,24,34,47,52,45,,14,,31,18,47,12,41,32,18,15,15,26,24,25,45,6,,,26,23,48,19,,21,19,18,16,,17,38,,,45,43,47,21,21,20,43,35,26,48,26,55,27,31,22,,25,21,,48,14,19,18,4,22,12,15,8,15,14,15,10,19,17,38,19,14,12,12,10,28,23,14,5,7,5,5,9,29,26,15,64,29,34,35,22,19,20,20,32,36,37,15,36,29,40,20,,24,6,30,,10,28,25,,,36,18,22,24,23,4,22,32,25,13,32,22,20,31,11,26,24,19,,24,36,24,17,25,,15,52,29,53,23,32,41,43,46,30,25,25,31,16,16,18,,25,,20,24,27,27,33,39,60,57,56,46,49,41,24,45,41,15,23,25,53,,13,26,50,19,20,24,24,25,21,33,14,14,19,14,16,16,28,19,30,27,,34,30,20,,26,51,27,28,19,14,28,12,22,43,10,44,22,50,34,34,20,23,14,25,16,15,22,27,28,25,20,20,28,31,11,21,55,26,18,21,22,12,7,6,14,33,16,15,26,17,51,34,56,42,43,28,14,,26,18,14,30,15,34,29,23,44,19,27,32,39,40,48,40,23,33,26,9,20,18,21,6,,35,14,17,48,37,10,23,10,12,25,6,16,37,45,19,19,20,18,24,18,21,23,37,19,12,13,25,41,32,28,,26,14,19,22,20,9,29,13,32,30,26,28,38,24,44,32,27,17,18,26,20,,15,,20,21,8,19,16,26,20,15,14,24,20,,15,10,,28,16,15,18,25,24,14,14,13,18,17,9,12,5,15,4,9,10,,34,,18,13,,18,18,12,24,28,27,38,28,,33,21,16,7,,,37,33,24,25,37,18,27,41,29,25,30,34,30,40,41,33,33,28,23,30,30,27,,29,,24,21,19,34,32,25,28,33,29,36,38,25,5,,5,14,30,32,45,36,13,18,19,39,16,28,43,49,28,21,42,,32,23,30,30,50,20,41,23,18,16,25,17,29,15,18,46,37,25,17,16,62,58,36,,9,9,45,2,10,32,23,9,24,25,30,15,31,32,23,14,19,34,49,22,33,17,16,21,24,15,32,25,26,29,13,19,28,14,37,13,35,44,28,30,5,4,26,14
20210423,12,O3,95,100,99,92,94,92,98,100,104,101,94,94,,,74,,86,85,80,,85,,81,93,,92,69,,115,118,116,114,120,118,109,,105,103,,107,91,102,93,107,,103,,102,100,104,113,100,117,109,110,106,102,,101,106,102,101,110,111,108,108,95,98,,95,84,81,80,109,103,,110,110,111,105,88,,78,80,99,96,87,104,,130,134,,,125,132,120,131,101,94,76,,69,71,83,74,78,,84,108,104,131,110,122,117,118,112,115,113,40,37,65,26,35,68,99,47,64,48,118,111,89,,115,117,124,,95,118,126,104,63,63,52,54,,,55,61,89,64,63,82,86,91,67,68,104,83,76,65,,68,54,68,62,91,95,65,58,53,64,53,37,,,,82,88,,93,94,83,,,,112,,90,69,76,95,60,75,98,87,109,,,,110,119,,93,84,91,100,100,,98,106,113,107,100,104,88,93,,77,,126,118,,47,28,,48,30,49,,40,70,53,37,54,76,43,,,72,49,62,80,79,67,73,,55,,,92,,96,99,,85,111,106,50,58,54,,84,84,83,94,81,62,66,62,98,85,98,118,96,113,95,78,95,101,102,,92,96,111,101,146,127,97,88,80,92,,92,90,87,,96,57,60,53,,50,58,55,66,72,,,50,41,56,51,47,46,104,107,102,104,101,102,106,103,94,86,76,84,71,73,70,65,,87,95,64,62,75,69,58,77,71,67,55,79,112,110,,124,150,177,117,107,171,92,171,91,125,74,99,111,208,,98,100,93,177,84,95,119,112,90,103,109,138,,118,76,103,140,125,145,177,155,126,98,123,,,172,165,201,194,181,233,235,206,95,106,92,122,76,74,76,80,80,72,68,78,80,72,76,100,,62,,17,41,75,56,30,61,66,,,45,59,33,36,67,,111,107,98,103,,,105,69,110,98,107,119,107,97,113,112,114,,156,147,146,139,131,134,120,123,116,116,121,127,40,30,31,26,28,32,,33,,41,45,18,36,,125,,50,48,,,,79,106,,,,104,95,69,58,80,71,66,,84,64,71,73,68,65,59,67,,56,60,115,,66,80,124,,,119,125,133,131,126,122,129,125,,94,78,94,100,96,91,83,89,88,85,85,,90,96,158,140,128,148,,66,,51,59,56,,80,,78,77,,,80,71,68,64,,52,49,59,,90,97,88,93,90,98,100,101,107,99,,,,55,,59,72,,71,,93,82,82,,86,,114,98,,54,,,115,,116,110,130,116,95,92,117,91,,86,72,78,72,83,78,63,110,108,94,88,,104,145,124,142,114,116,113,94,,92,255,195,,156,,,174,177,167,161,98,,82,146,,,96,94,,131,,135,128,,122,70,72,,63,84,,111,103,,110,,113,110,110,,113,106,76,65,86,,71,64,73,79,77,86,85,74,81,82,,94,54,96,,104,80,90,89,78,84,79,71,77,83,81,85,83,80,93,122,112,106,,111,129,120,138,115,139,,137,145,125,136,80,80,85,,87,82,80,,92,70,81,73,74,,81,72,90,,83,,88,84,95,84,97,96,93,,,,111,,104,,80,76,65,,115,76,75,119,120,,118,,38,53,35,49,100,107,,106,102,103,99,132,107,,92,,,97,57,47,54,98,64,60,76,,71,78,74,78,92,86,73,79,82,85,57,60,92,93,83,92,126,118,121,125,120,,141,147,138,143,62,62,77,76,,,,,84,85,,82,38,34,25,36,36,34,75,75,75,88,71,165,167,53,54,61,,79,70,56,,87,85,,85,58,61,40,50,45,,49,38,43,42,,54,,94,97,47,118,115,126,128,83,92,,71,82,87,89,102,52,45,62,62,,54,,74,64,64,,51,60,56,56,53,,,54,55,60,56,109,100,124,120,125,123,87,,82,122,124,70,83,91,70,63,109,,84,82,100,92,100,98,91,95,105,86,80,81,77,,52,35,,70,82,37,39,,,70,110,102,106,102,122,122,113,121,,,138,100,98,96,96,,84,134,126,128,135,128,112,,109,112,124,,,121,114,,112,105,121,,120,,125,132,,,100,80,,,114,124,134,,,93,96,79,80,123,124,132,94,79,94,88,91,86,57,74,64,94,82,76,83,86,81,80,80,,92,83,74,,60,70,140,134,85,103,92,89,109,107,113,119,,,107,124,120,119,123,133,114,123,122,91,93,84,96,113,105,102,111,,,,73,54,70,86,84,,75,120,126,,126,124,131,,125,124,134,128,128,94,116,95,58,62,73,51,56,54,88,87,,90,108,98,67,129,121,,124,,121,,,,120,122,127,121,125,126,,68,,73,80,81,120,121,108,124,110,115,120,112,115,74,107,104,104,109,110,112,116,87,,89,73,73,84,80,78,81,116,107,107,90,95,91,99,,,86,,99,107,91,105,100,110,101,102,112,100,108,109,111,,,113,108,,74,70,67,72,96,104,115,,76,100,101,,90,88,90,90,,96,90,112,,123,119,120,114,120,110,112,105,110,114,105,113,113,,116,119,118,30,34,,19,47,80,62,76,78,69,58,57,49,41,35,,70,69,73,,85,88,,46,84,92,93,,92,100,99,23,26,78,81,77,75,79,68,76,85,79,84,83,95,87,92,91,89,44,51,48,49,45,69,78,58,82,58,61,58,58,60,69,83,64,82,80,89,40,38,64,90,81,70,83,54,64,59,69,79,76,79,97,92,95,96,97,92,100,98,92,98,79,80,84,89,87,79,84,16,35,,35,60,68,71,57,112,113,108,114,118,135,121,113,142,144,,,36,42,41,,37,24,25,46,29,20,,70,,48,,,,,116,114,110,112,118,104,101,100,,82,125,145,128,136,139,133,106,97,102,125,,,,,63,47,99,121,124,120,41,,85,140,142,135,127,129,124,128,151,157,,133,136,135,,135,128,,124,142,159,122,135,130,,120,117,,118,122,,111,116,,,128,,105,,108,103,73,60,66,56,,82,93,82,76,76,75,68,,72,80,46,85,75,93,,90,80,48,49,89,88,,72,61,73,70,,,58,70,69,,107,70,95,103,104,87,100,,111,64,,64,61,65,59,66,72,75,81,85,,90,73,70,83,93,98,87,89,94,,,75,73,72,54,,43,77,73,82,131,122,80,78,106,99,87,120,112,,109,77,122,91,44,94,108,,122,,55,79,111,93,137,148,76,50,121,72,92,31,114,61,,,101,166,59,83,,98,96,109,49,,125,105,,,53,119,103,95,82,102,39,46,38,117,74,53,84,67,111,,80,,,197,168,126,115,77,130,86,64,130,121,91,95,64,91,92,61,124,94,66,82,58,82,81,102,121,128,,115,124,90,110,105,36,116,117,148,89,89,93,95,104,136,58,111,67,101,61,84,,108,87,53,,117,8,9,,,56,116,103,77,122,108,104,93,75,98,121,93,111,121,99,108,146,72,,81,43,79,93,90,,65,64,48,82,,50,73,71,57,63,111,,133,123,128,81,,96,,60,52,96,113,81,178,133,94,114,121,148,154,111,136,148,106,131,96,248,,97,179,169,181,,80,89,86,86,71,118,96,115,131,77,79,77,,121,103,,80,83,,,89,114,22,47,49,64,47,61,87,78,56,12,45,99,87,123,129,121,57,65,99,67,111,54,53,50,83,81,84,150,156,155,83,103,71,,55,45,88,,86,93,59,80,88,98,83,56,57,77,66,128,80,,64,105,104,124,,84,86,84,,122,86,,107,107,102,54,52,106,85,88,76,,72,78,,158,120,110,,182,109,108,82,115,122,105,180,190,102,97,103,106,96,96,94,111,117,,82,129,120,72,99,102,103,,88,75,127,121,104,129,6,45,60,38,94,122,112,112,90,97,81,77,55,62,83,,78,,71,88,129,68,79,77,76,73,73,102,113,,77,129,,55,72,155,147,143,145,67,92,86,88,87,96,118,74,91,55,73,73,,50,,71,72,,29,143,137,146,66,73,56,82,,71,134,123,120,,,63,118,105,126,107,96,103,112,106,101,89,106,105,93,89,97,97,109,106,92,103,102,,79,,82,112,118,42,81,52,86,61,56,56,64,70,79,,91,93,13,22,90,,103,127,103,91,160,110,141,199,99,109,65,,67,114,78,76,123,124,86,43,41,58,65,66,90,110,69,63,80,55,54,93,50,54,86,,109,79,65,100,123,107,95,122,86,106,93,102,98,129,135,75,56,118,124,109,77,95,,97,105,108,96,102,128,134,76,119,90,54,,99,118,50,84,130,123,126,121,64
20210423,12,O3_24h,105,109,102,101,94,95,105,100,106,114,96,97,,,99,,102,108,102,,100,,81,93,,103,82,,141,142,138,136,142,150,144,,105,104,,107,95,114,106,108,,111,,142,145,144,122,114,130,120,118,113,155,,153,157,154,101,110,111,112,108,119,115,,114,107,101,105,134,129,,140,137,138,135,137,,123,136,139,142,146,139,,130,134,,,125,132,120,131,124,128,119,,124,128,133,117,116,,121,118,122,141,121,140,123,125,132,131,142,119,122,120,135,136,149,139,138,127,103,202,205,215,,247,211,243,226,184,231,231,208,114,111,109,118,107,,115,103,102,98,63,82,86,91,67,68,104,83,76,101,,95,79,84,99,94,95,80,70,70,76,62,61,,,,82,89,,93,94,83,,,,112,,90,71,76,95,68,75,98,87,109,,,,110,119,,93,84,91,100,100,,98,106,113,107,100,104,88,93,,77,,126,118,,71,44,,96,54,75,,50,84,88,56,81,77,78,,,79,73,74,88,86,98,76,,103,,,92,,117,118,,85,111,106,77,94,86,,84,84,83,94,81,104,99,106,99,85,98,118,96,113,95,78,95,101,134,,140,139,144,157,214,156,140,94,80,92,,92,90,87,,97,95,106,92,,102,108,100,119,122,,,108,101,114,117,96,97,137,141,138,146,124,134,147,138,137,116,112,113,102,118,110,83,,117,131,81,82,83,75,92,85,83,95,85,81,208,215,,230,240,254,169,222,200,193,226,154,167,136,168,111,261,,106,109,103,237,115,144,146,133,195,226,204,170,,148,142,157,160,154,160,177,170,145,136,152,,,238,266,257,242,213,265,235,206,105,125,124,129,113,104,113,113,111,111,99,108,84,72,77,100,79,114,,102,94,118,137,128,150,106,,,108,126,113,112,134,,153,142,143,120,,,134,138,123,106,124,127,115,101,119,125,120,,156,155,165,139,159,147,120,126,116,117,121,129,103,92,100,84,94,82,108,81,,100,87,67,103,,125,91,79,84,,,,136,135,,,,146,136,72,70,83,76,70,,84,94,101,103,97,94,89,90,91,88,85,121,96,102,91,157,,152,153,158,154,151,148,144,152,148,,124,104,128,140,140,135,132,129,122,138,124,115,112,109,158,145,143,154,,87,,72,86,73,68,113,,108,115,,,112,100,94,78,,90,85,70,,92,97,92,93,90,110,109,112,114,111,,,,64,,69,104,,100,110,102,100,82,87,86,125,124,119,,81,,,175,,178,150,156,156,160,152,185,147,,86,79,82,82,84,89,91,110,108,94,163,174,175,147,134,147,182,179,202,115,,111,255,195,,204,216,,174,177,168,171,100,,85,157,,,118,119,,134,,139,128,136,127,180,179,,193,190,,171,152,,167,,143,131,139,,113,135,109,113,121,,131,130,121,128,130,126,128,107,120,127,118,127,115,138,122,121,128,133,135,124,103,121,121,117,144,146,153,138,150,156,137,127,136,,134,166,164,177,167,180,128,150,152,142,146,80,80,85,,87,82,80,,92,70,81,73,74,,81,72,107,,146,,151,144,158,139,143,150,151,,,,123,,122,,129,131,119,,117,116,132,134,138,,136,,92,91,84,94,118,132,,106,102,103,107,132,107,,104,,,113,57,52,54,111,94,96,111,81,80,97,84,89,100,98,88,90,103,92,68,65,194,93,83,92,137,132,125,135,142,,141,147,140,143,132,129,120,132,,,,,102,88,,87,87,121,94,102,100,87,77,84,82,88,77,170,180,96,99,99,,117,106,109,,117,111,,108,94,83,90,89,132,,85,78,120,130,132,123,,137,141,131,151,158,159,140,88,99,,87,94,102,91,103,68,65,94,94,,99,,101,109,109,,103,117,102,89,91,,,95,103,94,92,130,117,127,125,139,134,101,,102,122,124,96,95,98,70,77,113,,84,82,100,92,100,102,98,95,105,86,80,96,97,,62,47,,70,82,58,62,,,100,135,135,134,132,122,122,113,121,,,145,140,134,133,134,,127,134,126,128,135,128,124,,125,126,135,,,129,146,,129,120,136,,131,,199,211,,,132,90,,,125,135,134,,,130,136,126,134,133,127,137,162,134,149,137,139,131,128,124,117,125,116,109,125,114,120,110,116,,118,118,124,,130,133,145,134,130,161,126,118,136,132,137,208,,,107,237,234,237,226,224,205,207,211,167,181,172,199,236,225,210,234,,,282,127,144,131,197,212,,122,120,126,,126,124,131,,125,124,134,128,128,94,116,95,61,68,73,51,56,54,91,87,,90,108,98,85,129,121,,124,,121,,,,120,122,127,121,125,126,,78,,73,80,81,130,130,119,139,124,136,143,149,139,105,116,108,108,150,153,154,150,107,,110,104,92,100,93,96,106,116,107,111,100,116,100,102,109,,108,118,122,122,112,151,155,147,134,141,125,110,124,118,127,,,123,120,109,125,120,118,127,96,104,115,,152,147,138,,148,133,148,131,,140,134,116,,126,119,120,114,120,114,113,108,118,120,105,113,113,,118,119,119,85,83,,99,89,92,84,111,102,139,152,121,106,89,88,,124,118,126,,137,137,,94,90,92,93,,115,118,113,110,94,87,97,91,95,99,93,76,85,79,84,83,119,97,113,105,104,92,98,100,105,107,111,78,95,82,62,69,75,72,72,84,87,67,85,83,94,67,83,79,124,113,107,114,72,91,80,105,117,80,112,108,108,108,109,101,95,129,125,97,105,94,90,99,91,93,109,113,68,74,,72,126,120,132,125,123,130,130,133,148,158,151,145,146,148,,,127,130,122,,124,104,75,104,94,82,,101,,100,,,,,119,125,119,121,126,113,118,115,,106,132,153,136,146,152,134,116,131,102,157,,,,,66,64,153,159,147,144,93,,90,153,153,147,140,140,135,138,151,157,135,155,143,139,,140,136,145,134,142,196,132,148,167,,144,148,,129,136,,124,131,,,128,,122,,115,113,107,95,99,90,122,112,122,128,88,92,87,110,,74,83,114,110,109,137,,131,121,78,80,129,127,,112,96,79,76,115,,102,81,144,,140,122,111,121,104,107,181,,175,153,,163,89,104,93,81,90,98,100,97,,95,90,88,101,107,118,103,109,108,,,85,88,81,77,,66,85,85,87,132,171,173,211,106,107,105,144,121,,134,145,122,91,84,130,108,,122,,64,112,130,96,158,163,129,92,121,131,123,122,114,93,,,119,175,99,93,,98,141,154,100,,125,105,,,53,119,103,95,88,102,39,62,67,117,113,134,131,153,162,,102,119,,197,212,163,159,99,130,132,89,140,136,106,95,99,107,152,114,128,112,80,90,76,105,117,140,134,141,140,128,124,123,162,113,134,120,118,152,110,107,109,151,120,146,99,121,105,101,101,138,,108,87,63,,127,91,94,,,90,116,128,77,122,118,126,93,112,146,121,102,111,140,114,121,170,73,,119,91,85,99,101,,130,114,113,113,113,106,113,111,106,101,118,133,158,203,128,110,,96,,95,88,96,113,83,196,209,162,218,208,234,231,173,205,174,113,147,110,248,,113,180,239,182,140,90,105,108,101,71,118,96,115,131,77,90,137,136,124,112,,136,140,172,,172,287,100,66,115,95,130,138,99,119,109,66,92,144,164,151,170,151,120,72,99,98,117,64,70,72,109,104,108,152,168,168,135,118,146,147,128,96,105,89,115,97,97,104,111,136,114,97,102,92,77,128,80,,70,105,104,156,126,84,86,84,96,122,86,85,107,107,102,81,65,106,85,98,77,81,79,83,,176,172,161,215,182,129,132,90,145,153,107,190,190,138,97,141,137,108,108,100,111,117,69,82,129,120,86,143,120,146,,145,126,127,121,170,144,60,103,110,78,119,131,141,137,118,97,81,91,95,71,97,,104,,103,88,132,74,107,113,112,95,105,113,150,,104,155,,103,88,196,171,152,178,98,98,90,96,94,96,159,87,91,66,105,89,,114,,125,118,,105,143,141,157,76,83,99,83,,82,134,123,130,,,129,124,125,144,137,96,103,112,106,134,142,120,120,117,107,120,115,120,116,103,124,154,,151,,157,128,133,113,122,129,86,106,94,90,105,145,90,,108,110,96,67,142,131,129,236,161,154,176,170,221,280,99,131,130,,67,114,144,139,294,155,94,112,80,74,74,99,114,190,166,122,105,106,110,102,68,97,86,,122,137,70,119,140,165,144,137,104,120,102,117,108,134,166,109,105,152,311,109,146,98,109,102,119,110,98,102,128,134,131,119,157,126,217,127,215,81,118,130,134,126,132,96
20210423,12,O3_8h,50,56,50,45,46,46,40,62,59,51,42,47,,,69,,75,77,74,,72,,71,76,,86,64,,65,69,70,64,73,72,93,,90,90,,92,84,99,95,96,,103,,70,79,71,84,72,75,64,68,76,67,,69,74,63,46,42,53,60,47,53,54,,55,61,57,56,66,63,,71,73,67,70,33,,51,27,48,43,41,39,,88,85,,,80,86,87,96,89,72,53,,58,54,70,60,70,,63,109,109,134,115,128,118,120,117,118,119,47,44,55,46,56,61,70,48,42,31,63,50,53,,73,72,82,64,54,67,78,57,30,31,18,26,26,,36,22,38,27,38,50,50,48,48,39,54,44,48,38,,39,34,38,34,47,50,45,40,41,41,39,33,,,,54,62,,65,57,51,,,,66,,41,39,40,47,36,45,55,45,68,,,,68,73,,47,47,52,62,64,,64,47,49,44,44,46,40,50,,45,,64,62,,31,20,,28,20,25,,28,37,31,20,26,44,24,,,38,34,35,43,39,29,42,,28,,,38,,44,45,,48,56,51,46,52,50,,27,24,30,46,26,35,44,41,71,55,62,67,59,63,53,51,64,61,74,,45,50,50,47,59,61,53,53,51,63,,59,56,57,,58,67,67,64,,63,69,70,71,70,,,54,49,58,54,53,53,44,46,45,46,36,45,49,45,42,73,64,69,61,56,57,60,,70,71,43,53,46,52,50,50,50,58,48,53,38,38,,38,45,70,29,37,54,30,64,45,50,30,42,67,82,,36,40,28,70,36,57,57,59,41,34,49,51,,62,24,30,71,64,66,66,71,56,68,53,,,52,47,62,78,80,95,85,72,33,32,34,39,51,52,52,52,49,46,36,38,51,52,50,57,40,61,,8,14,34,30,12,25,31,,,16,20,11,17,20,,45,45,35,38,,,44,86,95,79,98,99,95,80,89,85,100,,130,128,124,114,121,118,102,110,100,98,102,119,36,25,16,15,26,23,43,10,,42,40,7,32,,40,57,22,19,,,,40,90,,,,72,71,61,59,62,60,58,,65,58,66,63,62,54,43,44,46,43,46,108,37,51,61,62,,49,49,65,64,90,81,87,92,92,,58,50,64,95,91,85,77,73,68,65,65,58,59,61,78,70,62,76,,73,,59,57,53,53,52,,60,65,,,77,68,64,51,,68,61,52,,58,57,64,62,62,90,96,98,107,93,,,,38,,44,64,,57,59,72,56,58,59,63,116,113,106,,49,,,45,,48,41,44,106,97,92,101,95,,48,46,49,45,43,47,39,62,54,39,38,27,46,90,79,85,69,70,55,71,,54,85,77,,89,80,,114,113,105,93,44,,28,76,,,62,69,,69,,73,81,64,60,55,59,,64,63,,86,89,,86,,64,72,62,,74,70,60,58,77,,68,72,55,76,71,86,64,63,65,77,64,89,48,91,73,89,74,70,69,64,67,64,60,67,64,54,73,49,64,63,98,90,93,,96,112,107,114,94,117,87,100,115,94,109,44,47,44,,48,49,49,,49,56,54,42,52,,48,45,94,,45,,42,37,47,32,65,73,75,,,,63,,56,,62,60,64,,57,49,34,97,98,,97,,15,23,15,21,67,70,,61,54,57,59,71,76,,58,,,78,48,48,28,102,53,46,56,31,35,55,52,44,35,38,42,36,31,31,52,53,67,34,25,24,71,67,74,83,82,,102,113,87,89,34,42,35,51,,,,,42,24,,18,39,40,33,41,48,50,47,61,43,52,53,114,124,48,47,52,,83,74,50,,20,21,,24,60,24,35,31,32,,38,38,52,59,60,55,,72,76,65,74,90,96,92,82,90,,72,81,98,89,100,43,38,67,67,,59,,60,66,66,,49,61,54,63,65,,,56,60,65,62,109,100,118,117,125,122,46,,48,53,48,42,46,52,41,31,43,,59,51,52,46,56,56,56,56,51,56,51,51,50,,29,18,,22,28,15,15,,,48,86,70,85,82,78,74,76,72,,,69,96,94,89,90,,81,54,52,58,57,54,76,,60,61,116,,,111,101,,68,50,41,,40,,110,115,,,99,73,,,83,94,92,,,82,77,62,58,113,113,122,80,79,90,88,84,64,48,52,44,81,69,66,73,81,78,75,72,,71,59,53,,64,68,92,70,74,97,81,73,101,104,102,88,,,105,123,111,114,111,116,102,111,110,63,68,87,82,97,94,84,99,,,84,78,58,74,64,71,,80,83,86,,85,85,86,,85,81,92,83,90,80,86,73,31,38,37,26,32,32,68,72,,72,74,63,48,64,63,,92,,86,,,,96,89,86,87,74,80,,44,,43,36,40,47,53,49,67,45,46,52,46,56,76,50,46,45,42,43,42,42,34,,38,32,34,41,36,38,42,38,38,40,28,52,48,54,50,,41,33,50,54,38,66,54,61,61,60,81,66,75,75,63,,,69,62,47,59,56,53,59,48,44,57,,59,65,69,,62,61,57,71,,73,64,48,,46,62,71,67,73,83,87,73,83,83,55,69,68,,90,91,94,22,23,,17,25,76,72,78,69,68,70,65,63,39,36,,65,65,64,,61,56,,50,57,61,61,,51,63,59,23,25,65,70,65,69,71,64,54,69,63,60,63,69,59,50,50,59,38,41,41,43,39,74,59,64,66,52,56,61,52,52,61,65,54,69,60,73,18,16,35,28,25,20,20,38,50,45,36,37,46,34,43,42,43,67,75,72,63,71,30,28,56,38,48,49,47,41,34,20,22,,33,32,40,54,41,59,60,59,59,70,81,64,73,62,61,,,37,38,38,,35,23,32,47,37,21,,30,,27,,,,,65,59,55,58,64,51,49,55,,27,97,116,110,112,118,60,84,81,84,106,,,,,63,57,58,66,97,91,17,,82,110,109,79,79,132,124,126,93,73,72,91,82,81,,119,120,109,104,46,70,108,114,47,,84,72,,98,100,,104,107,,,119,,100,,76,74,68,58,62,52,48,62,71,74,79,76,74,86,,44,37,33,71,72,65,,82,74,42,43,88,90,,63,56,63,63,45,,24,30,44,,72,58,71,52,76,94,79,,80,50,,63,61,66,60,58,65,76,79,78,,72,75,69,61,69,92,78,83,87,,,53,62,59,52,,27,75,72,63,90,46,58,29,83,83,81,71,71,,38,54,71,47,31,44,58,,95,,40,67,44,55,46,72,73,46,83,60,76,35,51,67,,,55,58,31,76,,68,69,86,51,,63,65,,,26,69,67,46,63,69,25,32,33,72,58,15,43,42,84,,74,57,,51,98,66,71,81,81,76,53,123,97,83,56,48,80,61,26,114,72,69,72,64,35,60,46,97,104,101,101,114,27,80,104,12,43,50,61,56,45,45,73,57,53,29,66,50,61,52,65,,57,67,34,,108,5,12,,,20,78,72,53,60,102,66,54,53,73,60,53,54,74,40,57,58,41,,49,17,29,51,43,,69,26,35,32,19,20,33,31,30,22,49,78,62,111,82,65,,62,,38,41,42,63,56,53,42,30,34,43,52,43,59,49,53,55,67,29,92,,61,71,51,99,48,59,59,77,72,36,87,68,66,83,46,45,59,58,47,28,,26,28,50,,62,83,21,34,56,61,35,49,44,34,47,14,42,33,62,47,73,71,51,52,54,59,105,38,60,62,62,64,58,88,112,94,51,110,38,56,65,47,74,49,48,33,49,48,43,51,45,28,34,26,24,59,58,,42,54,74,59,84,52,57,44,43,62,51,37,62,70,50,45,42,70,46,82,65,58,58,60,,47,107,47,40,58,62,52,48,43,73,68,72,58,45,89,59,73,77,62,83,68,60,27,48,101,86,55,45,51,78,,55,68,63,61,70,102,6,37,27,11,68,60,40,44,46,30,26,59,70,62,61,,66,,73,78,127,54,65,55,66,68,70,83,83,,67,99,,54,30,70,65,71,56,40,70,64,32,57,52,66,62,49,49,44,42,,23,,32,69,,24,112,105,129,45,52,30,38,,52,65,67,89,,,50,51,58,69,49,90,79,86,89,67,68,70,54,43,49,50,41,55,66,57,46,42,,40,,64,46,99,26,36,28,46,53,51,46,56,60,80,,86,86,6,14,37,40,93,103,38,39,113,47,43,64,31,50,32,,42,82,41,39,95,70,23,45,49,53,50,58,55,82,67,46,23,28,56,62,28,31,25,,79,82,30,97,118,83,64,117,45,54,44,54,47,65,69,70,67,59,86,47,45,57,91,89,44,64,42,56,85,75,80,80,69,84,74,92,74,37,66,78,107,101,76,55
20210423,12,O3_8h_24h,54,56,50,45,49,50,40,62,59,51,42,47,,,70,,75,77,74,,72,,71,76,,86,64,,65,69,70,64,73,72,122,,90,90,,92,88,102,106,108,,103,,72,79,83,84,72,75,64,68,76,67,,95,97,63,69,68,97,97,47,68,55,,58,65,61,64,66,63,,80,73,67,77,33,,74,55,65,49,41,39,,88,85,,,80,86,87,96,89,72,64,,59,54,84,60,90,,70,111,118,134,117,130,118,120,121,121,120,56,70,73,76,84,67,70,76,81,52,63,50,56,,73,79,82,68,55,74,98,57,30,31,18,26,27,,36,45,38,27,57,59,64,53,66,58,65,51,53,38,,39,34,38,34,47,50,45,40,41,41,39,33,,,,60,63,,65,57,51,,,,66,,41,39,40,47,36,45,55,45,68,,,,68,73,,47,47,52,62,64,,64,47,49,44,44,46,40,50,,45,,64,62,,31,20,,28,20,25,,28,37,31,20,26,44,24,,,40,34,35,43,39,29,42,,28,,,38,,44,45,,52,60,51,50,73,65,,28,24,30,46,26,72,67,56,71,55,62,67,59,63,53,51,64,61,74,,45,50,50,47,59,72,55,53,51,63,,59,56,57,,58,90,96,91,,90,97,95,83,107,,,80,75,97,94,82,68,44,46,54,46,36,53,49,45,42,89,68,86,79,58,65,79,,87,71,50,74,59,64,73,81,77,71,68,72,38,38,,38,45,70,29,37,54,30,64,70,75,49,68,67,82,,36,40,28,70,36,57,57,75,41,38,49,51,,73,24,30,71,64,66,66,71,60,69,58,,,52,47,62,78,80,95,85,72,33,32,41,39,51,52,54,52,49,46,36,38,53,53,50,57,55,87,,20,53,34,30,34,25,31,,,60,20,34,17,20,,45,50,73,59,,,61,108,97,79,100,99,95,83,89,85,103,,130,128,124,114,121,118,109,114,108,108,107,119,36,25,16,27,26,31,43,26,,50,40,14,32,,40,58,22,19,,,,77,105,,,,74,81,67,70,70,67,64,,67,73,71,74,68,70,49,44,50,48,48,110,53,59,61,62,,49,49,65,64,116,93,95,92,92,,58,60,64,101,97,95,103,91,90,65,71,66,65,61,78,70,62,76,,78,,59,58,53,53,88,,87,67,,,78,69,64,78,,77,78,70,,63,71,76,62,63,104,98,104,107,100,,,,63,,69,64,,57,59,72,56,58,59,63,120,114,113,,73,,,45,,48,41,44,108,110,101,106,95,,56,59,54,72,54,72,60,62,54,46,38,27,46,95,82,86,69,70,55,83,,57,85,77,,106,110,,114,113,108,95,44,,30,77,,,62,69,,93,,73,81,64,60,72,65,,64,75,,86,89,,86,,65,72,62,,74,103,101,100,100,,73,76,66,98,86,89,64,73,65,90,65,89,63,111,102,90,98,80,85,66,72,64,70,71,64,54,73,65,65,77,108,93,100,,96,112,112,114,94,117,100,105,118,103,112,44,47,44,,48,49,49,,49,56,54,42,54,,48,45,103,,45,,42,39,65,40,65,73,75,,,,63,,56,,87,66,88,,57,49,49,97,99,,97,,15,23,15,21,67,70,,61,54,57,59,71,76,,58,,,78,48,49,28,108,60,51,60,45,35,59,58,54,52,39,42,36,38,31,54,54,67,34,25,24,82,67,87,83,82,,102,138,104,117,34,44,35,80,,,,,42,25,,22,71,75,68,76,87,68,49,61,47,52,53,114,124,48,47,52,,87,76,51,,20,21,,24,65,24,35,31,37,,38,38,52,59,60,55,,121,111,68,102,109,100,108,86,96,,77,82,99,89,100,60,56,91,91,,89,,72,79,79,,70,106,98,78,82,,,90,95,77,72,109,101,118,121,134,128,46,,48,53,48,42,46,52,41,31,43,,59,51,52,46,56,56,56,56,51,56,51,51,50,,29,18,,22,28,15,15,,,50,86,70,85,82,78,74,76,72,,,69,119,119,111,101,,102,54,52,58,57,54,83,,65,69,120,,,112,122,,94,72,41,,40,,124,134,,,107,73,,,110,123,93,,,93,90,62,58,133,127,137,80,79,97,112,84,74,78,53,60,81,69,66,73,86,88,90,76,,92,94,89,,107,91,92,70,79,99,94,86,102,106,102,88,,,105,142,128,119,118,116,102,111,110,112,119,87,82,97,94,84,99,,,84,84,71,81,84,96,,84,83,86,,85,85,86,,85,81,92,83,90,80,86,73,31,40,37,26,32,32,68,72,,72,74,63,60,64,63,,92,,86,,,,96,89,86,92,74,80,,44,,43,36,40,47,53,49,67,45,46,52,46,56,86,50,46,45,42,43,42,42,34,,38,32,34,41,36,38,42,38,40,40,43,52,48,54,61,,52,54,70,71,56,66,54,61,61,71,90,75,79,76,63,,,69,62,57,77,74,70,77,48,44,57,,59,65,69,,62,61,85,71,,73,64,48,,46,62,71,67,73,90,87,81,83,83,55,69,68,,90,91,94,22,29,,24,28,87,81,85,82,68,70,65,63,43,56,,65,76,64,,72,60,,60,78,61,61,,73,77,59,40,25,65,70,65,69,71,69,54,69,68,60,63,72,62,72,50,59,54,68,73,74,70,82,59,74,66,53,56,61,52,52,61,81,54,72,60,74,18,83,79,28,25,20,20,38,50,45,36,37,46,41,43,44,49,67,75,72,91,93,30,28,56,38,48,49,47,55,53,24,22,,33,89,98,108,107,94,100,100,100,86,106,92,89,62,61,,,90,73,77,,62,23,38,51,42,21,,30,,42,,,,,66,70,66,64,70,51,49,55,,27,114,133,111,117,120,60,84,92,88,115,,,,,63,57,58,66,106,99,17,,82,122,126,79,79,134,128,133,93,73,103,124,118,102,,126,127,113,104,88,70,110,132,95,,85,95,,101,111,,112,118,,,119,,103,,102,103,76,62,70,52,48,62,71,74,86,85,83,87,,49,56,74,74,93,99,,106,107,61,66,90,93,,82,68,63,63,88,,24,39,99,,90,83,84,52,76,94,80,,81,83,,72,77,72,72,69,77,82,82,84,,86,79,72,72,71,106,102,100,106,,,78,74,72,69,,41,75,72,71,129,61,61,39,83,83,81,71,77,,38,64,71,47,31,44,58,,95,,62,68,60,55,46,72,75,83,83,75,76,78,51,72,,,61,58,31,76,,84,88,100,58,,63,65,,,26,69,67,46,69,70,25,47,33,72,58,15,64,42,84,,76,57,,51,116,107,104,90,91,94,76,128,97,83,56,52,80,84,70,114,76,72,72,69,35,94,54,97,104,101,101,114,82,97,112,12,43,62,61,65,52,55,75,57,53,35,66,63,61,52,70,,57,67,62,,118,12,36,,,26,78,72,53,60,102,66,54,53,106,60,53,54,88,40,57,58,41,,86,17,30,52,46,,78,26,35,32,27,24,33,31,30,34,49,94,62,128,82,97,,74,,38,41,42,63,56,53,42,30,34,43,52,43,71,49,53,55,67,29,92,,61,78,51,108,65,61,59,77,74,36,87,68,66,83,46,45,77,85,47,28,,26,47,106,,116,97,21,38,90,70,58,90,47,34,47,14,57,50,62,73,100,86,99,71,68,84,105,61,60,63,92,86,58,99,112,104,55,117,47,56,65,58,74,57,48,33,49,48,49,87,45,28,34,26,24,59,58,,68,54,74,64,95,61,57,44,43,62,51,37,62,70,50,45,42,70,46,92,69,64,70,66,,47,107,47,40,58,72,52,73,43,73,78,72,58,45,89,59,73,78,64,83,68,60,27,48,101,86,55,45,51,78,,55,87,72,61,113,109,6,37,27,19,91,66,40,61,46,30,26,82,90,62,74,,66,,73,78,127,54,78,55,66,69,71,83,98,,91,99,,54,43,70,65,71,56,45,70,64,32,57,52,66,66,49,52,44,42,,30,,32,75,,32,112,106,129,45,52,30,38,,52,65,67,89,,,50,51,58,69,49,90,81,86,90,67,68,70,54,43,49,50,41,55,66,57,46,54,,62,,64,46,99,26,36,46,46,53,51,46,56,82,88,,103,104,10,20,63,40,121,132,38,44,113,47,43,64,37,91,73,,42,82,41,40,122,96,36,91,68,69,74,70,55,83,74,52,23,28,62,62,28,31,25,,82,87,30,106,126,83,64,127,45,54,48,54,47,65,97,70,97,59,108,47,45,57,92,89,44,64,42,56,85,75,98,80,69,107,74,104,87,37,80,78,114,126,112,69
20210423,12,CO,0.4,0.6,0.4,0.4,0.3,0.4,0.4,0.3,0.3,0.5,0.4,0.4,,,0.8,,0.8,0.7,0.7,,0.8,,0.5,0.8,,0.5,0.8,,0.7,0.8,0.7,0.8,0.9,0.6,0.7,,0.4,0.3,,0.3,0.5,0.5,0.3,0.3,,0.2,,0.6,0.5,0.6,0.3,0.3,0.5,0.4,0.4,,0.8,,1,0.9,0.9,0.7,0.5,0.6,0.5,0.4,0.4,0.4,,0.3,0.3,0.4,0.6,0.3,0.5,,0.5,0.6,0.4,0.2,1.8,,0.8,0.9,0.7,1.4,0.9,0.7,,0.4,0.4,,,0.5,0.5,0.5,0.5,0.6,0.8,0.7,,1.1,1.4,0.6,0.7,0.7,,0.6,0.5,0.7,0.8,0.7,0.4,0.6,0.5,0.6,0.4,0.6,0.7,0.9,0.7,0.9,0.7,0.5,0.5,0.5,0.5,0.5,0.4,0.5,1,,0.3,0.3,0.5,0.6,,0.4,0.5,0.6,1.3,1.1,1.2,1.3,0.7,,1.6,0.9,0.8,0.9,1.1,0.8,0.5,1.1,1.1,0.8,1,0.9,1,1.2,,,1.6,1.1,1.1,1.2,1.1,0.6,0.8,0.9,0.9,0.8,1,,,,0.7,0.7,,0.9,0.8,0.9,,,,0.7,,1,0.9,1.2,0.9,1,1.1,0.9,1,1,,,,0.8,1,,1,0.8,0.7,0.5,0.6,,0.9,0.7,0.8,0.8,0.9,0.8,0.8,0.8,,1,,1,0.9,,1,0.8,,1,1.2,0.9,,0.9,1.1,1.1,1,0.5,1.1,0.4,,,0.8,0.8,1.2,0.5,0.5,0.4,0.5,,1.2,,,1,,1.3,1.2,,0.6,0.5,0.3,0.5,0.4,0.4,,0.9,0.8,0.7,0.5,0.7,0.8,0.6,0.6,1,0.7,0.7,0.7,0.7,0.6,0.6,0.6,0.7,0.8,0.5,,0.8,0.7,0.7,0.7,0.5,0.4,0.6,1,0.8,0.7,,0.7,1.1,1,,0.7,0.7,0.7,0.8,,0.6,0.6,0.8,0.7,0.8,,,0.5,1,1,0.6,0.8,0.9,0.8,0.8,0.7,0.8,0.6,0.5,1,0.8,0.5,0.7,0.8,0.7,1,0.9,0.9,0.7,,0.7,0.8,1.1,1.1,0.9,0.8,0.9,0.8,0.9,1,1.1,0.8,1,1,,,0.7,0.8,1,0.9,0.7,0.8,0.9,0.7,0.8,0.8,0.7,0.6,0.8,,0.7,0.8,0.6,0.7,0.4,0.6,0.3,0.7,0.7,0.8,0.6,0.7,,0.7,0.7,0.7,0.7,0.7,0.5,0.6,1,0.7,0.4,0.5,,,0.8,0.8,1,0.6,0.7,0.7,0.7,0.6,0.5,0.6,0.5,0.5,0.5,0.7,0.6,0.6,0.6,0.8,0.6,0.6,0.5,0.7,,0.5,0.5,0.7,,0.8,0.8,1,1,1.1,0.6,0.3,,,0.9,0.5,0.6,0.9,1,,0.6,0.8,0.9,0.9,,,0.8,0.7,0.5,0.5,0.6,0.7,0.8,0.6,0.6,0.7,0.7,,0.5,0.4,0.5,0.3,0.4,0.6,0.5,0.5,0.5,0.4,0.6,0.3,0.8,1.1,0.8,0.9,0.9,0.9,,1,,0.8,0.7,0.9,0.9,,1,0.3,0.9,0.8,,,,1,0.8,,,,0.3,0.8,0.4,0.8,0.4,0.5,0.3,,0.4,1,,0.9,0.9,0.9,0.8,0.8,,0.8,0.9,0.7,0.9,0.9,0.5,0.9,,0.7,0.8,0.8,0.7,0.8,0.7,0.7,0.6,,,0.6,0.9,0.7,0.5,0.6,0.6,0.7,1.1,1.1,0.9,0.7,0.6,0.7,0.6,0.6,0.6,0.6,0.4,,0.7,,0.8,1,0.9,0.8,0.7,,0.8,0.4,,,0.6,0.5,1.1,0.4,,0.8,0.9,0.9,,0.6,0.4,0.5,0.6,0.7,0.6,,0.8,0.6,0.3,,,,0.9,,0.5,1.1,,1,,0.8,0.9,1,,0.7,,0.4,0.5,,0.7,,,0.5,,0.9,0.2,1,0.1,0.4,0.5,0.5,0.7,,0.8,0.6,0.7,0.6,0.6,0.6,0.4,0.6,0.6,0.5,0.6,0.7,0.6,0.7,0.7,0.7,0.6,0.7,0.6,0.6,,0.5,0.9,1,,0.7,0.8,,0.8,0.6,0.9,,0.6,,0.6,0.7,,,0.4,0.6,,0.6,,0.7,0.4,0.5,0.6,,1.5,,1.5,1.3,,1.1,0.8,,0.9,,0.8,0.8,0.6,,0.8,0.8,0.8,0.8,0.3,,0.7,0.7,1,0.7,0.6,0.5,0.5,0.5,0.5,0.6,0.5,0.5,3.5,0.7,,0.6,0.7,0.6,0.3,0.7,0.9,0.8,0.9,0.8,1.1,0.9,0.9,0.7,1,0.7,0.6,0.6,,,0.3,0.5,,0.6,0.5,0.6,0.4,0.4,0.3,0.3,0.2,0.7,0.6,0.8,,1,1.6,0.9,,0.7,0.9,0.8,0.8,0.8,,0.4,,0.6,,0.9,,1,0.9,0.5,1,0.6,0.6,0.8,,,,0.6,,0.6,,0.7,0.6,0.6,,0.5,0.8,0.8,0.9,0.9,,0.8,,0.8,0.9,0.3,0.6,0.7,0.8,,0.9,1,0.8,0.6,0.8,0.9,,1,,,0.9,0.5,0.8,0.8,0.5,0.9,1.6,0.9,1.1,0.6,0.5,0.5,0.6,0.6,0.8,0.5,0.7,0.9,0.6,0.5,0.4,0.8,0.6,0.8,0.6,0.8,0.8,0.9,0.8,0.7,,0.4,0.1,0.4,0.5,0.8,0.9,0.7,0.7,,,,,0.6,0.5,,0.5,1,0.9,,0.6,0.6,0.7,0.7,0.5,0.5,0.6,0.3,0.5,0.5,0.7,0.9,1,,0.8,1,1,,1,1,,1.2,0.7,0.7,0.9,0.8,0.9,,0.7,0.8,0.8,0.9,0.8,0.8,,0.6,0.7,2.1,0.5,0.7,0.6,0.5,0.2,0.4,,0.4,0.4,0.1,0.2,0.3,0.6,0.9,0.5,0.5,,0.7,,0.9,0.8,0.8,,0.9,0.7,0.5,0.6,0.8,,,0.8,0.8,0.7,0.7,0.4,0.5,0.5,0.4,,0.6,0.8,,0.8,0.7,0.7,0.8,0.8,0.9,1,1.1,0.6,,0.9,1,0.9,0.8,0.9,1.1,1,1,1,1.5,1.4,1.1,0.7,,1,1.1,,0.8,0.8,1.1,1.3,,,0.8,0.4,0.4,0.5,0.3,,0.7,0.8,0.8,,,0.6,0.9,1,1,0.9,,1.1,0.6,0.6,,0.7,0.7,0.6,,0.6,0.8,0.8,,,0.8,0.7,,0.9,0.7,0.9,,0.7,,0.7,0.7,,,0.1,0.5,,,0.8,0.7,0.3,,,0.3,0.3,0.2,,0.5,0.5,0.4,0.8,0.6,0.5,0.7,0.4,0.9,1,1.1,0.9,0.7,0.5,0.5,0.4,0.6,0.6,0.7,0.5,,0.5,0.5,0.8,,1.5,1.4,0.4,0.6,0.8,0.4,0.3,0.1,0.4,0.6,0.5,0.8,,,0.7,0.4,0.5,0.5,,0.5,0.3,0.3,0.1,0.5,0.3,0.6,0.5,0.5,0.5,0.7,0.4,,,0.6,0.2,0.3,0.2,0.4,0.4,,0.3,,0.5,,0.4,0.5,0.3,,0.4,0.5,0.5,0.4,0.4,0.6,0.6,0.5,0.8,0.7,0.8,0.8,0.6,0.9,0.6,0.5,,0.5,,0.6,1,0.8,0.9,,0.5,,0.5,,,,0.8,0.6,0.7,0.8,0.5,0.5,,0.8,,0.9,1,0.9,0.8,0.8,0.7,0.6,0.9,0.5,0.4,1,0.4,0.3,0.5,0.4,0.5,0.4,0.4,0.4,0.5,0.4,,0.3,0.4,0.6,0.5,0.6,0.6,1,1,1,0.8,,0.7,0.6,0.6,,,0.7,,0.5,0.5,0.7,0.9,,0.5,1.5,1.1,0.6,0.7,0.8,0.6,1,,,0.7,1,0.9,0.7,0.8,0.8,0.9,0.5,0.6,0.6,,1.1,0.7,0.5,,0.8,0.8,0.8,0.8,,0.8,0.7,0.8,,0.7,0.6,0.6,0.6,0.7,0.8,0.8,0.7,0.6,0.7,0.6,0.6,0.6,,0.5,0.4,0.5,1.3,1.4,,1.5,1.1,0.8,0.7,0.8,0.6,0.8,0.7,0.9,0.9,0.9,1.3,,0.5,0.7,0.6,,0.9,0.8,,0.8,0.7,0.6,0.7,,0.7,0.6,0.4,0.9,1.2,0.8,0.8,1,,1,1,0.7,0.7,0.6,0.6,0.7,1.3,0.9,1.3,1,0.6,1,1,1,0.7,0.8,1,0.8,1,1,1,0.8,0.5,0.9,0.9,0.9,0.8,0.6,0.6,1,0.5,0.5,0.8,0.8,0.7,0.7,0.7,0.6,0.8,0.4,0.5,0.7,1,0.7,0.4,0.5,1,0.8,0.5,0.7,0.5,0.8,0.8,0.5,0.7,0.5,0.5,0.6,0.6,0.6,0.5,0.5,0.3,0.7,,0.4,0.5,0.6,0.4,0.5,0.7,1,0.8,0.8,0.9,,,0.6,0.7,0.6,,,0.8,0.6,0.8,,0.9,0.5,0.9,1,1.2,1.3,,0.6,,0.6,,,,,0.6,0.6,0.6,0.5,0.6,0.5,,0.4,,0.4,0.5,0.4,0.5,0.4,0.8,0.6,0.6,0.5,0.6,0.4,,,,,0.3,0.4,0.6,0.4,0.4,0.5,0.8,,0.9,0.4,0.5,0.4,0.5,0.5,0.5,0.5,0.4,0.3,0.7,0.8,0.5,0.6,,0.6,0.6,,0.7,1,0.8,0.7,0.5,0.9,,1.3,0.9,,0.5,0.5,,0.4,0.3,,,0.5,,0.4,,0.4,0.4,0.6,0.7,0.6,0.7,,0.7,0.8,0.7,0.6,0.7,0.7,0.7,,0.7,0.8,0.3,0.6,0.9,0.6,,0.3,0.4,0.5,0.6,0.2,0.3,,1,0.8,0.1,0.3,0.6,,0.7,0.7,0.5,,0.5,0.6,0.8,0.5,0.5,0.7,0.6,,0.5,0.7,,,0.7,0.7,0.7,0.6,0.5,0.5,0.4,0.4,,0.2,0.2,0.2,0.3,0.1,1.3,0.5,0.5,0.4,,,0.5,0.3,0.6,0.6,,0.7,0.4,0.7,0.4,0.5,0.4,1.1,1,0.5,0.6,0.6,0.5,0.7,,1,0.7,0.6,0.5,0.6,1.1,1,,0.5,,0.7,0.4,0.8,0.5,0.6,0.7,1,0.5,0.5,0.7,0.8,0.8,1,0.5,,,0.3,0.3,1.1,0.5,,0.6,0.8,0.9,0.7,,0.8,0.9,,,1.6,0.8,0.7,0.8,0.9,0.7,1.7,1.1,1.1,0.8,0.6,0.8,0.7,0.8,1.1,,0.9,,,0.9,0.7,0.4,0.6,0.4,0.3,0.2,0.3,0.7,1.1,1.1,0.8,0.7,0.8,0.7,1.3,0.4,0.3,0.6,0.4,0.7,0.5,0.6,0.6,0.4,0.8,0.6,,0.5,0.3,1,0.3,1.3,0.7,0.8,0.8,0.9,0.8,1,0.7,0.6,0.7,1.7,0.8,1.5,1,0.7,0.9,,0.6,0.8,0.6,,1.1,1.2,0.5,,,1,0.4,0.4,0.8,0.7,0.4,0.6,0.8,0.5,0.4,0.5,,0.8,0.8,0.3,0.6,0.8,0.7,,0.8,1.2,0.8,0.7,0.6,,0.7,1.4,0.7,0.7,,1.2,0.7,0.7,1.1,1,0.4,0.4,0.6,0.7,0.2,1.4,,1.1,,1.3,0.9,1,0.8,0.8,0.8,0.9,1,0.8,0.7,0.9,0.7,1,0.7,,0.6,0.6,0.6,0.6,,0.5,1,0.9,0.6,0.3,0.4,0.4,0.7,0.6,0.8,0.4,0.6,0.8,0.5,0.7,0.8,0.6,0.7,0.8,0.6,,0.8,0.9,,,0.5,0.4,0.8,0.8,0.8,0.7,1,0.7,0.7,0.5,0.5,0.6,0.4,0.7,0.9,0.7,0.7,0.7,0.5,0.5,0.2,0.4,0.2,0.7,1.3,1.4,0.7,0.7,0.5,0.4,0.5,0.5,1.7,0.5,0.5,0.8,0.7,0.8,0.9,0.7,0.6,0.7,0.9,0.9,1,0.9,1.2,1,1.2,1,0.9,0.6,0.8,,0.5,0.3,0.3,0.6,0.4,1.1,1,0.8,1,0.6,0.9,1.1,1,0.9,1,0.8,1.3,0.9,0.6,0.3,0.2,,0.3,0.4,,0.8,0.5,0.6,,0.6,0.6,0.6,0.4,0.5,0.7,0.6,0.9,0.9,0.8,,0.6,0.3,0.4,0.7,0.9,0.3,0.7,0.8,0.8,0.5,0.6,0.9,0.5,0.5,0.4,,0.4,0.7,0.7,0.8,0.4,0.6,0.8,1.3,0.9,0.6,0.4,0.9,0.6,0.8,1,0.5,0.7,0.6,0.7,1,0.4,,0.7,,0.7,0.3,0.3,0.8,1,0.4,0.4,1,0.4,0.5,0.6,,0.7,0.3,,0.7,0.7,0.5,0.6,0.5,,0.7,0.7,0.5,0.7,0.6,0.3,0.4,1.1,0.6,0.5,0.6,0.5,,1.3,,0.7,0.8,,1,0.6,0.1,0.3,1,1.2,1.5,0.4,,0.4,0.5,0.5,0.5,,,2,0.6,0.7,0.5,0.7,0.5,0.4,0.4,0.3,0.6,1,0.5,0.4,,0.4,0.3,0.3,0.3,0.4,0.2,0.6,0.7,,0.7,,1,0.8,0.7,0.6,0.7,0.8,0.8,0.9,0.6,0.9,0.8,0.7,0.2,,0.5,0.6,1,0.7,0.8,0.8,1,0.6,0.3,0.5,0.6,0.7,0.9,0.7,0.6,2.1,2.4,,1.9,0.4,0.9,0.8,0.5,0.5,0.5,1,0.6,0.7,0.4,0.7,0.5,0.6,0.7,0.9,0.9,0.7,0.8,0.5,,1,0.8,,0.7,0.3,1.3,0.2,0.9,1.1,0.3,0.8,0.5,0.4,,0.5,0.3,0.5,0.9,1,0.8,0.7,0.5,0.7,0.8,0.9,,0.4,0.5,0.3,0.5,0.3,0.5,0.3,0.7,0.4,0.8,0.4,0.7,0.4,0.6,1,0.5,0.4,0.5,0.4,0.8,0.5
20210423,12,CO_24h,0.6,0.7,0.7,0.6,0.7,0.7,0.6,0.6,0.6,0.8,0.7,0.7,,,0.8,,0.9,0.9,0.8,,0.9,,0.9,1.4,,1,0.8,,0.6,0.7,0.5,0.7,0.6,0.5,0.7,,0.7,0.8,,0.8,0.7,0.4,0.3,0.3,,0.2,,0.6,0.5,0.6,0.4,0.5,0.6,0.4,0.5,0.4,0.6,,0.8,0.8,0.7,0.8,0.7,0.7,0.6,0.6,0.4,0.5,,0.4,0.6,0.6,0.8,0.6,0.6,,0.5,0.6,0.5,0.2,1,,0.8,0.9,0.8,1,0.9,0.8,,0.6,0.6,,,0.6,0.7,0.6,0.7,0.7,0.7,0.7,,0.9,0.9,0.6,0.7,0.7,,0.9,0.4,0.6,0.7,0.6,0.4,0.5,0.4,0.4,0.4,0.5,0.6,0.7,0.6,0.7,0.5,0.5,0.6,0.5,0.4,0.4,0.5,0.6,0.8,,0.5,0.7,0.6,0.4,0.3,0.6,0.7,0.7,0.9,0.8,0.8,0.7,0.6,,0.9,0.6,0.7,0.8,1,0.8,0.5,1.1,1.1,0.8,0.9,0.9,1,0.6,,1.1,1.1,0.7,0.7,1,0.9,0.6,0.8,0.9,0.9,0.8,0.8,,,,0.9,0.7,,1,0.9,1,,,,0.8,,0.9,0.8,0.9,0.8,0.9,0.9,0.9,1,1,,,,0.8,1,,0.8,0.7,1,0.6,0.8,,1,0.6,0.8,0.8,0.8,0.7,0.7,0.6,,0.8,,1.1,1,,0.7,0.5,,0.7,0.9,0.8,,0.8,0.9,0.7,0.6,0.6,0.7,0.5,,,0.5,0.7,0.7,0.6,0.5,0.4,0.5,,0.8,,,0.8,,0.8,0.8,,0.6,0.4,0.3,0.5,0.4,0.4,,0.7,0.6,0.8,0.6,0.7,0.5,0.5,0.5,1.1,0.7,0.8,0.8,0.8,0.7,0.6,0.7,0.7,0.8,0.5,,0.7,0.7,0.7,0.7,0.5,0.5,0.5,1.1,1,0.8,,0.8,1.3,1.1,,0.9,0.5,0.5,0.6,,0.4,0.5,0.7,0.7,0.6,,,0.2,0.6,0.6,0.4,0.4,0.6,0.9,1,0.9,0.9,0.8,0.6,1.1,0.9,0.7,0.8,0.8,0.7,0.9,0.9,0.8,0.7,,0.7,0.7,1,1.1,0.9,0.8,0.8,0.8,0.8,0.8,1,0.9,1,0.9,,0.8,0.8,0.8,1,0.8,0.8,0.8,0.9,0.6,0.7,0.7,0.6,0.5,0.8,,0.6,0.7,0.6,0.7,0.5,0.7,0.3,0.7,0.7,0.8,0.6,0.7,,0.6,0.7,0.6,0.7,0.7,0.4,0.5,0.8,0.7,0.4,0.5,,,0.8,0.8,0.9,0.6,0.7,0.7,0.7,0.5,0.7,0.7,0.4,0.5,0.7,0.7,0.6,0.7,0.6,0.7,0.6,0.6,0.4,0.6,0.6,0.5,0.4,0.7,,0.6,0.8,1,0.9,0.9,0.6,0.3,,,0.8,0.6,0.4,0.8,1.1,,0.9,0.9,0.8,0.8,,,0.8,0.7,0.5,0.4,0.6,0.7,0.6,0.6,0.6,0.6,0.6,,0.6,0.6,0.6,0.6,0.7,0.8,0.5,0.5,0.5,0.5,0.6,0.4,0.7,1.1,0.8,0.7,0.9,0.8,0.7,0.8,,0.6,0.7,0.9,0.9,,0.7,0.7,0.9,0.6,,,,0.6,0.8,,,,0.5,0.8,0.5,0.9,0.5,0.5,0.4,,0.5,0.9,0.7,0.9,0.9,0.9,0.7,0.8,0.8,0.7,0.8,0.6,0.7,0.8,0.5,1.2,,0.9,1.1,1,0.9,0.8,0.7,0.7,0.7,0.6,,0.9,1.3,1.1,0.5,0.6,0.6,0.6,0.9,0.9,0.8,0.6,0.6,0.7,0.6,0.5,0.5,0.5,0.4,,0.9,,0.7,1,1,0.9,0.7,,0.8,0.5,,,0.9,0.9,1.4,0.6,,0.7,0.9,1,,0.9,0.4,0.7,0.8,0.7,0.6,0.3,0.8,0.6,0.2,,,,1,,0.7,1.1,,1,0.7,0.7,0.9,0.9,0.7,0.6,0.4,0.4,0.5,,0.8,,,0.6,,0.9,0.7,0.8,0.2,0.5,0.5,0.6,0.8,,0.7,0.5,0.6,0.7,0.6,0.5,0.4,0.6,0.6,0.4,0.7,0.7,0.6,0.7,0.5,0.5,0.7,0.8,0.6,0.6,,0.5,0.9,1,,0.7,0.8,,0.7,0.6,0.8,0.7,0.6,,0.7,1.1,,,0.5,0.7,,0.8,,1,0.7,0.9,0.8,1.2,1.6,,1.3,1.5,,1.2,0.7,,0.9,,1,0.8,0.8,,1.1,0.9,0.6,0.2,0.3,,0.6,0.6,0.9,0.6,0.6,0.5,0.4,0.7,0.6,0.7,0.7,0.6,1.5,0.5,0.4,0.9,0.5,0.4,0.3,0.7,0.8,0.8,1,1,0.7,0.7,0.6,0.7,0.7,0.5,0.6,0.5,0.4,,0.3,0.5,0.5,0.5,0.5,0.5,0.4,0.4,0.4,0.3,0.3,0.8,0.7,0.9,,1.4,0.9,1.1,,0.8,1.1,1,1.1,1,,0.7,0.7,0.7,,0.9,,1.1,0.9,0.5,1.1,0.5,0.4,0.8,,,,0.7,,0.6,,0.9,0.8,0.8,,0.7,0.9,0.8,0.9,0.8,,0.8,,0.9,1,0.6,0.8,0.7,0.8,,0.9,0.8,0.8,0.5,0.8,0.8,,1,,,0.8,0.5,0.8,0.9,0.5,0.8,1.3,0.7,0.9,0.6,0.5,0.5,0.6,0.7,0.9,0.7,0.9,1,0.7,0.5,0.4,0.9,0.7,1.1,0.7,0.8,0.8,0.9,0.8,0.7,,1.7,0.2,0.9,0.7,0.7,1,0.7,0.8,,,,,0.8,0.8,,0.7,1,0.8,0.7,0.6,0.6,0.8,0.7,0.5,0.5,0.7,0.4,0.5,0.5,0.7,0.8,0.9,,0.7,0.9,0.9,,0.7,0.8,,1,0.6,0.6,0.7,0.7,0.7,,0.6,0.6,0.8,0.7,0.8,0.7,,0.6,0.8,0.6,0.8,0.6,0.6,0.6,0.2,0.4,,0.4,0.4,0.1,0.2,0.3,0.7,0.9,0.5,0.5,,0.6,,0.6,0.5,0.5,,0.6,0.5,0.3,0.4,0.5,,,0.4,0.4,0.5,0.6,0.4,0.5,0.5,0.3,0.7,0.6,0.7,,0.8,0.7,0.8,0.8,0.8,1,0.9,1,0.7,,0.9,1.1,1,0.9,1,1,0.9,1.1,1,1.2,1.2,0.9,0.7,,0.9,0.8,,0.6,0.5,0.6,0.9,,,0.8,0.4,0.4,0.4,0.3,0.8,0.6,0.8,0.9,,,0.4,1.1,1.2,1.3,1.2,,1.4,0.8,0.7,0.9,0.9,0.7,0.6,,0.6,0.8,0.7,,,0.7,0.7,,0.9,0.7,1,,0.7,,0.8,0.9,,,0.2,0.5,,,0.8,0.6,0.5,,,0.2,0.3,0.3,0.2,0.6,0.5,0.5,0.6,0.6,0.4,0.7,0.5,0.7,0.8,0.7,0.7,0.8,0.6,0.7,0.5,0.5,0.5,0.6,0.5,,0.4,0.5,0.6,,0.8,0.6,0.6,0.8,0.7,0.5,0.3,0.1,0.4,0.6,0.4,1,,,0.8,0.9,1,1,0.9,1,0.7,0.8,0.5,0.6,0.5,0.6,1.3,1.4,1.2,1.3,0.9,,,1.3,0.3,0.2,0.3,0.6,0.6,,0.4,0.5,0.8,,0.6,0.7,0.6,,0.6,0.8,0.6,0.7,0.6,0.6,0.8,0.7,0.9,0.8,0.8,0.9,0.6,0.9,0.7,0.5,,0.6,0.6,0.5,0.9,0.9,0.9,,0.6,,0.6,,,,0.8,0.6,0.7,0.8,0.6,0.7,,0.9,,0.8,1,0.8,0.8,0.7,0.7,0.6,0.7,0.6,0.6,0.7,0.5,0.2,0.5,0.5,0.6,0.6,0.6,0.6,0.6,0.5,,0.3,0.4,0.7,0.6,0.6,0.5,1,2.1,1.5,1.5,1.4,0.6,0.6,0.6,1,,0.5,0.5,0.4,0.4,0.5,1,0.9,0.6,1.4,1.1,0.7,0.8,0.8,0.6,1,,,0.9,1.1,0.7,0.6,0.7,0.7,0.8,0.5,0.7,0.8,,0.9,0.5,0.5,,0.8,0.8,0.8,0.8,,0.8,0.7,0.9,,0.9,0.7,0.7,0.7,0.8,0.8,0.9,0.8,0.7,0.8,0.7,0.7,0.7,,0.5,0.4,0.5,1.3,1.3,,1.4,1.1,0.8,0.7,0.8,0.6,0.8,0.7,0.9,0.8,1,1.1,,0.5,0.5,0.6,,1,0.9,,0.8,0.7,0.6,0.7,,0.8,0.7,0.6,0.7,1,0.8,0.9,1.1,0.8,1.1,1,0.8,0.9,0.7,0.7,0.8,1.3,0.9,1.5,1,0.7,0.9,0.7,0.9,0.7,0.7,0.9,0.8,0.9,1,1,0.8,0.5,0.8,0.9,0.8,0.8,0.6,0.6,1.1,0.6,0.5,0.7,0.5,1.3,0.8,0.8,0.8,0.7,0.6,0.5,0.7,0.9,1.3,0.4,0.5,0.8,0.8,0.5,0.7,0.6,0.9,0.9,0.5,0.7,0.6,0.6,0.6,0.8,0.6,0.5,0.5,0.4,1,,0.8,0.6,0.6,0.4,0.5,0.6,0.9,0.9,0.8,0.9,0.7,0.8,0.7,0.7,0.8,,,0.8,0.6,0.7,,0.8,0.4,0.7,0.9,1,1,,0.6,,0.5,,,,,0.6,0.6,0.7,0.6,0.6,0.6,0.7,0.4,,0.4,0.6,0.6,0.7,0.8,0.6,0.6,0.6,0.5,0.6,0.4,,,,,0.2,0.4,0.7,0.5,0.4,0.5,0.8,,0.9,0.4,0.5,0.5,0.4,0.5,0.5,0.5,0.4,0.4,0.6,0.8,0.6,0.7,,0.6,0.6,0.5,0.7,1.2,0.7,0.7,0.5,0.8,,1.7,0.9,,0.7,0.5,,0.4,0.3,,,0.6,,0.4,,0.4,0.4,0.5,0.7,0.6,0.6,0.7,0.7,0.7,0.7,0.5,0.6,0.6,0.6,,0.7,0.7,0.3,0.5,0.7,0.6,,0.4,0.4,0.4,0.7,0.3,0.3,,0.8,0.7,0.2,0.3,0.4,,0.8,0.6,0.5,,0.5,0.5,0.7,0.5,0.6,0.5,0.6,,0.5,0.6,,0.4,0.6,0.7,0.6,0.6,0.5,0.3,0.3,0.4,,0.3,0.2,0.3,0.3,0.2,1,0.5,0.5,0.4,,,0.4,0.3,0.6,0.5,,0.6,0.3,0.4,0.5,1.2,0.3,1.4,0.9,0.8,0.9,0.8,0.5,0.7,,0.8,0.7,0.7,0.6,0.5,0.8,0.8,,0.6,,0.7,0.4,0.9,0.6,2.2,1.9,0.6,0.4,0.8,0.6,0.8,0.8,0.7,0.5,,,0.5,0.2,0.8,0.7,,0.9,0.9,0.9,0.7,,0.9,1.1,,,1.2,0.8,0.9,0.8,0.9,0.8,1.3,1,0.9,0.7,0.6,0.8,0.7,0.7,1,,1,0.8,,1,0.7,0.5,0.6,0.3,0.5,0.4,0.5,0.7,1,0.7,0.9,0.6,0.8,0.6,1.1,0.4,0.3,0.7,0.4,0.9,0.5,0.6,0.7,0.3,0.6,0.5,0.5,0.5,0.5,0.8,0.2,1.2,0.9,0.9,0.9,0.9,0.8,1,0.7,0.7,0.8,1.6,0.9,1,1.1,0.6,1.1,,0.7,0.9,0.7,,0.5,0.8,0.4,,,0.7,0.6,0.6,1,0.8,0.3,0.7,0.9,0.5,0.4,0.7,0.8,0.8,0.8,0.4,0.7,0.6,0.8,,0.7,0.7,0.5,0.7,0.7,,0.4,0.5,0.7,0.6,0.5,0.8,0.6,0.7,0.7,0.6,0.7,0.8,0.8,0.8,0.5,1,,1.3,,0.9,0.8,0.9,0.9,0.8,0.9,0.9,0.9,0.8,0.7,0.9,0.8,0.8,0.6,0.7,0.6,0.5,0.7,0.5,,0.5,0.9,0.9,0.6,0.3,0.6,0.5,0.8,0.8,0.9,0.6,0.7,0.8,0.5,0.8,0.8,0.8,0.9,0.9,0.8,,0.7,0.9,0.7,,0.6,1,0.7,0.7,0.7,0.6,0.9,0.5,0.7,0.8,0.4,0.5,0.5,0.9,1,0.8,0.6,0.8,0.4,0.8,0.3,0.6,0.2,0.9,1.2,1.1,0.7,0.7,0.6,0.4,0.5,0.6,1.7,0.5,0.5,0.8,0.8,0.7,0.9,0.7,0.6,0.9,0.9,0.7,0.9,1,0.8,0.6,0.8,0.6,0.7,0.7,1,,0.7,0.5,0.6,0.9,0.5,1,0.9,0.6,0.8,0.6,0.8,0.8,1,0.9,0.9,0.8,1,1,0.4,0.3,0.3,0.5,0.4,0.4,,0.8,0.5,0.7,0.8,0.5,0.5,0.5,0.4,0.6,0.5,0.6,0.7,0.8,0.7,,0.6,0.5,0.6,0.8,0.9,0.5,0.8,0.9,0.8,0.6,0.8,0.8,0.7,0.5,0.5,,0.5,0.9,0.8,0.8,0.6,0.6,0.8,0.8,0.8,0.7,0.4,0.9,0.8,0.9,1.1,0.7,0.9,0.8,0.6,0.9,0.5,,0.7,,0.6,0.3,0.1,0.7,0.8,0.5,0.7,1.2,0.8,0.9,0.7,,0.6,0.4,,0.7,0.8,0.5,0.5,0.5,0.2,0.6,0.7,0.6,0.7,0.7,0.5,0.4,1,0.5,0.5,0.6,0.6,,0.8,,0.9,0.7,,1.3,0.7,0.6,0.6,0.7,0.9,1,0.4,,0.4,0.7,0.6,0.6,,,1.6,0.6,0.5,0.6,0.7,0.7,0.4,0.6,0.7,0.5,0.7,0.5,0.5,0.4,0.6,0.5,0.5,0.5,0.6,0.5,0.7,0.9,,0.9,,0.7,0.9,0.6,0.8,0.8,0.9,0.9,0.9,0.5,0.8,0.8,0.7,0.2,,0.5,0.6,0.8,0.7,0.7,1,1.2,0.8,0.4,0.4,0.7,0.7,0.8,0.7,0.8,1.8,1.1,,1.5,0.6,0.9,0.8,1.1,0.4,0.7,0.6,0.2,1,0.8,0.9,0.6,0.6,0.5,0.9,0.6,0.8,0.8,0.4,0.8,0.7,0.7,,0.8,0.5,1.3,0.2,0.8,0.7,0.3,0.7,0.7,0.7,0.4,0.6,0.6,0.8,0.9,1,0.6,1,1.2,0.6,0.6,1,0.8,0.7,0.7,0.6,0.8,0.6,0.6,0.5,0.7,0.6,0.5,0.2,0.9,0.3,0.8,0.7,0.5,0.7,0.5,0.4,0.7,0.7
20210423,13,AQI,33,36,34,31,33,32,34,27,35,,32,33,,,27,,30,29,30,,30,,29,32,,32,24,,68,54,67,72,61,98,120,,34,33,,35,31,33,32,36,,34,,44,43,60,39,45,38,43,36,56,78,,,78,82,32,34,35,35,35,39,32,,,28,36,29,38,45,,46,53,58,55,75,,65,63,53,72,58,59,,43,43,,,40,43,40,,34,29,23,,,30,33,37,33,,26,43,48,42,43,39,38,39,36,38,40,58,60,68,54,50,31,36,,45,53,43,40,62,,45,48,54,52,52,42,44,43,79,89,,104,,,85,99,79,98,63,52,,54,62,62,42,56,55,100,,,55,72,54,57,57,43,48,40,31,57,92,,,,68,67,,,73,64,,,,42,,55,62,58,54,70,62,49,,54,,,,59,43,,40,42,46,58,58,,43,102,89,98,69,93,95,,,62,,48,50,,54,45,,55,46,43,,50,48,64,,29,67,41,,,70,78,,36,40,35,58,,72,,,45,,59,48,,46,67,70,19,22,20,,46,45,30,33,31,,43,38,,41,39,40,36,41,48,41,,36,40,,50,37,45,56,94,60,38,33,34,33,,34,33,30,,,36,46,44,,41,51,49,49,46,,,79,104,77,76,74,68,67,67,62,,75,58,72,66,61,36,,40,59,,38,32,,33,35,52,47,52,62,50,44,55,51,48,37,88,,,,87,107,87,75,101,82,105,55,52,56,58,53,112,,54,56,48,104,53,58,57,49,68,,67,,,63,82,80,63,67,57,101,58,57,38,,,,111,107,132,98,74,112,101,74,34,38,32,45,,43,48,46,32,56,,,36,36,,57,,34,,45,59,43,66,78,59,62,,,52,67,62,50,69,,57,53,78,79,,,60,68,54,62,65,58,63,,65,63,63,,58,51,48,45,50,56,39,39,38,38,39,42,58,65,46,55,,,,,,70,55,54,56,,52,,45,48,,,,53,64,,,,56,53,23,,27,24,23,,30,46,,60,55,56,46,41,54,54,49,56,,45,31,42,,,48,53,62,56,69,54,59,63,,46,43,35,33,33,30,31,40,45,39,42,54,35,33,53,52,36,40,,20,,54,57,54,,45,,48,45,,,31,,35,68,,63,59,58,,64,58,67,67,41,30,,,39,34,,,,63,,98,52,,62,34,39,27,38,,51,,42,44,,58,,,54,,53,52,54,33,37,,48,,,38,47,35,38,51,36,34,53,47,54,36,,43,58,,61,41,39,,,,45,108,50,,56,62,,87,77,77,,39,,62,47,,,58,56,,62,,48,53,,53,122,,,,94,,54,63,,68,,98,67,,,63,72,52,48,30,,46,40,58,38,34,,24,30,29,30,,30,78,31,46,32,27,29,29,,30,32,64,75,156,95,165,,128,83,49,48,,,56,76,,79,79,69,,45,48,41,45,31,28,31,,,93,51,,46,36,32,30,28,,29,,25,,105,,107,,99,100,,48,37,,,,51,,46,,84,92,79,,77,,98,65,60,,58,,49,39,42,39,46,40,,46,36,40,34,47,39,,30,,,34,35,20,32,30,36,53,51,,50,38,32,61,42,36,34,,42,40,22,27,31,34,32,,65,65,55,65,55,,43,,45,46,60,57,69,54,,,,,,44,,,33,48,,57,40,46,30,33,,,43,65,74,55,56,57,,49,52,57,,57,68,,62,,48,66,59,61,,62,,73,83,,92,,58,56,123,,67,65,,26,30,,23,30,25,27,32,79,75,34,34,,40,,69,,,,40,43,40,39,39,,,62,38,,57,36,32,40,,,40,43,,55,40,38,53,49,51,55,52,38,,46,49,33,35,33,48,43,39,37,48,55,35,38,,79,54,,46,44,51,51,,,36,43,53,46,43,,59,64,60,,,66,79,76,85,103,,73,64,62,,65,,74,,74,74,84,,,84,,,69,61,,,58,,63,55,,,49,26,,,57,60,43,,,35,39,69,,63,102,69,35,27,30,30,29,29,28,28,26,30,29,26,28,35,49,,39,,38,29,,,45,41,42,48,28,34,33,33,54,53,46,84,,,,40,44,38,,65,46,45,39,34,38,33,,58,53,51,48,,,,24,37,21,52,42,,,,43,,41,41,43,,49,46,52,40,,54,52,54,42,,40,45,,42,,29,,30,,32,24,44,48,,62,,69,,,,47,41,48,43,72,79,,31,,63,59,53,54,56,54,50,76,35,39,39,38,,36,34,35,40,40,40,40,34,,35,26,27,,28,52,29,40,38,37,38,38,36,42,,,45,,42,49,45,34,,39,36,58,44,,38,38,41,,,47,40,,53,55,51,51,45,60,54,,90,,62,,94,98,87,52,,52,54,75,,65,57,62,62,63,54,53,48,42,50,50,62,53,,72,100,60,57,71,,,58,,46,39,46,59,87,,83,51,54,,58,62,,,34,35,,39,27,30,32,,30,31,30,47,43,51,,,,48,,52,,34,46,43,31,28,31,30,30,39,22,42,43,44,36,29,33,38,36,,,24,27,29,25,29,26,33,,19,40,41,52,51,70,53,41,,45,36,37,50,58,45,61,66,,58,39,58,59,56,58,42,,52,38,47,54,57,11,14,,25,25,38,37,39,41,42,40,42,43,,,44,48,47,,,40,45,42,,50,51,67,60,76,69,,46,,38,,,,,36,37,36,37,51,38,37,38,,30,39,46,,43,46,55,54,57,,62,,,,,29,31,,48,52,41,41,,44,65,62,52,54,40,53,46,68,82,66,75,44,44,,67,63,42,74,87,80,52,42,82,,65,66,,37,40,,37,40,,,40,,35,,,35,,20,22,21,,58,52,53,24,25,25,25,,31,32,17,23,31,79,,78,79,33,26,174,124,,25,24,24,24,23,,64,55,38,,34,40,34,34,34,38,37,,38,32,,,22,22,19,92,89,111,107,27,,30,36,,,104,31,29,30,31,,,34,40,,35,,28,,54,36,53,57,83,71,34,32,30,67,78,,70,102,49,,67,39,49,,52,,78,48,55,39,96,52,114,20,,,29,58,55,19,,,32,63,73,29,,62,60,54,51,,72,35,,,,,52,69,69,,70,77,98,58,63,69,48,60,,,29,,,117,63,68,59,25,41,45,64,70,,25,35,49,32,92,62,41,49,29,27,29,31,30,41,53,50,55,,40,,82,37,73,68,57,50,36,32,38,,49,51,60,39,51,,58,93,,53,30,63,,39,21,15,,,51,57,52,30,51,34,36,46,41,71,74,,45,72,36,46,64,29,,67,,43,57,32,,78,70,40,60,103,105,85,75,88,84,37,,59,62,48,40,,95,,53,42,67,36,33,88,79,70,69,,98,89,54,60,,,58,42,118,,48,,112,109,53,25,59,39,,35,43,,51,75,33,31,85,97,65,77,,103,117,,39,31,63,46,57,,38,64,40,45,31,22,43,33,39,38,54,,52,25,62,42,35,39,65,67,52,48,48,53,66,58,58,43,36,33,,54,30,32,,42,38,46,,44,59,46,79,57,67,72,43,48,,65,33,34,51,,62,53,56,,74,54,,40,36,51,45,64,40,64,31,27,,25,26,,100,42,46,104,101,49,48,27,,53,40,77,97,84,31,,35,30,,32,53,40,,33,65,52,50,79,55,73,,85,119,64,,,43,32,20,63,29,32,50,52,42,68,34,38,,39,44,28,,32,,32,27,40,44,27,59,44,32,35,35,57,,23,,,,,74,56,48,,44,43,51,42,32,53,52,41,34,32,31,33,,105,,33,44,,,49,44,47,67,82,93,,,41,54,40,60,,,133,83,58,43,64,,42,36,34,46,68,38,,,,63,49,43,52,48,59,71,,67,,117,83,77,55,45,52,32,62,56,55,60,47,26,,168,106,17,10,,,89,79,43,57,42,,93,123,36,58,52,,35,58,118,102,63,74,47,63,76,79,72,49,56,39,36,,53,47,,32,,58,38,,42,26,52,31,,54,62,63,32,36,30,35,32,43,79,64,52,46,64,52,95,33,,36,43,36,32,34,42,44,78,62,55,29,66,32,74,64,30,42,39,40,57,55
20210423,13,PM2.5,9,11,10,7,8,10,8,8,3,8,8,10,,,9,,9,11,10,,4,,10,5,,5,5,,49,38,48,52,40,73,91,,15,17,,19,7,18,14,18,,10,,23,30,20,27,26,21,20,19,29,26,,,49,38,12,6,13,14,14,18,14,,22,17,25,19,24,20,,21,33,41,39,55,,47,45,37,52,41,42,,12,14,,,12,7,14,9,11,14,15,,19,18,21,17,14,,15,28,26,22,30,20,16,11,19,18,24,41,43,49,38,35,19,24,,31,37,30,28,44,,31,33,38,36,36,29,30,30,58,66,,78,66,,63,74,58,73,39,34,44,29,34,44,29,31,39,75,,,39,52,38,40,40,30,33,28,18,40,68,,,,46,48,,48,53,34,,,,29,,39,44,41,36,51,44,34,,38,,,,42,30,,24,29,32,41,41,,30,76,66,73,50,69,71,51,,44,,33,29,,38,31,,36,32,30,,30,21,46,,14,48,24,,,51,57,,25,22,13,23,,52,,,31,,24,32,,25,48,51,5,4,5,,32,29,15,14,15,27,26,26,,27,27,17,24,17,27,24,,24,20,,20,17,22,23,40,43,16,20,9,15,,14,6,4,,,20,22,22,,27,29,22,34,29,,,58,78,56,53,54,49,48,42,44,,45,37,46,46,38,20,,17,42,,26,11,,17,16,34,29,30,44,26,30,39,25,33,18,65,,,44,44,40,51,54,31,60,60,35,31,31,29,31,32,,26,28,29,42,30,25,24,23,36,,43,41,,45,60,58,45,48,33,39,31,34,23,42,,,45,39,85,37,34,36,36,29,19,17,16,31,28,28,26,24,22,28,29,24,18,14,,17,18,21,,26,40,23,41,56,36,34,,,36,38,25,27,50,,40,37,57,58,,,43,49,31,34,39,41,31,,36,41,31,,28,20,26,31,33,27,4,4,8,5,9,3,31,32,19,26,36,30,34,28,,35,32,13,37,,34,,24,22,,,,35,24,,,,27,26,14,15,17,15,10,,21,28,37,43,39,27,29,23,35,28,34,39,27,31,21,19,,35,24,28,23,13,29,29,22,19,,32,30,24,23,10,14,16,28,31,27,29,2,24,17,37,36,13,15,,14,,38,27,31,25,20,,14,23,,,16,,24,49,,45,42,41,,46,41,46,48,17,12,,9,7,9,,,,45,,73,29,,44,9,18,15,26,,28,,22,21,,41,,,38,,28,28,34,14,10,,18,,,23,17,18,26,28,13,12,29,19,29,25,,30,26,39,32,20,21,,28,,14,40,24,,37,44,,32,28,27,36,22,,38,23,,,36,29,,22,,10,16,,19,92,,,100,70,,37,45,,49,,73,48,,,45,52,22,28,16,,32,28,41,26,22,,15,21,14,21,17,18,38,9,18,9,13,12,19,,20,22,46,55,119,71,125,71,97,61,23,21,27,,23,42,37,42,56,40,34,18,13,19,16,18,16,20,,27,69,33,,32,25,20,17,14,,19,,3,,79,,80,,74,75,,33,23,,,,33,,30,,62,68,58,,56,,73,46,43,,41,,34,27,29,27,23,22,,32,25,25,23,24,22,,21,,,22,24,14,22,2,25,27,26,29,24,17,15,22,29,25,17,,29,28,13,17,13,9,18,,47,47,39,47,39,,26,18,21,23,34,39,50,38,,,,,33,19,,30,23,28,,33,28,32,14,12,7,12,20,28,28,31,32,31,,32,36,40,,40,49,,44,25,33,45,41,41,,44,48,53,61,,68,,25,20,44,,13,20,,4,10,,13,9,3,15,9,58,55,22,22,,28,,50,75,75,,28,30,28,27,27,,,31,26,32,40,18,15,28,,9,8,30,,33,28,20,37,34,34,39,36,18,,32,26,23,22,21,33,30,27,18,33,39,24,26,,58,34,,28,24,28,34,,,24,30,37,32,30,50,42,41,43,,,34,58,53,63,77,,51,33,30,,31,27,54,,54,54,62,,,62,56,,50,38,30,,28,,20,15,,,34,15,,,32,30,22,,,15,27,40,24,21,29,27,10,14,18,18,18,18,19,19,15,11,10,10,10,24,34,,27,,15,17,38,,31,26,13,13,17,16,22,23,30,31,31,62,,,,24,28,15,,47,6,24,23,11,25,23,45,41,37,33,33,,,26,12,12,14,34,28,,2,21,20,,14,19,22,,34,32,36,24,32,38,36,38,24,29,22,20,,28,,8,,6,3,10,16,26,33,,44,,44,,,,15,18,33,30,52,58,,20,,45,42,37,25,39,38,31,48,20,16,14,14,,10,13,15,23,23,24,20,20,,21,6,5,13,15,10,13,21,22,11,26,24,19,24,22,,24,34,29,34,31,14,19,17,22,32,22,21,20,18,23,,,29,25,39,32,39,34,29,28,43,22,,67,50,44,,70,73,64,36,,36,25,55,,47,37,44,44,45,29,37,30,25,23,35,44,32,,52,75,43,27,40,,,28,2,32,27,32,42,64,54,61,24,26,,41,44,28,,16,21,,27,16,21,18,,15,7,15,24,14,26,,,17,24,,25,,22,25,27,14,9,5,6,9,27,2,29,30,30,25,15,19,26,19,15,13,12,15,12,8,20,11,18,14,13,28,22,36,31,49,20,16,14,14,17,21,17,40,31,35,36,30,39,27,31,32,19,37,29,28,31,26,26,32,31,4,5,,17,12,26,14,27,6,26,14,16,29,30,33,30,21,18,,,27,31,25,,20,28,28,35,53,45,,32,,26,,,,,4,8,7,19,10,9,7,7,,9,16,14,20,16,19,39,34,39,,44,,,,,14,16,30,29,36,22,27,,24,47,44,31,29,7,23,8,49,60,30,40,25,25,,48,45,5,54,64,40,25,25,37,,41,40,,15,6,,7,4,,,7,,3,,9,2,7,10,10,12,,41,36,37,5,4,5,4,,17,14,11,7,11,58,,40,35,23,9,23,24,,16,15,9,11,7,,36,36,26,,23,24,20,10,,11,12,,14,14,,20,1,4,2,37,41,,33,8,,15,11,14,34,29,3,2,4,20,,,15,20,17,11,,19,11,14,10,28,38,61,51,3,5,6,48,57,,44,76,34,,48,27,28,,36,,57,24,38,27,27,26,34,4,23,16,13,34,32,6,,,19,33,52,7,,20,24,34,22,,52,24,,,,40,35,50,50,,42,56,73,41,45,50,25,40,64,,9,33,,55,25,49,42,17,20,31,46,51,38,6,13,34,4,68,39,7,34,19,7,20,9,17,20,37,35,39,37,6,30,46,14,53,49,40,25,25,21,26,27,31,28,42,22,35,,32,69,,33,8,45,,27,14,9,,,20,40,19,18,32,8,23,32,22,42,51,,25,52,15,32,36,20,,48,,30,18,17,,26,51,28,43,77,79,63,55,65,62,13,,28,3,33,28,,71,,37,29,48,16,23,39,52,46,50,40,43,39,35,42,29,4,27,25,44,,16,,45,37,17,11,42,27,,24,29,53,32,41,22,20,63,72,47,56,,77,88,9,27,18,34,32,40,,25,46,28,31,15,8,17,7,19,23,36,30,22,15,44,29,24,12,47,48,36,22,33,27,34,28,41,26,19,3,37,38,21,17,,29,24,24,,10,35,32,58,38,48,52,22,23,,47,2,2,24,,44,37,31,39,40,38,45,28,20,31,31,46,27,46,19,10,2,14,15,,51,22,27,34,31,34,28,9,50,24,22,46,33,62,10,40,15,4,,14,36,13,,21,47,36,34,41,39,30,,63,90,46,,,15,17,10,41,20,15,35,32,26,49,10,26,10,27,29,19,,18,,15,17,21,27,14,30,23,22,16,12,29,,2,38,,31,39,29,29,26,,24,30,33,29,15,34,32,27,18,13,20,20,,79,,23,27,,,25,19,22,40,60,69,,,23,25,18,22,,,101,42,41,17,43,7,29,7,7,32,49,25,,12,14,32,6,18,4,6,39,46,,43,,88,61,42,39,31,36,22,44,34,34,41,21,13,,127,59,10,4,48,,66,20,29,29,23,24,44,43,19,41,32,,24,41,89,76,45,32,22,45,41,58,52,34,31,23,23,42,37,29,22,15,38,37,23,,17,9,36,5,48,37,43,41,8,10,4,11,4,25,53,46,27,19,23,20,71,20,,25,13,3,10,3,26,14,57,44,39,16,46,22,31,46,17,27,7,,40,39
20210423,13,PM2.5_24h,32,49,34,27,29,38,33,32,32,49,30,36,,,22,,25,24,21,,19,,26,24,,25,16,,52,46,55,53,47,55,51,,24,21,,35,23,19,23,25,,14,,44,41,42,38,37,37,40,35,37,30,,,42,31,18,14,16,17,33,29,27,,29,35,30,33,37,44,,46,44,48,48,59,,43,66,66,56,53,49,,20,21,,,20,15,20,20,36,35,32,,34,34,34,34,35,,37,27,19,15,21,12,14,12,17,23,22,40,32,33,30,28,28,36,30,30,31,36,35,51,,36,37,45,37,46,50,50,47,54,50,54,53,55,,54,46,52,56,38,35,44,37,40,34,40,52,40,90,,43,40,64,39,37,72,45,49,46,67,53,42,,,,52,49,,49,48,33,,,,43,,37,43,45,40,44,46,43,46,65,,,,72,58,,35,63,64,50,53,,45,70,62,64,37,47,52,28,,32,,33,32,,47,48,,48,38,42,,45,48,58,32,19,32,24,,,29,50,32,22,20,23,24,,53,,,37,,46,51,,15,18,22,13,10,12,,44,39,40,34,33,31,26,25,24,30,30,23,26,27,32,29,26,31,17,,22,13,19,21,15,24,14,22,21,13,,16,10,9,,33,30,31,33,,39,45,30,38,14,,,28,32,28,22,28,19,41,35,37,38,41,39,39,36,32,23,15,19,20,24,20,17,,18,18,28,32,21,25,19,21,26,18,24,11,43,41,,38,36,34,51,39,42,42,40,27,25,25,24,24,33,,19,25,26,37,28,22,22,24,32,36,39,31,,33,52,39,32,29,27,24,24,26,18,25,,,39,34,42,49,49,50,43,31,31,30,26,30,23,26,24,22,24,25,26,23,11,12,14,11,13,17,,27,26,27,28,23,27,26,,,25,28,19,26,30,,91,88,73,79,,,94,54,26,29,30,35,29,,35,35,26,,31,27,47,43,34,35,8,7,11,7,12,4,34,35,38,31,38,41,35,36,,34,36,35,35,,30,18,17,23,,,,25,20,,,,28,25,10,12,14,12,10,,20,20,22,26,26,22,21,18,19,18,26,36,20,25,14,33,,45,41,34,32,16,24,24,28,22,,41,40,49,26,17,18,19,34,37,36,62,31,41,41,20,20,19,19,,20,,32,25,27,28,30,,28,43,,,32,32,33,58,,58,49,48,,51,46,46,43,43,15,11,9,15,11,,,,58,,51,48,,57,28,30,38,34,35,34,21,20,19,,41,,,44,,39,39,42,34,28,26,27,28,,18,18,16,16,22,20,19,25,20,19,29,34,34,20,25,21,29,34,33,22,,18,53,45,,29,33,,38,33,32,32,23,,31,33,,,52,47,,26,,23,27,23,34,89,70,,91,69,,50,52,,49,,73,55,67,,58,57,13,16,8,,22,22,26,26,26,18,15,42,36,40,41,36,46,12,14,17,20,11,16,60,43,31,47,67,46,43,52,52,48,40,21,21,18,,26,42,42,58,44,45,31,24,22,31,21,33,36,33,,32,42,44,,40,37,35,29,31,,35,24,6,,70,,70,88,73,72,38,47,37,,,,37,,31,,68,68,76,,70,64,65,45,39,,40,,40,40,36,41,21,22,,24,23,20,20,22,19,,22,,,16,26,11,14,5,27,30,28,30,15,10,12,15,34,31,26,33,36,34,12,13,24,29,47,56,53,50,50,46,46,,36,22,28,29,36,42,42,36,,,,,51,43,,40,22,27,16,23,21,27,17,15,13,13,15,25,22,33,30,31,,28,31,41,,29,32,,39,25,27,36,32,30,,32,43,44,46,43,54,,39,39,72,27,37,26,60,13,16,,8,11,10,23,7,51,49,33,33,,17,,32,27,27,,30,19,18,16,17,,,12,11,12,15,16,13,19,,10,15,36,,41,44,44,41,36,40,43,39,37,,44,40,43,44,46,38,42,39,39,40,39,23,25,,36,28,,27,30,31,39,,,27,34,29,33,32,26,27,25,25,,,22,55,53,53,73,,53,34,36,28,30,27,46,,46,50,50,,,48,47,,43,34,25,,24,,29,30,,,33,16,,,33,28,24,,,26,31,29,20,26,26,30,28,26,24,27,28,22,26,22,29,44,31,37,33,31,28,30,32,,23,24,31,,20,20,22,24,18,19,23,19,29,26,29,89,,,,107,134,107,106,142,99,110,94,49,42,33,217,194,174,165,155,,,192,19,21,17,70,68,,47,38,33,,32,33,38,,51,48,33,42,28,38,37,49,28,35,26,23,42,25,26,22,,19,13,18,22,52,37,,37,,43,,,,27,24,32,40,44,45,,25,,39,41,36,23,21,32,29,24,32,24,37,17,12,16,21,16,28,36,31,26,15,,14,11,16,16,15,16,10,36,25,14,25,25,20,23,23,,9,13,11,17,17,22,28,23,34,27,20,25,23,22,22,,,24,23,27,21,23,24,18,32,36,21,,66,64,60,,66,69,67,48,,46,34,37,,34,33,36,37,33,32,38,37,34,34,38,44,38,,45,45,41,26,28,,38,27,12,29,25,27,37,45,47,46,22,19,,31,31,24,,22,22,,23,18,22,24,,22,13,16,20,16,20,,,19,27,,22,21,23,24,28,16,21,23,23,16,21,33,26,30,30,24,21,20,28,21,10,12,15,14,17,14,23,20,21,18,9,13,11,36,27,31,25,20,18,10,16,20,19,38,33,36,31,29,31,33,33,33,31,29,32,30,34,36,32,25,28,16,16,,13,14,21,15,17,19,27,28,23,51,51,47,47,39,49,,,19,25,22,,22,21,18,23,33,34,,41,,36,,,,,21,18,23,27,21,14,15,18,,10,21,21,23,22,23,37,38,39,24,39,,,,,8,9,36,38,28,29,25,,23,52,37,31,31,11,20,12,48,32,45,38,28,29,,46,50,42,46,62,41,27,20,40,,40,37,,22,3,,8,10,6,,11,,4,,10,6,11,10,11,16,23,28,24,26,12,12,11,20,,17,10,9,14,16,48,,42,51,21,18,56,60,,23,24,13,12,10,,33,41,26,,20,26,20,18,8,11,20,,23,25,,31,17,16,17,54,46,70,48,9,,15,9,11,24,20,10,10,14,15,,,17,19,16,17,,13,11,11,10,25,24,78,38,7,27,18,53,51,,30,60,48,,35,54,36,,37,,58,39,103,26,40,43,81,9,38,35,31,21,40,12,,,29,21,47,27,,26,25,30,23,,51,40,,,34,59,59,40,44,44,33,34,37,65,25,33,20,27,56,,21,34,,55,24,38,32,7,24,28,41,49,36,16,18,27,22,65,27,9,30,26,16,30,9,28,24,33,33,30,35,7,27,40,15,30,32,66,49,21,22,22,38,32,54,36,20,23,30,32,69,,32,22,52,,14,18,14,,,20,54,43,32,33,10,21,44,37,52,65,23,33,52,18,36,24,26,,33,19,22,26,17,,57,49,21,48,44,51,52,51,54,36,46,24,31,24,31,23,,52,,36,36,29,33,31,51,57,46,41,34,38,37,23,29,29,17,30,26,51,,12,42,36,33,21,25,44,37,14,38,45,47,46,38,26,28,68,75,29,34,,70,78,52,63,53,160,19,44,20,22,45,23,22,30,16,26,15,60,65,58,41,45,13,42,52,30,10,58,35,32,37,41,52,33,26,35,33,17,15,32,46,20,23,12,25,34,22,,26,36,42,56,42,42,51,34,31,,57,26,33,31,20,46,35,36,48,37,38,42,36,38,43,39,26,34,38,21,7,10,13,11,,44,30,29,43,30,20,24,17,28,20,22,26,50,56,24,59,31,12,25,24,40,25,36,31,37,30,38,41,38,33,,70,74,41,41,43,25,21,16,34,34,27,51,42,57,49,28,42,31,38,30,21,,32,,24,20,14,26,28,44,42,34,36,30,30,,14,22,,30,27,22,21,20,17,23,29,27,23,26,27,40,23,14,12,18,19,,45,,35,20,,22,31,35,30,40,44,69,17,,17,33,29,24,,,91,34,42,44,51,10,30,10,16,50,54,30,46,43,43,37,36,40,28,34,38,38,,40,,89,35,39,47,31,40,33,47,30,34,50,28,10,,341,378,20,20,48,66,58,41,36,27,39,28,35,35,24,25,33,,39,41,82,71,163,34,45,21,20,48,58,34,53,33,26,39,31,40,28,22,53,32,36,,14,29,33,6,35,50,55,39,45,35,32,36,30,26,56,53,42,38,152,32,55,23,29,21,44,35,31,32,20,17,48,43,43,27,100,25,89,33,28,41,6,4,47,35
20210423,13,PM10,26,21,28,28,22,22,17,,17,,22,16,,,14,,9,16,19,,9,,8,8,,7,8,,75,58,65,75,71,64,104,,22,28,,11,31,28,25,31,,25,,44,41,70,39,45,38,43,33,61,105,,,105,114,12,,23,7,5,39,32,,25,28,28,29,38,45,,46,56,45,44,88,,71,64,51,81,64,62,,29,31,,,33,25,34,,34,17,21,,36,30,33,37,33,,14,43,48,25,39,26,30,20,28,28,40,55,56,56,44,49,29,25,,42,43,36,38,63,,40,36,44,39,39,35,44,40,24,58,,59,70,,32,34,30,41,75,53,46,58,74,44,36,61,56,61,,,58,44,49,44,48,28,33,32,31,30,75,,,,85,50,,,78,78,,,,29,,53,69,58,58,63,61,44,,50,,,,55,41,,40,41,25,44,46,,30,66,63,61,54,54,77,58,,50,,47,50,,58,43,,59,45,43,,50,48,59,,29,79,41,,,71,72,,33,40,35,65,,77,,,44,,67,48,,46,62,64,5,4,6,,32,45,30,28,25,,43,33,,41,29,22,34,34,48,41,,36,19,,50,37,45,61,69,51,38,33,34,12,,34,21,7,,,36,46,44,,41,51,49,46,46,,,92,122,75,102,92,80,83,83,68,,99,65,94,82,72,36,43,40,34,,36,32,,33,35,53,47,53,46,50,44,50,51,46,37,122,,,84,87,77,103,100,88,102,98,60,46,62,66,54,76,,57,61,48,76,56,66,63,49,86,,83,78,,65,112,110,68,75,63,76,66,63,38,,,,87,70,72,80,72,79,82,95,30,31,28,34,64,43,48,46,32,62,58,59,36,36,45,64,48,34,,45,67,43,81,105,67,73,,,47,84,73,50,53,,48,52,79,77,,,63,61,58,73,80,63,75,,80,75,75,,49,51,43,44,50,61,9,34,21,14,25,16,66,79,46,59,95,68,93,95,,90,59,58,62,,53,,45,48,,,,56,77,,,,61,55,18,16,14,22,20,,27,46,51,34,53,62,46,41,58,58,48,61,,38,31,42,,,48,56,74,62,88,58,68,75,,41,43,34,28,23,24,31,38,26,37,32,58,24,25,49,45,18,23,,19,,58,63,58,,45,,48,45,,,20,14,21,55,,47,58,44,,69,61,83,68,41,22,,9,23,14,,,,63,,73,53,,50,34,39,27,29,,52,,42,44,,39,,,44,,56,53,57,33,37,,48,,,38,47,35,26,52,36,34,56,47,58,29,,41,65,74,72,41,39,,49,,45,45,43,,61,62,,69,65,72,87,39,,73,37,,,65,62,,73,,48,56,,55,79,,,,96,,57,57,,56,,73,62,65,,60,56,53,48,28,,44,39,50,36,34,,19,30,25,25,,21,105,15,46,24,18,22,15,,24,20,33,38,150,111,139,100,113,81,49,48,,,61,101,98,108,108,88,39,25,29,40,31,30,20,19,,97,53,52,,40,25,28,29,24,,28,,10,,88,,84,,103,99,51,40,37,,,,52,,46,,106,117,104,,99,,88,79,63,,58,,46,30,37,33,46,40,,39,31,40,27,28,26,,29,,,26,34,19,26,21,35,56,52,61,50,38,32,72,33,35,34,,40,36,22,27,22,34,15,,52,71,54,66,53,,24,49,18,41,69,64,58,56,,,,,64,44,,70,28,48,,64,23,25,28,33,36,30,43,68,66,60,62,63,,49,50,62,,48,58,,63,49,44,81,67,72,,74,77,80,85,,83,,65,62,195,151,83,79,,13,17,,12,30,21,12,18,67,64,34,34,,39,,62,,,,37,33,28,35,36,,,74,34,16,41,36,29,24,32,15,12,42,,59,21,29,50,47,52,59,53,27,,39,49,29,35,24,35,37,26,24,38,44,33,34,,77,57,,46,44,51,52,,,36,39,45,34,36,83,57,77,66,,,81,70,101,93,118,,95,78,74,,79,72,70,,64,69,88,,,91,98,,77,71,76,,65,,76,59,,,22,26,,,63,69,39,,,35,34,88,91,76,154,88,26,24,15,16,18,17,28,26,26,20,29,14,6,25,18,,22,,38,21,48,,39,41,34,48,22,14,33,28,58,55,46,101,,,,34,44,33,,52,46,45,27,4,38,32,70,55,49,52,40,,,49,16,37,21,53,42,,20,36,42,,29,29,34,,24,43,41,40,60,52,40,49,42,57,40,45,,42,,19,,12,19,12,17,43,45,,64,,88,,,,47,22,46,39,83,84,,31,,45,56,53,58,61,41,50,101,30,39,34,18,,21,26,27,37,40,36,26,34,,33,22,26,22,24,54,17,35,36,26,20,32,36,42,38,,45,39,41,39,45,34,35,39,34,65,44,35,32,33,41,,,47,40,50,55,60,51,51,45,52,57,,109,68,72,,112,82,93,47,,52,57,63,,56,63,68,63,56,58,45,48,42,50,50,51,56,,70,54,50,63,91,,127,66,34,44,34,43,36,34,46,54,51,57,,51,44,,,34,35,,37,27,29,32,,24,19,26,47,43,52,39,36,35,48,59,53,,34,46,43,27,13,19,15,14,39,2,37,40,44,33,29,33,23,36,19,33,24,27,29,14,27,23,33,26,17,40,41,52,52,89,55,41,27,45,36,37,50,65,44,71,81,35,65,39,65,68,61,66,35,43,54,35,47,58,64,11,14,,14,19,36,37,34,18,42,29,29,42,45,61,44,28,25,,,40,45,42,,50,52,84,70,102,88,,34,,36,,,,,21,32,36,26,52,28,12,12,,24,30,37,45,38,46,58,57,64,59,62,,,,,29,31,52,48,44,39,41,,44,58,68,53,58,12,56,46,72,69,82,100,41,38,,61,68,14,72,120,74,54,42,114,,79,81,,28,2,,10,17,,,19,,7,,28,10,6,15,4,21,,52,40,54,7,12,11,13,,31,32,17,11,31,75,,106,107,26,26,298,197,,19,24,16,22,22,,77,59,30,,31,40,34,14,10,38,30,,18,32,,31,12,1,6,133,128,171,164,23,,22,36,31,87,158,16,24,24,31,,,34,40,31,35,,16,,57,36,55,64,67,92,7,8,12,78,69,,89,100,27,,66,39,49,,47,,56,48,60,37,141,53,178,11,41,32,21,66,59,6,,,31,61,95,16,,73,69,58,52,,59,24,,,,57,53,60,68,,90,63,90,49,39,74,48,69,40,,18,45,,93,67,68,61,14,36,32,51,71,80,19,25,7,7,101,73,19,34,29,18,28,24,30,41,48,46,51,66,10,34,114,35,90,61,58,32,32,32,19,49,49,51,70,39,51,,66,86,,56,15,61,,32,21,14,,,51,44,53,30,52,21,27,34,41,92,98,,45,71,14,43,77,26,,55,,40,63,26,,105,46,16,18,59,59,44,38,51,26,34,,67,74,48,38,,91,,50,27,49,26,33,61,106,90,88,93,69,70,58,70,63,56,65,42,92,,48,,75,76,55,23,21,25,26,35,43,73,51,99,33,31,71,103,71,77,,131,112,26,30,16,76,37,34,,38,64,32,41,31,15,43,33,36,28,58,57,53,25,42,32,29,22,70,46,34,48,40,56,82,57,61,43,24,5,,34,29,28,,5,38,46,,44,68,42,85,64,76,75,32,48,,61,17,7,52,,54,51,61,61,98,56,52,36,25,51,44,60,40,48,31,26,,14,20,,85,42,46,62,72,46,48,27,71,55,40,88,48,89,20,66,30,21,,19,56,30,,33,67,47,50,108,54,96,,120,111,64,,,33,32,16,75,27,28,50,53,42,54,21,38,29,29,44,22,,32,,32,27,29,44,27,68,44,18,35,10,64,,2,,,41,44,50,62,48,46,44,38,52,36,32,56,53,41,34,32,31,33,,73,,25,44,,,49,28,40,84,107,92,,,41,58,40,54,,,124,116,60,32,78,12,19,12,22,44,68,38,75,45,113,76,49,43,54,48,67,91,,83,,91,67,103,38,44,35,31,63,62,60,70,47,8,,175,161,17,7,71,,95,107,43,63,41,53,77,94,36,18,53,,32,57,122,105,55,98,47,60,102,54,40,27,62,39,36,75,52,47,89,28,55,66,38,,42,2,47,12,73,58,73,76,27,21,19,17,31,31,108,56,54,46,78,54,135,23,,18,43,18,22,4,19,24,52,53,40,19,81,26,98,72,17,41,9,7,53,46
20210423,13,PM10_24h,40,45,42,36,38,35,43,36,35,50,43,53,,,29,,34,30,31,,33,,58,35,,29,25,,77,69,79,75,75,70,83,,24,25,,22,34,31,27,34,,26,,69,60,78,59,61,65,73,63,63,74,,,73,71,17,15,25,16,17,53,48,,47,42,43,45,49,47,,66,68,64,68,96,,59,96,83,83,77,73,,36,33,,,35,34,31,34,59,57,56,,53,65,59,71,67,,53,47,56,33,26,29,37,26,30,40,35,67,53,64,49,46,40,62,46,50,53,66,72,82,,75,70,73,65,63,74,81,72,66,58,61,62,62,,62,51,55,51,66,55,54,62,77,44,62,73,56,66,,59,63,61,59,65,61,51,47,50,49,51,44,,,,71,42,,60,74,67,,,,56,,63,69,81,56,65,65,51,66,98,,,,104,87,,51,54,70,56,64,,47,60,50,50,48,41,56,34,,39,,56,53,,79,66,,96,66,74,,103,97,90,43,46,55,39,,,44,60,66,37,40,56,51,,79,,,59,,117,85,,35,29,34,27,23,28,,65,62,72,68,63,50,58,35,42,44,32,36,43,46,52,44,40,42,25,,45,38,49,50,42,34,30,34,38,16,,38,34,27,,32,48,60,54,,55,57,54,60,19,,,38,39,36,36,37,30,71,76,68,84,84,76,83,75,63,32,34,34,32,32,30,31,,32,34,34,25,32,26,28,27,24,31,28,26,84,77,,75,90,70,100,79,103,80,74,58,58,58,61,50,86,,41,54,58,85,57,59,50,51,71,69,73,62,,50,93,80,57,61,53,48,51,52,49,55,,,82,71,77,105,99,109,91,84,56,57,47,58,45,44,42,39,41,45,54,51,26,27,38,31,30,29,,53,41,42,56,64,54,53,,,38,61,53,58,57,,115,119,94,111,,,134,71,50,68,67,56,65,,65,67,63,,49,53,91,66,64,78,17,34,50,22,44,25,84,73,114,79,85,74,73,117,,86,74,109,81,,58,33,39,41,,,,47,51,,,,60,59,32,32,29,36,32,,39,30,25,31,32,30,27,27,35,36,33,54,27,30,24,53,,63,57,56,53,49,57,50,52,60,,66,66,77,48,41,43,51,43,40,34,59,54,39,36,39,37,43,35,,32,,48,53,51,42,42,,53,64,,,46,32,33,60,,50,71,54,,74,72,76,66,48,23,17,14,23,21,,,,75,,62,70,,62,56,54,52,36,38,44,24,26,31,,34,,,64,,62,62,65,50,46,49,50,63,,37,34,35,34,43,40,37,53,48,54,48,50,56,48,51,53,60,60,59,40,,48,83,76,,60,61,,67,63,67,63,39,,61,55,,,74,84,,59,,44,55,75,62,79,83,,84,99,,55,53,,56,,98,76,97,,82,65,35,35,27,,45,54,52,65,57,47,26,71,60,66,58,55,90,26,42,42,27,24,35,32,37,38,37,58,71,84,75,83,72,62,81,80,77,,77,81,85,98,97,86,56,47,41,53,44,43,46,43,,55,50,55,,57,50,49,43,44,,53,46,9,,85,,88,125,96,95,63,61,64,,,,67,,59,,112,107,97,,97,85,89,71,65,,55,,54,51,58,55,45,45,,32,38,34,29,28,23,,29,,,24,34,29,26,14,36,48,44,49,33,37,28,40,51,50,48,58,60,53,27,26,37,64,65,77,68,73,79,66,67,,53,50,40,54,47,58,61,56,,,,,81,76,,85,29,38,38,50,32,31,27,31,32,34,38,58,52,64,65,56,,52,46,70,,57,58,,98,46,44,64,48,56,,62,70,68,68,70,80,,135,146,350,62,48,46,53,13,19,,18,34,31,38,43,63,52,54,54,,23,,38,32,32,,32,21,19,17,22,,,24,13,46,20,30,30,16,21,17,19,63,,79,70,66,58,57,51,66,71,61,,71,91,65,72,70,58,59,55,51,67,65,40,41,,63,71,,63,60,44,64,,,27,47,38,40,47,44,38,43,43,,,75,83,96,96,89,,99,81,78,71,80,98,62,,59,66,67,,,73,68,,56,59,72,,74,,72,63,,,38,40,,,67,63,38,,,64,60,48,46,60,64,47,39,42,34,34,33,33,40,40,50,59,68,65,50,35,27,31,30,,52,41,46,,44,44,57,57,43,32,57,50,51,55,49,132,,,,151,170,196,137,182,146,153,107,67,70,45,317,241,200,191,182,,,232,38,50,37,98,96,,37,50,50,,42,47,46,,52,54,45,52,39,43,48,46,54,64,52,57,55,48,33,29,,22,25,26,36,57,55,,50,,60,,,,51,49,46,55,63,67,,41,,48,50,44,48,39,45,43,34,50,42,64,25,12,24,29,27,51,51,69,46,29,,31,23,31,29,30,36,12,61,42,43,45,31,42,50,41,,27,25,26,28,27,38,48,43,43,51,42,38,36,42,37,,,42,39,39,35,35,39,34,46,60,61,,107,86,88,,97,76,86,60,,63,60,50,,62,54,56,58,55,56,50,53,51,51,57,57,61,,60,52,52,42,55,,68,56,52,37,28,37,37,42,44,42,41,42,,39,35,40,,34,30,,35,24,32,30,,34,27,31,32,46,33,38,35,30,36,39,34,36,32,47,37,30,25,34,28,27,39,33,38,40,38,35,36,35,34,38,15,24,21,34,33,18,28,26,35,29,14,24,17,77,64,74,72,47,36,45,39,40,53,69,67,76,70,50,50,49,70,62,51,54,43,51,86,54,48,53,44,27,29,,33,42,34,27,32,30,40,47,41,68,73,67,67,55,85,,,35,36,36,,44,51,46,42,67,61,,56,,52,,,,,35,42,49,48,42,27,27,41,,30,32,42,51,49,60,52,54,62,58,70,,,,,31,20,61,64,48,47,41,,38,68,65,53,62,24,44,38,78,73,54,74,48,51,,68,74,60,66,113,86,55,47,100,,71,68,,29,4,,27,36,21,,28,,9,,18,12,19,28,22,30,53,62,45,48,17,21,22,24,,34,32,18,24,32,138,,149,158,33,37,341,367,,36,36,19,21,18,,67,71,44,,38,44,31,26,25,29,76,,56,59,,68,28,25,26,227,203,390,333,20,,28,27,24,87,103,114,99,117,93,,,42,39,39,27,,14,25,27,35,55,37,83,77,17,33,27,82,64,,86,100,41,,48,157,61,,41,,64,56,127,34,80,77,398,11,53,72,60,40,86,16,,,49,49,105,31,,57,58,70,40,,62,41,,,31,92,106,49,55,67,68,42,45,98,32,58,44,53,47,,32,50,,94,61,66,50,20,27,64,42,73,68,28,31,20,29,85,62,18,37,38,39,34,33,44,46,44,48,43,49,16,38,74,38,56,52,94,78,30,32,31,63,65,90,55,38,40,48,66,116,,52,32,63,,29,33,24,,,48,64,53,43,45,16,41,64,63,173,96,48,52,67,32,64,57,34,,50,47,49,50,51,,265,69,31,52,54,57,58,57,70,40,47,49,55,106,43,34,,74,,57,45,40,42,45,82,114,107,91,87,84,76,49,65,73,52,66,50,118,,47,83,82,78,51,42,26,22,23,45,60,58,63,73,33,37,100,106,49,56,,128,104,77,74,79,223,40,51,32,33,69,30,40,40,26,38,31,89,108,80,63,63,19,52,77,35,17,76,41,35,55,46,79,82,51,59,53,42,28,41,41,27,31,26,41,61,50,,58,68,72,76,80,70,77,49,52,,74,28,31,56,35,53,70,48,78,83,57,59,58,51,64,57,28,45,48,36,31,40,29,29,,83,60,45,89,79,44,52,46,45,59,42,62,82,77,14,78,46,18,26,22,64,41,50,40,47,38,49,97,60,67,,110,105,57,57,59,45,45,21,63,43,49,76,95,81,77,49,68,43,41,43,27,,43,,34,32,17,39,40,70,56,45,52,36,47,,23,54,,49,38,40,46,42,53,34,48,50,50,49,48,60,39,27,31,40,35,,54,,43,37,,34,61,47,56,79,79,112,39,,30,59,47,45,,,102,87,62,79,93,19,18,21,26,61,93,55,77,69,98,92,72,72,65,57,67,91,,76,,91,54,87,58,53,49,41,74,56,64,77,60,13,,1099,977,44,33,78,104,93,99,66,65,59,59,77,87,52,42,61,,51,57,111,99,216,71,82,26,37,44,41,26,74,52,63,76,57,58,43,31,75,69,61,,66,42,40,58,59,55,89,61,49,45,32,41,38,43,88,57,60,56,133,58,121,28,28,22,44,36,44,36,39,36,68,53,77,57,145,40,147,60,44,50,8,18,67,45
20210423,13,SO2,3,3,2,1,3,3,1,1,3,5,2,1,,,5,,5,6,5,,4,,4,3,,6,2,,5,8,4,5,1,8,8,,4,9,,5,13,6,10,2,,3,,8,3,11,4,8,1,5,6,8,8,,,20,8,4,6,7,5,6,6,6,,7,3,5,3,10,8,,3,5,5,3,12,,8,6,5,9,5,5,,6,5,,,6,6,8,6,8,12,13,,14,11,9,10,4,,12,4,5,4,10,4,9,9,7,5,4,9,6,6,13,7,6,7,10,15,8,18,35,32,,17,14,12,16,12,32,20,16,5,7,5,9,6,,4,9,8,8,13,4,8,4,6,1,9,3,1,6,,2,5,4,6,5,6,2,4,10,11,7,8,,,,8,8,,,11,6,,,,3,,5,3,3,5,7,5,8,4,6,,,,4,6,,5,3,3,4,4,,7,4,2,7,5,5,4,,,6,,4,7,,4,5,,4,6,2,,6,4,4,6,7,5,6,,,5,8,9,6,6,6,7,,6,,,3,,8,8,,5,4,4,4,4,5,,5,3,4,3,5,7,5,5,,5,5,3,5,5,7,9,2,4,2,,5,6,4,4,8,5,10,2,4,2,,8,1,4,,3,6,6,6,,5,4,6,5,5,,,5,4,5,7,4,5,7,8,7,5,4,6,8,7,7,24,,5,15,6,9,5,,5,8,9,4,4,6,5,7,5,7,6,10,15,15,,9,9,9,11,14,7,12,9,5,7,14,7,10,6,,8,6,7,13,9,7,8,6,12,12,9,,,11,17,16,6,7,5,6,6,10,5,,,,14,11,12,10,10,12,28,21,13,10,9,8,4,5,7,5,2,7,5,6,3,4,6,3,5,9,,10,14,11,30,23,18,12,,,12,23,6,6,38,,7,7,6,5,,,6,7,8,8,10,10,6,,5,7,6,,9,10,8,5,10,8,3,4,3,4,5,5,9,5,4,8,7,,5,,,7,7,5,5,,16,5,11,10,,,,16,5,,,,12,15,5,4,3,6,4,,4,7,3,6,8,7,5,6,7,6,10,4,5,5,3,7,,14,7,13,10,10,10,11,10,9,,4,8,10,8,12,10,8,12,13,12,54,13,10,9,5,5,3,5,,3,,5,4,4,5,3,,5,6,,,9,4,4,5,,2,5,5,,7,7,12,5,4,6,6,,8,11,,,,6,,9,7,,6,6,6,9,5,4,3,,3,5,,6,,,4,,5,8,13,7,7,7,10,9,,5,5,5,6,5,6,5,4,6,5,4,6,6,10,,11,5,5,,5,,5,9,8,,16,14,,8,9,11,6,9,,41,9,,,5,4,,4,,10,8,10,7,12,9,,10,9,,2,4,,3,,4,7,6,,7,9,60,91,25,,10,10,13,10,8,7,8,14,19,11,12,7,30,12,19,11,5,11,13,14,10,16,21,11,43,29,29,,29,12,3,8,5,,4,7,9,9,10,7,2,4,8,12,5,6,4,4,,,11,11,,7,5,4,2,5,,2,,4,,7,,5,4,8,6,6,8,9,,,,6,,6,,6,5,6,,10,9,10,3,2,,3,,6,7,6,7,7,7,,10,9,12,8,7,12,,7,,,6,3,3,1,2,4,6,4,8,7,6,5,4,5,5,3,,6,4,3,4,6,5,12,,8,9,5,5,5,,23,5,4,7,15,15,11,14,,,,,4,4,,5,3,7,5,1,1,14,8,7,7,7,5,6,3,6,6,6,,5,12,4,,5,6,,9,6,4,5,4,4,,4,3,9,11,7,8,,9,12,49,12,7,6,5,2,4,,5,3,3,4,2,15,8,4,4,,5,,8,,,,3,8,7,8,5,,,6,10,,9,6,5,4,3,5,3,6,,8,6,5,10,10,11,6,5,5,,4,5,8,8,7,8,7,8,8,11,8,5,8,,5,5,,2,4,6,7,,,4,4,5,4,5,7,6,7,6,,,3,5,3,4,4,,4,5,7,10,9,8,8,,8,7,4,,,2,3,,12,10,,,12,,8,12,,,5,5,,,10,14,16,,,2,4,6,7,5,6,5,20,13,6,13,14,14,17,15,18,3,4,5,6,9,9,8,9,,10,13,7,,36,40,8,8,4,4,10,9,7,9,10,9,,,9,8,7,5,,6,7,8,5,10,4,6,10,4,6,10,5,,,6,3,10,3,7,8,,,9,9,,6,8,9,,6,5,4,5,5,2,3,6,7,,4,18,4,9,5,9,,4,3,3,8,7,6,,4,,6,,,,6,3,6,5,6,5,,6,,6,7,7,7,6,6,2,6,17,7,12,5,3,4,1,4,5,5,5,5,5,,5,5,5,6,20,7,13,12,13,12,12,5,4,9,6,,9,14,11,8,11,2,5,5,6,26,5,6,7,4,14,,,11,9,4,7,5,5,4,2,7,11,,12,10,7,,13,8,10,4,,3,5,8,,5,6,8,5,8,8,8,8,7,8,3,4,4,,5,6,5,16,15,,14,13,4,3,4,6,7,7,7,11,6,6,,4,5,3,,4,3,,9,7,7,7,,6,4,5,6,8,6,6,,6,5,12,13,9,8,13,10,2,2,2,2,1,5,5,4,4,4,7,8,6,5,8,,,6,6,3,3,3,4,3,3,6,15,8,11,10,14,11,8,7,8,5,5,7,5,5,13,8,,7,9,12,10,8,7,9,6,6,9,7,16,8,4,3,,2,9,9,11,10,6,12,9,10,4,8,6,7,9,9,,,9,12,11,,7,9,12,12,7,7,,5,,8,,,,,5,5,8,6,6,14,6,11,,10,6,10,9,7,10,5,3,5,5,6,,,,,4,5,9,11,6,10,2,,3,6,6,8,6,5,6,7,6,6,8,10,9,8,,10,9,82,4,7,12,5,8,8,,13,9,,8,8,,8,4,7,,3,,8,,,8,,5,5,4,7,16,13,10,5,5,46,9,,30,40,8,7,12,11,,3,8,6,5,4,3,,5,5,5,13,14,,6,7,3,,15,2,17,12,10,16,7,,4,9,,9,2,3,5,4,6,5,4,5,,4,2,,,5,5,3,5,3,,,6,4,,5,,2,,14,2,15,8,9,12,4,3,4,5,8,,14,14,9,,8,7,4,,12,,7,5,6,8,6,8,68,14,,,11,8,5,3,,,4,6,7,4,,11,10,15,10,,5,5,,,,,4,7,10,6,6,14,8,6,4,24,14,26,,,6,4,,12,13,4,8,2,12,9,10,6,3,8,3,2,3,11,17,7,12,4,2,2,8,3,7,5,4,2,3,5,,12,7,28,5,6,7,7,8,5,,6,10,14,13,10,7,8,5,,5,4,3,,11,3,4,,,11,8,8,5,6,7,7,4,7,9,10,,6,10,6,6,5,4,,16,,12,12,13,,37,3,5,4,2,6,4,2,4,6,3,8,7,13,13,33,,15,,3,2,5,4,5,8,13,8,9,,11,10,6,7,,,9,5,22,,8,5,10,12,5,1,5,2,9,9,8,3,7,5,2,5,10,7,5,7,,6,4,5,3,13,9,18,20,,7,9,9,20,6,8,12,8,3,4,9,,5,4,9,5,5,12,6,4,4,3,2,7,9,6,6,14,5,4,7,6,12,5,,6,6,7,,8,11,5,6,6,8,7,6,3,,5,3,1,11,13,1,7,3,6,9,1,7,6,6,5,6,11,7,3,2,4,8,4,6,,15,11,6,9,5,12,8,5,10,7,5,8,8,9,10,,2,3,5,8,3,6,7,4,4,8,4,6,6,10,,6,7,6,,4,11,9,7,25,9,16,6,8,7,12,7,10,6,5,2,8,,6,,7,5,5,4,5,6,6,9,11,4,7,,8,14,,,6,10,9,6,8,6,3,4,9,6,12,11,6,2,6,6,5,,8,,6,5,,6,6,3,8,3,7,7,6,,8,8,7,8,,,7,8,3,7,2,8,4,1,4,7,8,5,2,,4,8,3,5,6,7,5,7,,4,,15,5,2,8,24,9,4,6,9,7,8,4,6,,,6,3,4,,7,3,15,6,10,10,7,11,10,10,8,16,,18,7,5,3,6,8,6,5,6,11,1,8,3,7,12,,7,6,,8,5,9,6,,5,5,10,2,,3,4,2,1,1,3,1,3,5,8,6,5,7,10,7,11,5,1,7,3,2,4,3,6,6,7,1,15,8,10,7,6,7,14,10,8,5,8,9
20210423,13,SO2_24h,2,3,2,2,3,3,2,2,2,4,2,2,,,5,,5,6,6,,4,,4,3,,6,2,,5,9,3,6,2,8,8,,5,10,,5,12,6,10,3,,3,,9,4,6,8,10,5,7,9,11,6,,,9,6,4,6,8,5,6,5,6,,5,3,6,3,11,9,,4,5,5,4,9,,7,8,7,8,6,6,,8,6,,,7,7,8,7,10,14,15,,14,12,13,11,7,,13,4,5,4,10,4,8,8,7,4,4,9,5,6,10,7,6,6,7,12,6,19,25,20,,17,14,13,18,14,25,19,16,5,6,4,9,6,,3,9,8,8,12,4,9,4,6,1,6,3,1,7,,3,6,4,6,5,7,2,5,12,12,9,7,,,,8,6,,7,12,6,,,,4,,6,4,3,5,6,5,7,4,6,,,,7,7,,5,3,4,3,4,,6,5,3,11,5,7,3,3,,5,,6,7,,4,5,,5,6,2,,5,3,5,6,10,5,7,,,5,8,9,5,4,6,6,,5,,,3,,8,8,,4,3,4,4,4,5,,6,4,6,5,5,7,5,5,4,5,5,3,5,5,8,8,3,5,2,,5,6,4,4,4,4,10,3,7,2,,5,2,4,,6,6,7,6,,6,5,6,7,5,,,5,4,5,6,4,4,8,8,6,5,5,6,9,7,7,8,6,5,6,6,7,5,,5,6,8,4,4,6,5,7,5,7,5,8,11,11,,9,10,9,8,10,7,7,7,4,6,10,7,7,6,,6,5,6,10,8,9,7,6,9,9,9,8,,9,18,15,7,6,5,5,6,9,7,8,,,13,10,8,11,12,13,12,14,13,14,8,11,5,5,8,6,3,8,5,9,4,3,4,3,4,10,,8,11,10,13,13,12,7,,,10,10,5,4,13,,10,10,7,7,,,14,11,7,8,9,9,6,,5,7,7,,8,17,10,10,13,14,3,4,4,4,4,5,10,6,5,9,7,8,5,8,,8,7,6,7,,8,4,7,8,,,,11,10,,,,13,15,5,4,3,6,4,,4,6,2,5,5,6,5,5,6,6,6,4,5,5,4,9,,19,10,14,15,10,14,8,7,8,,5,7,6,10,12,9,7,10,10,9,57,9,11,10,5,5,4,5,,3,,5,5,4,5,3,,4,7,,,10,5,5,7,,2,7,6,,30,13,20,11,4,8,6,5,9,11,,,,7,,8,8,,7,6,6,9,5,5,3,3,3,4,,6,,,8,,11,12,10,6,8,8,11,10,,5,5,6,6,5,6,7,5,14,12,5,6,12,9,8,9,7,7,7,6,,7,7,7,,14,13,,7,10,12,11,8,,23,11,,,6,5,,7,,18,14,14,17,9,9,,10,9,,2,6,,3,,7,9,8,,12,10,14,24,7,,9,8,11,8,8,7,7,19,17,13,14,10,18,11,11,22,4,9,12,11,9,16,18,11,17,17,13,15,13,6,4,7,5,,4,6,8,8,7,6,3,5,7,11,6,5,4,4,,12,6,14,,9,7,6,5,7,,6,4,4,,4,,5,4,4,2,8,9,10,,,,7,,6,,8,5,6,,12,8,9,4,3,,4,,6,7,5,7,7,6,,12,8,13,6,6,9,,7,,,6,2,2,1,2,4,4,4,6,9,6,5,4,6,5,5,6,7,5,3,4,6,11,16,4,12,11,8,6,8,,28,8,18,10,10,14,13,16,,,,,8,8,,7,4,7,6,3,2,14,8,6,6,7,6,4,4,6,6,7,,5,16,7,,3,3,,12,5,4,5,4,4,,4,3,9,13,8,6,,10,70,31,20,12,10,7,1,4,,5,3,3,4,1,19,10,5,5,,5,,8,5,5,,4,8,6,9,4,,,5,10,8,10,6,4,4,3,4,4,6,,8,6,5,7,8,9,5,5,6,,4,4,9,8,7,9,7,8,7,7,6,5,8,,5,5,,2,5,6,21,,,5,4,6,4,5,7,7,7,6,,,7,6,3,5,4,,4,8,10,11,10,11,7,,7,6,4,,,3,5,,12,9,12,,12,,10,15,,,6,5,,,11,10,18,,,2,4,6,8,7,8,6,16,11,11,20,12,13,13,12,12,4,6,6,7,8,8,7,8,,8,10,9,,18,13,14,12,4,4,10,8,7,8,10,11,,,10,14,15,12,11,17,12,10,8,10,7,6,13,11,14,18,12,,,23,3,9,3,10,12,,9,9,8,,6,8,10,,6,5,4,6,4,2,2,6,8,14,5,16,10,8,5,8,,4,3,3,6,6,6,,4,,6,,,,5,4,6,6,5,5,,8,,9,8,6,7,5,6,4,4,4,6,7,4,2,5,3,7,5,7,8,3,4,,3,4,7,7,17,7,13,18,18,16,12,11,16,21,15,,6,12,10,8,9,4,9,8,12,16,7,9,10,8,14,,,14,12,11,9,9,8,6,9,17,24,,20,9,6,,12,8,8,5,,3,5,8,,5,9,11,6,12,8,8,8,8,8,4,5,4,,6,6,5,11,10,,19,12,7,3,4,6,6,7,5,9,5,7,,4,5,4,,5,3,,7,7,8,7,,8,5,5,6,7,7,10,7,7,9,13,11,10,7,11,9,2,2,2,1,1,5,5,5,4,3,7,10,5,7,8,3,7,6,5,2,3,3,4,3,3,6,10,7,18,10,10,9,8,8,10,7,8,8,5,5,12,7,3,13,9,20,17,7,6,9,6,7,26,12,12,8,7,6,,8,5,10,11,9,6,9,6,9,5,15,7,9,10,11,,,7,11,8,,6,18,16,13,6,6,,6,,8,,,,,6,6,8,7,8,13,14,12,,8,8,15,13,13,11,3,3,5,4,5,,,,,4,5,9,10,6,10,4,,4,7,6,8,7,5,6,8,6,6,10,10,11,12,,10,9,14,4,9,11,5,8,5,,26,9,,12,8,,8,4,4,,4,,8,,11,8,5,6,5,6,6,14,11,8,5,8,18,11,,22,20,8,8,9,9,,4,6,5,7,4,4,,5,5,4,14,17,,6,6,6,,13,4,16,18,10,18,9,,7,10,,12,4,3,5,4,5,3,3,5,,6,2,10,4,5,6,4,6,4,,,7,4,5,4,,2,4,5,3,23,5,9,10,5,3,4,6,7,,14,15,10,,8,8,3,,7,,8,6,16,8,16,18,31,11,8,10,12,8,5,4,,,4,6,6,4,,7,12,14,8,,6,5,,,9,11,4,7,9,6,9,8,8,6,4,12,13,11,5,,6,4,,8,11,4,10,2,15,5,5,6,5,10,4,2,3,11,15,8,13,4,3,3,8,3,8,5,5,4,3,5,13,7,7,16,6,7,9,7,8,5,7,6,12,16,15,7,7,9,6,,5,4,4,,14,3,4,,,8,6,9,6,6,8,9,4,9,7,11,16,7,10,4,6,8,3,,12,8,11,16,19,,32,2,5,4,2,5,4,2,5,6,2,15,13,15,13,18,,11,,3,2,4,5,5,7,9,7,7,12,11,9,6,5,5,9,9,8,10,,9,7,8,13,6,2,5,2,10,8,7,3,7,5,2,4,8,7,6,7,,5,2,6,7,13,22,14,19,9,9,9,10,13,9,8,10,8,7,6,10,9,6,4,6,8,4,6,8,5,5,2,3,8,8,5,10,18,5,7,6,6,9,5,6,7,8,7,,5,19,7,5,5,8,6,16,2,,6,3,2,14,23,2,6,2,6,6,2,7,6,5,6,3,10,5,3,2,4,8,4,5,,8,8,6,8,5,7,8,11,7,7,6,7,6,8,10,15,3,3,5,8,6,6,6,4,4,6,5,6,7,6,,4,6,9,12,6,10,9,8,17,8,13,8,9,8,15,8,8,6,5,2,10,,7,,7,5,5,5,5,7,6,10,15,5,12,,8,15,,8,7,7,4,6,11,6,12,6,9,10,11,10,6,2,5,9,7,,6,,6,5,,6,9,7,13,3,6,6,4,,7,21,10,9,,,6,10,3,9,3,3,3,2,6,8,5,6,3,7,5,8,3,6,6,8,6,7,,5,,14,5,2,7,22,13,5,5,9,7,8,4,6,,6,10,3,7,6,14,3,18,6,9,9,7,11,10,11,12,13,,19,5,3,2,20,8,8,4,6,10,7,8,7,9,12,6,5,6,5,8,4,8,8,,5,6,10,3,5,3,7,4,2,3,2,2,3,15,5,7,5,12,22,21,7,6,4,6,3,2,3,3,7,6,8,4,6,6,9,10,8,7,12,9,8,6,9,8
20210423,13,NO2,10,5,8,8,13,10,16,8,4,10,12,12,,,18,,18,18,17,,17,,23,16,,13,16,,14,9,13,9,10,16,23,,16,22,,20,27,14,12,15,,18,,14,11,13,16,15,13,15,13,18,28,,,34,30,14,8,13,8,7,12,13,,,21,15,22,6,13,,8,6,11,15,23,,17,12,15,20,18,14,,7,7,,,9,7,7,7,6,11,14,,,26,19,19,24,,23,24,23,9,16,11,12,11,8,12,9,36,50,50,50,45,9,8,43,36,49,11,15,36,,17,28,19,16,22,10,10,27,28,53,,52,21,,38,26,18,27,36,24,,21,23,23,14,9,16,34,,46,42,34,39,33,24,18,20,12,14,20,21,,,,19,14,,10,15,15,,,,18,,20,34,29,20,32,26,31,20,23,,,,28,13,,19,18,9,9,7,,12,14,19,16,14,16,12,,,15,,8,5,,37,34,,32,33,33,,36,26,42,29,36,54,39,,,55,48,,20,17,33,16,,38,,,46,,28,24,,21,17,15,13,11,14,,21,23,8,10,11,14,15,14,23,28,18,9,13,10,18,19,24,15,5,,9,10,7,7,20,8,20,12,24,8,,13,9,7,,8,26,19,14,,27,17,22,14,18,,,22,24,19,27,21,22,16,13,9,15,16,12,13,20,12,38,,16,42,17,24,28,,11,24,31,22,26,22,22,21,28,21,30,13,40,32,,37,25,24,42,40,26,38,30,25,31,40,26,32,23,,21,20,32,19,17,18,13,5,30,,20,17,,13,36,37,13,23,12,19,6,15,9,,,,36,32,37,14,17,20,18,19,14,14,7,9,,12,19,10,7,20,21,14,9,8,31,9,5,13,,47,38,32,54,80,35,26,,,44,42,59,41,48,,15,17,47,29,,,21,20,9,25,6,8,7,,14,16,6,,9,6,8,19,16,11,5,10,7,5,9,5,29,37,21,43,45,41,,47,,30,20,39,28,,33,,34,34,,,,16,10,,,,13,12,18,18,5,10,12,,6,15,30,23,27,23,24,22,18,25,22,5,11,30,6,13,,12,10,11,15,15,11,18,14,10,,19,36,18,12,6,10,16,21,21,15,20,16,16,13,16,9,5,7,,12,,19,23,23,15,24,,17,17,,,10,11,16,19,,20,23,20,,16,8,11,11,6,29,19,,12,17,,,,24,,19,9,,18,16,18,17,18,16,11,24,20,32,,14,,,11,,7,3,11,11,6,5,7,,,7,5,4,3,6,1,4,9,9,4,8,11,13,10,10,10,8,9,5,5,,4,14,16,,11,10,,13,11,10,12,6,,22,8,,,12,10,,5,,7,9,9,17,19,14,,19,16,,10,12,,8,,19,23,18,,21,19,38,46,24,,25,20,29,20,23,12,5,17,15,11,10,8,47,14,8,12,22,20,9,20,10,15,25,18,30,37,35,22,34,26,8,15,12,,9,25,34,29,24,21,,14,10,12,7,10,17,14,,22,18,19,,10,12,7,10,10,,9,,5,,26,,28,29,20,26,,16,16,,,,8,,9,,14,15,16,,23,24,21,12,18,,18,,28,12,29,19,16,8,,17,15,12,13,12,13,,8,,,8,12,15,10,9,11,17,10,18,6,5,7,11,6,8,4,,12,9,3,4,3,11,9,5,15,22,13,18,5,,15,,16,5,27,32,18,31,,,,,,14,,,12,26,16,17,15,12,6,6,,,12,15,9,30,27,23,,10,13,27,,16,15,,18,14,19,26,27,28,,23,,40,46,50,35,,13,7,22,5,9,5,15,5,8,,17,6,20,14,6,13,15,17,17,,16,,19,,,,17,10,9,14,12,,,15,23,,13,18,18,18,18,14,10,38,,33,18,11,29,21,24,22,26,18,,11,21,19,21,17,26,32,6,6,14,12,13,16,,51,23,,18,22,9,27,,,14,16,14,11,14,12,8,13,6,,,24,16,16,17,16,,14,10,9,10,13,12,10,,11,13,10,,,13,,,17,16,16,,16,,7,15,,,17,10,,,8,12,4,,,10,10,4,,6,5,5,18,16,9,20,12,19,30,33,20,5,14,12,15,18,8,16,17,,11,13,24,,36,40,4,9,8,8,5,24,16,16,13,16,,,22,10,14,16,10,11,10,9,6,15,11,10,,4,17,18,9,,,8,5,10,8,8,11,,7,15,39,,19,29,13,,14,10,13,5,,7,8,5,13,,14,39,9,10,5,8,,3,5,4,30,8,14,,6,,16,,,,7,6,15,12,8,8,,10,,9,19,14,13,11,10,5,12,16,6,11,4,2,5,2,5,5,8,6,7,8,,7,7,6,,15,11,4,5,10,8,10,5,8,15,20,,8,,13,9,5,3,7,5,6,6,10,,6,5,10,,,10,9,7,7,10,8,7,8,2,4,,16,,19,,26,20,22,12,,13,11,11,,11,7,10,7,5,13,12,11,11,8,12,12,7,,8,10,9,46,52,,,40,,24,16,19,18,26,,25,25,24,,25,32,26,,9,12,,11,2,5,6,,9,9,13,26,30,10,7,12,6,9,10,9,12,11,7,15,3,9,8,6,9,15,16,12,11,12,14,5,15,6,11,4,2,12,4,4,5,8,12,12,,4,17,11,8,12,16,9,11,6,9,8,6,8,13,7,12,12,8,7,6,5,8,12,13,7,6,8,6,5,6,9,20,23,,25,8,9,7,12,18,19,16,16,9,13,15,14,12,12,,,16,23,22,,38,36,44,41,47,49,,11,,20,,,,,11,21,25,20,17,5,6,34,,3,5,4,,5,8,8,5,8,4,12,,,,,8,11,,8,8,17,15,,2,5,6,5,7,5,9,8,14,10,7,12,7,5,,5,9,9,8,18,16,7,7,29,,11,13,,6,2,,6,19,5,,4,,5,,,5,5,4,5,9,,17,18,18,10,12,11,16,,17,13,12,22,14,10,,9,10,22,24,8,6,,13,14,5,9,21,,18,26,9,,14,10,11,10,2,20,10,,12,15,,15,13,14,16,15,20,9,5,4,,7,4,11,7,14,4,5,1,2,,,12,8,,6,,7,,29,5,15,4,14,46,11,18,16,10,12,,16,21,7,,52,19,20,,7,,26,14,17,4,10,8,18,16,10,,12,44,31,5,,,8,14,44,16,,15,14,13,14,,5,11,,,28,20,23,16,18,9,28,59,28,22,25,52,22,38,8,,22,10,,30,8,10,14,5,9,11,13,6,13,14,6,7,12,13,27,17,11,15,8,10,12,25,14,5,5,3,5,9,9,29,14,73,15,27,10,13,5,8,14,10,13,31,12,32,,24,13,,8,3,22,,7,24,29,,,30,11,13,8,10,3,9,15,15,6,16,,9,20,7,8,15,12,,20,32,10,9,10,,18,29,17,28,,40,28,34,33,27,8,6,12,11,7,23,,18,,20,7,19,14,17,15,52,36,44,21,26,20,28,36,30,16,16,10,22,,9,,32,15,8,20,14,20,16,22,15,,16,7,9,11,28,17,13,12,,23,22,5,9,17,10,24,24,,10,31,31,23,12,8,51,32,16,10,23,9,16,16,20,2,16,20,24,17,17,16,18,10,9,9,9,44,13,9,20,21,14,5,5,8,8,12,,17,8,32,35,40,33,26,12,10,,17,3,3,12,8,27,23,17,28,12,17,23,14,24,27,19,29,14,13,8,10,,12,4,,26,16,10,19,19,9,10,3,14,19,3,20,16,35,15,,10,12,,14,9,16,,7,7,10,12,18,12,16,,22,12,5,3,11,5,24,11,28,13,10,25,15,8,19,2,9,,18,16,16,,8,,14,18,11,22,16,15,13,10,10,13,11,,16,6,,22,1,7,12,14,12,11,8,6,10,6,6,9,4,11,4,2,4,,41,,7,15,,11,7,3,8,18,32,40,15,,16,6,11,120,,,19,11,12,4,27,,16,15,20,8,20,19,14,21,,7,10,9,7,9,7,14,,37,,21,10,18,32,23,19,11,16,22,32,21,26,5,,2,9,19,17,19,14,16,12,3,42,10,,33,31,6,13,42,,21,6,27,26,14,11,10,32,26,17,21,16,11,10,16,24,18,22,17,4,36,45,23,,8,6,23,2,10,9,18,11,7,12,11,9,7,10,22,9,19,12,13,11,24,7,6,20,9,6,12,6,16,9,14,6,21,17,26,11,21,49,13,12,3,2,16,14
20210423,13,NO2_24h,25,16,30,24,38,28,38,24,16,28,38,34,,,23,,23,20,21,,23,,30,26,,22,18,,24,22,26,20,19,24,17,,20,27,,28,26,16,15,24,,20,,26,17,21,29,31,31,32,26,32,28,,,27,29,30,17,23,14,15,28,32,,32,24,18,25,23,26,,20,22,29,27,58,,18,38,35,50,45,38,,22,25,,,25,20,18,15,17,23,27,,22,33,25,30,31,,28,27,30,11,16,13,19,14,9,17,12,51,43,48,42,42,19,20,42,36,44,29,37,30,,31,32,36,34,43,30,24,43,44,55,52,56,44,,49,31,37,38,38,36,20,39,31,29,18,30,33,36,,57,56,51,46,56,49,39,56,41,40,45,21,,,,26,19,,17,30,24,,,,33,,29,55,45,25,53,48,35,63,45,,,,46,43,,13,31,27,28,26,,32,19,29,28,21,31,21,29,,22,,17,18,,51,37,,68,28,52,,53,67,55,23,54,43,54,,,30,47,40,35,29,44,26,,41,,,60,,50,46,,21,18,22,19,15,19,,35,39,30,41,34,18,22,24,20,23,22,13,18,19,26,23,29,18,12,,27,22,22,24,15,17,20,21,41,13,,21,18,7,,15,23,19,16,,22,17,21,15,11,,,21,20,13,18,18,16,44,40,34,40,42,39,39,46,23,24,28,25,38,36,31,36,,16,17,30,21,25,17,16,23,22,18,25,10,50,43,,56,60,39,70,50,66,54,33,22,34,45,38,30,62,,23,30,52,34,26,30,12,16,38,36,32,28,,13,53,40,19,18,18,15,16,23,16,20,,,51,41,41,38,36,49,45,46,39,38,21,26,13,13,15,10,12,22,28,26,11,12,22,9,9,13,,43,37,46,49,51,48,32,,,40,55,53,42,53,,37,36,45,37,,,48,10,11,34,7,11,10,,24,22,7,,16,15,39,30,30,36,7,5,9,7,14,4,40,51,43,52,49,52,47,51,,29,38,51,38,,43,13,34,38,,,,20,12,,,,21,19,22,25,11,17,15,,12,16,29,21,19,21,27,27,22,28,27,4,18,31,7,31,,29,36,25,30,21,25,22,22,19,,36,45,34,17,13,12,21,25,27,22,33,32,31,34,20,15,18,14,,11,,27,29,32,27,25,,16,20,,,15,16,21,22,,18,23,22,,23,19,16,22,9,21,15,16,14,15,,,,28,,26,12,,28,28,25,35,23,18,14,16,18,26,,16,,,27,,25,19,34,15,14,12,16,14,,13,12,16,12,14,9,12,15,15,13,23,26,31,11,10,12,29,27,20,7,,11,36,35,,16,17,,14,15,15,18,14,,31,20,,,32,25,,25,,25,23,28,33,22,17,,20,18,,26,29,,20,,30,31,29,,30,26,22,21,17,,22,16,33,21,23,13,7,27,31,25,27,18,43,12,14,23,19,20,11,27,23,24,34,25,26,31,24,26,26,17,12,14,12,,7,23,23,22,26,19,14,17,13,16,13,26,25,33,,31,30,32,,18,23,25,34,21,,32,29,5,,32,,29,33,22,31,25,20,28,,,,30,,26,,15,23,11,,37,36,24,13,18,,17,,33,27,24,28,27,26,,30,33,30,18,22,16,,20,,,8,13,15,13,8,11,24,10,21,9,11,8,9,19,25,22,27,33,28,4,6,20,38,38,38,24,38,33,32,22,,33,12,36,20,20,40,31,32,,,,,31,41,,37,16,23,20,18,17,16,12,6,15,9,14,17,12,35,35,35,,13,18,37,,36,35,,49,9,22,31,30,27,,26,28,31,36,36,38,,13,14,18,17,18,12,21,5,8,,16,7,6,11,6,15,20,19,19,,14,,14,21,21,,19,7,6,17,11,,,10,15,15,16,17,18,14,15,11,10,45,,52,49,39,48,35,45,47,52,48,,26,35,54,53,54,40,40,34,31,27,25,23,25,,41,34,,36,39,12,34,,,25,19,18,15,22,20,13,19,15,,,27,15,16,16,17,,15,40,38,36,40,44,20,,24,27,9,,,13,13,,27,34,50,,42,,12,19,,,18,13,,,9,13,9,,,11,12,12,16,7,7,8,30,18,10,21,20,18,26,28,23,26,26,27,22,17,12,17,17,,19,24,25,,24,30,23,29,15,13,8,23,10,9,9,34,,,25,34,36,54,33,30,26,28,18,25,20,10,60,44,51,52,27,,,46,10,13,9,20,24,,11,18,33,,24,36,20,,18,13,16,16,25,9,13,11,31,23,27,36,34,18,10,13,,4,11,10,19,16,20,,17,,21,,,,10,19,19,17,16,14,,17,,20,18,27,24,15,24,11,13,27,26,27,11,2,12,11,12,22,27,30,25,12,,14,7,14,16,19,16,6,17,22,24,17,12,17,22,29,,12,9,14,13,12,5,15,13,12,12,10,10,9,8,14,,,16,15,6,8,10,11,6,20,19,25,,24,40,35,,30,23,27,24,,24,24,24,,29,19,21,17,16,15,15,16,15,14,27,24,23,,15,15,14,34,27,,38,29,7,14,13,15,17,23,19,19,28,27,,32,29,29,,11,17,,14,8,15,16,,16,15,20,12,22,14,11,17,6,13,13,9,12,13,10,15,5,17,19,14,21,13,16,11,10,10,10,8,12,8,15,4,3,11,7,5,5,10,11,12,12,3,9,9,31,34,32,31,25,10,20,17,16,23,23,20,25,27,11,10,12,10,14,21,23,12,14,23,18,15,10,15,27,34,,32,21,18,9,20,23,24,18,25,19,25,27,22,26,36,,,10,17,15,,29,39,35,36,49,47,,37,,25,,,,,11,23,26,28,24,13,10,33,,31,6,10,8,11,13,7,9,7,8,9,,,,,5,7,17,20,10,13,27,,3,10,10,17,17,5,8,9,23,36,12,16,21,21,,6,9,9,10,37,39,13,9,34,,12,16,,11,7,,6,22,5,,6,,6,,7,6,6,8,8,20,35,45,35,26,5,8,11,16,,22,21,8,21,15,18,,13,14,27,34,8,7,,14,12,11,15,18,,27,36,21,,14,10,17,18,11,14,16,,16,18,,16,18,14,15,13,16,10,7,4,,11,4,10,14,20,6,8,5,4,,,17,12,12,6,,10,13,18,6,24,23,20,54,24,21,18,23,23,,55,31,22,,49,52,44,,14,,30,18,44,12,41,32,18,15,15,26,23,26,44,6,,,26,23,49,18,,21,19,17,16,,17,36,,,45,42,46,20,21,20,42,37,26,47,26,56,27,31,22,,25,20,,48,14,19,18,4,21,12,14,8,15,14,15,10,19,17,38,19,14,12,12,9,28,24,14,5,7,5,5,9,28,26,14,66,29,33,35,22,19,20,20,32,35,37,15,37,29,40,20,,24,6,29,,9,29,26,,,36,18,22,23,22,4,22,31,25,13,32,22,18,31,11,26,24,19,,25,37,25,17,25,,16,52,28,53,24,33,42,44,46,30,25,24,30,15,15,19,,25,,20,24,27,26,32,38,61,57,56,45,49,41,24,45,41,16,23,25,53,,13,26,50,19,20,24,24,24,21,32,14,14,18,14,16,16,29,19,30,27,,34,30,20,14,26,50,28,28,19,14,28,13,22,42,11,45,23,48,31,34,20,23,14,25,16,15,22,27,27,25,20,20,28,31,11,21,56,23,17,21,22,12,7,6,14,32,16,,26,17,52,34,57,43,44,27,14,,26,17,13,30,14,34,28,23,45,18,25,32,38,40,49,40,24,32,26,9,19,19,21,6,,36,14,16,47,37,10,23,10,12,25,6,16,36,46,19,20,20,16,24,18,20,23,37,19,12,13,25,42,32,28,,26,14,19,22,20,9,29,14,32,30,26,28,37,24,44,31,26,17,18,25,19,,14,,20,21,8,19,16,26,20,15,14,24,19,,15,10,,28,16,15,18,25,24,14,14,13,18,17,9,12,5,15,4,9,10,,35,,18,14,,18,18,12,24,27,28,39,28,,32,20,16,12,,,36,32,24,25,37,18,26,40,28,25,30,33,30,40,42,33,33,28,23,30,30,28,,30,,24,21,19,35,31,25,28,32,30,37,39,25,5,,5,14,31,31,44,36,13,17,19,39,15,28,43,49,28,21,43,,31,21,31,30,49,21,40,24,18,16,25,17,28,14,18,46,38,25,17,15,61,60,36,,9,8,45,2,10,32,24,9,24,24,30,15,31,31,23,14,19,34,48,22,33,17,15,21,24,15,32,24,25,28,12,18,29,14,36,13,35,45,28,29,5,4,26,14
20210423,13,O3,104,114,107,99,103,101,107,85,110,116,101,104,,,86,,93,92,94,,93,,90,101,,102,75,,136,133,136,125,134,137,128,,108,103,,110,92,103,102,114,,108,,109,107,108,113,99,119,110,114,105,123,,,127,123,100,108,110,112,111,102,100,,98,84,77,78,112,108,,125,126,126,122,117,,110,120,128,123,122,120,,136,137,,,127,137,126,136,101,90,73,,68,79,83,75,84,,83,111,105,134,111,124,120,123,115,120,116,65,50,64,54,64,99,114,,67,49,121,110,99,,115,119,126,107,103,128,133,106,91,64,76,68,90,,88,64,90,69,84,113,106,100,82,90,129,112,94,59,,,56,77,66,89,86,49,43,46,51,40,45,,,,90,100,,103,106,92,,,,120,,95,82,78,105,85,86,97,111,120,,,,120,128,,109,100,104,97,96,,90,117,125,120,107,117,68,71,,76,,123,117,,64,57,,77,55,63,,61,97,58,,45,68,48,,,76,53,59,103,100,77,97,,61,,,90,,92,88,,97,126,120,58,70,62,,98,91,96,105,98,78,82,87,107,100,115,126,113,129,113,92,107,110,125,,103,107,114,117,195,141,93,99,98,103,,107,105,94,,108,58,68,68,,60,68,63,62,76,,,51,51,56,46,55,47,109,108,110,,105,108,108,103,103,74,98,96,76,84,86,81,,101,97,90,85,100,95,81,98,96,87,74,86,181,152,,,189,213,189,170,201,169,209,133,161,100,116,162,223,,156,115,102,208,96,110,139,121,126,142,153,161,,136,115,158,161,158,160,202,159,152,107,152,,,221,213,264,198,179,223,202,179,108,120,100,143,,86,87,93,94,82,,,88,83,90,117,,71,,29,52,70,58,28,72,77,,,58,60,37,45,66,,131,136,128,123,,,132,64,118,106,120,126,114,,117,121,119,,166,149,151,142,138,137,123,124,119,120,122,132,42,27,51,29,,31,28,30,,37,41,29,32,,122,86,56,63,,,,110,115,,,,115,108,73,60,86,76,72,,88,84,,93,86,84,88,100,87,84,93,120,,79,83,131,,132,129,137,136,144,138,134,141,133,,94,91,97,105,105,94,97,91,98,96,96,91,97,103,136,127,114,127,,60,,70,66,56,,76,,77,72,,,97,86,81,65,,56,61,60,,96,122,102,104,99,96,110,,122,106,,,,56,,58,73,,66,80,87,80,86,,79,101,112,100,,68,,,134,,129,119,154,97,91,81,109,89,,88,72,75,68,94,74,66,128,127,113,114,,124,153,137,156,123,117,118,,,107,216,157,,160,163,,189,181,181,,98,,101,148,,,104,106,,133,,139,132,144,126,80,84,,81,86,,120,113,,121,,121,120,119,,121,125,79,70,94,,71,73,67,86,80,,76,81,91,88,84,95,57,97,89,100,86,91,92,85,96,85,81,84,79,74,81,78,80,96,126,119,,,118,144,135,149,127,151,115,141,152,131,144,97,89,98,,91,100,98,,104,90,100,96,88,,91,,80,,90,,78,,102,84,108,103,102,,,,110,,107,,81,83,74,,109,102,88,115,115,,112,,47,66,45,55,113,118,,120,114,123,107,150,124,,96,,,106,61,53,65,94,75,90,106,,77,90,79,81,101,96,80,,97,93,58,58,99,98,100,79,140,140,142,130,139,,137,145,141,145,81,80,92,88,,,,,102,105,,102,23,40,29,41,40,32,95,92,,102,72,172,179,49,51,56,,88,78,68,,102,100,,103,56,60,44,49,46,,46,32,36,36,34,43,,92,98,67,123,127,130,132,83,95,,71,84,79,85,101,52,49,75,75,,58,,73,,,,54,65,60,66,62,,,55,55,62,59,110,101,114,113,,126,72,,76,126,120,77,87,90,74,69,120,,105,88,100,99,105,106,97,119,117,96,87,92,85,,40,44,,97,87,53,52,,,96,109,103,106,102,125,125,117,126,,,153,102,103,97,96,,98,147,138,144,147,,127,,123,128,125,,,120,114,,137,132,122,,122,,135,141,,,103,83,,,118,129,135,,,93,98,86,74,127,125,132,109,84,96,93,90,90,76,79,68,96,83,81,88,81,81,83,79,,97,92,80,,67,71,133,128,87,108,100,92,110,109,119,129,,,111,128,118,121,122,131,113,124,122,107,104,83,97,110,104,101,111,,,,74,63,66,97,102,,84,,135,,129,129,135,,126,128,135,128,140,95,118,98,75,82,92,58,72,74,101,92,,96,113,102,76,140,129,,130,,123,,,,129,130,141,129,129,131,,82,,90,100,94,134,137,118,131,128,110,124,123,120,,113,107,111,125,124,125,127,101,,110,82,84,98,88,91,92,128,120,117,102,119,104,109,,,109,107,110,108,104,106,105,117,114,116,122,112,119,119,121,,,124,121,,88,83,82,87,110,112,124,,100,112,112,,88,91,91,97,,100,93,113,,124,124,124,117,126,106,109,104,105,111,104,114,115,,114,115,116,40,23,,48,33,80,57,72,70,66,59,59,50,59,60,,71,75,68,,95,97,,67,83,95,94,,93,99,96,21,24,88,98,92,94,98,97,87,,96,97,94,99,89,97,93,94,65,68,62,66,54,74,84,67,96,74,68,74,67,74,81,80,64,81,77,90,46,76,81,116,110,116,110,62,61,65,83,98,75,104,108,113,109,110,109,100,106,104,110,117,88,,92,98,95,108,104,23,27,,34,78,87,82,87,129,131,128,134,135,,145,132,151,150,,,38,48,45,,42,23,23,44,44,20,,103,,79,,,,,114,118,103,116,120,121,118,121,,94,124,146,127,137,142,145,118,110,111,136,,,,,60,46,140,149,139,130,88,,94,140,138,147,140,126,121,124,147,156,123,134,138,138,,140,132,133,125,172,184,123,134,169,,126,127,,116,127,,116,125,102,,127,,110,,118,109,66,64,69,59,,103,104,102,76,79,79,78,,67,81,47,72,70,111,,91,82,59,57,87,90,,77,64,75,76,71,,71,84,104,,108,90,103,108,106,90,117,,121,66,,74,70,68,60,72,79,78,84,86,,94,77,,94,96,97,92,93,99,,,91,89,,62,,54,,67,86,133,163,95,140,108,101,93,134,127,,119,76,124,,50,119,118,,118,,54,74,126,95,142,149,78,62,125,82,91,33,116,59,,,102,170,58,91,,106,109,121,70,,120,105,,,65,124,116,68,96,,50,38,46,123,66,57,92,70,117,,92,,,233,170,140,167,79,131,88,74,134,115,80,109,80,102,98,97,130,96,53,84,52,98,80,110,126,135,135,,125,108,130,116,40,116,123,157,98,99,104,106,105,147,57,122,81,,61,91,,110,94,49,,114,30,11,,,66,126,108,95,113,106,115,106,72,117,117,,119,139,115,108,163,77,,85,,93,104,102,,73,89,69,94,84,58,93,75,80,50,117,130,137,138,132,95,,95,,63,52,74,114,89,190,183,134,132,153,198,191,163,138,151,114,144,105,235,,120,181,224,218,132,78,93,92,87,87,120,100,124,135,89,87,84,80,122,109,,90,89,,105,98,114,28,44,47,66,64,55,94,86,68,15,44,123,119,148,,154,67,66,116,77,123,54,76,71,86,83,100,158,166,165,86,114,104,118,57,59,102,81,97,100,82,,108,105,74,68,64,94,79,137,94,,64,104,108,133,124,94,120,112,50,131,102,90,114,115,73,56,57,107,94,88,84,71,79,82,,200,107,117,208,202,134,122,74,,116,111,181,197,126,98,110,111,96,98,101,120,128,92,98,131,124,98,107,104,113,,86,78,129,125,105,136,6,63,80,56,100,129,132,134,96,107,103,82,67,85,87,,77,,64,80,125,68,81,73,72,86,89,112,120,,71,136,,52,92,179,162,129,169,85,103,91,100,97,107,148,92,95,58,76,80,,69,,94,74,,31,141,139,150,72,69,64,102,,102,137,125,122,,,92,147,114,135,121,,107,113,108,111,106,119,107,96,102,107,105,115,108,96,112,117,,76,,103,117,120,40,82,50,99,64,48,45,64,82,81,,101,101,40,32,124,93,102,133,118,107,132,159,194,246,100,114,88,,91,124,83,81,124,131,106,52,39,63,65,71,100,120,78,76,102,53,51,101,68,56,80,,111,83,77,99,118,122,106,117,100,115,95,111,100,135,176,76,68,128,123,117,78,105,100,99,111,114,101,106,134,140,105,130,102,91,116,101,116,58,94,134,124,126,139,68
20210423,13,O3_24h,105,114,107,101,103,101,107,100,110,116,101,104,,,99,,102,108,102,,100,,90,101,,102,82,,141,142,138,136,142,150,144,,108,103,,110,93,114,106,114,,111,,142,145,144,122,114,130,120,118,113,155,,,157,154,101,110,111,112,111,119,115,,114,107,101,105,134,129,,140,137,138,135,137,,123,136,139,142,146,139,,136,137,,,127,137,126,136,124,128,119,,124,128,133,117,116,,121,118,122,138,121,137,123,125,131,131,142,100,108,106,122,119,128,126,123,120,103,202,205,215,,232,205,231,226,184,231,231,208,114,111,109,118,107,,115,103,102,98,84,113,106,100,82,90,129,112,94,93,,88,68,80,86,91,95,80,70,70,76,62,61,,,,90,100,,103,106,92,,,,120,,95,82,78,105,85,86,98,111,120,,,,120,128,,109,100,104,100,100,,98,117,125,120,107,117,88,93,,77,,126,118,,71,57,,77,55,66,,61,97,66,56,73,76,68,,,76,73,74,103,100,98,97,,74,,,92,,117,118,,97,126,120,77,86,86,,98,91,96,105,98,98,98,106,107,100,115,126,113,129,113,92,107,110,134,,140,139,144,157,214,156,140,99,98,103,,107,105,94,,108,95,106,92,,102,108,100,119,122,,,107,101,114,116,96,97,137,141,138,146,124,134,147,138,137,116,112,113,102,118,110,83,,117,131,90,85,100,95,92,98,96,95,85,86,208,215,,230,240,254,189,222,201,193,226,154,167,136,168,162,261,,156,115,103,237,115,144,146,133,195,226,204,170,,148,142,158,161,158,160,202,170,152,136,152,,,238,266,264,242,213,265,235,206,108,125,124,143,113,104,113,113,111,111,99,108,88,83,90,117,70,114,,102,94,118,137,128,150,106,,,108,126,113,112,134,,153,142,143,123,,,134,138,123,106,124,127,115,,119,125,120,,166,155,165,142,159,147,123,126,119,120,122,132,103,92,100,84,94,82,108,81,,100,87,67,103,,125,91,79,84,,,,136,135,,,,146,136,73,70,86,76,72,,88,94,101,103,97,94,89,100,91,88,93,121,96,102,91,157,,152,153,158,154,151,148,144,152,148,,107,104,128,135,140,132,129,129,122,138,124,115,112,109,158,141,143,154,,87,,72,86,73,68,113,,108,115,,,112,100,94,78,,90,85,70,,96,122,102,104,99,110,110,112,122,111,,,,64,,69,104,,100,110,102,100,86,83,86,125,120,119,,81,,,175,,178,150,156,156,142,152,148,134,,88,79,82,81,94,88,91,128,127,113,163,169,167,153,137,156,182,179,202,115,,111,255,195,,204,216,,189,181,181,171,100,,101,157,,,118,119,,134,,139,132,144,127,180,179,,193,190,,171,152,,167,,143,131,139,,121,135,108,113,109,,130,126,120,128,130,125,128,107,109,124,115,126,115,138,122,121,128,133,135,124,103,121,121,117,144,144,153,137,150,152,137,127,136,,134,166,158,164,159,176,127,150,152,142,144,97,89,98,,91,100,98,,104,90,100,96,88,,91,72,107,,146,,151,144,158,139,143,150,151,,,,123,,122,,129,131,119,,117,116,132,134,138,,136,,92,91,84,94,118,132,,120,114,123,107,150,124,,104,,,113,61,53,65,111,94,96,111,81,80,97,84,89,101,98,88,90,103,93,61,65,194,98,100,92,140,140,142,135,142,,141,147,141,145,132,129,120,132,,,,,102,105,,102,87,121,94,102,100,85,95,92,82,102,77,172,180,96,99,99,,117,106,109,,117,111,,108,94,83,90,89,132,,85,78,120,130,132,123,,137,141,131,151,158,159,140,88,99,,87,94,102,91,103,68,65,94,94,,99,,101,109,109,,103,117,102,89,91,,,95,102,94,92,130,115,124,125,137,131,91,,87,126,124,96,94,97,74,72,120,,105,88,100,99,105,106,98,119,117,96,87,94,94,,62,47,,97,87,58,62,,,100,135,135,134,132,125,125,117,126,,,153,140,134,133,134,,127,147,138,144,147,128,127,,125,128,135,,,129,146,,137,132,136,,131,,199,204,,,132,90,,,125,135,135,,,130,136,126,134,133,127,137,162,134,149,137,139,131,126,122,116,125,116,109,125,110,120,105,109,,112,112,117,,127,126,145,134,113,161,126,118,136,132,137,208,,,111,237,234,237,226,224,205,207,211,167,181,172,199,236,225,202,234,,,282,127,144,131,184,177,,122,120,135,,129,129,135,,126,128,135,128,140,95,118,98,75,82,92,58,72,74,101,92,,96,113,102,82,140,129,,130,,123,,,,129,130,141,129,129,131,,82,,90,100,94,134,137,119,139,128,130,140,137,120,105,116,108,111,146,148,147,138,107,,110,104,92,100,93,96,106,128,120,117,102,119,104,109,109,,109,118,122,122,112,137,147,141,134,134,125,112,124,119,127,,,124,121,109,125,120,118,127,110,112,124,,152,147,138,,148,133,148,131,,140,134,116,,126,124,124,117,126,114,113,108,118,120,105,114,115,,118,119,119,85,83,,99,89,92,84,111,102,139,152,121,106,89,88,,124,118,126,,137,137,,94,90,95,94,,115,118,113,110,94,88,98,92,95,99,97,87,85,96,97,94,119,97,113,105,104,92,98,100,105,107,111,84,95,96,74,69,75,72,74,84,87,67,85,83,94,67,83,81,124,113,116,114,72,91,80,105,117,80,112,108,113,109,110,109,100,129,125,110,117,94,90,99,98,95,109,113,68,74,,72,126,120,130,125,129,131,130,134,148,158,151,145,151,150,,,127,130,122,,124,104,75,104,94,82,,103,,100,,,,,116,125,119,121,126,121,118,121,,106,132,153,136,146,152,145,118,131,111,157,,,,,66,64,153,159,147,144,93,,94,153,153,147,140,140,135,138,151,157,135,155,143,139,,140,136,145,134,172,196,132,148,169,,144,148,,129,136,,124,131,122,,128,,122,,118,113,107,95,99,90,122,112,122,128,88,92,87,110,,74,83,114,110,109,137,,131,121,78,80,129,127,,112,96,79,76,115,,102,84,144,,140,122,111,112,106,107,181,,159,153,,163,89,104,93,81,90,98,100,97,,95,90,88,101,107,118,103,109,108,,,91,89,81,77,,66,85,85,87,133,171,173,211,108,107,105,144,127,,134,145,124,,78,119,118,,122,,64,112,130,96,158,163,129,92,125,131,123,122,116,93,,,118,175,76,93,,106,141,154,100,,125,105,,,65,124,116,95,96,102,50,55,67,123,113,134,131,153,162,,102,119,,233,212,163,167,94,131,132,89,140,136,106,109,99,102,152,114,130,112,80,90,76,105,117,133,134,141,140,128,125,123,162,116,134,120,123,157,110,107,109,151,120,147,99,122,105,101,101,138,,110,94,63,,127,91,94,,,90,126,128,95,122,118,126,106,112,146,121,102,119,140,115,121,170,77,,111,91,93,104,102,,130,114,113,113,112,106,113,111,106,98,118,133,158,203,132,109,,96,,82,71,96,114,89,196,209,162,218,208,234,231,173,205,174,114,147,110,248,,120,181,239,218,140,90,105,108,101,87,120,100,124,135,89,87,137,136,124,112,,136,140,172,188,172,287,100,66,115,95,130,138,99,119,109,64,92,144,164,151,170,154,120,72,116,98,123,64,76,72,109,104,108,158,168,168,126,118,146,147,128,96,105,89,115,100,97,,111,136,102,78,88,94,79,137,94,,70,105,108,156,126,94,120,112,84,131,102,90,114,115,102,81,65,107,94,93,84,79,79,83,,200,167,161,215,202,134,132,90,145,153,111,190,197,138,98,141,137,108,108,101,120,128,92,98,131,124,98,143,120,146,,145,126,129,125,170,144,60,103,110,78,111,131,141,137,118,107,103,91,95,85,97,,104,,103,88,132,74,107,113,112,95,105,113,150,,104,155,,103,92,196,171,152,178,98,103,91,100,97,107,159,92,95,64,105,89,,108,,125,118,,105,143,139,157,76,83,88,102,,102,137,125,130,,,129,147,125,144,137,96,107,113,108,134,142,120,120,117,105,120,115,120,116,103,124,154,,151,,157,128,133,113,122,129,99,106,94,90,105,145,90,,108,110,96,67,142,131,129,209,161,154,176,162,221,280,100,131,130,,91,124,144,139,294,155,106,112,80,74,74,99,114,190,166,122,105,106,110,102,68,78,86,,122,137,77,119,140,165,144,137,104,120,102,117,108,135,176,109,105,152,311,117,146,105,103,99,119,114,101,106,134,140,131,130,157,126,217,127,215,75,105,134,134,126,139,96
20210423,13,O3_8h,61,67,63,57,59,55,54,70,69,64,54,58,,,72,,78,80,79,,75,,73,80,,89,66,,80,83,82,75,85,85,96,,92,92,,94,84,100,95,98,,104,,78,85,78,90,80,85,76,77,80,76,,,79,75,56,54,62,69,60,63,65,,65,65,61,60,75,72,,82,83,81,81,47,,59,41,57,58,56,53,,97,98,,,90,97,93,105,92,77,57,,59,60,71,63,71,,65,109,107,134,114,128,119,121,116,118,119,48,42,53,42,52,63,76,43,40,32,77,63,59,,82,82,92,76,66,80,87,70,41,36,27,33,38,,46,30,47,34,44,57,57,56,53,46,64,53,55,44,,44,40,47,41,57,60,49,43,44,47,41,36,,,,60,68,,71,65,58,,,,74,,53,49,49,59,46,54,65,58,79,,,,81,86,,56,55,59,69,71,,70,58,61,57,54,58,48,56,,52,,75,73,,39,26,,38,27,32,,33,47,34,22,31,49,28,,,45,39,40,55,50,38,51,,35,,,49,,52,53,,56,69,62,49,55,52,,37,35,42,57,37,42,50,46,78,62,70,76,67,74,62,57,72,70,80,,57,60,63,60,82,73,59,60,58,69,,66,63,64,,65,64,66,61,,61,67,65,69,70,,,52,47,56,50,53,50,57,59,58,51,49,58,62,57,54,72,68,73,61,60,60,62,,73,74,48,55,52,55,51,54,52,59,50,56,58,56,,43,69,93,53,57,78,50,88,57,65,38,53,81,102,,55,53,41,94,46,64,71,70,53,51,64,67,,72,38,50,86,78,83,88,85,69,75,69,,,79,74,93,102,98,119,110,94,46,46,44,56,52,56,57,58,55,52,38,40,57,56,56,66,39,61,,11,18,42,37,15,34,40,,,22,27,16,21,27,,59,57,49,50,,,56,82,98,84,101,103,97,,94,90,103,,137,132,133,120,124,122,104,112,103,101,104,122,41,28,22,18,29,27,44,13,,45,41,10,35,,54,62,27,25,,,,50,92,,,,77,75,62,58,66,62,59,,67,59,64,65,63,56,49,51,50,47,51,109,38,53,69,72,,61,61,78,74,98,90,97,101,97,,65,55,70,97,92,86,78,75,71,68,68,63,64,67,90,81,74,86,,70,,61,60,53,55,57,,62,68,,,82,73,68,52,,64,58,53,,65,68,71,70,69,90,98,97,109,93,,,,41,,45,67,,61,70,75,58,62,61,66,113,112,104,,53,,,60,,61,55,64,105,96,91,103,96,,54,50,54,49,49,51,45,70,65,51,51,32,59,102,89,96,78,77,66,71,,62,109,91,,101,94,,126,123,118,94,54,,40,88,,,71,76,,84,,84,90,80,73,60,64,,68,68,,91,98,,90,,75,83,74,,81,77,58,56,76,,67,71,56,76,70,85,68,63,69,79,68,90,49,90,79,96,73,73,74,66,70,67,61,68,68,60,78,57,68,68,102,94,93,,100,118,113,119,100,126,92,106,120,98,113,53,54,53,,55,66,56,,57,60,59,49,56,,56,46,91,,50,,47,40,54,39,74,80,80,,,,76,,68,,66,65,66,,70,60,42,101,102,,100,,20,30,20,26,76,80,,72,68,68,70,81,85,,65,,,83,51,48,35,100,56,51,63,32,43,59,56,49,46,50,51,41,53,42,52,53,75,44,36,33,78,76,82,89,89,,106,117,92,95,39,45,45,53,,,,,51,35,,32,35,37,30,38,44,46,53,66,43,58,55,122,132,49,49,53,,83,74,49,,33,33,,37,57,30,37,33,32,,39,37,51,58,57,53,,73,77,66,79,94,100,98,82,90,,71,81,95,89,100,45,39,66,66,,58,,62,67,67,,48,60,54,62,64,,,55,60,65,61,109,99,118,116,125,122,53,,55,68,62,50,56,61,47,38,58,,65,58,61,57,64,68,67,68,64,64,58,61,59,,31,24,,34,38,21,21,,,53,90,77,89,86,88,84,84,82,,,82,95,94,89,89,,84,70,65,74,74,58,83,,69,70,117,,,113,102,,75,64,56,,55,,113,119,,,99,74,,,89,100,102,,,84,81,66,64,113,113,122,85,80,92,87,86,66,51,57,46,86,73,69,76,80,77,74,72,,75,64,52,,59,64,99,80,75,98,83,75,102,104,105,96,,,107,122,110,114,111,121,108,118,116,66,70,90,85,98,95,86,100,,,90,77,59,73,68,74,,80,88,96,,96,96,97,,95,90,100,93,99,83,92,78,38,44,46,31,40,40,74,77,,77,81,71,52,75,74,,96,,90,,,,102,96,96,95,84,88,,50,,49,45,48,63,68,63,79,60,59,66,60,69,76,61,57,57,57,58,58,57,45,,50,41,42,51,45,46,51,53,51,52,41,64,58,64,50,,51,46,59,63,49,74,62,70,69,67,87,75,83,81,73,,,78,72,47,61,58,56,61,60,57,70,,64,77,80,,69,70,66,76,,79,71,61,,62,77,83,78,86,87,91,80,86,88,66,79,80,,95,95,98,24,23,,20,26,76,69,78,69,70,69,66,62,40,37,,64,66,64,,67,63,,51,62,67,66,,60,69,66,22,25,68,74,70,72,75,67,61,69,68,65,67,77,64,57,56,64,42,44,43,45,40,73,62,63,71,54,58,63,54,54,64,71,55,71,64,76,22,23,40,42,39,34,34,40,62,46,42,45,51,43,53,50,53,75,80,77,71,75,43,42,61,41,57,57,55,50,43,20,24,,33,36,42,56,42,66,65,66,68,81,84,76,83,75,77,,,36,37,37,,34,23,28,44,37,21,,39,,35,,,,,71,66,61,65,71,62,60,65,,38,100,119,112,116,121,76,88,84,87,109,,,,,62,56,69,76,102,96,26,,84,112,111,89,87,131,123,125,100,88,79,96,90,91,,121,123,112,106,64,86,110,117,64,,90,80,,102,108,,106,110,102,,120,,101,,82,79,67,58,62,54,53,73,78,77,78,76,74,84,,45,46,34,72,71,68,,82,75,44,45,88,90,,65,57,64,64,46,,31,38,51,,79,61,75,60,84,93,84,,87,52,,63,63,66,61,58,64,76,79,79,,74,75,68,69,77,92,77,82,86,,,58,65,58,53,,29,75,72,67,97,63,65,46,87,86,83,83,79,,52,60,80,,36,55,66,,98,,42,70,56,64,65,86,76,46,91,64,80,31,61,66,,,67,76,38,78,,72,74,89,52,,74,73,,,32,82,77,53,68,70,28,33,35,82,59,22,52,49,88,,77,60,,80,109,77,83,80,89,77,58,124,101,81,64,53,84,71,36,117,76,66,74,61,46,64,57,102,110,107,101,116,39,88,105,17,57,62,78,66,56,58,79,70,68,32,76,54,63,55,71,,69,72,36,,108,7,11,,,28,86,77,58,70,103,76,62,59,76,72,56,64,82,52,70,76,47,,51,16,39,59,52,,71,37,43,44,30,28,43,40,38,27,63,87,74,114,92,67,,70,,45,46,50,71,63,77,64,46,50,60,76,67,74,66,68,65,79,42,119,,70,87,78,116,62,63,66,80,74,44,95,75,75,92,54,52,65,63,62,44,,38,38,48,75,66,86,22,34,52,61,38,49,52,41,49,14,40,48,73,62,72,83,52,53,65,63,108,40,61,63,66,67,68,105,121,103,56,110,47,68,66,48,78,54,55,46,53,,51,59,52,36,41,38,34,73,64,,45,66,82,71,94,59,66,52,47,73,60,49,74,80,58,48,44,78,55,83,67,59,61,63,,72,109,60,70,83,73,64,54,45,84,75,90,82,58,90,68,81,81,69,86,77,71,38,57,104,91,61,58,65,86,,66,68,78,76,72,105,6,41,36,15,74,71,56,57,52,41,36,60,67,66,64,,71,,71,79,127,57,66,60,68,73,75,89,87,,69,106,,55,40,87,83,82,76,46,75,68,44,63,60,77,66,56,50,49,47,,31,,43,68,,23,118,110,134,49,55,38,50,,60,79,78,95,,,58,66,71,80,62,90,83,91,92,76,75,80,67,55,59,61,54,68,73,64,59,53,,45,,73,58,103,29,44,32,56,58,52,47,60,62,79,,87,86,10,16,51,53,94,105,51,49,119,61,66,93,42,58,37,,50,89,45,46,97,79,36,44,46,52,51,62,64,87,68,48,36,34,54,68,35,38,34,,84,82,38,97,119,88,73,117,57,67,56,64,58,80,81,72,65,70,92,60,54,64,93,91,57,73,54,70,91,89,80,88,75,81,84,94,84,42,69,90,111,102,84,58
20210423,13,O3_8h_24h,61,67,63,57,59,55,54,70,69,64,54,58,,,72,,78,80,79,,75,,73,80,,89,66,,80,83,82,75,85,85,122,,92,92,,94,88,102,106,108,,104,,78,85,83,90,80,85,76,77,80,76,,,97,75,69,68,97,97,60,68,65,,65,65,61,64,75,72,,82,83,81,81,47,,74,55,65,58,56,53,,97,98,,,90,97,93,105,92,77,64,,59,60,84,63,90,,70,111,118,134,117,130,119,121,121,121,120,56,70,73,76,84,67,76,76,81,52,77,63,59,,82,82,92,76,66,80,98,70,41,36,27,33,38,,46,45,47,34,57,59,64,56,66,58,65,53,55,44,,44,40,47,41,57,60,49,43,44,47,41,36,,,,60,68,,71,65,58,,,,74,,53,49,49,59,46,54,65,58,79,,,,81,86,,56,55,59,69,71,,70,58,61,57,54,58,48,56,,52,,75,73,,39,26,,38,27,32,,33,47,34,22,31,49,28,,,45,39,40,55,50,38,51,,35,,,49,,52,53,,56,69,62,50,73,65,,37,35,42,57,37,72,67,56,78,62,70,76,67,74,62,57,72,70,80,,57,60,63,60,82,73,59,60,58,69,,66,63,64,,65,90,96,91,,90,97,95,83,107,,,80,75,97,94,82,68,57,59,58,51,49,58,62,57,54,89,68,86,79,60,65,79,,87,74,50,74,59,64,73,81,77,71,68,72,58,56,,43,69,93,53,57,78,50,88,70,75,49,68,81,102,,55,53,41,94,46,64,71,75,53,51,64,67,,73,38,50,86,78,83,88,85,69,75,69,,,79,74,93,102,98,119,110,94,46,46,44,56,52,56,57,58,55,52,38,40,57,56,56,66,55,87,,20,53,42,37,34,34,40,,,60,27,34,21,27,,59,57,73,59,,,61,108,98,84,101,103,97,,94,90,103,,137,132,133,120,124,122,109,114,108,108,107,122,41,28,22,27,29,31,44,26,,50,41,14,35,,54,62,27,25,,,,77,105,,,,77,81,67,70,70,67,64,,67,73,71,74,68,70,49,51,50,48,51,110,53,59,69,72,,61,61,78,74,116,93,97,101,97,,65,60,70,101,97,95,103,91,90,68,71,66,65,67,90,81,74,86,,78,,61,60,53,55,88,,87,68,,,82,73,68,78,,77,78,70,,65,71,76,70,69,104,98,104,109,100,,,,63,,69,67,,61,70,75,58,62,61,66,120,114,113,,73,,,60,,61,55,64,108,110,101,106,96,,56,59,54,72,54,72,60,70,65,51,51,32,59,102,89,96,78,77,66,83,,62,109,91,,106,110,,126,123,118,95,54,,40,88,,,71,76,,93,,84,90,80,73,72,65,,68,75,,91,98,,90,,75,83,74,,81,103,101,100,100,,73,76,66,98,86,89,68,73,69,90,68,90,63,111,102,96,98,80,85,66,72,67,70,71,68,60,78,65,68,77,108,94,100,,100,118,113,119,100,126,100,106,120,103,113,53,54,53,,55,66,56,,57,60,59,49,56,,56,46,103,,50,,47,40,65,40,74,80,80,,,,76,,68,,87,66,88,,70,60,49,101,102,,100,,20,30,20,26,76,80,,72,68,68,70,81,85,,65,,,83,51,49,35,108,60,51,63,45,43,59,58,54,52,50,51,41,53,42,54,54,75,44,36,33,82,76,87,89,89,,106,138,104,117,39,45,45,80,,,,,51,35,,32,71,75,68,76,87,68,53,66,47,58,55,122,132,49,49,53,,87,76,51,,33,33,,37,65,30,37,33,37,,39,38,52,59,60,55,,121,111,68,102,109,100,108,86,96,,77,82,99,89,100,60,56,91,91,,89,,72,79,79,,70,106,98,78,82,,,90,95,77,72,109,101,118,121,134,128,53,,55,68,62,50,56,61,47,38,58,,65,58,61,57,64,68,67,68,64,64,58,61,59,,31,24,,34,38,21,21,,,53,90,77,89,86,88,84,84,82,,,82,119,119,111,101,,102,70,65,74,74,58,83,,69,70,120,,,113,122,,94,72,56,,55,,124,134,,,107,74,,,110,123,102,,,93,90,66,64,133,127,137,85,80,97,112,86,74,78,57,60,86,73,69,76,86,88,90,76,,92,94,89,,107,91,99,80,79,99,94,86,102,106,105,96,,,107,142,128,119,118,121,108,118,116,112,119,90,85,98,95,86,100,,,90,84,71,81,84,96,,84,88,96,,96,96,97,,95,90,100,93,99,83,92,78,38,44,46,31,40,40,74,77,,77,81,71,60,75,74,,96,,90,,,,102,96,96,95,84,88,,50,,49,45,48,63,68,63,79,60,59,66,60,69,86,61,57,57,57,58,58,57,45,,50,41,42,51,45,46,51,53,51,52,43,64,58,64,61,,52,54,70,71,56,74,62,70,69,71,90,75,83,81,73,,,78,72,57,77,74,70,77,60,57,70,,64,77,80,,69,70,85,76,,79,71,61,,62,77,83,78,86,90,91,81,86,88,66,79,80,,95,95,98,24,29,,24,28,87,81,85,82,70,70,66,63,43,56,,65,76,64,,72,63,,60,78,67,66,,73,77,66,40,25,68,74,70,72,75,69,61,69,68,65,67,77,64,72,56,64,54,68,73,74,70,82,62,74,71,54,58,63,54,54,64,81,55,72,64,76,22,83,79,42,39,34,34,40,62,46,42,45,51,43,53,50,53,75,80,77,91,93,43,42,61,41,57,57,55,55,53,24,24,,33,89,98,108,107,94,100,100,100,86,106,92,89,75,77,,,90,73,77,,62,23,38,51,42,21,,39,,42,,,,,71,70,66,65,71,62,60,65,,38,114,133,112,117,121,76,88,92,88,115,,,,,63,57,69,76,106,99,26,,84,122,126,89,87,134,128,133,100,88,103,124,118,102,,126,127,113,106,88,86,110,132,95,,90,95,,102,111,,112,118,118,,120,,103,,102,103,76,62,70,54,53,73,78,77,86,85,83,87,,49,56,74,74,93,99,,106,107,61,66,90,93,,82,68,64,64,88,,31,39,99,,90,83,84,60,84,94,84,,87,83,,72,77,72,72,69,77,82,82,84,,86,79,72,72,77,106,102,100,106,,,78,74,72,69,,41,75,72,71,129,63,65,46,87,86,83,83,79,,52,64,80,,36,55,66,,98,,62,70,60,64,65,86,76,83,91,75,80,78,61,72,,,67,76,38,78,,84,88,100,58,,74,73,,,32,82,77,53,69,70,28,47,35,82,59,22,64,49,88,,77,60,,80,116,107,104,90,91,94,76,128,101,83,64,53,84,84,70,117,76,72,74,69,46,94,57,102,110,107,101,116,82,97,112,17,57,62,78,66,56,58,79,70,68,35,76,63,63,55,71,,69,72,62,,118,12,36,,,28,86,77,58,70,103,76,62,59,106,72,56,64,88,52,70,76,47,,86,17,39,59,52,,78,37,43,44,30,28,43,40,38,34,63,94,74,128,92,97,,74,,45,46,50,71,63,77,64,46,50,60,76,67,74,66,68,65,79,42,119,,70,87,78,116,65,63,66,80,74,44,95,75,75,92,54,52,77,85,62,44,,38,47,106,114,116,97,22,38,90,70,58,90,52,41,49,14,57,50,73,73,100,86,99,71,68,84,108,61,61,63,92,86,68,105,121,104,56,117,47,68,66,58,78,57,55,46,53,,51,87,52,36,41,38,34,73,64,,68,66,82,71,95,61,66,52,47,73,60,49,74,80,58,48,44,78,55,92,69,64,70,66,,72,109,60,70,83,73,64,73,45,84,78,90,82,58,90,68,81,81,69,86,77,71,38,57,104,91,61,58,65,86,,66,87,78,76,113,109,6,41,36,19,91,71,56,61,52,41,36,82,90,66,74,,71,,73,79,127,57,78,60,68,73,75,89,98,,91,106,,55,43,87,83,82,76,46,75,68,44,63,60,77,66,56,52,49,47,,31,,43,75,,32,118,110,134,49,55,38,50,,60,79,78,95,,,58,66,71,80,62,90,83,91,92,76,75,80,67,55,59,61,54,68,73,64,59,54,,62,,73,58,103,29,44,46,56,58,52,47,60,82,88,,103,104,10,20,63,53,121,132,51,49,119,61,66,93,42,91,73,,50,89,45,46,122,96,36,91,68,69,74,70,64,87,74,52,36,34,62,68,35,38,34,,84,87,38,106,126,88,73,127,57,67,56,64,58,80,97,72,97,70,108,60,54,64,93,91,57,73,54,70,91,89,98,88,75,107,84,104,87,42,80,90,114,126,112,69
20210423,13,CO,0.3,0.4,0.4,0.3,0.3,0.4,0.4,0.3,0.3,0.4,0.3,0.4,,,0.7,,0.8,0.7,0.7,,0.6,,0.4,0.7,,0.5,0.6,,0.7,0.6,0.6,0.8,0.8,0.6,0.8,,0.4,0.4,,0.3,0.5,0.5,0.2,0.3,,0.2,,0.6,0.5,0.6,0.3,0.3,0.4,0.3,0.3,0.3,0.7,,,1.1,0.8,0.7,0.5,0.6,0.5,0.4,0.4,0.4,,0.3,0.4,0.4,0.6,0.3,0.4,,0.5,0.6,0.5,0.2,1,,0.7,0.6,0.6,1,0.6,0.6,,0.4,0.4,,,0.5,0.4,0.4,0.6,0.6,0.7,0.6,,1.4,0.9,0.6,0.6,0.6,,0.9,0.5,0.7,0.8,0.9,0.4,0.6,0.5,0.5,0.4,0.6,0.6,0.8,0.7,0.8,0.5,0.4,0.5,0.6,0.5,0.5,0.4,0.5,0.9,,0.3,0.3,0.5,0.6,0.1,0.5,0.5,0.6,0.9,1.5,0.9,1.2,,,1.1,0.8,0.8,0.9,1.5,0.8,0.5,1.1,1.1,0.8,0.9,0.8,0.9,1.1,,1.6,1.5,1,1.2,1.1,1,0.6,0.9,1,1,1,1.4,,,,0.7,0.6,,1,0.8,0.9,,,,0.7,,0.9,0.9,1.1,0.8,1,1.1,1,0.9,1,,,,0.8,0.9,,1,0.7,,0.5,0.6,,0.9,0.7,0.8,0.8,0.8,0.8,0.9,0.8,,0.9,,0.9,0.7,,0.9,0.6,,0.9,1,0.9,,0.9,1.1,1,0.5,0.4,1.1,0.4,,,0.8,0.7,1.3,0.5,0.5,0.4,0.5,,1.2,,,1.1,,1.3,1.1,,0.7,0.6,0.4,0.5,0.4,0.4,,0.9,0.8,0.7,0.4,0.6,,0.6,0.6,1,0.7,0.7,0.7,0.6,0.6,0.6,0.7,0.7,0.8,0.5,,0.7,0.7,0.6,0.7,0.6,0.5,0.6,0.9,0.8,0.6,,0.6,1.1,0.9,,0.7,0.6,0.5,0.6,,0.4,0.5,0.7,0.7,0.8,,,0.6,1,1,0.8,0.8,0.9,0.9,0.9,0.8,,0.7,0.6,1.1,0.9,0.6,2.4,0.8,0.7,2.6,,1,0.7,,0.7,0.8,1.1,1.1,0.9,0.8,0.9,0.8,0.9,0.9,1.1,0.8,1,0.9,,0.7,0.7,0.8,0.9,0.8,0.7,0.8,1,0.7,0.8,0.8,0.6,0.6,0.8,,0.7,0.7,0.6,0.7,0.5,0.6,0.3,0.7,0.7,0.7,0.6,0.6,,0.6,0.7,0.6,0.7,0.7,0.5,0.6,0.8,0.7,0.4,0.6,,,0.8,0.9,0.9,0.5,0.7,0.7,0.7,0.5,0.5,0.6,0.4,0.5,0.7,0.7,0.6,0.6,0.5,0.8,0.5,,0.5,0.7,0.8,0.6,0.4,0.6,,0.7,0.7,1,1,1.1,0.5,0.3,,,0.8,0.6,0.4,0.8,1,,0.7,0.7,0.9,0.8,,,0.6,0.8,0.6,0.5,0.7,0.7,0.7,,0.6,0.6,0.7,,0.5,0.4,0.5,0.3,0.4,0.6,0.5,0.5,0.5,0.4,0.6,0.3,0.8,1.1,0.6,0.9,,0.9,0.8,1,,0.8,0.7,0.9,0.9,,0.9,0.7,0.8,0.7,,,,0.9,0.6,,,,0.2,0.6,0.4,,0.4,0.5,0.3,,0.4,0.9,0.7,0.9,1.1,0.9,0.7,0.7,0.8,0.8,0.9,0.6,,0.9,0.5,0.9,,0.7,0.9,0.8,0.7,0.8,0.7,0.8,0.8,0.5,,0.7,0.9,0.8,0.5,0.5,0.6,0.6,1.1,1.1,0.9,0.7,0.5,0.7,0.5,0.6,0.5,0.5,0.4,,0.7,,0.7,1,1,0.6,0.8,,0.9,0.5,,,0.6,0.5,1,0.5,,0.8,0.8,1,,0.5,0.3,0.4,0.6,0.6,0.6,0.3,,0.6,0.2,,,,0.9,,0.6,1.1,,1.1,0.7,0.8,0.9,1,,0.7,,0.4,0.5,,0.7,,,0.6,,0.8,0.2,0.9,0.1,0.4,0.5,0.5,0.7,,0.7,0.5,0.6,0.5,0.6,0.5,0.4,0.6,0.6,0.4,0.6,0.6,0.6,0.8,0.7,0.7,0.6,0.6,0.5,,,0.5,0.7,0.8,,0.7,0.7,,0.8,0.7,0.9,0.7,0.6,,0.6,0.7,,,0.4,0.6,,0.6,,0.6,0.4,0.4,0.5,1.3,1.7,,1.5,1.6,,1,0.6,,0.9,,0.8,0.7,0.6,,0.8,0.7,1.5,1.5,0.5,,0.8,0.7,1.1,0.7,0.6,0.5,0.5,0.5,0.5,0.5,0.5,0.5,3.2,0.7,0.5,0.6,0.8,0.6,0.3,,0.8,0.8,0.8,0.8,1.1,0.9,1,0.8,0.9,0.7,0.6,0.5,0.4,,0.3,0.6,,0.6,0.5,0.6,,0.4,0.3,0.3,0.2,0.7,0.6,0.8,,,1.2,0.8,,0.7,0.9,0.8,0.8,0.7,,0.3,,0.7,,0.9,,1,0.8,0.5,1,0.5,0.6,0.9,,,,0.6,,0.6,,0.7,0.7,0.6,,0.5,0.7,0.8,0.9,0.9,,0.8,,0.8,0.9,0.2,0.6,0.6,0.8,,1,0.9,0.8,0.6,0.8,0.9,,1,,,0.9,0.5,0.8,0.8,0.5,0.8,1.4,0.9,1,0.6,0.5,0.5,0.6,0.6,0.8,0.5,,0.8,0.6,0.5,0.4,0.8,0.7,0.8,0.7,0.7,0.8,0.8,0.7,0.7,,1,0.1,0.3,0.4,0.8,0.9,0.7,0.8,,,,,0.6,0.5,,0.5,1,1,,0.6,0.7,0.7,0.6,0.5,0.7,0.6,0.3,0.5,0.5,0.7,0.9,1,,0.7,0.9,0.8,,0.9,1,,1,,0.7,0.8,0.8,0.9,,0.8,0.8,0.9,0.9,,0.9,,0.6,0.7,0.8,0.4,0.4,0.4,0.4,0.2,0.4,,0.4,0.3,0.3,0.2,0.3,0.6,0.8,0.3,0.3,,0.7,,1,,,,1,0.7,0.5,0.5,0.6,,,0.8,0.9,0.8,0.8,0.4,0.5,0.5,0.5,0.4,0.6,0.9,,0.9,0.8,0.8,1,1.1,1.2,0.9,1.1,0.6,,0.9,1,0.9,0.8,0.8,1.1,1,1,0.9,1.3,1.4,1,0.7,,1.2,1.1,,0.8,0.8,1,1.3,,,0.7,0.4,,0.5,0.3,,0.6,0.8,0.8,,,0.5,0.9,1,1.1,0.9,,1,0.6,0.5,,0.7,0.6,0.6,,0.5,0.7,0.8,,,0.8,0.7,,0.8,0.7,0.9,,0.7,,0.7,0.8,,,0.1,0.5,,,0.9,0.7,0.3,,,0.3,0.3,0.2,0.2,0.5,0.5,0.4,0.5,0.6,0.4,0.7,0.4,0.9,1,1.1,0.8,0.7,0.5,0.5,0.4,0.6,0.6,0.7,0.5,,0.5,0.5,,,1.8,1.6,0.4,0.6,0.8,0.5,0.3,0.1,0.5,0.6,0.5,0.7,,,0.6,0.4,0.4,0.4,0.5,0.4,0.2,0.2,0.1,0.3,0.3,0.6,0.4,0.4,0.5,0.7,0.4,,,,0.2,0.2,0.2,0.4,0.4,,0.3,0.3,0.5,,0.3,0.5,0.3,,0.4,0.5,0.4,0.3,0.4,0.5,0.6,0.5,0.8,0.7,0.8,0.7,0.6,0.8,0.6,0.5,,0.5,,0.5,0.9,0.7,0.8,,0.4,,0.5,,,,0.7,0.6,0.6,0.8,0.5,0.6,,0.8,,0.8,1,0.9,0.8,0.7,0.6,0.6,0.8,1.4,0.5,0.8,0.4,0.3,0.4,0.4,0.5,0.4,0.5,0.4,0.5,0.5,,0.4,0.2,0.7,0.5,0.7,0.5,0.9,1,1,0.7,1.3,0.5,0.5,0.6,,,0.7,0.6,0.5,0.5,0.6,0.9,,0.5,1.5,1.1,0.6,0.8,0.8,0.6,1,,,0.8,0.8,,0.7,0.8,0.8,0.9,0.5,0.6,0.6,,1.5,,0.5,,0.9,0.7,0.8,0.8,,0.8,0.7,0.8,,0.7,0.6,0.6,0.6,0.7,0.8,0.8,0.8,0.6,0.7,0.5,0.6,0.6,,0.5,0.4,0.4,1.2,1.3,,1,1.1,0.8,0.7,0.9,0.6,0.8,0.7,0.9,0.9,0.9,1.1,,0.7,0.7,0.9,,0.9,0.8,,0.8,0.8,0.6,0.8,,0.7,0.6,0.4,0.9,1,0.9,0.8,1,,1,1,0.7,0.7,0.6,0.5,0.8,1.3,0.9,1.3,1,0.6,1,1.2,0.9,0.7,0.8,1,0.8,0.9,1,1,0.8,0.5,0.9,0.9,0.9,0.8,0.6,0.6,1,0.5,0.5,0.8,0.8,0.7,0.6,0.7,0.6,0.8,,0.5,0.7,1,0.6,0.6,0.5,0.7,0.8,0.5,0.7,0.6,0.8,0.8,0.5,0.6,0.5,0.5,0.6,0.6,0.6,0.5,0.6,0.3,0.7,,0.6,0.5,0.6,0.4,0.4,0.7,1,0.9,0.9,0.8,0.9,,0.6,0.6,0.6,,,0.8,0.7,0.8,,0.9,0.4,0.9,1.1,1.1,1.3,,0.6,,0.5,,,,,0.5,0.6,0.7,0.5,0.6,0.5,0.3,0.4,,0.4,0.5,0.4,0.4,0.4,0.5,0.6,0.6,0.5,0.6,0.4,,,,,0.2,0.4,,0.4,0.4,0.5,0.5,,0.9,0.3,0.4,0.3,0.2,0.5,0.5,0.5,0.4,0.2,0.6,0.7,0.5,0.6,,0.6,0.6,1.1,0.7,0.9,0.7,0.6,0.5,1,,1.3,0.9,,0.5,0.4,,0.4,0.3,,,0.5,,0.3,,0.3,0.3,0.6,0.7,0.6,0.7,,0.7,0.8,0.6,0.6,0.7,0.7,0.8,,0.7,0.7,0.3,0.6,0.9,0.6,,0.3,0.3,0.5,0.6,0.3,0.3,,0.9,0.8,0.2,0.3,0.5,,0.6,0.7,0.3,,0.5,0.5,0.8,0.5,0.5,0.5,0.5,,0.5,0.7,,,0.6,0.7,0.7,0.6,0.5,0.6,0.4,0.4,,0.2,0.2,,0.2,0.1,1.1,0.4,0.5,0.3,,,0.4,0.3,0.6,0.6,,0.7,,0.7,0.4,0.7,0.4,1.1,0.9,0.4,0.7,0.7,0.5,0.6,,0.7,0.7,0.6,,0.6,1.1,1.1,,0.4,,0.6,0.4,0.6,0.5,0.7,0.7,0.8,0.4,0.4,,0.8,0.9,1,0.5,,,0.3,0.2,1.1,0.5,,0.5,0.7,0.7,0.7,,0.7,0.9,,,2.8,0.8,0.8,0.8,0.8,,1.6,1.2,1.5,0.8,0.8,0.7,0.7,0.8,,,0.9,0.6,,0.8,0.7,0.4,0.6,0.4,0.3,0.3,0.3,0.7,,0.8,0.8,0.6,0.6,0.7,0.8,0.4,0.4,0.6,0.4,0.7,0.5,0.7,0.7,0.4,0.8,0.6,0.8,0.5,0.4,0.9,0.2,1.3,0.8,0.8,0.8,0.9,0.8,1,0.9,0.6,0.6,1.5,0.8,1.4,1,0.7,0.9,,0.6,0.8,0.7,,1.2,0.8,0.5,,,1.1,0.4,0.4,0.8,0.7,0.4,0.6,0.8,0.5,0.4,0.6,,0.7,0.7,0.4,0.7,0.6,0.7,,0.8,,0.7,0.7,0.5,,0.4,0.8,0.8,0.7,0.8,1.2,0.7,0.7,0.8,0.9,0.4,0.4,0.6,0.8,0.4,1.2,,1.1,,1.3,1,1,0.9,0.9,0.8,0.9,0.9,0.8,,0.9,0.7,1,0.7,0.6,0.6,0.6,0.6,0.5,,0.5,,0.9,0.7,0.3,0.4,0.4,0.7,0.6,0.7,0.3,0.6,0.7,0.5,0.7,0.8,0.7,0.7,0.8,0.6,,0.7,0.9,0.4,0.6,0.5,0.4,0.7,0.7,0.8,0.7,0.8,0.7,0.7,0.5,0.4,0.6,0.5,0.6,0.8,0.7,,0.7,0.5,0.7,0.3,0.4,0.2,0.7,1.1,1.1,0.8,0.8,0.5,0.3,0.4,0.5,1.8,0.5,0.4,,0.7,0.7,0.9,,0.6,0.7,0.9,,1,0.8,1.1,1,1.1,1,1,0.6,0.9,,0.6,0.2,0.3,0.6,,0.9,0.9,0.8,,0.6,0.8,,1,0.9,1,0.9,2,0.9,0.5,0.3,0.2,0.5,0.3,0.4,,0.8,0.5,0.7,0.7,0.6,0.7,0.6,0.4,0.4,0.7,0.6,0.9,0.8,0.9,,0.5,0.3,0.5,0.8,0.8,0.3,0.7,0.8,0.7,0.5,0.6,0.8,0.5,0.5,0.6,,0.6,0.7,0.7,,0.4,0.6,0.8,0.4,0.9,0.5,0.3,0.9,0.6,0.8,1.1,0.4,0.6,0.6,0.6,0.8,0.4,,0.7,,0.7,0.3,0.4,1,0.8,0.4,0.4,0.9,0.3,0.5,0.4,,0.7,0.3,,0.7,,0.5,0.6,0.4,0.6,0.7,0.7,0.5,0.7,0.6,0.4,0.3,1.1,0.6,0.5,0.6,0.5,,1.3,,0.7,0.8,,1,0.5,0.1,0.3,0.9,1.3,1.4,0.4,,0.5,0.5,0.5,0.5,,,1.7,0.6,0.6,0.5,0.7,0.5,0.5,0.4,0.3,0.5,0.9,0.4,0.3,0.2,,0.3,0.3,0.3,0.4,0.2,0.6,0.8,,0.7,,1.4,0.8,0.7,0.8,0.8,0.9,0.8,0.9,0.6,1,0.8,0.6,0.2,,0.4,0.6,0.7,0.6,0.5,0.7,1,0.7,0.3,0.5,0.5,0.7,0.9,0.7,0.6,1.8,1.2,,1.2,0.4,0.9,0.7,0.4,0.5,0.5,1,0.7,0.8,0.6,0.7,0.5,0.5,0.8,0.9,0.7,0.7,,0.5,,1,0.9,,0.8,0.3,1.6,0.2,0.8,0.6,0.3,0.8,0.4,0.4,,0.4,0.3,0.4,1,1,0.6,0.6,0.4,0.6,0.9,0.9,0.3,0.4,0.5,0.3,0.5,0.3,0.5,0.3,0.6,0.4,1.6,0.8,0.6,0.3,0.5,0.9,0.4,0.4,0.5,0.4,0.7,0.5
20210423,13,CO_24h,0.6,0.7,0.7,0.6,0.6,0.6,0.6,0.6,0.6,0.8,0.7,0.7,,,0.8,,0.9,0.9,0.7,,0.9,,0.9,1.4,,1,0.8,,0.6,0.7,0.5,0.7,0.6,0.5,0.7,,0.7,0.8,,0.8,0.7,0.4,0.3,0.3,,0.2,,0.6,0.5,0.6,0.4,0.5,0.6,0.4,0.5,0.4,0.6,,,0.8,0.7,0.8,0.7,0.7,0.6,0.5,0.4,0.5,,0.4,0.6,0.6,0.8,0.5,0.6,,0.5,0.6,0.5,0.2,1,,0.8,0.9,0.8,1,0.9,0.8,,0.6,0.6,,,0.6,0.6,0.5,0.7,0.7,0.7,0.7,,0.9,0.9,0.6,0.7,0.7,,0.9,0.4,0.6,0.7,0.6,0.4,0.5,0.4,0.4,0.4,0.5,0.6,0.7,0.6,0.7,0.5,0.5,0.6,0.5,0.4,0.4,0.5,0.6,0.9,,0.5,0.6,0.6,0.4,0.3,0.6,0.7,0.7,0.9,0.8,0.8,0.8,0.6,,0.9,0.7,0.7,0.8,1,0.8,0.5,1.1,1.1,0.8,1,0.9,1,0.6,,1.1,1.1,0.7,0.8,1,0.9,0.6,0.8,0.9,0.9,0.8,0.8,,,,0.8,0.7,,1,0.9,1,,,,0.8,,0.9,0.8,0.9,0.8,0.9,0.9,0.9,1,1,,,,0.8,1,,0.8,0.7,1,0.6,0.8,,1,0.6,0.9,0.8,0.8,0.7,0.7,0.6,,0.8,,1.1,1,,0.8,0.5,,0.7,0.9,0.8,,0.8,0.9,0.8,0.6,0.6,0.7,0.5,,,0.5,0.7,0.8,0.6,0.5,0.4,0.5,,0.8,,,0.8,,0.9,0.8,,0.6,0.4,0.3,0.5,0.4,0.4,,0.8,0.6,0.8,0.6,0.7,0.5,0.5,0.5,1,0.7,0.8,0.8,0.8,0.7,0.6,0.7,0.7,0.8,0.5,,0.7,0.7,0.7,0.7,0.5,0.5,0.5,1.1,1,0.8,,0.8,1.3,1.1,,0.9,0.5,0.5,0.6,,0.4,0.5,0.7,0.7,0.6,,,0.2,0.6,0.6,0.4,0.4,0.6,0.9,1,0.9,0.9,0.8,0.6,1.1,0.9,0.7,0.8,0.8,0.7,1,0.9,0.8,0.7,,0.7,0.7,1,1.1,0.8,0.8,0.8,0.8,0.8,0.8,1,0.9,1,0.9,,0.8,0.8,0.8,1,0.8,0.8,0.8,0.9,0.6,0.7,0.7,0.6,0.5,0.8,,0.6,0.7,0.6,0.7,0.5,0.7,0.3,0.7,0.7,0.8,0.6,0.7,,0.6,0.7,0.6,0.7,0.7,0.4,0.5,0.8,0.7,0.4,0.5,,,0.8,0.8,0.9,0.6,0.7,0.7,0.7,0.5,0.7,0.7,0.4,0.5,0.7,0.7,0.6,0.7,0.6,0.7,0.6,0.6,0.4,0.6,0.6,0.5,0.4,0.7,,0.7,0.8,1,0.9,0.9,0.6,0.3,,,0.8,0.6,0.4,0.8,1.1,,0.9,0.9,0.8,0.8,,,0.8,0.7,0.5,0.4,0.6,0.7,0.6,,0.6,0.6,0.7,,0.6,0.6,0.6,0.6,0.7,0.8,0.5,0.5,0.5,0.4,0.6,0.4,0.7,1.1,0.8,0.8,0.9,0.8,0.8,0.8,,0.6,0.7,0.9,0.9,,0.7,0.7,0.8,0.6,,,,0.6,0.8,,,,0.5,0.7,0.5,0.9,0.5,0.5,0.4,,0.5,0.9,0.7,0.9,0.9,0.9,0.7,0.8,0.8,0.7,0.8,0.6,0.6,0.8,0.5,1.1,,0.9,1,1,0.9,0.8,0.7,0.7,0.7,0.6,,0.9,1.3,1.1,0.5,0.6,0.6,0.6,0.9,0.9,0.8,0.7,0.6,0.7,0.6,0.5,0.5,0.5,0.4,,0.8,,0.7,1,1,0.9,0.7,,0.8,0.5,,,0.9,0.9,1.4,0.6,,0.6,0.9,1,,0.9,0.4,0.7,0.7,0.7,0.6,0.3,0.8,0.6,0.2,,,,1,,0.7,1.1,,1,0.7,0.7,0.9,0.9,0.7,0.6,0.4,0.4,0.5,,0.8,,,0.6,,0.9,0.7,0.9,0.2,0.5,0.5,0.6,0.8,,0.7,0.5,0.6,0.7,0.6,0.5,0.4,0.6,0.6,0.4,0.7,0.7,0.6,0.7,0.6,0.6,0.7,0.8,0.6,0.6,,0.5,0.9,1,,0.7,0.8,,0.7,0.6,0.8,0.7,0.6,,0.7,1.1,,,0.5,0.7,,0.8,,1,0.7,0.9,0.8,1.2,1.6,,1.3,1.5,,1.2,0.7,,0.9,,0.9,0.8,0.8,,1.1,0.9,0.6,0.3,0.3,,0.6,0.6,0.9,0.6,0.6,0.5,0.4,0.7,0.7,0.7,0.7,0.6,1.6,0.5,0.4,0.8,0.6,0.5,0.3,0.7,0.8,0.8,1,1,0.8,0.7,0.6,0.7,0.7,0.6,0.6,0.5,0.4,,0.3,0.5,0.5,0.5,0.5,0.5,0.5,0.4,0.4,0.3,0.3,0.8,0.7,0.8,,1.4,0.9,1,,0.8,1.1,1,1.1,0.9,,0.7,0.7,0.7,,0.9,,1.1,0.9,0.5,1.1,0.5,0.4,0.8,,,,0.7,,0.6,,0.9,0.8,0.8,,0.6,0.9,0.8,0.9,0.8,,0.8,,0.9,1,0.6,0.8,0.7,0.8,,0.9,0.8,0.8,0.6,0.8,0.8,,1,,,0.8,0.5,0.8,0.9,0.5,0.8,1.4,0.7,0.9,0.6,0.5,0.5,0.6,0.7,0.9,0.7,0.9,1,0.7,0.5,0.4,0.9,0.7,1,0.7,0.8,0.8,0.9,0.8,0.7,,1.7,0.2,0.9,0.7,0.7,1,0.7,0.8,,,,,0.8,0.8,,0.7,1,0.8,0.7,0.6,0.6,0.8,0.7,0.5,0.5,0.7,0.4,0.5,0.5,0.7,0.8,0.9,,0.7,0.9,0.9,,0.7,0.8,,1,0.6,0.6,0.7,0.7,0.7,,0.6,0.6,0.8,0.8,0.8,0.7,,0.6,0.8,0.6,0.7,0.6,0.6,0.6,0.2,0.4,,0.4,0.4,0.1,0.2,0.3,0.7,0.9,0.5,0.5,,0.6,,0.6,0.5,0.5,,0.6,0.5,0.3,0.4,0.5,,,0.4,0.4,0.5,0.6,0.4,0.5,0.5,0.4,0.7,0.6,0.7,,0.8,0.7,0.8,0.8,0.8,1,0.9,1,0.7,,1,1.1,1,0.9,1,1,0.9,1.1,1,1.2,1.2,1,0.7,,0.9,0.8,,0.6,0.5,0.7,0.9,,,0.8,0.4,0.3,0.4,0.3,0.8,0.6,0.8,0.9,,,0.5,1.1,1.1,1.3,1.1,,1.4,0.8,0.7,0.9,0.9,0.7,0.6,,0.6,0.8,0.7,,,0.7,0.7,,0.9,0.7,0.9,,0.7,,0.8,0.8,,,0.1,0.5,,,0.8,0.6,0.5,,,0.2,0.3,0.3,0.2,0.6,0.5,0.5,0.6,0.6,0.5,0.7,0.5,0.7,0.8,0.7,0.8,0.8,0.6,0.7,0.5,0.6,0.5,0.6,0.5,,0.4,0.5,0.6,,0.9,0.7,0.6,0.8,0.7,0.5,0.3,0.1,0.4,0.6,0.5,1,,,0.7,0.9,1,1,0.8,1,0.6,0.7,0.5,0.6,0.5,0.6,1.3,1.3,1.1,1.3,0.9,,,1.3,0.3,0.2,0.3,0.6,0.6,,0.4,0.5,0.8,,0.6,0.7,0.5,,0.6,0.8,0.6,0.7,0.6,0.6,0.8,0.7,0.9,0.7,0.8,0.9,0.6,0.9,0.7,0.5,,0.6,0.6,0.5,0.9,0.9,0.9,,0.6,,0.6,,,,0.8,0.6,0.7,0.8,0.6,0.7,,0.9,,0.8,1,0.8,0.8,0.7,0.7,0.6,0.7,0.6,0.6,0.7,0.5,0.2,0.5,0.5,0.5,0.6,0.6,0.6,0.6,0.5,,0.4,0.4,0.7,0.6,0.6,0.5,1,2,1.5,1.5,1.4,0.6,0.6,0.6,1,,0.5,0.5,0.4,0.4,0.5,1,0.9,0.6,1.4,1.1,0.7,0.8,0.8,0.6,1,,,0.9,1,0.7,0.6,0.7,0.8,0.8,0.5,0.7,0.8,,0.9,0.5,0.5,,0.8,0.8,0.8,0.8,,0.8,0.7,0.9,,0.8,0.7,0.7,0.7,0.8,0.8,0.9,0.8,0.7,0.8,0.7,0.7,0.7,,0.5,0.4,0.5,1.3,1.3,,1.4,1.1,0.8,0.7,0.8,0.6,0.8,0.7,0.9,0.8,1,1.1,,0.5,0.5,0.6,,0.9,0.9,,0.8,0.7,0.6,0.7,,0.8,0.7,0.6,0.7,1,0.8,0.9,1.1,0.8,1,1,0.8,0.9,0.7,0.7,0.8,1.3,0.9,1.5,1,0.7,1,0.7,0.9,0.7,0.8,0.9,0.8,0.9,1,1,0.8,0.5,0.8,0.9,0.8,0.8,0.6,0.6,1,0.6,0.5,0.8,0.5,1.3,0.8,0.8,0.8,0.7,0.6,0.5,0.7,0.9,1.3,0.4,0.5,0.8,0.8,0.5,0.7,0.6,0.9,0.9,0.5,0.7,0.6,0.6,0.6,0.8,0.6,0.5,0.5,0.4,0.9,,0.8,0.6,0.6,0.4,0.5,0.6,0.9,0.9,0.8,0.9,0.8,0.8,0.7,0.7,0.8,,,0.8,0.6,0.7,,0.8,0.4,0.7,0.9,1,1.1,,0.6,,0.5,,,,,0.6,0.6,0.7,0.6,0.6,0.6,0.7,0.4,,0.4,0.6,0.6,0.6,0.7,0.6,0.6,0.6,0.5,0.6,0.4,,,,,0.2,0.4,0.7,0.5,0.4,0.5,0.8,,0.9,0.4,0.5,0.5,0.4,0.5,0.5,0.5,0.4,0.4,0.7,0.8,0.6,0.7,,0.6,0.6,0.5,0.7,1.2,0.7,0.7,0.5,0.8,,1.7,0.9,,0.7,0.5,,0.4,0.3,0.5,,0.6,,0.4,,0.4,0.4,0.5,0.7,0.6,0.6,0.7,0.7,0.7,0.7,0.5,0.6,0.6,0.6,,0.7,0.8,0.3,0.5,0.7,0.6,,0.4,0.4,0.4,0.7,0.3,0.3,,0.8,0.7,0.2,0.3,0.4,,0.8,0.7,0.5,,0.5,0.5,0.7,0.6,0.6,0.5,0.5,,0.5,0.6,,0.4,0.6,0.7,0.6,0.6,0.5,0.3,0.3,0.4,,0.3,0.2,0.2,0.3,0.2,1,0.5,0.5,0.4,,,0.4,0.3,0.6,0.5,,0.7,0.3,0.4,0.5,1.2,0.3,1.4,0.9,0.8,0.9,0.8,0.5,0.7,,0.8,0.7,0.7,,0.6,0.8,0.9,,0.6,,0.7,0.4,0.9,0.6,2.2,1.9,0.6,0.4,0.8,0.6,0.8,0.8,0.7,0.5,,,0.5,0.2,0.8,0.7,,0.8,0.9,0.9,0.7,,0.9,1.1,,,1.3,0.9,0.8,0.8,0.9,0.8,1.4,1.1,1,0.7,0.6,0.8,0.7,0.7,1,,1,0.8,,1,0.7,0.5,0.6,0.3,0.5,0.4,0.5,0.7,1,0.7,0.9,0.6,0.8,0.6,1.1,0.4,0.3,0.7,0.4,0.8,0.5,0.6,0.7,0.3,0.6,0.5,0.5,0.5,0.5,0.8,0.2,1.2,0.9,0.9,0.9,0.9,0.8,1,0.7,0.7,0.8,1.6,0.8,1.1,1.1,0.6,1.1,,0.7,0.9,0.7,,0.6,0.8,0.4,,,0.7,0.6,0.6,1,0.8,0.3,0.7,0.9,0.5,0.4,0.7,0.8,0.8,0.8,0.4,0.7,0.6,0.8,,0.7,0.7,0.5,0.7,0.7,,0.4,0.5,0.7,0.6,0.5,0.8,0.6,0.7,0.7,0.7,0.7,0.8,0.7,0.7,0.4,1,,1.3,,1,0.9,0.9,0.9,0.8,0.9,0.9,1,0.8,0.7,0.9,0.8,0.8,0.6,0.7,0.6,0.5,0.7,0.6,,0.5,0.9,0.9,0.6,0.3,0.6,0.5,0.8,0.8,0.8,0.5,0.7,0.8,0.5,0.8,0.8,0.8,0.9,0.9,0.8,,0.7,0.9,0.7,0.7,0.6,1,0.7,0.7,0.8,0.6,0.9,0.6,0.7,0.8,0.4,0.5,0.5,0.9,1,0.8,0.6,0.8,0.4,0.8,0.3,0.6,0.2,0.9,1.2,1.1,0.7,0.7,0.6,0.4,0.5,0.6,1.8,0.5,0.5,0.8,0.7,0.7,0.9,0.7,0.6,0.9,0.9,,0.9,1,0.9,0.6,0.9,0.6,0.7,0.7,1,,0.8,0.5,0.6,0.9,0.4,1,0.9,0.6,0.8,0.6,0.8,0.8,1,0.9,0.9,0.8,1,1.1,0.5,0.3,0.3,0.5,0.4,0.4,,0.8,0.5,0.7,0.8,0.5,0.5,0.5,0.4,0.6,0.5,0.6,0.7,0.8,0.8,,0.6,0.5,0.5,0.8,0.9,0.5,0.8,0.9,0.8,0.6,0.8,0.9,0.7,0.5,0.5,,0.4,0.8,0.8,0.8,0.6,0.6,0.8,0.8,0.8,0.7,0.4,0.9,0.8,0.9,1.1,0.6,0.9,0.8,0.6,0.9,0.5,,0.7,,0.6,0.3,0.2,0.7,0.8,0.5,0.7,1.2,0.7,0.9,0.6,,0.6,0.4,,0.7,0.8,0.5,0.5,0.5,0.2,0.6,0.7,0.6,0.7,0.7,0.4,0.4,1,0.5,0.5,0.6,0.6,,0.8,,0.8,0.7,,1.2,0.6,0.6,0.5,0.7,0.9,1,0.4,,0.4,0.7,0.6,0.6,,,1.6,0.6,0.6,0.6,0.7,0.7,0.4,0.6,0.7,0.5,0.7,0.5,0.5,0.4,0.6,0.5,0.5,0.5,0.6,0.5,0.7,0.9,,0.9,,0.7,0.9,0.6,0.8,0.8,0.9,0.9,0.9,0.5,0.8,0.8,0.7,0.2,,0.5,0.6,0.8,0.7,0.7,1,1.2,0.7,0.4,0.4,0.7,0.7,0.8,0.7,0.8,1.8,1.1,,1.5,0.6,0.9,0.8,1.1,0.4,0.7,0.6,0.3,1,0.8,0.9,0.6,0.6,0.5,0.9,0.7,0.8,0.8,0.4,0.8,0.8,0.7,,0.8,0.4,1.4,0.2,0.8,0.7,0.3,0.8,0.7,0.7,0.3,0.6,0.6,0.8,0.9,1,0.6,0.9,1.2,0.6,0.6,1,0.8,0.7,0.7,0.6,0.7,0.6,0.6,0.5,0.7,0.6,0.6,0.2,0.9,0.3,0.8,0.7,0.5,0.7,0.5,0.4,0.7,0.7
20210423,14,AQI,33,38,34,32,32,32,36,34,36,39,33,35,,,27,,31,32,31,,31,,28,33,,33,26,,58,53,,67,59,69,,,33,33,,34,30,32,32,36,,35,,54,43,59,49,44,41,,41,55,67,,72,,,31,34,34,35,35,45,33,,,32,30,31,40,35,,54,60,58,70,53,,62,45,46,46,44,52,,44,45,,,42,44,40,,33,30,23,,31,36,36,41,36,,27,36,39,44,38,41,40,40,38,39,38,42,46,62,45,35,32,36,36,43,58,43,44,,,50,55,54,49,54,45,45,60,65,79,,80,79,,65,84,68,74,59,41,,51,62,52,47,41,55,108,,,58,75,53,55,59,38,35,40,46,53,94,,,,62,70,,,69,63,,,,45,,52,55,55,55,55,58,57,40,48,,,,59,43,,35,40,38,45,62,,45,,92,97,79,89,95,,,57,,54,58,,46,46,,40,44,42,,43,57,58,,28,62,32,,,60,55,,38,36,50,54,,64,,,50,,,55,,48,103,110,,24,18,,39,42,37,35,37,40,40,38,,44,39,41,39,42,46,45,,45,43,,59,38,69,56,97,44,34,34,32,35,,35,35,33,,,,42,34,,46,34,37,46,51,,,94,85,74,92,68,70,62,63,57,,64,57,63,69,60,62,,42,51,,58,33,,35,35,54,48,53,73,51,48,59,54,55,37,108,103,,105,106,117,117,108,108,103,117,55,84,53,58,56,73,,49,55,51,106,53,58,56,52,78,,89,,,64,74,65,83,80,84,92,98,55,48,,,,129,144,134,107,80,106,109,58,35,41,36,44,,45,41,48,48,51,,46,33,37,,52,42,31,,58,58,40,67,72,59,61,,,67,60,63,43,64,,67,54,85,64,,,67,74,56,62,68,60,68,,63,62,63,,50,49,48,45,48,56,40,41,39,39,40,43,45,57,40,54,,,,,,69,50,35,53,,49,32,40,50,,,,41,58,,,,102,64,27,,29,27,25,,45,55,,64,60,53,48,38,51,53,56,,42,44,30,45,,86,43,53,60,55,59,65,62,63,,35,41,38,35,33,31,32,38,46,54,35,,33,34,,41,40,39,,24,,51,54,60,39,42,,36,46,,,32,,27,78,,68,79,53,,77,52,65,64,39,32,37,,40,36,,,,73,,109,48,,,36,34,28,42,45,44,,39,44,,39,,,53,,52,44,75,33,31,,34,,,34,36,27,33,48,26,27,54,56,54,36,,41,55,58,56,44,41,,49,,42,127,124,,58,53,,68,79,75,59,30,,48,46,,,52,61,,61,,45,53,59,52,122,,,71,69,,46,54,,53,,83,54,68,,70,67,52,52,32,,46,50,46,45,32,42,25,30,29,40,33,30,63,29,46,30,26,27,29,,35,32,65,74,150,134,175,110,173,92,52,47,54,,61,74,83,79,68,73,,45,49,41,46,29,30,31,,,59,57,,43,36,37,34,34,,35,18,27,,105,,114,130,112,109,49,58,51,,,,52,,47,,92,100,109,,,99,97,85,64,,63,,44,35,39,52,41,37,,40,37,51,37,50,41,,32,,,35,36,42,26,,40,,47,,51,36,27,40,43,38,34,,42,42,29,24,30,31,30,,72,58,62,53,44,,40,,43,45,52,57,67,55,,,,,,38,,50,35,59,,55,39,46,34,41,,,46,62,63,59,59,55,,52,59,65,,51,55,,56,44,45,57,55,54,,56,63,77,77,80,85,,54,52,145,202,131,119,141,27,30,,23,30,29,26,32,89,83,44,44,,49,,89,,,,45,45,26,32,40,,,65,39,,64,42,42,48,,39,37,54,,58,46,44,49,36,44,49,47,43,,50,51,34,34,36,46,42,39,38,43,54,31,30,,68,47,,43,42,43,58,,,41,48,,49,43,,53,56,53,,,60,85,73,89,117,,89,54,51,,56,,64,,64,65,82,,,75,,,,56,,,53,,44,53,,,45,28,,,61,68,44,,,40,43,61,,64,64,43,37,29,31,31,30,28,30,33,26,31,24,26,28,30,49,55,36,,29,29,,,48,51,40,40,28,,33,29,53,50,51,62,,,,40,42,37,,57,39,45,39,31,,26,,43,43,44,42,,,,24,28,19,43,35,,,36,42,,41,41,41,,43,41,42,43,53,60,55,73,36,,34,39,42,37,33,30,,32,36,33,25,57,41,,64,,80,,,,45,42,50,50,73,,,30,,62,59,57,56,49,51,59,65,39,39,39,39,,37,35,35,40,40,39,38,53,,50,27,25,29,31,29,33,42,39,39,35,41,37,44,,,37,45,36,45,42,35,,39,38,51,46,,40,40,48,,,49,49,,52,52,48,48,38,52,40,,,,99,,,100,87,55,,54,52,68,,62,56,64,64,58,41,46,58,57,52,57,54,64,,70,77,67,59,71,,,61,,45,43,40,74,77,,68,55,52,,49,69,,,36,32,,36,31,,34,,27,30,28,50,46,40,,,,43,,45,,35,41,47,31,28,31,29,,41,30,45,45,46,33,,32,,38,,,26,32,30,24,23,26,35,,22,38,38,49,44,65,57,40,,36,39,44,41,52,42,48,51,,60,35,56,54,46,54,43,,55,36,44,52,46,14,13,,13,29,31,34,35,38,40,42,42,45,,,46,50,47,,,43,,47,,49,55,68,66,65,75,,40,,33,,,,,37,41,38,37,41,38,,40,,32,39,47,,44,51,62,52,53,,57,,,,,27,28,,50,57,43,42,,44,67,53,46,46,39,52,39,70,56,66,73,46,44,,78,65,49,62,88,98,58,48,82,,66,67,,37,40,,39,61,40,,40,,36,,,35,,21,21,19,103,52,53,53,25,27,27,32,,30,29,18,21,22,74,,78,68,23,23,70,64,,26,25,26,27,26,,59,77,36,,36,38,,40,33,54,37,,39,25,,29,23,25,23,65,65,94,85,26,,31,39,,,94,,30,30,31,,,30,36,,35,,21,,45,28,53,45,50,95,35,,33,64,69,,57,103,45,,50,45,51,,54,,65,51,60,40,45,52,269,19,,,29,57,54,18,,,34,,62,31,,99,106,66,51,,99,35,,,,,54,83,,65,66,73,100,54,55,64,46,59,,,30,50,,125,56,63,57,26,,48,58,79,,39,35,27,34,136,43,42,50,33,27,39,34,33,39,52,50,57,58,39,,65,39,69,60,58,49,34,34,35,,46,47,60,49,51,,58,99,,48,31,59,,37,14,15,,,55,59,40,35,55,35,35,45,50,66,74,47,41,58,48,46,64,30,,54,,45,62,45,,68,57,53,54,,104,70,69,65,55,48,,88,,43,49,,72,,52,42,67,38,31,88,,82,97,,100,87,82,83,,,57,33,93,,,,133,95,44,29,53,31,,34,40,,41,73,32,34,95,112,63,63,,118,114,,45,42,42,43,43,,34,47,39,44,27,24,30,37,46,,64,63,58,31,54,38,35,41,82,36,39,48,40,48,59,57,50,38,38,35,,53,35,37,38,48,41,46,,38,52,50,69,53,67,65,40,51,,79,34,36,52,43,57,53,,62,63,49,,43,,56,46,58,,45,28,28,25,37,27,,114,36,47,105,79,46,40,24,70,51,47,67,106,74,31,,50,32,,32,55,43,,33,67,50,50,65,58,76,,109,107,68,,31,42,34,20,62,21,32,46,45,49,60,31,38,,23,34,34,,,,34,31,41,,32,54,50,31,36,37,97,,24,178,,,,47,45,43,,39,50,39,57,32,53,51,51,39,31,42,37,,108,,33,,,26,49,43,47,58,67,82,,,36,59,44,80,,,104,78,50,52,57,,38,31,34,52,77,39,54,,113,69,54,50,52,47,65,69,68,67,,107,83,76,52,57,63,36,62,52,52,70,58,26,,156,109,14,10,,,92,61,46,58,41,,125,152,30,40,48,,31,,117,100,46,62,45,70,70,74,73,39,46,38,30,,54,51,,36,,55,34,,50,28,58,31,,40,67,73,35,39,31,37,32,44,90,53,44,46,43,38,93,38,32,39,51,37,33,35,44,46,49,52,49,30,44,31,60,45,29,45,39,40,54,58
20210423,14,PM2.5,5,2,6,4,4,8,7,5,6,4,5,10,,,11,,8,7,13,,4,,11,4,,6,4,,39,36,,48,36,50,,,23,22,,15,8,17,18,24,,12,,38,30,31,23,18,19,,11,20,24,,39,43,35,13,6,11,16,16,21,8,,,17,19,15,23,21,,38,38,41,51,32,,44,30,32,24,20,36,,12,14,,,14,5,16,13,13,13,15,,19,22,22,23,17,,15,24,18,23,26,19,15,13,19,18,19,29,32,44,31,24,16,24,24,30,41,30,30,,,35,39,38,34,38,30,31,30,47,58,54,59,58,,47,62,49,54,39,27,31,27,36,36,9,19,39,81,,44,41,55,37,39,42,26,24,28,16,37,70,,,,42,51,,,50,42,,,,31,,29,39,39,39,39,41,36,24,33,,,,42,30,,20,28,26,31,44,,31,70,68,72,58,66,71,41,,40,,38,33,,28,31,,25,30,28,,26,25,41,28,14,44,17,,,43,39,,26,19,20,21,,46,,,35,,,39,,29,77,83,5,4,5,,27,29,14,14,18,27,28,26,29,22,22,22,22,14,24,31,17,31,30,,39,22,35,33,27,30,15,20,18,11,,14,5,6,,,24,20,22,,29,15,20,32,29,,,70,63,54,68,49,49,43,38,39,39,39,34,40,42,38,44,35,17,28,,41,11,,13,24,38,33,35,53,29,33,42,30,39,23,57,50,,39,42,39,50,55,32,55,57,34,36,28,29,35,28,,24,29,30,48,34,25,27,29,39,35,41,41,,46,36,44,52,52,38,37,37,32,26,55,,,37,44,81,37,32,31,37,25,18,17,18,29,26,27,24,25,24,26,27,23,16,15,,15,17,20,,21,41,18,42,52,34,28,,,35,40,24,25,42,,48,38,63,46,,,48,54,29,34,34,39,31,,41,44,31,,24,20,26,29,23,25,5,5,5,7,7,8,31,31,28,25,39,31,39,,,32,35,14,37,,33,18,27,29,,,,27,19,,,,29,25,,13,12,18,13,,31,29,38,46,41,31,28,23,32,28,31,36,29,30,16,18,,18,24,29,26,11,22,24,34,22,,24,28,26,21,9,13,13,26,32,38,24,,23,20,27,27,16,13,,13,,28,19,24,16,20,,20,25,,,12,,16,57,,49,58,37,,56,24,46,46,27,9,17,22,14,12,,,,53,,82,29,,,8,16,19,29,31,25,31,24,22,,27,,,37,,25,30,38,10,11,,17,,,17,15,15,23,19,13,14,29,27,27,24,36,28,27,41,32,23,23,,29,,17,42,34,,26,35,,26,26,23,25,20,,31,22,,,30,30,,24,,7,19,41,15,92,31,,36,50,,23,38,,37,,61,38,49,,51,48,26,32,15,,32,35,32,31,16,29,17,21,13,28,17,21,27,9,16,8,11,12,17,42,24,22,47,54,115,102,132,83,131,68,24,20,20,,24,53,45,46,37,44,,18,12,24,10,16,14,17,,17,42,27,,30,19,17,19,12,,17,12,6,,79,,86,99,84,82,31,39,28,,,,34,,28,,68,75,82,,,74,72,46,46,,45,,29,24,27,36,20,20,,25,20,24,23,19,23,,21,,,19,25,15,18,,28,31,26,28,19,17,17,22,30,26,18,,29,28,12,16,12,9,14,2,52,41,44,37,28,,25,17,17,20,36,40,48,39,,,,,20,14,,17,24,42,15,29,26,32,17,16,5,11,22,34,20,32,34,35,,36,42,47,,34,39,,36,24,23,37,34,32,,36,37,56,56,59,63,,23,17,41,40,29,22,33,1,12,,9,,20,13,9,66,61,27,27,,34,,62,,,,31,31,18,22,28,,,33,27,43,46,15,19,33,,8,7,32,,35,28,23,34,24,29,31,28,28,,35,27,20,21,20,32,29,27,18,30,38,18,21,,49,30,,27,23,26,41,,,23,33,37,34,30,42,37,34,37,,,32,63,53,66,88,,66,31,24,,34,27,46,,46,47,60,,,55,53,,,24,14,,20,,13,17,,,31,19,,,26,27,27,,,18,30,38,,20,23,26,7,14,17,18,17,17,21,23,18,13,11,14,11,21,34,39,25,,14,5,35,,33,30,9,11,14,8,23,20,26,28,28,44,,,,20,29,13,13,40,8,24,19,6,,17,37,30,30,26,29,,,21,11,12,9,26,23,,7,20,20,,14,17,22,,30,24,26,30,21,40,39,53,25,29,21,24,18,12,11,8,,6,8,9,8,40,27,,46,,59,,,,18,17,35,35,53,,,19,,44,42,40,22,33,32,34,45,18,14,12,15,12,8,12,14,22,19,20,17,35,,35,5,9,8,17,3,12,19,12,9,18,26,20,22,26,,25,31,24,31,29,18,15,17,26,27,21,22,19,16,23,,,26,29,34,29,36,31,27,26,36,15,,62,64,74,,73,75,64,39,,35,23,49,,44,38,46,43,41,27,32,41,40,34,40,38,46,,50,56,48,27,40,,48,28,4,28,30,26,54,56,51,49,24,23,,34,50,29,,10,16,,25,14,19,23,,15,10,15,23,8,27,,,18,30,,25,,21,24,24,13,10,9,6,8,24,10,31,31,32,23,,22,24,26,12,14,14,22,17,8,14,11,15,11,15,23,23,34,24,47,23,13,14,12,19,22,18,36,29,28,29,29,26,23,30,33,15,29,30,29,31,25,25,31,31,6,8,,7,10,20,17,24,13,21,20,22,28,32,29,26,27,12,,,29,25,31,,18,24,27,40,29,49,,26,,19,,,,,4,10,9,17,7,6,5,6,,4,16,16,21,17,20,44,35,37,,40,,,,,16,5,28,28,40,19,28,,22,48,37,22,17,7,21,8,51,24,40,36,24,23,,57,47,26,44,65,42,24,18,37,,44,42,,15,,,6,8,,,8,,4,,7,4,6,8,8,8,57,36,37,37,4,1,5,7,,15,12,7,8,12,54,,37,26,16,7,22,20,,13,14,9,8,6,,34,56,17,,23,19,,9,4,11,13,,13,11,,12,,4,2,28,25,35,25,8,,16,17,12,45,26,3,3,3,8,,,9,19,10,9,,12,17,13,10,28,22,29,44,4,,4,45,50,,38,77,31,,35,31,30,,38,,47,24,42,28,25,24,29,5,29,10,14,29,32,5,,,11,30,40,7,,20,28,28,20,,74,24,,,,35,36,61,52,47,37,53,75,38,39,46,24,40,48,,11,35,,44,23,45,40,14,14,33,41,58,40,10,14,17,6,70,24,10,35,23,7,27,7,18,19,36,35,40,38,5,27,42,11,50,43,41,21,21,20,22,33,30,28,42,27,18,,34,74,,29,9,42,,12,9,9,,,16,41,22,16,38,7,21,31,29,45,54,17,23,40,33,32,33,21,,38,,29,25,27,,22,40,37,38,73,78,51,50,47,39,25,,16,,26,15,,52,,36,29,48,13,21,33,48,44,43,,35,32,34,43,23,13,29,23,36,,15,27,43,33,17,6,37,18,,17,28,49,26,37,18,22,71,84,39,45,,89,86,8,31,22,15,18,28,,21,29,27,29,18,8,12,14,29,22,46,30,7,14,38,22,24,12,60,25,27,14,18,27,32,24,33,26,20,4,37,37,16,23,23,27,25,19,,8,34,35,50,33,48,47,16,9,,58,3,6,18,11,40,33,,44,31,31,46,30,18,36,29,41,,31,19,12,7,10,17,,43,21,28,33,22,31,28,9,51,22,19,34,28,54,20,34,20,5,,17,39,14,,19,48,35,35,40,41,36,,82,80,49,,12,18,20,13,44,14,11,29,26,31,43,10,26,15,12,22,22,,,,14,16,19,27,6,31,28,19,14,13,34,,2,25,,32,23,15,15,25,,24,31,22,22,13,33,31,27,18,12,25,22,,81,,19,27,,18,25,23,19,33,48,60,,,20,17,17,16,,,78,32,35,16,40,,26,19,9,36,56,17,12,7,13,10,16,4,8,13,39,49,49,46,,80,61,45,36,35,45,24,44,36,36,41,19,4,,119,48,7,4,26,17,68,22,32,32,24,,44,45,14,28,33,,21,42,88,75,32,28,21,51,42,54,53,27,25,24,12,41,38,33,24,13,34,32,22,,14,6,41,3,54,20,48,53,10,7,4,10,4,26,67,31,27,20,21,17,69,22,17,27,18,6,7,6,16,13,23,36,34,10,25,19,16,30,14,31,2,,38,41
20210423,14,PM2.5_24h,31,47,33,26,28,36,32,30,31,48,29,36,,,22,,24,23,21,,18,,25,24,,23,16,,52,46,55,53,47,55,,,23,21,,34,22,19,23,25,,13,,44,40,42,38,36,37,,34,37,30,,32,42,31,18,14,16,17,32,29,26,,29,35,30,33,36,43,,46,43,49,48,58,,43,65,66,55,52,48,,19,20,,,19,14,19,19,35,34,32,,33,34,33,34,34,,36,26,18,15,20,12,14,12,17,23,22,40,32,34,30,29,28,36,30,31,32,35,34,50,,35,36,43,36,44,48,48,45,55,51,55,54,57,,55,48,53,58,38,34,43,36,40,35,38,51,40,92,,44,41,65,39,37,72,44,49,47,66,53,45,,,,53,50,,50,49,33,,,,43,,38,44,45,40,45,47,44,47,65,,,,72,58,,35,61,64,50,53,,45,71,62,66,38,48,54,29,,33,,34,33,,47,47,,48,38,42,,44,47,58,32,19,34,24,,,30,49,33,23,20,24,24,,54,,,37,,47,51,,15,20,23,12,10,12,,44,39,38,33,33,31,27,26,24,30,30,23,26,27,32,29,26,32,18,,23,13,20,22,16,24,13,23,21,14,,17,10,9,,34,29,30,32,,39,43,29,37,15,,,30,34,29,24,30,21,41,35,37,38,41,39,40,36,33,24,16,19,20,24,20,17,,18,19,28,31,22,27,20,22,27,18,25,12,44,42,,38,37,34,51,40,41,43,40,27,26,25,24,25,33,,19,25,26,38,28,22,22,24,32,36,39,31,,34,51,40,33,30,27,24,25,27,18,26,,,39,34,44,49,49,49,43,31,30,30,26,30,24,26,24,22,24,25,26,23,11,12,13,12,13,17,,27,27,27,28,25,28,26,,,26,29,20,26,31,,89,87,73,78,,,92,54,26,29,30,35,29,,35,36,26,,31,27,47,42,34,35,8,7,11,7,12,4,34,35,38,31,38,40,36,36,,34,37,35,36,,31,18,18,24,,,,25,19,,,,28,25,10,11,13,12,10,,20,21,23,28,27,22,22,18,19,18,26,36,21,25,14,32,,42,40,33,32,16,24,24,28,22,,40,39,48,26,17,18,19,34,37,37,62,32,41,41,21,21,19,19,,20,,32,25,27,28,29,,27,42,,,32,33,33,58,,58,49,48,,51,45,47,44,43,14,12,9,14,11,,,,60,,54,48,,57,27,30,37,35,35,35,21,20,18,,41,,,44,,38,39,42,33,27,26,26,28,,18,18,16,16,22,19,19,25,20,19,29,35,34,20,25,22,29,34,33,23,,18,52,44,,28,32,,38,33,32,32,23,,31,33,,,52,46,,26,,22,27,24,33,90,65,,88,69,,50,52,,50,,73,55,67,,58,57,14,17,9,,22,23,27,27,26,19,15,41,36,41,41,37,46,12,14,17,20,11,17,60,42,31,48,68,51,46,57,55,53,43,21,21,18,,26,42,43,58,44,45,30,24,22,31,21,31,34,31,,30,41,41,,40,36,35,29,31,,35,24,6,,71,,73,90,74,73,38,47,36,,,,38,,32,,68,68,76,,71,64,65,46,40,,41,,39,39,36,41,20,22,,25,23,20,21,22,19,,21,,,16,26,12,15,5,27,30,28,30,15,11,12,16,35,31,26,34,37,34,12,13,24,28,45,54,54,50,50,47,46,,36,22,28,29,36,42,43,37,,,,,50,42,,39,22,28,17,23,22,27,17,15,13,13,15,26,22,33,31,32,,28,31,41,,30,33,,40,25,27,36,33,31,,32,44,45,47,44,54,,38,39,73,27,36,26,62,13,16,,8,11,10,19,7,52,51,33,33,,18,,34,27,27,,31,19,18,16,17,,,13,12,13,16,16,13,19,,10,14,36,,41,44,45,41,37,40,43,40,37,,43,39,42,44,46,38,42,39,38,39,39,24,25,,37,29,,27,30,31,39,,,27,34,30,33,31,28,28,26,26,,,23,56,54,54,76,,54,35,36,28,31,28,46,,47,51,51,,,48,48,,42,34,24,,24,,27,28,,,33,17,,,33,28,23,,,26,31,29,20,26,26,30,27,25,24,27,28,22,26,23,30,42,30,36,32,31,29,31,32,,24,24,32,,20,21,22,24,17,18,23,19,29,26,29,87,,,,102,130,108,101,140,98,109,93,48,42,33,203,186,160,159,147,,,189,18,21,17,69,67,,38,38,33,,31,33,38,,51,48,34,43,29,39,37,50,28,35,26,23,41,25,25,21,,19,13,17,22,51,36,,37,,43,,,,28,24,33,40,45,46,,25,,40,43,37,23,22,33,29,26,32,24,37,17,12,16,21,16,28,36,30,25,16,,15,11,15,15,15,15,11,36,25,15,25,25,20,23,24,,10,14,12,18,18,22,27,23,33,27,21,26,23,22,22,,,24,23,28,22,24,24,18,32,36,21,,66,64,60,,66,69,66,49,,46,34,38,,34,34,36,38,33,33,39,38,34,34,39,45,38,,45,46,41,26,28,,39,28,12,30,26,27,38,46,48,47,23,19,,31,32,24,,22,22,,23,18,23,24,,22,13,16,20,16,21,,,19,27,,22,21,23,25,29,15,21,23,22,16,21,32,26,30,30,24,21,20,28,21,10,12,16,14,15,14,24,20,21,18,9,14,11,36,27,32,25,19,18,10,16,20,19,38,34,36,32,30,31,33,33,33,29,29,32,30,34,36,32,25,28,16,16,,13,14,20,14,18,19,28,29,23,50,51,47,45,39,48,,,20,26,22,,23,22,19,24,34,35,,40,,35,,,,,21,18,23,28,21,14,15,18,,10,21,21,23,22,22,37,38,40,24,39,,,,,9,9,36,38,29,29,26,,23,52,38,31,30,11,20,12,49,33,46,39,29,30,,46,50,42,47,63,41,27,20,40,,40,38,,22,3,,7,10,5,,10,,4,,10,6,10,10,11,16,25,28,25,26,11,11,10,20,,17,11,9,14,16,48,,43,51,21,18,56,58,,23,24,13,12,10,,32,43,26,,20,26,20,18,8,11,19,,23,24,,31,16,15,17,52,44,67,46,10,,15,9,11,25,21,9,10,13,14,,,17,19,16,17,,13,11,11,10,25,24,75,39,7,28,17,53,52,,31,63,48,78,35,54,36,,37,,59,38,100,26,41,44,81,9,39,34,30,22,39,12,,,28,22,48,26,,25,25,30,23,,53,40,,,35,59,60,41,46,45,34,36,39,65,26,34,20,27,57,,21,35,,54,24,39,32,7,23,28,43,50,37,16,18,27,21,65,27,9,31,26,15,30,9,27,24,33,33,31,35,7,28,40,15,31,33,65,49,21,22,22,37,32,53,37,20,23,30,32,70,,33,22,53,,14,19,14,,,20,54,42,32,34,10,21,44,36,52,63,24,33,52,19,36,25,26,,34,19,23,26,17,,57,50,22,49,47,53,54,53,55,37,46,24,31,24,31,23,,52,,36,36,31,32,31,51,57,47,42,34,38,37,24,29,29,18,30,26,51,,12,40,36,33,20,24,44,36,14,36,45,47,45,39,25,28,69,76,30,34,,71,80,52,62,52,154,19,43,20,23,45,24,22,29,16,26,15,58,62,58,41,44,13,42,51,31,10,60,35,32,36,39,51,33,26,35,33,16,15,32,46,20,23,13,25,34,22,,26,36,42,56,43,43,52,33,30,,58,25,32,30,20,45,35,36,49,37,38,43,36,37,43,39,27,35,38,21,7,10,13,11,,44,29,29,43,30,19,24,17,30,21,22,27,49,57,19,58,30,11,25,23,40,25,35,30,37,31,39,42,38,34,,69,74,42,41,42,24,21,16,34,34,27,50,41,56,49,27,41,30,37,31,21,,32,,24,19,15,26,26,43,42,34,36,30,29,,14,22,,30,28,22,20,20,16,24,29,27,23,26,28,40,23,14,12,19,19,,48,,34,20,,22,31,35,30,40,44,70,16,,17,32,29,24,,,90,35,42,43,52,10,29,11,15,50,55,30,44,42,42,37,36,39,27,34,38,39,52,40,,88,35,40,47,31,41,34,47,30,34,50,27,9,,337,374,20,19,47,64,60,36,36,27,39,28,36,35,24,26,33,,37,41,83,72,159,34,44,23,21,48,57,34,52,33,26,40,33,39,28,21,52,32,35,,14,26,34,5,37,50,56,40,44,33,31,35,29,26,57,53,41,37,147,31,55,24,29,21,44,34,30,31,19,16,48,43,43,26,95,25,86,34,28,41,6,4,47,36
20210423,14,PM10,31,6,22,23,25,28,22,33,27,,29,21,,,16,,8,12,23,,11,,12,7,,8,6,,66,56,,75,68,65,,,19,30,,4,27,31,26,36,,23,,48,43,68,49,44,41,,41,60,83,,93,90,91,14,7,23,9,7,45,29,,,28,21,27,40,35,,52,69,49,50,55,,61,45,40,44,34,53,,31,31,,,37,21,35,,32,11,21,,31,36,36,41,36,,20,36,39,24,38,26,30,21,27,28,33,31,33,50,42,28,20,26,36,36,39,34,44,,,45,39,45,41,38,45,40,70,47,51,44,34,57,,36,26,42,38,68,36,39,51,73,41,31,36,53,61,,118,54,47,52,50,47,23,17,13,46,14,78,,,,73,50,,,80,75,,,,34,,53,54,54,48,41,53,63,39,46,,,,55,41,,35,34,20,36,46,,37,63,68,66,52,54,74,55,,52,,44,65,,46,46,,40,44,42,,43,63,53,,28,70,32,,,61,50,,35,36,50,58,,67,,,50,,,56,,48,102,107,5,6,7,,38,40,37,27,28,40,36,24,36,44,27,29,36,31,46,39,,39,26,,68,38,87,62,81,37,33,33,30,22,,33,22,12,,22,39,42,34,,46,34,37,46,51,,,110,114,73,102,73,90,73,76,63,,78,63,76,88,69,45,,42,52,29,35,32,,31,30,56,43,55,53,51,46,50,57,51,37,105,89,,73,82,69,94,101,89,92,94,59,54,56,65,62,62,,49,60,51,94,56,65,61,53,75,,95,78,,58,97,80,70,69,66,70,51,60,48,38,,,81,77,68,79,72,67,78,65,27,29,30,28,41,45,41,48,48,52,54,46,33,37,18,54,42,31,,66,55,40,83,84,67,71,,,83,69,75,43,77,,60,54,96,62,,,70,69,61,73,85,70,85,,75,70,75,,39,49,48,42,48,61,11,34,17,10,15,16,44,64,38,58,79,70,55,,,88,50,35,54,,49,30,40,50,,,,41,65,,,,153,78,20,19,20,20,19,,22,60,61,59,69,56,48,36,52,56,61,63,34,44,30,45,,121,40,55,69,59,68,80,73,75,,28,41,36,29,21,23,29,31,35,38,28,37,21,18,46,41,30,26,,24,,51,58,70,39,42,,36,46,,,19,18,13,66,,39,75,53,,70,54,80,61,24,27,22,22,27,22,,,,70,,75,48,,,36,34,24,39,36,44,46,39,44,,36,,,42,,54,44,67,33,26,,34,,,34,36,27,32,48,26,27,58,61,58,24,,29,60,62,61,42,36,,49,,42,42,63,,65,55,,67,63,53,68,27,,48,30,,,54,72,,72,,41,55,68,53,67,,,92,86,,46,37,,35,,63,53,52,,55,49,54,54,32,,43,43,43,38,32,33,20,21,19,28,33,20,75,19,46,22,22,22,10,69,23,19,38,41,142,152,145,116,156,90,53,47,58,,72,98,116,107,86,96,37,24,31,31,21,29,26,17,,50,32,63,,36,27,29,22,21,,15,18,5,,102,,90,161,112,102,49,65,51,,,,53,,47,,119,116,121,,,90,105,120,70,,60,,44,25,34,35,41,37,,38,32,51,30,32,29,,27,,,21,33,42,25,,35,62,47,60,51,36,27,40,32,35,34,,37,42,29,24,22,30,21,3,58,62,60,56,40,,40,59,34,42,45,64,81,54,,,,,50,34,,50,29,48,36,59,39,22,34,41,29,32,46,59,58,68,68,59,,46,47,71,,51,48,,61,44,45,64,59,57,,62,76,78,88,88,92,,58,54,239,351,211,187,232,10,23,,21,30,21,4,10,88,74,44,44,,45,,128,,,,42,21,24,27,34,,,80,39,27,56,42,42,34,30,11,9,57,,66,39,37,49,36,44,49,47,43,,44,52,26,34,23,38,35,28,24,36,42,27,27,,64,47,,43,42,43,66,,,41,44,37,37,37,62,54,61,55,,,70,93,96,119,108,,112,58,52,,61,57,53,,57,66,83,,,87,91,,,61,61,,56,,43,55,,,16,27,,,71,86,34,,,40,35,71,,77,77,42,17,25,8,22,15,22,25,22,24,22,22,14,12,25,14,23,24,,23,17,45,,45,52,33,40,20,19,28,24,55,50,52,74,,,,29,41,35,29,50,39,45,24,4,,26,73,41,43,44,38,,,41,18,28,14,43,35,,19,35,36,,36,36,34,,32,35,31,43,55,69,48,87,34,57,34,39,42,37,20,12,,15,26,12,16,32,38,,60,,79,,,,45,21,36,44,87,,,30,,43,58,55,61,49,52,67,79,39,26,22,22,16,25,26,30,32,40,35,28,56,,42,27,13,18,31,13,21,25,32,21,33,29,32,44,38,,37,35,33,31,33,26,34,34,33,51,46,35,33,36,48,,,49,49,49,54,52,48,48,37,39,39,,109,95,97,,125,73,95,48,,58,54,63,,58,61,61,78,61,41,41,54,52,54,50,45,54,,90,63,54,67,91,,109,71,36,45,36,40,38,46,38,49,59,53,,43,46,,,36,30,,30,19,,25,,25,21,27,50,46,40,45,33,33,42,36,45,,35,41,47,16,11,22,13,12,41,20,44,41,39,32,,31,21,30,19,29,26,30,30,16,23,19,35,18,18,38,38,49,44,64,64,40,28,36,39,44,41,53,42,48,51,40,70,35,61,58,46,58,35,47,60,36,44,54,46,14,13,,10,18,31,19,31,36,38,27,37,42,48,56,43,32,28,,,43,34,47,,49,59,86,81,80,100,,25,,26,,,,,25,28,38,26,11,18,16,12,,19,31,39,48,41,51,62,53,55,57,63,,,,,27,28,50,46,43,10,42,,44,54,45,28,46,14,54,34,72,62,82,95,46,35,,58,65,49,71,121,69,65,48,114,,82,83,,26,2,,15,71,3,,25,,18,,21,14,14,13,9,14,156,48,47,51,12,8,5,15,,30,19,17,8,20,88,,105,86,20,23,90,78,,24,25,13,16,21,,67,74,17,,31,38,,10,12,57,33,,28,20,,17,3,,4,79,80,138,119,23,,22,39,29,87,138,27,18,22,31,,,29,36,19,35,,21,28,45,19,56,45,50,80,8,10,10,77,68,,64,102,28,,49,44,51,,55,,66,51,69,38,45,53,398,11,43,24,22,63,58,7,,,33,56,73,14,,148,161,81,51,,60,27,,,,47,57,76,66,68,82,56,100,47,44,64,46,67,28,,21,40,,80,61,65,62,17,36,33,37,67,74,12,32,13,11,222,43,27,34,25,26,31,27,33,39,46,47,51,66,13,31,80,39,68,57,58,35,33,32,30,65,46,43,70,49,51,,66,89,,48,17,56,,32,14,14,,,60,68,40,33,59,20,30,34,50,81,61,47,41,66,43,43,58,26,,52,,45,74,45,,85,41,23,15,45,54,39,34,39,21,48,,126,,42,49,,91,,50,31,51,27,31,51,98,83,73,,71,62,59,71,51,48,63,30,73,,46,44,72,79,44,29,8,13,11,34,40,65,41,96,25,34,103,113,75,61,,150,120,17,27,42,42,43,43,,34,47,28,44,25,17,30,37,46,28,66,75,43,31,47,32,22,27,80,36,34,48,40,48,68,58,46,38,38,4,,30,31,34,38,48,41,46,,38,54,47,71,55,74,68,26,51,,88,14,27,54,26,46,56,,72,75,49,55,40,24,61,46,55,,36,28,27,16,37,21,,71,34,47,58,50,46,37,24,66,51,47,73,40,60,26,57,50,21,,21,58,35,,32,62,48,48,80,50,101,,116,103,68,,20,30,34,18,70,21,32,42,43,47,52,21,32,32,22,34,34,,,,34,31,34,46,19,57,50,31,36,15,144,,2,306,,59,26,28,36,43,47,39,50,39,64,30,56,51,51,39,31,42,37,,69,,28,44,,9,49,28,33,65,83,85,,,36,68,44,55,,,116,106,50,54,62,,22,14,16,43,94,39,57,58,175,88,57,50,53,47,79,87,83,84,,89,79,102,41,63,43,36,71,51,51,90,66,9,,164,168,14,8,52,,103,72,41,65,41,,77,93,29,8,38,,28,58,130,123,36,74,45,59,90,56,42,21,46,35,23,76,44,51,86,24,50,59,29,,50,3,53,25,61,39,80,78,27,21,23,24,30,37,113,55,44,46,43,38,118,26,20,18,52,26,23,26,24,41,49,50,43,22,44,25,70,45,17,43,8,8,51,56
20210423,14,PM10_24h,39,45,41,35,38,34,44,36,35,48,43,53,,,28,,32,29,30,,32,,56,34,,27,24,,78,69,79,75,75,70,,,23,25,,21,33,30,26,33,,25,,68,60,79,59,60,64,,62,64,75,,72,74,72,16,14,24,15,16,53,47,,48,43,43,45,48,46,,66,69,64,68,94,,60,95,82,83,76,72,,36,33,,,35,33,31,33,58,55,55,,51,64,58,69,65,,50,46,55,32,26,28,36,26,29,39,35,63,51,62,47,45,39,58,45,50,52,62,69,81,,70,67,69,62,61,71,77,71,66,57,61,62,62,,61,50,55,51,66,53,52,61,77,43,59,71,55,66,,62,62,60,59,65,61,48,45,48,48,50,47,,,,73,43,,61,76,69,,,,55,,64,70,81,57,65,65,53,66,98,,,,103,87,,51,54,68,56,63,,47,60,52,52,48,42,58,36,,40,,57,54,,78,64,,94,65,73,,100,96,90,43,45,57,38,,,45,59,68,37,39,56,53,,79,,,59,,119,86,,34,31,35,26,21,27,,63,62,70,66,61,50,58,34,42,45,32,37,43,46,52,44,41,43,24,,46,38,50,50,44,34,29,34,38,17,,39,34,27,,32,47,59,54,,55,56,54,60,21,,,42,43,38,39,39,33,72,76,68,85,85,76,83,76,64,33,34,35,33,32,30,31,,32,34,35,26,33,27,29,28,25,32,29,27,85,77,,75,90,70,101,80,102,81,74,58,58,58,61,51,86,,42,55,58,86,57,60,50,51,71,69,73,62,,50,94,80,57,61,54,49,52,53,49,56,,,83,72,78,105,97,107,91,85,55,57,47,57,45,44,42,39,42,45,54,51,26,27,38,31,31,29,,54,42,42,58,66,55,54,,,40,62,55,58,58,,112,116,94,110,,,131,70,50,68,67,56,66,,65,67,63,,48,53,91,64,64,78,16,33,49,22,42,25,84,74,113,79,86,74,74,117,,87,75,107,82,,58,33,39,41,,,,47,52,,,,62,59,31,31,29,35,31,,37,31,26,33,34,32,28,27,36,38,35,55,28,31,24,53,,66,57,57,54,50,59,51,53,61,,63,65,76,47,40,42,50,42,40,33,59,54,37,35,39,37,42,34,,32,,49,55,53,43,42,,52,62,,,45,32,32,61,,50,70,54,,75,72,78,67,48,23,17,14,22,20,,,,78,,64,70,,62,55,53,52,37,39,44,24,25,30,,35,,,63,,61,61,66,49,45,47,47,63,,36,34,35,34,44,40,36,54,49,55,47,50,54,49,51,53,59,58,59,41,,48,81,75,,59,59,,67,63,67,63,38,,60,55,,,73,84,,60,,44,55,75,62,79,83,,84,99,,57,53,,56,,98,77,97,,80,65,35,35,27,,45,53,52,63,56,46,26,68,59,66,58,54,89,26,42,41,26,24,32,34,35,37,37,57,76,89,79,86,77,64,77,74,72,,73,82,87,99,97,87,55,46,41,52,43,41,43,41,,53,47,52,,56,49,49,43,44,,53,46,8,,87,,90,128,98,97,63,61,64,,,,66,,59,,113,108,97,,99,86,90,75,67,,57,,53,49,54,55,43,46,,32,38,35,29,29,23,,29,,,24,34,30,27,15,36,49,44,50,34,37,28,40,50,50,48,59,59,53,27,27,36,62,64,74,69,74,79,67,67,,53,50,40,54,47,59,62,57,,,,,80,74,,83,29,39,38,50,33,31,27,32,32,34,38,58,52,65,66,57,,53,46,71,,58,59,,99,45,43,65,48,57,,63,71,69,70,72,81,,132,144,357,73,54,52,62,13,19,,18,34,31,35,40,65,54,54,54,,24,,43,32,32,,32,21,20,18,22,,,26,14,46,22,30,30,16,22,16,18,64,,79,69,65,58,57,51,66,72,60,,69,89,64,71,68,58,58,54,50,66,64,39,40,,63,70,,62,59,44,65,,,28,46,39,39,46,45,39,44,43,,,76,86,97,99,91,,100,82,80,73,81,99,62,,59,67,70,,,74,69,,57,60,72,,74,,69,62,,,36,39,,,68,65,37,,,63,59,49,47,61,65,48,38,40,32,33,32,33,40,40,50,56,65,61,46,34,25,29,29,,50,40,46,,44,45,57,57,40,30,55,49,50,54,49,129,,,,143,164,198,129,181,143,152,104,65,70,44,301,233,188,183,170,,,228,37,48,36,96,94,,37,50,51,,42,48,46,,52,54,45,53,40,44,48,48,54,64,52,57,55,48,32,28,,22,25,25,36,55,52,,51,,61,,,,52,48,46,54,66,68,,40,,48,51,45,49,40,45,44,34,49,41,63,25,11,24,28,27,50,51,68,46,30,,31,23,29,29,30,35,13,61,42,43,46,31,42,51,41,,28,26,27,28,27,37,47,42,42,51,43,39,36,43,37,,,43,39,39,36,36,40,35,46,59,60,,107,87,89,,100,76,86,60,,63,60,51,,63,55,57,59,56,56,51,54,51,51,58,58,61,,61,53,52,44,57,,70,57,52,37,28,37,37,43,44,43,42,43,,40,35,40,,34,31,,34,24,33,30,,34,28,31,33,46,34,38,35,31,36,40,35,37,33,48,37,29,24,33,28,27,38,33,38,40,37,35,36,35,34,38,16,24,22,34,28,18,28,26,36,29,15,24,18,78,65,74,72,47,35,45,40,40,52,69,67,76,70,50,51,49,70,62,50,54,43,51,86,54,49,54,45,27,29,,32,40,34,26,32,30,40,47,40,68,72,67,66,55,84,,,36,37,37,,44,52,49,44,69,64,,55,,50,,,,,36,43,50,48,42,28,27,41,,30,31,42,51,49,60,52,54,62,58,70,,,,,32,21,60,64,49,46,41,,38,67,65,53,62,24,43,38,79,74,55,75,48,51,,68,74,60,67,114,86,56,48,101,,72,69,,29,4,,26,38,19,,28,,9,,18,12,19,28,22,30,59,62,46,49,17,21,22,23,,34,32,18,24,32,138,,150,158,33,37,343,354,,36,36,19,21,18,,67,72,44,,37,43,31,26,25,30,74,,55,56,,65,27,24,25,149,135,370,314,21,,27,28,24,90,107,105,86,109,88,,,43,39,39,27,,14,25,28,34,55,37,81,77,17,32,26,82,65,,87,103,41,44,48,155,60,,42,,67,56,123,34,80,78,411,12,54,70,58,42,85,16,,,49,49,105,30,,60,61,70,41,,62,40,,,32,92,105,51,57,68,70,44,49,98,32,59,44,53,47,,31,50,,93,59,67,51,20,28,62,43,73,69,27,32,19,28,91,61,17,36,38,38,35,33,43,45,44,48,44,50,16,39,75,37,57,52,93,78,30,32,31,64,64,88,56,38,41,48,66,115,,52,30,65,,30,33,24,,,49,63,52,44,46,16,41,63,63,172,96,49,50,68,32,65,57,34,,50,48,49,51,51,,266,68,30,51,54,57,58,56,69,39,49,50,59,107,43,34,,75,,57,45,41,41,45,82,114,107,91,87,84,75,50,66,73,52,66,50,118,,47,80,82,78,51,41,25,23,22,44,60,59,61,75,32,37,100,106,50,56,,131,106,76,73,79,215,41,50,32,34,68,30,41,40,25,38,32,87,105,80,64,62,20,52,77,36,17,78,42,36,54,45,79,83,52,59,52,38,28,41,41,27,32,27,41,60,50,,59,68,72,76,80,71,78,48,52,,77,27,30,56,34,53,68,48,78,83,56,59,57,50,64,57,30,46,49,34,31,38,29,28,,83,58,45,88,79,44,52,46,46,60,43,63,81,78,15,77,46,18,26,22,63,41,49,40,48,39,49,98,60,68,,110,104,58,58,58,44,46,21,64,42,48,74,93,81,76,48,67,42,40,44,27,,44,,35,32,18,40,38,70,55,45,52,36,50,,22,64,,50,38,39,46,42,52,34,48,50,50,49,49,59,39,28,31,40,35,,55,,42,37,,33,61,47,57,79,80,114,38,,29,59,47,47,,,103,88,62,78,94,18,18,20,25,61,94,54,77,70,103,94,73,71,65,58,68,92,101,78,,92,55,89,59,54,49,42,74,56,64,78,61,13,,1065,943,44,32,78,106,95,94,65,65,58,59,78,88,51,40,61,,49,57,113,101,208,71,81,28,40,45,42,26,74,51,62,77,57,58,46,32,73,70,61,,62,37,41,53,60,56,90,63,49,46,32,40,38,43,90,58,59,55,124,57,121,28,27,22,46,36,43,36,39,36,68,53,76,54,139,39,145,61,43,50,8,16,68,47
20210423,14,SO2,3,3,1,1,3,3,1,2,1,5,1,3,,,4,,5,6,6,,4,,4,2,,5,2,,4,8,,6,1,7,,,5,9,,5,15,6,10,2,,3,,8,3,11,4,6,3,,5,7,15,,17,15,16,4,6,8,5,6,6,5,,6,2,5,3,11,8,,2,5,4,4,6,,8,6,4,6,4,5,,6,5,,,6,6,8,7,9,12,13,,14,12,9,9,3,,12,4,4,5,10,4,9,9,6,4,4,9,6,6,13,8,6,7,9,15,8,17,35,26,,16,14,11,16,11,27,20,15,4,7,5,8,6,,2,9,8,8,12,3,8,4,6,1,10,3,1,6,,2,5,4,6,5,6,2,4,10,12,7,8,,,,8,7,,6,12,6,,,,3,,5,4,3,6,6,5,8,4,6,,,,3,7,,5,1,2,4,4,,11,,2,7,5,4,4,,,6,,6,6,,5,5,,5,7,3,,5,4,4,6,7,5,6,,,5,8,10,6,4,7,7,,5,,,3,,10,9,,5,5,5,4,4,5,,5,3,4,4,5,6,5,5,5,5,5,3,5,5,8,9,4,5,2,,4,6,4,3,7,5,9,2,4,2,,8,1,4,,3,,6,6,,6,4,6,7,5,,,5,4,5,7,5,4,7,8,6,5,4,6,8,7,7,10,8,5,14,6,14,5,,5,9,8,4,4,6,5,7,5,7,6,10,12,11,,7,8,8,9,12,7,9,8,5,8,14,8,12,5,,8,7,6,11,9,8,9,6,10,10,7,10,,8,8,10,5,6,5,5,6,8,5,8,,,12,11,10,9,10,9,30,14,11,10,9,7,4,5,7,6,3,6,5,6,4,4,4,4,5,9,,16,13,12,29,21,20,9,,,12,24,5,6,30,,7,7,5,5,,,6,6,7,8,10,10,6,,5,7,5,,7,10,8,5,9,9,3,4,3,4,4,5,9,5,4,8,6,,4,,,7,7,5,5,,10,4,10,7,,,,12,4,,,,8,7,5,,3,5,4,,4,7,,6,9,6,6,8,5,7,14,,5,5,2,10,,10,8,13,8,8,9,10,10,8,,4,10,10,8,11,9,6,12,12,10,19,12,9,13,5,5,3,5,,3,,5,4,4,5,3,,4,6,,,9,4,4,6,,2,5,6,,4,7,10,5,4,7,6,,8,10,,,,5,,6,7,,,6,6,9,5,4,3,,3,4,,5,,,4,,5,7,14,6,7,7,9,10,,5,5,5,5,4,6,5,4,6,4,4,6,6,10,10,11,5,5,7,6,,7,7,8,,12,11,,6,7,7,4,8,,10,8,,,5,3,,4,,10,8,10,7,9,8,,9,9,,2,4,,2,,5,10,6,,9,9,32,59,40,,9,9,12,9,8,7,8,14,19,10,13,7,23,13,19,11,5,11,12,17,10,22,20,9,37,40,36,15,30,9,3,7,5,,4,7,10,10,6,7,2,5,8,11,5,6,3,4,,15,4,11,,6,5,3,3,5,,3,3,4,,4,,5,2,5,4,5,9,10,,,,6,,6,,5,5,6,,14,9,8,3,2,,3,,7,7,6,7,6,6,,7,10,12,7,7,11,,7,,,5,3,2,1,,5,5,4,7,8,6,5,4,5,5,3,,6,5,3,4,6,6,13,,7,12,6,8,5,,22,5,7,7,12,14,9,12,,,,,3,4,,5,2,7,5,2,1,7,9,8,6,,6,4,4,6,5,6,,5,12,4,,5,5,,7,4,5,5,4,4,,4,3,8,10,6,5,,9,9,29,11,35,6,,1,4,,4,3,4,4,2,17,11,4,4,,5,,8,5,5,,4,7,6,8,5,,,6,10,9,10,5,5,4,3,4,4,6,,8,6,6,14,11,14,6,5,5,,4,5,7,8,7,8,7,9,8,10,8,5,8,,4,5,,2,5,7,7,,,4,4,5,4,5,7,5,6,5,,,2,6,3,4,4,,4,5,6,8,7,8,8,,8,7,4,,,2,3,,9,9,,,10,,10,11,,,6,5,,,13,13,16,,,2,3,5,6,5,6,5,18,13,6,17,14,16,15,14,16,3,4,4,6,8,8,6,9,,8,12,7,,38,33,9,6,4,3,10,9,6,8,9,8,,,6,6,6,4,7,6,8,8,5,10,4,6,5,4,7,9,5,,,6,3,2,10,6,8,,,10,9,,7,8,8,,6,5,3,6,5,2,2,6,12,15,4,24,2,9,5,9,,4,3,3,9,6,6,,4,,6,,,,6,4,6,6,6,,,6,,7,7,6,6,6,6,3,5,4,6,6,4,3,4,3,4,5,5,4,4,5,,4,4,6,7,56,7,14,9,10,10,9,4,3,8,6,,5,12,8,5,7,4,5,5,4,15,6,8,8,3,14,,,10,8,5,7,6,5,3,2,5,2,,,17,14,,,9,11,4,,3,5,8,,5,5,8,5,8,8,8,8,7,8,3,3,3,,5,6,5,14,15,,11,12,4,3,4,6,8,8,5,9,6,19,,4,4,3,,5,4,,8,7,8,7,,7,4,7,6,9,9,6,,6,6,9,10,10,7,14,10,2,2,2,2,,5,4,4,3,4,7,8,6,5,8,6,,8,5,3,3,3,4,3,3,7,15,8,10,8,10,10,7,7,8,6,5,8,4,4,7,6,4,6,5,13,12,7,7,9,6,6,8,7,9,6,4,3,,2,8,9,10,9,5,11,10,11,3,8,5,7,8,9,,,12,,10,,7,11,9,12,6,8,,5,,8,,,,,5,5,7,6,6,13,,11,,9,6,11,9,7,12,5,4,5,4,6,,,,,4,5,9,11,6,11,2,,2,6,6,7,5,5,6,7,6,6,8,9,9,9,,10,9,3,5,8,12,5,7,6,,13,9,,8,8,,8,4,5,,3,,8,,10,8,,5,5,5,7,14,13,9,5,5,14,10,,25,85,7,7,12,10,,4,8,7,6,4,3,,5,5,4,14,15,,6,9,2,,14,1,18,12,10,16,7,,4,10,,10,2,3,5,4,5,5,5,5,,3,2,8,5,5,5,3,5,3,,,6,4,4,5,,1,5,10,2,11,6,10,10,4,3,4,5,8,,12,21,9,,7,8,4,,9,,7,5,5,8,6,8,28,15,7,6,11,8,5,3,,,4,5,6,4,,3,10,10,9,,5,4,,,12,,4,7,9,6,7,10,8,6,4,19,14,25,,,6,4,,8,10,3,8,2,13,10,6,7,,13,4,1,3,12,11,7,16,4,2,3,8,3,8,5,4,3,3,5,14,16,8,23,5,6,7,6,8,5,,6,10,12,13,6,7,8,5,,5,4,3,,11,3,3,,,8,7,8,5,6,8,6,4,7,10,13,4,6,8,4,6,4,4,,10,,14,42,28,,18,3,5,4,2,6,4,2,4,6,3,8,7,14,16,25,,10,,3,2,4,4,5,7,9,8,8,8,10,8,6,6,,,8,4,21,,9,6,9,9,6,1,4,1,10,8,8,2,7,5,4,5,10,5,6,6,,5,2,5,5,19,7,17,15,19,7,8,8,19,5,8,11,8,3,,9,3,5,4,11,6,4,6,6,4,4,3,2,6,6,4,4,10,5,4,,6,9,5,6,6,6,8,,4,10,8,6,7,8,6,5,3,,4,3,1,12,15,1,6,2,6,7,3,,6,,5,6,10,5,3,2,4,7,4,6,,10,9,6,8,4,8,7,5,8,7,6,8,6,8,10,9,2,3,6,9,3,6,,4,4,7,4,6,6,14,,6,7,6,2,4,10,10,6,24,8,16,6,8,7,12,6,9,6,5,2,8,,6,,7,5,5,,5,6,6,9,11,4,8,,8,18,,14,6,9,6,6,7,6,7,2,7,7,11,10,6,2,6,4,4,,6,,6,,,6,7,2,9,2,7,8,6,,8,7,5,7,,,6,6,2,8,2,8,6,1,4,7,10,6,2,3,5,8,3,5,6,7,5,7,4,4,,13,6,2,8,23,7,4,5,9,8,8,4,6,,4,7,3,4,4,8,2,18,6,9,10,9,10,10,7,1,12,,16,5,3,2,6,8,6,5,6,12,1,8,3,7,11,,6,6,5,8,5,8,7,,4,5,12,2,,4,4,2,1,3,3,1,3,5,7,6,5,11,10,7,8,5,2,7,3,1,4,2,7,6,7,2,8,7,8,7,6,7,13,10,8,5,13,8
20210423,14,SO2_24h,3,3,2,2,3,3,2,2,2,4,2,2,,,5,,5,6,6,,4,,4,3,,6,2,,5,9,3,6,2,8,,,5,10,,5,12,6,10,3,,3,,9,4,7,8,10,5,,8,11,6,,9,9,6,4,6,8,5,6,5,6,,5,3,6,3,11,9,,4,5,5,4,9,,7,9,7,8,6,5,,8,6,,,6,7,8,7,10,14,15,,14,12,12,11,7,,13,4,4,4,10,4,8,8,7,4,4,9,5,6,10,7,6,6,7,12,7,19,26,20,,17,14,13,18,13,25,19,16,5,6,4,9,6,,3,9,8,8,12,4,9,4,6,1,6,3,1,7,,3,6,4,6,5,7,2,5,12,12,9,7,,,,8,7,,7,12,6,,,,4,,6,4,3,5,6,5,7,4,6,,,,7,7,,5,3,4,3,4,,7,5,3,11,5,7,3,3,,5,,6,7,,4,5,,5,6,2,,5,4,5,6,10,5,7,,,5,8,10,5,4,6,6,,5,,,3,,8,8,,4,4,4,4,4,5,,6,4,6,5,5,7,5,5,4,5,5,3,5,5,8,8,3,5,2,,5,6,4,4,4,4,9,3,6,2,,6,2,4,,6,6,6,6,,6,5,6,7,5,,,5,4,5,6,5,4,8,8,6,5,5,6,9,7,7,8,6,5,6,6,8,5,,5,6,9,4,4,6,5,7,5,7,5,8,11,11,,9,10,9,9,10,7,8,7,4,6,10,7,7,6,,6,5,6,10,8,9,7,6,9,9,9,8,,9,17,15,7,6,5,5,6,9,7,8,,,13,10,8,11,12,13,13,15,13,14,8,11,5,5,8,6,3,8,5,9,4,3,4,3,4,10,,9,12,10,14,13,13,7,,,10,11,5,4,14,,9,10,7,6,,,14,11,7,8,9,9,6,,5,7,7,,9,16,10,10,13,14,3,4,4,4,4,5,10,6,5,9,7,8,5,8,,8,7,6,7,,8,4,7,8,,,,11,10,,,,13,14,5,4,3,6,4,,4,6,2,5,5,6,5,5,6,6,7,4,5,5,4,9,,19,9,14,15,10,14,8,7,8,,5,7,6,9,12,9,7,10,10,9,57,9,11,11,5,5,4,5,,3,,5,5,4,5,3,,4,7,,,10,5,5,7,,2,7,6,,29,13,20,10,4,8,6,5,9,11,,,,7,,8,8,,7,6,6,9,5,5,3,3,3,4,,6,,,8,,11,12,11,6,8,8,11,9,,5,5,6,6,5,6,7,5,14,12,5,6,12,9,8,9,6,7,7,6,,7,7,7,,14,12,,7,10,12,11,8,,22,11,,,6,5,,7,,18,14,14,16,9,9,,10,9,,2,6,,3,,7,9,8,,11,10,14,26,9,,9,8,11,8,8,7,7,19,17,13,14,10,19,11,12,21,4,9,12,11,9,16,18,11,18,18,15,15,14,7,4,8,5,,4,6,8,8,7,6,3,5,7,11,6,5,4,4,,12,6,13,,8,7,6,5,6,,5,4,4,,4,,5,4,4,2,8,9,10,,,,7,,6,,8,5,6,,12,8,9,4,3,,4,,6,7,5,7,7,6,,12,8,13,6,6,9,,7,,,6,2,2,1,2,4,4,4,6,9,6,5,4,6,5,5,6,7,5,3,4,6,11,15,3,12,11,8,6,8,,28,8,19,10,10,14,12,16,,,,,8,8,,7,4,7,6,3,2,14,8,6,6,7,5,4,4,6,6,7,,5,16,7,,3,3,,12,5,4,5,4,4,,4,3,9,13,8,6,,10,69,32,19,13,9,7,1,4,,5,3,3,4,1,19,10,5,5,,5,,8,5,5,,4,8,6,9,4,,,5,10,8,10,6,4,4,3,4,4,6,,8,6,5,8,8,9,5,5,6,,4,4,9,8,7,9,7,8,7,7,6,5,8,,5,5,,2,5,6,21,,,5,4,6,4,5,7,7,7,6,,,7,6,3,5,4,,4,8,10,11,10,11,7,,7,6,4,,,3,5,,12,10,12,,11,,9,14,,,6,5,,,11,10,18,,,2,4,6,8,7,8,6,16,11,11,20,12,13,14,12,13,4,6,6,7,8,8,7,8,,8,10,9,,19,14,14,12,4,4,10,8,7,8,10,10,,,9,13,15,11,10,17,12,10,7,10,6,6,13,11,14,18,12,,,23,3,9,3,10,12,,9,9,8,,6,8,10,,6,5,4,6,4,2,2,6,8,14,5,16,10,8,5,8,,4,3,3,6,6,6,,4,,6,,,,5,4,6,6,5,5,,8,,9,8,6,7,5,6,3,4,4,6,6,4,2,5,3,7,5,7,7,3,4,,3,4,7,7,18,8,12,18,18,16,13,11,16,21,15,,6,12,10,8,9,4,9,8,12,16,7,9,10,8,14,,,14,12,8,9,9,8,6,9,17,24,,20,10,6,,11,8,8,5,,3,5,8,,5,9,11,6,12,8,8,8,8,8,4,5,4,,6,6,5,12,11,,19,12,7,3,4,6,6,7,5,9,5,7,,4,5,4,,5,3,,7,7,8,7,,8,5,5,6,7,7,10,7,7,9,13,10,10,7,11,9,2,2,2,1,1,5,5,5,4,3,7,10,5,7,8,4,7,6,5,2,3,3,4,3,3,6,11,7,18,10,10,9,8,8,10,7,8,8,5,5,12,7,3,13,9,20,17,7,6,9,6,7,26,12,12,8,7,5,,7,5,10,11,9,5,10,7,9,5,15,7,9,10,11,,,7,11,8,,6,18,15,13,6,6,,6,,8,,,,,6,6,8,7,8,13,14,12,,8,8,15,13,13,11,3,3,5,4,5,,,,,4,5,9,10,6,10,4,,4,7,6,8,7,5,6,8,6,6,10,10,11,12,,10,9,14,4,9,11,5,8,5,,26,9,,12,8,,8,4,4,,4,,8,,11,8,5,6,5,6,6,14,11,8,5,8,19,11,,23,22,8,8,9,9,,4,7,5,7,4,4,,5,5,4,14,17,,6,6,6,,13,4,16,19,10,18,9,,6,10,,12,4,3,5,4,5,3,3,5,,5,2,10,4,5,6,4,6,4,,,7,4,5,4,,2,4,6,3,23,5,9,10,5,3,4,6,7,,14,15,10,5,8,8,3,,7,,8,6,16,8,16,18,32,12,8,9,11,8,5,4,,,4,6,6,4,,6,12,14,8,,6,5,,,9,11,3,7,9,6,9,9,8,6,4,12,13,12,5,,6,4,,8,11,4,10,2,14,5,5,6,5,10,4,2,3,11,15,7,14,4,3,3,8,3,8,5,5,4,3,5,13,7,7,17,6,7,9,7,8,5,7,6,12,16,14,7,7,9,6,,5,4,4,,14,3,4,,,8,6,9,5,6,8,9,4,8,7,11,16,7,10,4,6,8,3,,12,8,11,17,19,,32,2,5,4,2,5,4,2,5,6,2,15,13,14,14,19,,11,,3,2,4,5,6,7,9,7,7,12,11,9,6,5,5,9,9,8,11,,9,7,9,13,6,2,5,2,10,8,7,3,7,5,2,4,8,7,6,7,,5,2,6,7,14,21,14,19,9,9,9,10,13,9,8,10,8,7,6,10,8,6,4,6,8,4,6,8,4,5,2,3,8,8,5,10,18,5,7,6,6,9,5,6,7,8,7,,5,19,7,5,6,8,6,16,2,,6,3,2,14,22,2,6,2,6,6,2,7,6,5,6,3,10,5,3,2,4,8,4,5,,8,8,6,8,5,7,8,11,7,7,6,7,6,8,10,15,3,2,5,8,6,6,6,4,4,6,5,6,7,6,,4,6,9,12,6,10,9,7,17,8,13,7,9,8,14,8,8,6,5,2,9,,7,,7,5,5,5,5,7,6,10,15,5,11,,8,15,,8,7,7,4,6,11,6,12,6,9,10,11,10,6,2,5,9,7,,6,,6,6,,6,9,7,13,3,6,7,4,,7,20,10,9,,,6,10,3,9,3,3,3,2,6,8,6,6,3,7,5,8,3,6,6,8,6,7,7,5,,14,5,2,7,22,13,5,5,9,7,8,4,6,,6,10,3,6,6,13,3,17,6,9,9,7,10,10,11,12,13,,19,5,3,2,20,8,8,4,6,10,6,8,7,8,12,6,5,6,5,8,4,8,8,,5,6,10,3,5,3,7,4,2,3,2,2,3,15,5,7,5,12,21,21,7,6,4,6,3,2,3,3,7,6,8,4,6,6,9,10,8,8,12,9,8,6,9,8
20210423,14,NO2,8,3,8,7,13,10,14,6,6,9,11,11,,,20,,17,16,16,,16,,26,14,,12,15,,12,8,22,6,11,11,,,18,21,,25,28,15,16,16,,17,,11,8,10,13,13,13,,14,15,29,,29,21,,15,8,16,7,8,11,11,,10,13,11,14,7,14,,8,8,11,15,12,,16,9,13,8,11,14,,8,6,,,8,7,7,7,7,8,16,,16,41,17,22,22,,22,32,26,9,17,12,13,12,9,13,9,32,38,41,45,36,9,7,32,30,50,10,14,,,16,30,22,20,19,14,10,33,33,47,40,50,24,,32,23,25,26,28,22,7,16,17,20,16,8,10,37,,39,40,33,29,35,35,21,23,11,14,17,22,,,,16,12,,,16,14,,,,21,,23,38,31,20,31,22,27,17,21,,,,24,18,,20,18,7,9,8,,10,15,19,15,13,15,12,19,,17,,10,9,,33,30,,22,37,40,,30,25,44,24,42,52,41,,,56,43,,20,16,39,17,,36,,,63,,38,33,,21,26,21,12,11,18,,17,22,7,10,12,13,18,14,25,20,16,8,11,10,14,13,19,12,5,,10,6,8,7,16,8,16,11,24,8,,12,7,7,,6,,17,20,,27,14,20,13,22,,,24,28,21,29,20,24,14,11,7,12,15,11,11,15,12,16,23,15,33,16,32,12,,10,25,28,20,26,21,19,20,24,20,26,13,30,23,,25,20,19,24,37,28,28,29,19,27,44,29,44,22,,22,23,24,15,13,15,11,5,22,,18,15,,11,15,22,14,19,13,16,9,11,8,,,,29,29,28,14,16,17,19,17,11,14,7,5,,11,15,9,7,20,,11,10,10,25,5,6,12,,41,49,37,56,78,39,25,,,56,47,62,51,49,,20,16,31,23,,,23,19,8,26,6,7,7,,15,16,6,,10,6,11,18,18,10,6,5,7,6,7,5,24,34,20,35,46,38,33,39,,30,20,26,28,,28,7,34,27,,,,15,10,,,,10,12,13,18,5,7,9,,6,14,27,18,22,22,18,17,14,19,22,,8,29,7,12,,10,11,10,14,13,9,12,11,9,,15,31,19,9,7,10,15,18,30,20,17,21,16,14,,9,5,8,,12,,19,19,21,16,21,,14,17,,,10,10,16,21,,21,23,19,,16,9,9,11,6,32,16,,12,15,,,,28,,22,10,,,15,17,17,19,15,13,,20,33,,14,,,9,,7,2,13,10,6,5,7,5,,5,4,2,2,6,1,4,9,9,4,6,9,9,8,9,8,8,8,6,4,,5,16,24,,10,8,,11,10,8,8,5,,7,8,,,12,10,,4,,8,8,10,16,,6,,8,8,,7,9,,6,,14,22,15,,18,16,25,37,27,,24,21,26,24,18,14,5,13,16,13,11,10,28,15,11,14,23,22,7,22,13,15,22,17,30,38,40,25,36,26,14,15,16,,10,27,32,28,15,19,11,15,10,13,8,17,14,17,,26,12,20,,10,11,7,9,10,,12,11,5,,39,,39,37,25,32,14,16,17,,,,8,,9,,12,13,16,,26,24,16,13,19,,20,,32,27,22,18,10,7,,11,16,12,13,11,12,,11,,,8,13,14,14,,10,15,9,,7,6,7,7,6,6,4,,11,8,2,3,2,11,8,6,18,25,15,16,6,,16,,15,6,18,30,19,28,,,,,,13,,10,18,20,18,16,12,20,8,6,9,8,12,11,6,26,29,22,,10,12,28,,12,8,,11,11,18,32,30,31,,24,34,20,26,23,20,,11,5,10,4,14,3,,5,8,,16,6,16,16,4,15,18,20,20,,21,,21,,,,17,12,11,13,13,,,18,24,12,12,19,19,21,19,12,14,39,,38,16,12,36,20,25,22,26,26,,12,23,18,23,15,39,28,18,6,13,12,10,16,,49,22,,17,23,8,25,,,13,15,14,10,13,12,8,13,6,,,31,17,18,19,20,,16,10,8,9,11,12,7,,10,12,10,,,13,8,,,13,,,12,,8,13,,,18,10,,,9,12,2,,,9,11,4,5,5,5,4,15,17,9,21,12,18,34,31,24,5,16,11,16,16,10,14,17,,14,14,25,,32,29,4,8,8,,6,26,14,16,13,16,,,19,8,11,15,6,12,10,10,7,18,11,9,,4,17,21,10,,,10,5,6,14,6,9,,7,14,44,,18,29,11,,16,12,12,8,9,6,7,5,11,11,16,37,12,9,7,8,,3,5,5,23,7,13,,6,,11,,,,6,8,15,10,8,,,10,,7,18,17,13,10,9,6,8,6,5,8,5,1,5,1,4,5,6,4,6,11,,8,9,6,4,22,12,5,2,11,7,8,6,5,11,15,,8,4,11,8,4,2,,5,5,5,6,,6,5,8,,,10,8,6,7,7,8,5,6,2,3,,15,26,27,,29,21,28,11,,13,10,11,,11,7,10,7,5,15,13,13,14,11,10,11,6,,8,11,10,33,39,,,50,8,21,16,17,19,20,,18,19,28,,18,30,19,,8,12,,9,3,5,6,,13,10,16,23,33,10,7,10,5,8,6,8,9,9,6,14,3,10,7,5,8,10,15,9,9,9,13,4,12,,10,,,10,2,4,5,7,11,10,,5,9,6,6,12,13,6,6,6,6,9,6,7,13,6,8,7,,5,5,5,8,12,6,7,,9,5,4,5,8,17,24,,25,7,7,6,11,22,19,17,16,6,12,12,10,12,11,,,20,23,21,,37,41,48,46,50,51,,10,,15,,,,,5,15,15,14,12,5,,30,,3,5,4,,5,10,8,7,11,5,10,,,,,6,10,9,7,9,11,6,,2,5,5,4,5,5,9,9,11,9,8,11,5,5,,5,7,8,8,15,16,6,10,23,,11,14,,6,2,,5,25,8,,4,,4,,6,5,5,4,5,10,,17,18,16,8,8,9,16,,12,11,10,18,14,11,,8,10,19,25,7,6,,10,12,4,7,17,,29,35,8,,14,6,11,11,3,18,11,,10,15,,13,15,12,12,11,18,9,6,5,,7,4,,,14,1,4,2,2,,,11,8,9,7,,8,15,27,4,14,5,10,30,11,16,14,8,10,,13,28,7,,43,29,23,,7,,27,16,16,4,9,8,5,17,,,12,43,31,4,,,6,17,39,15,,12,14,11,8,,9,16,,,31,21,24,20,15,11,28,28,31,22,20,60,33,32,,,22,10,,27,7,8,13,5,8,13,14,7,12,11,5,6,13,16,16,19,14,15,7,11,11,24,9,5,5,3,5,8,,28,17,82,14,21,8,14,5,8,14,10,10,30,11,20,18,24,14,,6,2,24,,5,14,30,,,21,11,14,6,15,3,7,25,18,6,20,9,8,14,8,8,15,8,,14,,13,8,10,,13,43,16,25,,36,29,26,33,28,11,7,8,10,6,16,,16,,22,7,20,13,15,13,33,29,31,23,22,14,25,23,20,11,12,8,16,,,20,28,11,8,18,15,19,13,14,18,7,17,7,10,14,30,17,12,12,,25,28,6,9,17,11,23,17,16,11,25,21,23,16,6,23,34,19,,23,9,10,16,21,2,15,19,27,16,16,12,14,10,7,8,7,32,15,8,21,15,6,6,6,7,8,8,,9,8,41,33,33,37,27,10,11,,24,3,5,11,8,26,24,17,40,10,14,29,20,,32,19,25,16,12,8,9,11,10,4,,22,5,10,16,13,7,8,3,13,12,1,13,16,26,16,,12,11,,14,9,16,20,8,8,11,12,15,12,20,,23,13,6,3,13,6,24,13,24,9,11,18,13,10,19,3,10,,17,14,17,,8,,15,19,10,,10,16,14,10,10,14,11,,14,6,,20,2,3,11,12,11,16,9,6,10,5,6,8,5,10,3,4,5,,46,,7,,,19,8,5,9,23,27,34,14,,16,6,10,159,,,12,12,8,5,26,23,20,27,22,7,19,21,11,,,7,9,9,7,10,6,14,10,28,,20,9,16,32,25,23,13,14,22,22,21,36,5,,2,12,12,19,19,12,18,12,4,34,11,17,27,30,4,11,30,,15,9,38,41,15,11,8,38,25,19,22,14,12,10,15,22,15,25,,4,45,40,18,,9,6,34,2,,8,19,12,9,10,11,10,8,11,20,9,21,13,15,13,24,7,11,19,9,7,10,7,16,9,8,5,15,16,22,14,20,42,18,13,4,2,16,17
20210423,14,NO2_24h,24,16,30,23,38,27,37,24,15,27,38,33,,,23,,22,20,21,,22,,30,26,,22,18,,24,22,26,20,19,24,,,20,26,,28,26,15,15,23,,19,,26,17,21,28,31,31,,25,32,28,,26,27,30,30,17,22,14,14,27,32,,31,24,18,25,23,26,,20,22,29,27,58,,18,36,35,50,45,38,,21,24,,,25,19,17,15,16,23,26,,22,34,24,29,31,,28,26,29,10,16,12,18,14,9,17,11,51,44,49,43,43,19,20,43,37,46,28,37,31,,30,32,36,34,43,29,23,43,45,56,53,57,44,,49,32,38,39,37,35,18,37,30,28,18,29,31,36,,58,56,51,46,56,49,39,54,40,40,43,22,,,,26,19,,18,30,24,,,,32,,29,55,44,25,52,47,34,61,45,,,,45,42,,13,31,26,27,25,,31,19,28,28,21,30,20,28,,22,,17,17,,51,36,,67,28,52,,52,65,55,22,54,45,55,,,32,47,41,34,29,45,26,,42,,,60,,50,47,,20,18,21,18,15,19,,34,39,28,40,33,18,23,24,20,23,22,13,18,19,26,23,29,18,11,,26,22,22,24,16,17,20,21,39,13,,20,18,7,,14,23,19,16,,23,17,21,15,12,,,21,21,13,19,18,17,43,40,34,40,42,38,39,46,23,24,28,25,38,35,31,35,,16,18,31,21,25,18,17,23,22,18,25,10,51,43,,56,60,39,70,50,64,54,33,22,34,46,38,31,62,,24,30,52,34,27,30,12,16,38,36,32,29,,13,53,40,19,19,18,15,17,23,16,20,,,50,41,41,38,36,48,45,47,39,38,21,26,13,13,15,10,12,22,28,25,11,12,23,9,9,13,,44,38,46,50,54,48,32,,,41,56,55,44,53,,36,35,46,37,,,46,9,11,34,7,11,10,,24,22,7,,17,15,39,30,30,35,7,5,9,7,14,4,40,52,44,52,50,52,47,51,,29,39,51,39,,44,13,35,39,,,,20,12,,,,20,19,22,25,10,17,15,,12,16,30,21,19,21,27,27,22,28,28,4,17,31,7,31,,29,35,25,30,21,25,22,22,18,,35,44,33,16,12,12,21,25,27,22,33,32,31,33,21,15,17,14,,10,,27,29,32,26,25,,16,20,,,14,15,21,22,,18,23,21,,23,18,16,22,9,21,15,16,14,15,,,,28,,25,12,,29,27,24,35,23,18,14,15,18,26,,16,,,27,,25,19,35,15,14,12,16,14,,13,12,16,12,14,8,12,15,16,13,23,26,31,11,10,12,29,26,20,7,,11,35,35,,16,17,,14,15,16,18,14,,31,19,,,32,25,,25,,25,23,27,33,22,16,,19,18,,26,29,,20,,30,31,29,,29,26,22,22,17,,23,17,34,21,23,13,7,26,30,25,26,18,42,13,14,23,19,21,12,27,22,24,34,24,26,32,25,27,27,18,12,14,12,,7,23,24,23,26,19,14,17,13,15,12,25,24,32,,30,28,31,,17,22,24,33,19,,31,29,4,,33,,30,34,22,31,25,20,28,,,,30,,26,,15,23,11,,37,37,24,14,18,,17,,33,28,24,27,27,26,,30,33,30,18,21,16,,20,,,8,13,15,13,8,11,24,11,21,9,11,8,9,19,25,22,28,33,28,4,6,19,37,37,37,24,39,33,32,22,,33,12,37,19,20,40,30,32,,,,,31,40,,35,16,23,21,18,17,17,12,6,14,9,13,17,12,35,36,35,,13,18,38,,36,35,,49,9,22,31,30,28,,26,28,31,37,37,38,,13,14,18,16,18,12,22,5,8,,16,7,6,12,6,15,19,19,19,,15,,15,21,21,,19,7,6,16,11,,,10,15,15,16,17,18,14,15,11,10,45,,51,49,39,49,35,45,46,52,49,,25,34,52,51,51,41,40,34,30,27,25,22,25,,41,34,,35,39,12,34,,,25,19,18,15,22,20,13,19,15,,,28,15,16,16,17,,15,40,38,36,40,44,19,,24,27,9,,,13,13,,28,34,51,,42,,11,19,,,17,13,,,9,13,8,,,11,12,12,16,7,7,8,30,18,10,21,20,18,27,29,23,25,25,26,22,17,11,17,17,,19,24,26,,25,30,23,28,14,13,8,24,10,9,9,33,,,23,33,36,54,31,30,26,28,17,25,20,10,61,44,51,52,26,,,46,9,13,9,19,24,,11,18,34,,24,36,19,,18,13,16,16,25,8,12,11,31,22,26,36,33,18,9,12,,4,11,10,20,16,19,,16,,21,,,,10,18,19,17,16,14,,16,,20,18,27,24,15,25,11,13,26,26,27,11,2,12,11,12,22,26,30,25,12,,14,7,14,15,19,16,6,17,22,24,17,12,17,22,28,,12,9,13,13,12,5,15,13,12,12,10,10,9,8,14,,,15,15,6,8,10,10,6,19,18,24,,24,40,35,,31,24,27,24,,24,25,24,,28,19,21,17,16,15,15,16,15,14,27,24,23,,15,15,14,35,28,,38,30,7,14,13,15,17,24,20,20,28,27,,33,29,29,,11,17,,14,7,15,15,,16,15,20,13,23,14,11,17,6,12,13,9,11,13,10,15,5,16,19,14,21,13,16,11,10,11,10,8,12,8,15,4,3,12,7,5,5,10,11,12,12,3,9,9,31,34,32,31,25,10,19,17,17,23,23,20,25,27,11,10,12,10,14,21,23,12,14,24,18,15,10,15,26,34,,31,21,18,9,20,24,24,18,25,19,25,27,22,26,36,,,11,18,16,,29,40,36,37,51,48,,37,,25,,,,,11,23,27,28,24,13,10,34,,31,6,10,8,11,13,7,9,7,7,9,,,,,5,7,17,20,10,13,26,,2,9,10,17,17,5,8,9,23,36,12,16,21,21,,6,9,9,10,36,39,13,10,34,,12,17,,11,7,,6,22,5,,6,,6,,7,6,6,8,8,20,36,45,35,26,5,8,11,17,,22,21,8,21,15,18,,13,14,28,34,8,7,,14,12,11,14,18,,28,37,21,,14,10,17,17,11,14,16,,16,18,,16,18,14,15,13,17,10,7,4,,11,4,10,14,20,5,8,5,4,,,17,12,13,6,,10,13,19,6,23,23,19,54,23,21,18,23,23,,53,32,21,35,50,53,42,,14,,30,18,41,11,41,32,18,15,15,26,22,27,43,6,,,26,24,50,18,,20,19,17,16,,17,36,,,44,41,45,21,21,20,40,37,27,46,26,58,27,32,23,,25,19,,48,14,19,19,4,20,12,14,8,15,14,14,9,18,17,37,19,14,11,12,9,28,24,14,5,7,5,5,9,29,27,13,68,29,31,35,22,19,20,20,31,35,37,15,37,28,41,20,,24,6,29,,9,29,27,,,37,17,22,22,22,4,22,30,25,13,32,22,18,31,11,26,24,19,,25,38,25,17,25,,16,54,28,53,24,34,42,44,47,31,25,24,30,14,15,18,,24,,21,23,27,26,32,38,61,57,57,45,49,40,24,46,41,16,23,25,53,,13,26,49,20,20,24,23,24,21,31,14,14,17,14,15,16,29,19,30,27,,34,31,20,14,26,48,29,28,20,14,29,14,23,42,11,44,24,46,31,35,20,23,15,25,16,15,22,27,27,25,20,20,27,31,11,21,57,21,17,21,22,12,7,6,14,31,16,,26,17,53,35,57,43,44,27,14,,25,16,13,30,14,34,28,23,45,18,24,32,37,40,48,39,25,32,26,9,19,18,20,6,,36,14,16,47,37,10,23,10,12,26,6,17,36,46,18,20,20,16,24,18,20,23,36,19,12,13,25,42,32,28,,26,14,19,22,20,9,29,14,31,30,25,27,37,24,44,30,25,17,18,25,19,,14,,19,20,8,19,16,26,20,15,14,24,19,,15,10,,29,16,14,18,24,24,15,14,13,18,17,9,12,5,15,4,9,10,,37,,18,14,,18,18,12,24,27,27,40,27,,32,20,16,18,,,35,32,24,24,38,17,26,40,28,25,30,33,30,41,43,33,33,27,22,30,30,28,21,30,,25,21,19,36,31,25,28,32,30,37,39,26,5,,5,14,31,31,44,35,13,16,19,39,15,29,43,48,27,21,43,,30,20,32,32,47,21,39,25,19,16,25,17,27,14,18,46,38,25,17,15,61,60,36,,9,8,45,2,10,32,24,10,24,24,30,14,31,31,23,14,19,34,46,22,34,16,15,21,24,14,31,24,24,27,12,17,29,14,35,13,34,46,28,28,5,4,27,14
20210423,14,O3,104,121,106,101,102,100,113,106,114,124,103,110,,,86,,99,100,99,,98,,88,104,,104,82,,150,141,142,140,144,148,,,105,105,,106,94,102,101,113,,109,,125,120,121,120,108,124,,116,112,142,,140,152,138,99,107,106,112,111,106,104,,106,101,96,98,100,97,,139,135,135,134,141,,124,134,138,146,139,135,,140,142,,,132,140,128,139,104,96,71,,75,61,84,72,85,,84,111,108,138,115,130,125,126,119,124,121,74,67,74,61,80,100,114,76,70,49,125,113,116,,120,119,127,112,109,128,135,110,88,81,74,84,93,,100,80,85,73,130,130,131,125,112,108,149,129,133,69,,,56,72,77,80,69,56,50,54,63,54,54,,,,100,107,,111,109,99,,,,120,,105,90,89,111,106,112,111,125,129,,,,134,126,,94,109,111,92,89,,89,120,126,123,108,123,74,79,,82,,128,123,,85,76,,113,67,75,,85,116,70,,38,80,53,,,73,70,70,108,95,77,93,,79,,,65,,86,84,,104,148,151,,74,56,,120,121,108,109,117,97,99,100,,115,124,130,122,133,135,118,130,121,116,,107,110,112,119,197,140,106,106,100,111,,110,110,103,,119,,80,68,,66,79,70,68,68,,,59,53,58,48,62,43,118,118,118,119,114,115,120,116,111,127,,99,94,93,91,103,,109,99,118,110,127,126,108,120,125,114,107,102,216,205,,210,212,234,234,216,216,205,233,154,187,94,135,156,178,,151,135,135,211,123,134,153,114,182,169,191,,,147,139,168,186,184,187,193,198,159,118,176,,,257,288,267,214,184,212,217,164,110,129,113,138,96,96,99,101,100,92,80,87,83,66,107,121,99,76,,35,34,58,62,34,77,75,,,39,61,29,33,76,,148,162,169,137,,,149,96,120,106,124,129,116,,118,123,121,,158,148,150,143,138,138,126,131,123,123,128,135,55,34,56,39,,37,37,42,,50,43,48,34,,94,100,69,76,,,,124,118,,,,116,104,85,72,90,84,80,,92,107,,119,118,109,116,121,112,113,117,122,86,103,88,138,,139,135,142,144,147,143,146,149,136,,99,96,98,109,105,98,101,95,84,82,105,93,98,106,128,122,126,122,,59,,82,88,79,81,89,,87,72,,,102,93,86,60,,56,63,65,,102,126,107,104,100,100,117,,126,114,,,,50,,56,69,,,82,79,79,81,86,82,90,112,112,,75,,,153,,140,125,180,98,99,83,105,85,,79,69,74,68,85,72,60,145,143,116,114,141,129,156,147,162,140,130,124,114,,116,253,247,,146,149,,174,183,180,140,95,,104,146,,,101,102,,136,,141,135,145,129,109,109,,117,118,,125,119,,125,,136,132,132,,135,137,97,83,97,,70,70,74,81,91,87,69,90,91,90,86,95,79,92,83,95,81,85,92,,93,88,83,84,72,67,70,,71,96,90,91,98,,102,157,144,155,134,163,120,144,155,130,146,92,93,97,,,112,104,,109,114,116,106,107,,111,41,86,,76,,65,66,96,77,122,119,116,,,,110,,106,,90,92,79,,109,107,111,113,109,,106,,46,50,54,63,112,113,,128,117,133,116,159,131,,100,,,111,63,56,66,96,85,115,127,102,86,95,86,86,110,105,92,,106,101,56,55,93,97,96,4,162,145,148,146,138,,128,141,136,142,101,93,99,95,,,,,117,121,,117,24,47,36,44,46,33,96,103,86,104,81,169,170,54,51,59,,94,86,73,,116,118,,121,69,62,40,47,44,,49,35,74,71,77,76,,98,104,83,132,128,138,,84,96,,73,85,85,81,100,55,55,70,70,,47,,70,73,73,,63,64,59,70,65,,,51,55,,65,115,105,110,113,123,116,74,,74,145,139,69,82,88,82,70,113,,116,92,108,106,115,104,114,114,120,105,98,98,86,,44,54,,114,100,67,72,,,110,109,97,105,103,,128,119,130,,,154,105,106,99,95,,102,155,145,,154,,136,,129,134,123,,,120,112,,144,141,131,,132,,140,139,,,102,84,,,136,148,140,,,92,95,99,122,129,122,136,116,91,99,98,94,89,72,82,70,99,76,82,89,86,80,86,84,,90,91,83,,80,99,127,120,87,,95,90,116,116,123,126,,,111,128,118,118,,123,116,121,122,97,101,79,,112,108,99,111,,,112,75,69,59,104,109,,85,114,133,,131,129,131,,131,130,134,128,141,95,115,97,95,,96,63,80,86,105,96,,101,113,105,79,142,130,,132,,128,,,,139,134,140,133,126,,,93,,96,109,98,119,124,115,126,116,117,123,124,122,,117,112,112,126,124,122,120,112,,113,86,79,90,75,90,105,134,124,123,110,131,116,124,128,,103,118,114,110,99,109,107,124,105,114,128,119,126,127,133,,,135,133,100,104,99,98,102,110,117,125,,118,114,112,,87,93,87,107,,110,104,123,,131,126,124,116,126,104,108,103,101,106,104,111,110,,114,117,115,66,48,,71,47,77,62,73,73,60,66,68,60,85,70,,78,69,77,,101,102,,102,99,107,108,,86,95,88,24,23,103,110,105,,110,111,92,113,104,98,103,98,88,97,92,,84,93,84,85,75,83,,82,98,88,78,86,78,85,89,75,65,81,75,90,49,85,86,128,118,126,128,58,66,65,86,101,79,116,114,118,116,113,105,96,109,109,120,111,92,94,95,103,100,113,111,26,32,,34,92,99,107,104,120,127,132,133,142,,,145,160,150,,,37,48,45,,48,22,21,37,22,21,,126,,103,,,,,117,129,121,118,131,120,122,125,,101,124,148,129,139,147,140,115,113,100,146,,,,,62,47,,159,143,136,110,,100,138,136,146,142,124,120,122,153,159,129,132,139,138,,144,137,141,128,190,198,117,126,180,,130,131,,116,125,,124,130,128,,128,,113,,117,112,,66,67,60,107,120,118,119,80,85,85,100,,72,79,55,67,69,106,,91,82,68,61,90,91,,82,70,81,84,81,,63,76,113,,114,103,106,125,104,91,117,,122,77,,90,71,79,72,87,94,81,84,81,,97,77,,,102,98,95,95,98,,,95,93,87,68,,58,,68,89,127,139,116,196,111,107,103,143,136,,127,69,130,,65,105,106,,122,,57,73,147,102,141,146,94,59,126,,92,36,113,57,,,108,,82,97,,110,108,124,103,,129,88,,,70,127,116,74,,104,59,70,52,135,75,47,73,82,122,,95,100,,249,159,151,132,81,,88,75,141,113,123,112,84,106,95,113,132,90,55,86,51,107,89,110,130,137,137,123,124,,152,112,30,128,145,154,106,107,112,119,106,149,57,137,103,102,64,96,,108,99,49,,116,42,11,,,88,132,96,112,110,109,112,101,70,105,115,95,120,141,125,108,171,86,,94,85,89,106,109,,81,80,70,102,98,70,104,98,87,53,123,133,144,143,135,107,,97,,68,78,79,121,98,190,,185,197,,200,189,185,186,128,113,140,104,194,,,,266,196,133,89,97,98,97,99,122,102,123,133,102,88,91,88,134,122,,93,78,,98,78,109,32,50,,67,89,67,101,84,76,37,34,140,,171,141,166,66,61,121,84,130,47,87,87,102,99,98,152,165,157,96,110,112,57,74,110,118,89,107,106,101,,118,111,71,82,99,98,79,128,105,,55,106,113,138,135,106,129,129,45,134,111,101,120,114,68,63,65,94,105,88,89,79,86,85,,228,113,133,210,183,125,127,70,119,136,111,173,212,151,97,120,101,102,103,102,128,135,93,103,134,126,106,117,104,120,,91,81,128,,97,134,6,63,92,62,96,146,141,156,108,98,101,87,73,93,97,,78,,63,75,130,,100,73,72,88,91,116,125,,76,136,,,95,150,143,131,173,101,112,94,111,102,108,156,96,86,54,83,77,,68,,104,79,,27,148,137,150,85,74,91,100,,104,138,128,122,,,116,148,118,144,139,92,101,98,106,128,119,114,112,106,106,113,109,118,112,97,116,117,106,95,,119,133,121,42,83,52,102,80,49,58,70,74,82,,100,99,44,32,,108,106,141,139,132,119,190,250,303,93,117,111,,99,,68,60,120,136,124,46,45,60,61,84,98,119,93,86,117,52,78,113,77,90,106,,92,87,73,98,114,127,119,114,110,122,97,118,102,138,190,75,74,133,117,117,85,121,102,102,118,118,104,110,139,146,114,138,123,94,114,98,117,71,92,125,122,127,153,69
20210423,14,O3_24h,105,121,107,101,103,101,113,106,114,124,103,110,,,86,,99,100,99,,98,,90,104,,104,82,,150,142,142,140,144,150,,,108,105,,110,94,114,106,114,,111,,142,145,144,122,114,130,,118,113,155,,153,157,154,101,110,111,112,111,119,115,,114,103,96,98,134,129,,140,137,138,135,141,,124,136,139,146,146,139,,140,142,,,132,140,128,139,124,128,119,,124,128,133,117,116,,121,118,122,138,121,137,125,126,131,131,142,90,103,97,116,107,121,116,118,113,93,202,205,215,,232,205,231,226,184,231,231,208,106,101,106,105,104,,111,97,95,87,130,130,131,125,112,108,149,129,133,73,,68,56,77,77,91,95,80,70,70,76,62,61,,,,100,107,,111,109,99,,,,120,,105,90,89,111,106,112,111,125,129,,,,134,128,,109,109,111,100,100,,98,120,126,123,108,123,88,93,,82,,128,123,,85,76,,113,67,75,,85,116,70,56,65,80,68,,,76,73,74,108,100,77,97,,79,,,92,,96,99,,104,148,151,74,84,80,,120,121,108,109,117,97,99,100,107,115,124,130,122,133,135,118,130,121,125,,140,139,144,157,214,156,140,106,100,111,,110,110,103,,119,95,97,91,,91,100,96,108,122,,,104,97,114,115,96,96,136,138,134,146,124,134,147,138,137,127,112,113,102,118,110,103,,117,131,118,110,127,126,108,120,125,114,107,102,216,215,,230,240,254,234,222,216,205,233,154,187,136,168,162,261,,156,135,135,237,123,144,153,126,195,226,195,170,,148,142,168,186,184,187,202,198,159,136,176,,,257,288,267,242,213,265,235,206,110,129,124,143,113,104,113,113,111,111,99,108,88,83,107,121,99,114,,102,94,118,137,128,150,106,,,108,126,112,112,134,,153,162,169,137,,,149,138,123,106,124,129,116,,119,125,121,,166,151,151,143,153,144,126,131,123,123,128,135,103,92,100,84,94,82,108,81,,100,87,67,103,,125,100,79,84,,,,136,135,,,,146,136,85,72,90,84,80,,92,107,101,119,118,109,116,121,112,113,117,122,96,103,91,157,,152,153,158,154,151,148,146,152,148,,107,104,116,131,140,132,128,129,122,138,124,115,98,109,158,140,143,154,,87,,82,88,79,81,107,,106,112,,,112,100,94,78,,90,85,70,,102,126,107,104,100,110,117,112,126,114,,,,64,,69,104,,100,110,102,100,86,86,86,125,120,119,,81,,,175,,178,150,180,140,142,152,148,134,,88,78,82,81,94,88,87,145,143,116,156,161,155,156,147,162,142,136,188,115,,116,255,247,,204,216,,189,183,181,171,100,,104,157,,,118,119,,136,,141,135,145,129,180,179,,193,190,,171,152,,167,,143,132,139,,135,137,104,113,109,,129,125,117,128,130,125,128,107,104,117,115,120,115,138,122,121,128,133,135,116,103,121,121,117,144,144,153,136,148,149,137,127,136,,134,166,158,164,149,176,127,149,155,142,146,97,93,98,,91,112,104,,109,114,116,106,107,,111,72,107,,146,,151,144,158,139,143,150,151,,,,123,,122,,129,131,119,,117,116,132,134,138,,136,,92,91,84,94,118,132,,128,117,133,116,159,131,,104,,,113,63,56,66,111,94,115,127,102,86,97,86,89,110,105,92,90,106,101,61,64,194,98,100,92,162,145,148,146,142,,141,147,141,145,132,129,120,132,,,,,117,121,,117,87,120,94,102,100,85,96,103,86,104,81,172,180,96,99,99,,117,106,109,,117,118,,121,94,83,90,89,132,,85,78,120,130,132,123,,137,141,131,151,158,159,132,88,99,,87,94,102,91,103,68,65,94,94,,96,,101,109,109,,103,117,102,89,91,,,95,102,92,91,123,109,124,125,137,131,87,,87,145,139,77,92,91,82,70,120,,116,92,108,106,115,106,114,119,120,105,98,98,86,,62,54,,114,100,67,72,,,110,135,135,134,132,125,128,119,130,,,154,140,134,133,134,,127,155,145,144,154,128,136,,129,134,135,,,129,146,,144,141,136,,132,,195,204,,,132,88,,,136,148,140,,,126,136,126,134,133,127,137,152,130,143,134,133,131,122,121,110,125,116,109,125,110,120,105,108,,107,107,113,,124,120,145,134,113,135,126,118,133,131,137,199,,,111,237,234,237,221,224,205,207,211,167,181,172,199,236,225,199,234,,,282,127,144,131,184,177,,122,120,135,,131,129,135,,131,130,135,128,141,95,118,98,95,82,96,63,80,86,105,96,,101,113,105,82,142,130,,132,,128,,,,139,134,141,133,129,131,,93,,96,109,98,134,137,119,139,128,117,124,124,122,105,117,112,112,126,124,125,127,112,,113,104,92,100,93,96,106,134,124,123,110,131,116,124,128,,109,118,122,122,112,126,147,141,134,134,128,119,126,127,133,,,135,133,109,125,120,118,127,110,117,125,,152,147,138,,148,133,148,131,,140,134,123,,131,126,124,117,126,114,113,108,118,120,105,114,115,,116,119,118,85,83,,99,89,92,84,111,102,139,152,121,106,89,88,,117,112,123,,137,137,,102,99,107,108,,115,118,113,110,94,103,110,105,95,110,111,92,113,104,98,103,119,97,113,105,104,92,95,98,103,106,111,84,95,98,88,78,86,78,85,89,87,67,85,83,94,66,85,86,128,118,126,128,69,91,72,105,117,80,116,114,118,116,113,109,100,129,125,120,117,94,94,99,103,100,113,113,68,74,,72,126,120,129,125,129,131,132,134,148,158,151,145,160,150,,,127,130,122,,124,104,74,104,94,82,,126,,103,,,,,117,129,121,118,131,121,122,125,,106,132,153,136,146,152,145,118,131,111,157,,,,,66,64,153,159,147,144,110,,100,153,153,147,142,140,135,138,153,159,135,155,143,139,,144,137,145,134,190,198,132,148,180,,144,148,,129,136,,124,131,128,,128,,117,,118,113,107,95,99,90,122,120,122,128,88,92,87,110,,74,83,114,110,109,137,,131,121,78,80,129,127,,112,96,81,84,115,,102,84,144,,140,122,111,125,106,107,152,,144,153,,163,89,104,93,87,94,98,100,95,,97,90,88,101,107,118,103,109,108,,,95,93,87,77,,66,85,85,89,133,171,173,211,111,107,103,144,136,,134,144,130,91,73,119,118,,122,,64,112,147,102,158,163,129,92,126,128,123,122,116,93,,,118,175,82,97,,110,141,154,103,,129,105,,,70,127,116,95,96,104,59,70,67,135,110,134,131,153,162,,95,119,,249,212,163,167,94,131,128,89,141,136,123,112,99,106,152,114,132,103,80,90,76,107,117,133,134,141,140,128,125,123,162,116,134,128,145,157,110,107,112,151,120,149,99,137,105,102,101,138,,110,99,63,,127,91,94,,,90,132,128,112,122,114,126,106,111,146,121,102,120,141,125,121,171,86,,111,91,93,106,109,,130,109,113,102,110,93,104,100,95,96,123,133,158,203,135,107,,97,,82,78,96,121,98,196,209,185,218,208,225,216,185,205,174,114,147,110,248,,120,181,266,218,140,89,105,107,101,99,122,102,124,135,102,88,137,136,134,122,,136,140,172,188,172,287,100,66,114,95,130,138,101,119,106,64,92,144,164,171,170,166,118,72,121,98,130,64,87,87,102,101,108,158,168,168,108,118,146,147,128,110,118,89,115,106,101,,118,136,85,82,99,98,79,137,105,,70,106,113,156,135,106,129,129,83,134,111,101,120,115,102,81,65,107,105,93,89,79,86,85,,228,149,161,215,202,134,132,89,145,153,111,190,212,151,98,141,135,108,108,102,128,135,93,103,134,126,106,140,120,146,,145,126,129,125,170,143,60,103,110,75,111,146,141,156,118,107,103,91,95,93,97,,104,,103,88,132,74,107,101,109,95,105,116,150,,104,155,,101,95,196,171,147,178,101,112,94,111,102,108,159,96,95,64,105,89,,97,,125,116,,105,148,139,152,85,83,91,102,,104,138,128,130,,,129,148,125,144,139,96,107,113,108,133,142,120,120,117,106,120,115,120,116,103,124,154,106,151,,157,133,133,113,122,129,102,106,94,86,105,145,90,,108,110,96,67,142,131,129,186,161,154,174,190,250,303,100,130,130,,99,124,144,139,294,155,124,112,80,74,74,99,114,157,166,122,117,106,110,113,77,90,106,,120,137,77,119,140,165,144,137,110,122,102,118,108,138,190,109,98,152,311,117,146,121,103,102,119,118,104,110,139,146,131,138,157,126,200,127,197,72,104,134,134,127,153,96
20210423,14,O3_8h,72,78,76,70,72,66,68,81,80,77,67,70,,,74,,82,83,83,,79,,76,84,,92,68,,95,99,95,89,98,100,,,94,94,,96,85,100,96,100,,104,,87,92,88,99,86,97,,89,88,88,,89,91,88,66,66,72,80,72,76,77,,77,72,68,68,84,80,,94,94,92,92,64,,69,56,70,76,73,70,,110,112,,,101,110,102,114,94,82,60,,62,62,74,65,73,,68,109,107,134,114,128,120,121,116,118,118,50,42,53,40,51,67,81,42,43,36,91,76,68,,94,95,104,88,78,91,100,82,52,44,36,42,52,,55,39,56,43,57,68,67,65,60,55,78,64,68,52,,52,45,55,51,65,66,52,46,48,51,46,39,,,,70,78,,79,75,65,,,,83,,66,59,58,72,58,66,75,72,90,,,,93,96,,65,64,68,76,78,,78,70,74,70,64,71,54,61,,58,,86,84,,46,35,,50,34,38,,39,58,39,25,35,56,34,,,53,46,47,68,61,48,59,,45,,,56,,61,61,,64,85,77,51,58,53,,50,50,55,67,51,52,57,55,81,72,80,87,77,84,75,68,82,80,86,,70,71,76,72,106,86,66,68,65,76,,74,72,71,,75,60,66,58,,58,66,62,68,70,,,52,48,56,49,54,48,72,74,72,68,64,71,76,71,68,78,70,76,64,66,66,66,,77,78,57,60,62,63,56,62,59,64,56,62,84,81,,72,95,118,82,83,104,76,116,72,86,48,68,94,111,,73,69,57,117,59,77,88,80,73,72,86,74,,84,55,71,105,96,103,110,105,86,83,89,,,110,110,125,128,118,143,136,114,59,61,57,72,60,63,63,64,60,58,47,50,62,57,64,76,50,62,,15,22,48,42,18,43,46,,,26,34,19,24,36,,76,74,69,64,,,72,83,101,87,104,107,100,,98,95,106,,141,135,136,124,125,124,108,115,106,104,107,124,45,31,29,23,33,31,46,18,,48,43,16,38,,66,68,34,34,,,,62,94,,,,82,79,65,59,70,64,62,,71,64,61,70,68,61,57,61,59,55,59,111,48,60,74,85,,75,76,90,88,108,102,107,111,104,,74,62,76,98,94,88,79,78,73,70,73,67,68,74,101,92,87,97,,68,,65,66,59,58,65,,67,70,,,87,78,73,53,,60,56,54,,73,80,79,79,77,92,101,97,112,95,,,,42,,47,69,,64,79,76,66,66,67,70,108,111,103,,57,,,77,,77,70,86,105,98,90,105,96,,59,53,56,54,54,56,50,83,79,63,65,55,74,112,100,109,91,87,78,79,,72,138,119,,112,108,,136,136,130,105,64,,52,100,,,80,83,,98,,99,101,94,85,69,71,,76,76,,97,107,,95,,89,92,87,,91,90,62,58,78,,66,70,58,75,70,85,70,65,73,81,72,91,52,90,86,98,74,77,80,65,72,68,62,69,73,65,81,62,72,74,101,95,94,,101,124,120,126,108,132,98,112,126,102,117,61,62,62,,57,84,65,,65,67,67,58,65,,64,46,90,,56,,54,48,63,48,85,88,86,,,,88,,80,,70,71,67,,82,73,51,105,105,,103,,25,36,25,33,83,89,,81,78,78,79,95,91,,73,,,88,52,49,41,99,62,60,73,45,51,64,61,56,60,61,59,46,74,55,53,53,82,54,47,33,93,86,91,98,96,,109,120,96,102,49,51,54,58,,,,,62,50,,48,32,37,29,37,42,44,58,71,48,65,58,130,139,51,51,56,,84,76,50,,47,48,,52,58,37,36,35,30,,40,35,53,58,60,55,,76,79,67,88,99,106,101,81,90,,71,81,93,88,100,46,42,64,64,,56,,64,68,68,,50,60,55,62,63,,,54,59,64,61,110,100,116,114,124,121,60,,62,86,79,54,62,68,53,44,71,,72,65,70,68,74,78,78,78,78,74,66,70,68,,35,30,,48,50,29,30,,,61,93,82,92,88,93,95,92,94,,,95,95,95,90,90,,87,86,81,80,90,63,94,,83,84,119,,,115,105,,85,80,72,,71,,117,121,,,99,77,,,97,108,110,,,86,85,71,72,114,114,122,87,80,92,86,85,70,53,62,50,89,76,73,80,79,77,74,74,,77,70,56,,61,66,104,88,78,98,86,81,104,105,108,106,,,108,122,110,114,110,122,113,120,121,71,74,91,86,101,98,88,103,,,98,76,61,70,74,80,,80,98,107,,105,106,107,,104,101,109,103,108,86,99,83,47,47,56,37,47,49,80,81,,82,88,78,56,87,84,,102,,97,,,,110,105,106,103,94,92,,57,,56,55,55,77,82,76,90,74,74,80,75,83,77,75,69,70,73,73,72,72,59,,62,51,49,59,52,55,62,68,64,66,55,77,70,76,70,,60,60,69,72,58,82,71,80,77,75,95,84,92,89,86,,,90,84,57,66,63,61,66,72,70,84,,73,88,89,,78,79,76,82,,85,78,75,,78,92,96,88,98,91,94,87,89,94,77,89,90,,99,100,103,30,26,,26,30,77,67,76,68,70,68,66,60,46,40,,65,67,64,,74,70,,56,68,74,73,,68,76,73,23,25,72,80,77,72,80,73,67,75,73,70,72,83,68,63,64,68,49,51,49,50,44,73,63,64,74,58,61,66,57,59,68,74,57,73,67,78,26,32,46,58,54,50,50,42,64,48,48,55,57,55,64,60,64,82,84,80,79,79,58,56,66,52,65,66,64,60,53,19,22,,31,47,49,61,48,73,74,74,78,92,86,80,95,91,93,,,34,37,36,,34,23,25,43,35,21,,52,,45,,,,,79,76,70,73,81,72,72,75,,50,105,122,116,121,124,91,93,87,89,114,,,,,62,55,72,89,108,103,38,,86,115,115,99,96,130,122,124,109,104,88,102,100,101,,126,125,117,110,84,104,111,120,84,,97,90,,106,114,,108,112,115,,121,,102,,88,84,67,58,62,54,66,83,86,83,79,76,74,85,,51,54,39,72,69,74,,85,77,49,48,88,90,,68,59,65,65,51,,38,45,60,,86,68,80,72,90,93,88,,90,54,,67,65,68,62,60,66,76,80,80,,78,74,68,71,82,92,76,81,86,,,63,68,63,54,,32,76,71,70,100,79,75,69,92,89,87,100,89,,68,66,90,49,43,65,73,,103,,44,72,72,70,81,99,78,46,101,63,84,30,71,66,,,79,84,48,82,,77,79,94,57,,85,81,,,38,92,86,58,72,79,33,40,39,95,60,28,59,55,93,,81,69,,110,121,90,87,80,96,81,62,125,105,85,73,58,88,81,47,119,80,64,76,59,58,70,70,108,116,114,105,116,44,100,106,20,73,79,93,73,67,71,87,82,83,38,89,61,71,58,77,,82,77,38,,111,12,11,,,38,96,83,65,79,104,84,70,66,79,84,65,75,92,66,82,96,53,,57,26,49,67,61,,72,46,46,56,44,35,56,50,48,33,78,96,89,118,101,73,,76,,52,52,57,81,71,101,73,68,75,67,101,90,94,89,81,75,90,54,142,,73,94,110,132,80,69,74,85,80,53,102,83,84,100,62,59,71,71,79,61,,49,47,48,78,70,92,21,36,48,61,45,51,60,48,53,15,37,64,76,80,84,97,53,54,78,66,112,41,65,67,72,73,76,122,130,111,63,110,56,69,66,55,83,60,64,58,60,,60,70,58,45,52,50,44,86,71,,47,78,92,84,104,66,77,62,52,84,70,60,84,88,64,52,47,85,66,83,70,63,65,66,,101,112,75,100,106,84,76,59,60,98,82,109,108,75,92,80,88,88,78,89,88,82,49,66,109,98,68,72,76,94,,76,68,92,86,76,109,6,43,45,22,80,86,74,75,59,52,45,63,64,70,67,,74,,69,78,127,59,71,66,70,78,79,93,93,,71,113,,57,50,103,98,97,96,56,82,74,57,71,68,90,71,62,50,56,52,,38,,55,69,,23,124,116,137,55,60,48,61,,67,93,92,102,,,67,84,82,94,77,91,87,98,95,88,81,88,80,69,70,74,68,81,84,73,73,65,79,56,,81,74,108,32,51,35,66,62,53,50,62,64,79,,88,86,15,20,57,68,95,110,67,64,122,82,96,129,53,67,47,,58,94,49,51,101,89,51,44,45,52,52,66,74,90,71,55,50,40,55,76,40,48,48,,87,83,44,96,119,94,83,118,68,80,67,76,71,94,96,74,63,80,98,73,64,75,94,92,72,84,67,84,103,107,82,100,84,80,95,94,95,49,72,101,115,106,94,61
20210423,14,O3_8h_24h,72,78,76,70,72,66,68,81,80,77,67,70,,,74,,82,83,83,,79,,76,84,,92,68,,95,99,95,89,98,100,,,94,94,,96,88,102,106,108,,104,,87,92,88,99,86,97,,89,88,88,,95,97,88,69,68,97,97,72,76,77,,77,72,68,68,84,80,,94,94,92,92,64,,74,56,70,76,73,70,,110,112,,,101,110,102,114,94,82,64,,62,62,84,65,90,,70,111,118,134,117,130,120,121,121,121,120,56,70,73,76,84,67,81,76,81,52,91,76,68,,94,95,104,88,78,91,100,82,52,44,36,42,52,,55,45,56,43,57,68,67,65,66,58,78,64,68,52,,52,45,55,51,65,66,52,46,48,51,46,39,,,,70,78,,79,75,65,,,,83,,66,59,58,72,58,66,75,72,90,,,,93,96,,65,64,68,76,78,,78,70,74,70,64,71,54,61,,58,,86,84,,46,35,,50,34,38,,39,58,39,25,35,56,34,,,53,46,47,68,61,48,59,,45,,,56,,61,61,,64,85,77,51,73,65,,50,50,55,67,51,72,67,56,81,72,80,87,77,84,75,68,82,80,86,,70,71,76,72,106,86,66,68,65,76,,74,72,71,,75,90,96,91,,90,97,95,83,107,,,80,75,97,94,82,68,72,74,72,68,64,71,76,71,68,89,70,86,79,66,66,79,,87,78,57,74,62,64,73,81,77,71,68,72,84,81,,72,95,118,82,83,104,76,116,72,86,49,68,94,111,,73,69,57,117,59,77,88,80,73,72,86,74,,84,55,71,105,96,103,110,105,86,83,89,,,110,110,125,128,118,143,136,114,59,61,57,72,60,63,63,64,60,58,47,50,62,57,64,76,55,87,,20,53,48,42,34,43,46,,,60,34,34,24,36,,76,74,73,64,,,72,108,101,87,104,107,100,,98,95,106,,141,135,136,124,125,124,109,115,108,108,107,124,45,31,29,27,33,31,46,26,,50,43,16,38,,66,68,34,34,,,,77,105,,,,82,81,67,70,70,67,64,,71,73,71,74,68,70,57,61,59,55,59,111,53,60,74,85,,75,76,90,88,116,102,107,111,104,,74,62,76,101,97,95,103,91,90,70,73,67,68,74,101,92,87,97,,78,,65,66,59,58,88,,87,70,,,87,78,73,78,,77,78,70,,73,80,79,79,77,104,101,104,112,100,,,,63,,69,69,,64,79,76,66,66,67,70,120,114,113,,73,,,77,,77,70,86,108,110,101,106,96,,59,59,56,72,54,72,60,83,79,63,65,55,74,112,100,109,91,87,78,83,,72,138,119,,112,110,,136,136,130,105,64,,52,100,,,80,83,,98,,99,101,94,85,72,71,,76,76,,97,107,,95,,89,92,87,,91,103,101,100,100,,73,76,66,98,86,89,70,73,73,90,72,91,63,111,102,98,98,80,85,66,72,68,70,71,73,65,81,65,72,77,108,95,100,,101,124,120,126,108,132,100,112,126,103,117,61,62,62,,57,84,65,,65,67,67,58,65,,64,46,103,,56,,54,48,65,48,85,88,86,,,,88,,80,,87,71,88,,82,73,51,105,105,,103,,25,36,25,33,83,89,,81,78,78,79,95,91,,73,,,88,52,49,41,108,62,60,73,45,51,64,61,56,60,61,59,46,74,55,54,54,82,54,47,33,93,86,91,98,96,,109,138,104,117,49,51,54,80,,,,,62,50,,48,71,75,68,76,87,68,58,71,48,65,58,130,139,51,51,56,,87,76,51,,47,48,,52,65,37,37,35,37,,40,38,53,59,60,55,,121,111,68,102,109,106,108,86,96,,77,82,99,89,100,60,56,91,91,,89,,72,79,79,,70,106,98,78,82,,,90,95,77,72,110,101,118,121,134,128,60,,62,86,79,54,62,68,53,44,71,,72,65,70,68,74,78,78,78,78,74,66,70,68,,35,30,,48,50,29,30,,,61,93,82,92,88,93,95,92,94,,,95,119,119,111,101,,102,86,81,80,90,63,94,,83,84,120,,,115,122,,94,80,72,,71,,124,134,,,107,77,,,110,123,110,,,93,90,71,72,133,127,137,87,80,97,112,86,74,78,62,60,89,76,73,80,86,88,90,76,,92,94,89,,107,91,104,88,79,99,94,86,104,106,108,106,,,108,142,128,119,118,122,113,120,121,112,119,91,86,101,98,88,103,,,98,84,71,81,84,96,,84,98,107,,105,106,107,,104,101,109,103,108,86,99,83,47,47,56,37,47,49,80,81,,82,88,78,60,87,84,,102,,97,,,,110,105,106,103,94,92,,57,,56,55,55,77,82,76,90,74,74,80,75,83,86,75,69,70,73,73,72,72,59,,62,51,49,59,52,55,62,68,64,66,55,77,70,76,70,,60,60,70,72,58,82,71,80,77,75,95,84,92,89,86,,,90,84,57,77,74,70,77,72,70,84,,73,88,89,,78,79,85,82,,85,78,75,,78,92,96,88,98,91,94,87,89,94,77,89,90,,99,100,103,30,29,,26,30,87,81,85,82,70,70,66,63,46,56,,65,76,64,,74,70,,60,78,74,73,,73,77,73,40,25,72,80,77,72,80,73,67,75,73,70,72,83,68,72,64,68,54,68,73,74,70,82,63,74,74,58,61,66,57,59,68,81,57,73,67,78,26,83,79,58,54,50,50,42,64,48,48,55,57,55,64,60,64,82,84,80,91,93,58,56,66,52,65,66,64,60,53,24,24,,33,89,98,108,107,94,100,100,100,92,106,92,95,91,93,,,90,73,77,,62,23,38,51,42,21,,52,,45,,,,,79,76,70,73,81,72,72,75,,50,114,133,116,121,124,91,93,92,89,115,,,,,63,57,72,89,108,103,38,,86,122,126,99,96,134,128,133,109,104,103,124,118,102,,126,127,117,110,88,104,111,132,95,,97,95,,106,114,,112,118,118,,121,,103,,102,103,76,62,70,54,66,83,86,83,86,85,83,87,,51,56,74,74,93,99,,106,107,61,66,90,93,,82,68,65,65,88,,38,45,99,,90,83,84,72,90,94,88,,90,83,,72,77,72,72,69,77,82,82,84,,86,79,72,72,82,106,102,100,106,,,78,74,72,69,,41,76,72,71,129,79,75,69,92,89,87,100,89,,68,66,90,49,43,65,73,,103,,62,72,72,70,81,99,78,83,101,75,84,78,71,72,,,79,84,48,82,,84,88,100,58,,85,81,,,38,92,86,58,72,79,33,47,39,95,60,28,64,55,93,,81,69,,110,121,107,104,90,96,94,76,128,105,85,73,58,88,84,70,119,80,72,76,69,58,94,70,108,116,114,105,116,82,100,112,20,73,79,93,73,67,71,87,82,83,38,89,63,71,58,77,,82,77,62,,118,12,36,,,38,96,83,65,79,104,84,70,66,106,84,65,75,92,66,82,96,53,,86,26,49,67,61,,78,46,46,56,44,35,56,50,48,34,78,96,89,128,101,97,,76,,52,52,57,81,71,101,73,68,75,67,101,90,94,89,81,75,90,54,142,,73,94,110,132,80,69,74,85,80,53,102,83,84,100,62,59,77,85,79,61,,49,47,106,114,116,97,22,38,90,70,58,90,60,48,53,15,57,64,76,80,100,97,99,71,78,84,112,61,65,67,92,86,76,122,130,111,63,117,56,69,66,58,83,60,64,58,60,,60,87,58,45,52,50,44,86,71,,68,78,92,84,104,66,77,62,52,84,70,60,84,88,64,52,47,85,66,92,70,64,70,66,,101,112,75,100,106,84,76,73,60,98,82,109,108,75,92,80,88,88,78,89,88,82,49,66,109,98,68,72,76,94,,76,87,92,86,113,109,6,43,45,22,91,86,74,75,59,52,45,82,90,70,74,,74,,73,79,127,59,78,66,70,78,79,93,98,,91,113,,57,50,103,98,97,96,56,82,74,57,71,68,90,71,62,52,56,52,,38,,55,75,,32,124,116,137,55,60,48,61,,67,93,92,102,,,67,84,82,94,77,91,87,98,95,88,81,88,80,69,70,74,68,81,84,73,73,65,106,62,,81,74,108,32,51,46,66,62,53,50,62,82,88,,103,104,15,20,63,68,121,132,67,64,122,82,96,129,53,91,73,,58,94,49,51,122,96,51,91,68,69,74,70,74,90,74,55,50,40,62,76,40,48,48,,87,87,44,106,126,94,83,127,68,80,67,76,71,94,97,74,97,80,108,73,64,75,94,92,72,84,67,84,103,107,98,100,84,107,95,104,95,49,80,101,115,126,112,69
20210423,14,CO,0.3,0.3,0.4,0.3,0.3,0.3,0.3,0.4,0.3,0.4,0.2,0.4,,,0.7,,0.7,0.6,0.7,,0.6,,0.7,0.7,,0.5,0.5,,0.7,0.6,0.6,0.7,0.7,0.4,,,0.4,0.4,,0.3,0.6,0.4,0.2,0.3,,0.2,,0.6,0.5,0.6,0.2,0.3,0.4,,0.3,0.2,1,,1.1,,1.1,0.7,0.5,0.6,0.5,0.4,0.4,0.4,,,0.3,0.3,0.5,0.3,0.5,,0.5,0.6,0.4,0.2,0.5,,0.7,0.5,0.5,0.6,0.4,0.6,,0.4,0.4,,,0.5,0.5,0.4,0.6,0.6,0.6,0.6,,1.1,1.5,0.6,0.7,0.7,,0.8,0.5,0.6,0.8,0.9,0.5,0.6,0.5,0.5,0.4,0.6,0.5,0.7,0.6,0.7,0.4,0.4,0.5,0.5,0.5,0.5,0.5,0.6,0.8,,0.3,0.3,0.5,0.6,0.1,0.5,0.5,0.6,0.9,1.5,,0.8,0.7,,1,0.8,0.8,0.9,1.2,0.7,,1,1,0.9,0.9,0.7,0.9,1,,1.3,1.4,1,1.1,1.1,1.2,0.8,1,1.1,1.3,1,1.6,,,,0.7,0.6,,,0.9,0.9,,,,0.7,,0.9,0.9,1.1,0.8,0.8,0.9,0.9,0.8,1,,,,0.8,1,,1,0.7,,0.6,0.6,,0.9,0.7,0.8,0.8,0.8,0.7,0.8,,,0.9,,1,0.9,,0.9,0.6,,0.8,1,0.9,,0.9,1.1,1,0.8,0.4,1.2,0.4,,,0.7,0.8,,0.5,0.5,0.4,0.5,,1.1,,,0.9,,1.2,1,,0.7,0.6,0.4,,0.4,0.4,,0.9,0.8,0.7,0.4,0.6,0.5,0.6,0.6,,0.6,0.6,0.7,0.6,0.6,0.5,0.6,0.6,0.7,0.5,,0.7,0.7,0.7,0.7,0.6,0.4,0.5,1,0.9,0.6,,0.7,1.1,0.9,,0.8,,0.4,0.5,,0.3,0.4,0.5,0.6,0.8,,,0.6,1,1,0.8,0.8,0.9,0.8,0.9,0.8,0.9,0.5,0.6,1.1,0.9,0.6,0.7,,0.7,1.8,0.6,1.8,0.7,,0.7,1.1,1,1.1,0.9,0.8,0.9,0.8,0.9,0.9,1.1,0.8,0.9,0.9,,0.7,0.6,0.7,0.8,0.8,0.7,0.8,0.9,0.6,0.7,0.8,0.6,0.6,0.7,,0.7,0.7,0.6,0.7,0.5,0.7,0.3,0.6,0.7,0.7,0.6,0.6,,0.6,0.6,0.6,0.7,0.7,0.6,0.6,0.8,0.6,0.4,0.6,,,0.8,0.8,0.8,0.5,0.6,0.6,0.7,0.5,0.5,0.6,0.4,0.4,0.7,0.7,0.6,0.7,0.5,0.7,0.6,0.5,0.5,0.6,0.8,0.5,0.4,0.6,,0.6,0.8,1,1.1,1.1,0.6,0.3,,,0.9,0.6,0.4,0.8,1,,0.7,0.7,0.9,0.8,,,0.7,0.8,0.6,0.5,0.7,0.7,0.7,,0.6,0.6,0.7,,0.4,0.4,0.5,0.3,0.4,0.5,0.5,0.5,0.5,0.4,0.6,0.3,0.7,1.1,0.6,0.8,,0.8,,0.9,,0.8,0.8,0.8,0.9,,0.8,0.7,0.9,0.5,,,,0.7,0.6,,,,0.2,0.5,0.4,0.4,0.4,0.5,0.3,,0.4,0.9,0.6,0.9,1,0.9,0.7,0.7,0.7,0.8,0.9,0.6,0.7,0.9,0.5,0.9,,0.6,0.9,0.8,0.6,0.7,0.6,0.7,0.6,0.4,,0.6,1.1,0.9,0.5,0.5,0.6,0.6,0.9,0.9,0.9,0.6,0.5,0.7,0.5,0.5,0.5,0.5,0.3,,0.7,,0.6,0.8,0.8,0.8,0.6,,0.7,0.4,,,0.6,0.5,1,0.5,,0.7,0.9,1.1,,0.6,0.4,0.5,0.6,0.7,0.6,0.3,0.5,0.6,0.2,,,,1,,0.5,1.2,,1.1,0.7,0.8,0.9,1.1,1,0.9,0.4,0.4,0.5,,0.6,,,0.7,,0.8,0.2,1,0.2,0.4,0.5,0.5,,,0.7,0.5,0.6,0.5,0.6,0.5,0.4,0.6,0.5,0.4,0.5,0.5,0.5,0.8,0.7,0.7,0.6,0.6,0.5,0.6,,0.6,0.7,0.9,,0.6,0.7,,0.7,0.6,0.8,0.6,0.5,,0.5,0.6,,,0.4,0.5,,0.5,,0.5,0.4,0.4,0.5,0.8,1.2,,0.7,1.1,,0.8,0.5,,0.7,,0.7,0.7,0.5,,0.8,0.7,1.1,0.8,0.8,,0.8,0.8,1,0.8,0.6,0.5,0.5,0.5,0.5,0.6,0.5,0.6,1.6,0.6,0.4,0.6,0.7,0.6,0.3,0.8,0.8,0.8,0.9,0.8,1,0.9,0.9,0.8,0.9,0.8,0.6,0.6,0.5,,0.3,0.6,0.6,0.5,0.4,0.6,0.4,0.4,0.3,0.3,0.2,0.7,0.6,0.8,,1.6,0.7,0.9,,0.7,0.8,0.7,0.9,0.8,,0.4,0.5,0.7,,0.9,,1,0.8,0.5,1,0.6,0.6,1,,,,0.6,,0.5,,0.8,0.8,0.7,,0.5,0.7,0.7,0.9,0.9,,0.8,,0.8,0.9,0.2,0.6,0.6,0.7,,0.8,0.9,0.8,0.6,0.8,0.9,,1,,,0.9,0.5,0.8,0.8,0.5,0.8,,0.9,1,0.6,0.5,0.5,0.6,0.6,0.8,0.5,,0.8,0.6,0.5,0.4,0.8,0.6,0.8,,0.8,0.8,0.8,0.8,0.6,,0.9,0.1,0.3,0.3,0.8,0.9,0.7,0.8,,,,,0.6,0.5,,0.5,1.1,1.1,,0.6,0.6,0.7,0.7,0.5,,0.6,0.3,0.3,0.4,0.8,0.9,0.9,,0.8,0.9,0.8,,0.8,0.8,,0.9,0.8,0.7,0.9,0.8,0.9,,0.8,0.8,0.8,0.8,0.9,0.8,,0.6,0.7,0.5,0.4,0.7,0.3,,0.2,0.4,,0.4,0.3,0.2,0.3,0.4,0.6,0.8,0.4,0.4,,0.8,,1,0.9,0.9,,1.1,0.7,0.5,0.4,0.6,,,0.9,1,,0.7,0.4,0.5,0.5,0.5,0.4,0.6,1,,1.1,0.7,0.8,1.8,1.2,1.7,0.9,1,0.7,,0.8,1,0.9,0.8,0.8,1.1,1,1,0.9,1.3,1.3,1,0.7,,1.1,1,,0.8,0.8,1,1.2,,,0.7,0.4,,0.4,0.3,,0.6,0.8,0.8,,,0.5,0.9,0.9,1,0.9,,1.1,0.6,0.5,0.7,0.6,,0.5,,0.4,0.6,0.8,,,0.8,,,0.7,0.6,0.9,,0.6,,0.8,0.8,,,0.1,0.5,,,1,0.9,0.3,,,0.3,0.3,0.2,0.2,0.4,0.4,0.3,0.3,0.7,0.4,0.9,0.4,0.8,1.1,1.1,1.1,0.7,0.6,0.5,0.4,0.6,0.6,0.7,0.5,,0.5,0.5,,,1.5,1.1,0.4,0.5,0.8,0.4,0.3,0.1,0.4,0.6,0.5,0.6,,,0.6,0.4,0.3,0.4,0.5,0.4,0.3,0.2,0.1,0.2,0.4,0.5,0.5,0.4,0.5,0.7,0.4,,,,0.2,0.2,0.2,0.4,0.4,,0.3,0.3,0.6,,0.4,0.5,0.3,,0.3,0.4,0.3,0.3,0.3,0.5,0.5,0.5,0.8,,0.8,0.7,0.5,0.8,0.6,0.5,,0.5,0.6,0.5,0.9,0.7,0.8,,0.4,,0.5,,,,0.7,0.5,0.6,0.7,0.5,,,0.8,,0.8,1,0.8,0.7,0.6,0.5,0.6,0.7,0.6,0.4,0.6,0.4,,0.4,0.4,0.4,0.4,0.4,0.3,0.4,0.5,,0.3,0.2,0.8,0.6,0.9,0.6,0.9,0.9,0.9,0.7,1.1,0.4,0.5,0.6,,,0.6,0.6,0.4,0.5,0.6,0.9,0.7,0.5,1.5,1.1,0.7,0.9,0.8,0.6,0.9,,,0.7,0.8,,0.6,0.7,0.7,0.8,0.5,0.6,0.6,,1.4,,1,,1,0.8,0.9,0.8,,0.8,0.6,0.8,,0.7,0.6,0.6,0.6,0.7,0.8,0.8,0.8,0.6,0.8,0.5,0.6,0.6,,0.4,0.4,0.4,1.3,1.3,,0.9,1,,0.7,0.9,0.6,0.8,0.7,,0.8,0.9,0.9,,0.4,0.7,0.7,,0.8,0.8,,0.8,0.8,0.6,0.7,,0.8,0.6,0.4,0.9,1.1,0.9,0.8,,0.7,1,0.9,0.7,0.7,0.6,0.5,0.7,1.4,0.9,1.3,0.9,0.6,0.9,1.2,0.9,0.7,0.8,1,0.8,0.9,1,0.9,0.8,0.5,0.7,0.8,0.9,0.8,0.6,0.6,1.1,0.5,0.5,0.8,0.7,0.7,0.6,0.7,0.6,0.7,,0.5,0.7,1.1,0.7,0.6,0.5,0.7,0.7,0.5,0.7,0.5,0.8,0.8,0.5,0.5,0.5,0.5,0.6,0.6,0.6,0.5,0.6,0.3,0.7,,0.6,0.5,0.6,0.4,0.4,0.6,1,0.9,0.9,0.8,0.6,0.7,0.6,0.6,0.5,,,0.9,0.7,0.8,,0.9,0.3,0.8,1,1,1.3,,0.5,,0.5,,,,,0.5,0.6,0.6,0.5,0.5,0.5,0.3,0.4,,0.3,0.5,0.4,,0.4,0.6,0.7,0.6,0.5,0.6,0.4,,,,,0.2,0.4,0.4,0.4,0.4,0.5,0.5,,0.9,0.3,0.4,0.3,0.2,0.5,0.5,0.5,0.3,0.3,0.6,0.7,0.5,0.6,,0.5,0.6,0.5,0.7,0.8,0.7,0.6,0.4,0.9,,1.3,1,,0.5,0.4,,0.4,0.3,0.6,,0.5,,0.3,,,0.3,0.6,0.7,0.6,0.6,,0.7,0.8,0.6,0.6,0.6,0.6,0.9,,0.6,0.6,0.3,0.6,0.7,0.6,,0.3,0.3,0.4,0.5,0.2,0.3,,0.9,0.7,0.1,0.2,0.4,,0.7,0.7,0.3,,0.5,0.5,0.8,0.5,0.5,0.5,0.5,,0.5,0.8,,0.7,0.6,0.7,0.7,0.5,0.5,0.5,0.6,0.4,,0.2,0.2,0.3,0.3,0.1,,0.4,0.5,0.3,,,0.4,0.3,,0.5,,0.7,0.4,0.6,0.4,0.5,0.3,0.8,0.8,0.4,0.5,0.6,0.4,0.5,,0.5,0.7,0.6,,0.7,1,1,,0.4,,0.6,0.4,0.6,0.5,0.6,0.6,0.6,0.4,0.4,,0.8,0.9,1.1,0.5,,,0.4,,1,0.5,,0.4,0.7,0.6,0.7,,0.9,1,,,,0.9,0.8,0.8,0.8,0.6,1.6,1.5,1.4,0.8,0.6,0.8,0.7,0.8,0.5,,0.9,0.6,,0.7,0.6,0.4,0.5,0.3,0.3,0.3,0.3,0.6,0.8,1,0.8,0.5,0.7,0.7,0.6,0.4,0.4,0.6,0.4,0.7,0.4,0.6,0.6,0.4,0.8,0.6,0.7,0.5,0.3,1.1,0.2,1.3,0.7,0.8,0.8,0.9,0.8,0.9,1,0.6,0.6,1.5,0.7,0.7,,0.7,1,,0.6,0.8,0.6,,0.5,0.6,0.5,,,0.7,0.3,0.4,0.8,0.8,0.4,0.6,0.8,0.5,0.4,0.6,0.5,0.7,0.6,0.4,0.7,0.6,0.7,,0.7,,0.8,0.8,0.6,,0.2,0.6,0.8,0.7,0.8,1.4,0.7,0.7,0.7,0.9,0.5,0.4,0.5,0.7,0.3,1,,1,,1.4,1,1,0.8,0.9,0.7,0.8,0.9,0.8,0.7,0.8,0.7,0.9,0.6,0.5,0.8,0.5,0.6,0.5,,0.5,0.8,0.8,0.6,0.3,0.3,0.3,0.7,0.5,0.7,0.3,,0.7,0.4,0.7,0.8,0.8,,0.8,0.6,,0.8,0.8,0.5,0.6,0.5,0.3,0.7,0.6,,0.7,0.8,0.6,0.8,0.5,0.4,0.3,0.5,0.6,0.8,0.8,0.6,0.7,0.5,0.5,0.3,0.3,0.2,0.9,1,1,0.4,0.5,0.5,0.3,0.4,0.4,1,0.6,0.4,0.8,0.7,0.7,0.9,0.5,0.6,0.7,0.8,,0.7,0.9,1.1,0.9,1,1,1,0.4,0.9,,0.8,0.3,0.4,0.6,0.3,0.9,0.9,0.8,1.2,0.5,0.8,0.9,1,0.8,1.2,1,1.6,0.9,0.4,0.3,0.2,0.5,0.3,0.3,,0.8,0.3,0.7,0.7,0.5,0.6,0.6,0.4,0.3,0.6,0.6,0.8,0.8,0.8,,,0.3,0.5,0.9,0.8,0.3,0.7,0.7,0.7,0.5,0.6,0.8,0.5,0.5,0.9,,0.6,0.7,0.7,0.5,0.4,0.5,0.8,0.4,0.9,0.5,0.4,0.8,0.6,0.8,1.1,0.4,0.6,,0.5,0.7,0.4,,0.7,,0.7,0.3,0.3,,0.6,0.5,0.4,0.9,0.3,0.5,0.4,,0.7,0.3,,,,0.5,0.6,0.4,0.5,0.6,0.7,0.5,0.6,0.6,0.4,0.3,1.1,0.6,0.5,0.6,0.5,,1.3,,0.7,,,1,0.5,0.1,0.4,0.9,1.2,1.3,0.4,,0.5,0.4,0.4,0.4,,,1.2,0.5,0.5,0.5,0.4,,0.7,0.3,0.3,0.5,1,0.3,0.2,0.1,0.3,0.2,0.3,0.3,0.4,0.3,0.6,0.8,0.5,0.7,,1.3,0.8,0.7,0.7,0.8,0.9,0.8,0.9,0.6,0.9,0.9,0.7,0.2,,,0.6,0.6,0.7,0.4,0.6,1,0.7,0.4,0.5,0.5,,0.9,0.7,0.5,1.8,0.8,,1.5,0.4,0.9,0.7,0.4,0.5,0.4,1,0.6,0.8,0.5,0.7,0.5,0.5,0.7,0.9,0.7,0.7,0.7,0.5,,0.9,0.9,,0.7,0.3,2.1,0.3,0.8,0.4,0.3,0.9,0.4,0.3,,0.4,0.4,0.4,0.8,1.1,0.5,0.7,0.4,0.6,0.8,0.9,0.3,0.5,0.5,0.3,0.4,0.3,0.5,0.3,0.5,0.4,0.8,0.9,0.5,0.3,0.5,1,0.5,0.4,0.5,0.5,0.7,0.5
20210423,14,CO_24h,0.6,0.7,0.7,0.6,0.6,0.6,0.6,0.6,0.6,0.7,0.6,0.7,,,0.8,,0.9,0.8,0.7,,0.8,,0.9,1.3,,0.9,0.8,,0.6,0.7,0.5,0.7,0.6,0.5,,,0.7,0.8,,0.7,0.7,0.4,0.3,0.3,,0.2,,0.6,0.5,0.6,0.4,0.5,0.6,,0.5,0.4,0.6,,0.8,0.8,0.7,0.8,0.6,0.7,0.6,0.5,0.4,0.5,,0.4,0.6,0.6,0.8,0.5,0.6,,0.5,0.6,0.5,0.2,1,,0.8,0.9,0.8,1,0.8,0.8,,0.6,0.6,,,0.6,0.6,0.5,0.7,0.7,0.7,0.7,,1,0.9,0.6,0.7,0.7,,0.9,0.5,0.6,0.7,0.6,0.4,0.5,0.4,0.4,0.4,0.5,0.6,0.7,0.6,0.7,0.5,0.5,0.6,0.5,0.4,0.4,0.5,0.6,0.9,,0.4,0.6,0.6,0.4,0.3,0.6,0.7,0.7,0.9,0.9,0.8,0.8,0.6,,1,0.7,0.7,0.8,1,0.8,0.5,1.1,1.1,0.8,1,0.9,1,0.7,,1.1,1.1,0.8,0.8,1,0.9,0.6,0.8,0.9,0.9,0.9,0.9,,,,0.8,0.7,,1,0.8,1,,,,0.8,,0.9,0.8,0.9,0.8,0.9,0.9,0.9,1,1,,,,0.8,1,,0.9,0.7,1,0.6,0.8,,1,0.7,0.9,0.8,0.8,0.7,0.7,0.7,,0.8,,1.1,1,,0.8,0.5,,0.8,0.9,0.8,,0.8,0.9,0.8,0.6,0.5,0.8,0.5,,,0.5,0.7,0.8,0.6,0.5,0.4,0.5,,0.8,,,0.8,,0.9,0.8,,0.6,0.5,0.3,0.5,0.4,0.4,,0.8,0.6,0.8,0.6,0.7,0.5,0.5,0.5,1,0.7,0.8,0.8,0.7,0.7,0.6,0.7,0.7,0.8,0.5,,0.7,0.7,0.7,0.7,0.5,0.5,0.5,1.1,0.9,0.8,,0.8,1.3,1.1,,0.9,0.5,0.5,0.6,,0.4,0.5,0.7,0.6,0.6,,,0.2,0.6,0.6,0.4,0.4,0.6,0.9,1,0.9,0.9,0.8,0.6,1.1,0.9,0.7,0.8,0.8,0.7,1,0.9,0.9,0.7,,0.7,0.7,1,1.1,0.8,0.8,0.8,0.8,0.8,0.8,1,0.9,1,0.9,,0.8,0.8,0.8,1,0.8,0.8,0.8,0.9,0.6,0.7,0.7,0.6,0.5,0.8,,0.6,0.7,0.6,0.7,0.5,0.7,0.3,0.7,0.7,0.8,0.6,0.7,,0.6,0.7,0.6,0.7,0.7,0.5,0.5,0.8,0.7,0.4,0.5,,,0.8,0.8,0.9,0.6,0.7,0.7,0.7,0.5,0.7,0.7,0.4,0.5,0.7,0.8,0.6,0.7,0.6,0.7,0.6,0.6,0.4,0.6,0.7,0.5,0.4,0.7,,0.7,0.8,1,1,0.9,0.6,0.3,,,0.8,0.6,0.4,0.8,1.1,,0.9,0.9,0.9,0.8,,,0.8,0.7,0.5,0.4,0.6,0.7,0.7,,0.6,0.6,0.7,,0.6,0.6,0.6,0.5,0.7,0.8,0.5,0.5,0.5,0.4,0.6,0.4,0.7,1.1,0.8,0.8,0.9,0.8,0.8,0.9,,0.6,0.7,0.9,0.9,,0.7,0.7,0.8,0.6,,,,0.6,0.8,,,,0.5,0.7,0.5,0.9,0.5,0.5,0.4,,0.5,0.9,0.7,0.9,0.9,0.9,0.7,0.8,0.8,0.7,0.8,0.6,0.7,0.8,0.5,1.1,,0.9,1,1,0.9,0.8,0.7,0.7,0.7,0.6,,0.9,1.3,1.1,0.5,0.6,0.6,0.6,0.9,0.9,0.8,0.7,0.6,0.7,0.6,0.5,0.5,0.5,0.4,,0.8,,0.7,1,1,0.9,0.7,,0.8,0.5,,,0.9,0.9,1.4,0.6,,0.6,0.9,1,,0.9,0.4,0.7,0.7,0.7,0.6,0.3,0.7,0.6,0.2,,,,1,,0.7,1,,1,0.7,0.7,0.8,0.9,0.7,0.7,0.4,0.4,0.5,,0.8,,,0.6,,1,0.6,0.9,0.2,0.5,0.5,0.6,0.8,,0.7,0.5,0.6,0.7,0.6,0.5,0.4,0.6,0.6,0.4,0.7,0.7,0.6,0.7,0.6,0.6,0.7,0.8,0.6,0.6,,0.5,0.9,1,,0.7,0.8,,0.7,0.6,0.8,0.7,0.6,,0.7,1.1,,,0.5,0.7,,0.8,,0.9,0.7,0.9,0.8,1.2,1.6,,1.2,1.5,,1.2,0.7,,0.9,,0.9,0.8,0.8,,1.1,0.9,0.6,0.3,0.3,,0.6,0.6,0.9,0.6,0.6,0.5,0.4,0.7,0.6,0.7,0.7,0.6,1.7,0.6,0.4,0.8,0.6,0.5,0.3,0.8,0.9,0.8,1,1,0.8,0.7,0.7,0.8,0.7,0.6,0.6,0.5,0.4,,0.3,0.5,0.5,0.5,0.5,0.5,0.5,0.4,0.4,0.3,0.2,0.8,0.7,0.8,,1.4,0.9,1,,0.8,1.1,0.9,1,0.9,,0.6,0.7,0.7,,0.9,,1.1,0.9,0.6,1.1,0.5,0.4,0.8,,,,0.7,,0.6,,0.9,0.8,0.8,,0.6,0.9,0.8,0.9,0.8,,0.8,,0.9,1,0.6,0.8,0.7,0.8,,0.9,0.8,0.8,0.6,0.8,0.8,,1,,,0.8,0.5,0.8,0.9,0.5,0.8,1.4,0.7,0.9,0.6,0.5,0.5,0.6,0.7,0.9,0.7,0.9,1,0.7,0.5,0.4,0.9,0.7,1,0.7,0.8,0.8,0.9,0.8,0.7,,1.7,0.2,0.9,0.7,0.7,1,0.7,0.8,,,,,0.8,0.8,,0.7,1,0.8,0.7,0.6,0.6,0.8,0.7,0.5,0.5,0.7,0.4,0.5,0.5,0.7,0.8,0.9,,0.7,0.9,0.9,,0.7,0.8,,1.1,0.6,0.6,0.7,0.7,0.7,,0.6,0.6,0.8,0.8,0.8,0.7,,0.6,0.8,0.7,0.7,0.6,0.6,0.6,0.2,0.4,,0.4,0.4,0.1,0.2,0.3,0.7,0.9,0.5,0.5,,0.6,,0.7,0.5,0.5,,0.6,0.5,0.3,0.4,0.5,,,0.4,0.5,0.5,0.6,0.4,0.5,0.5,0.4,0.7,0.6,0.7,,0.9,0.7,0.8,0.9,0.8,1.1,0.9,1,0.7,,1,1.1,1,0.9,1,1.1,0.9,1.1,1,1.2,1.2,1,0.7,,0.9,0.8,,0.6,0.6,0.7,0.9,,,0.8,0.4,0.3,0.4,0.3,0.8,0.6,0.8,0.9,,,0.5,1.1,1.1,1.3,1.1,,1.3,0.8,0.7,0.9,0.9,0.7,0.6,,0.6,0.8,0.7,,,0.7,0.7,,0.9,0.7,0.9,,0.7,,0.7,0.8,,,0.1,0.5,,,0.8,0.6,0.4,,,0.2,0.3,0.3,0.2,0.6,0.5,0.5,0.6,0.6,0.5,0.7,0.5,0.7,0.8,0.7,0.8,0.8,0.6,0.6,0.5,0.6,0.5,0.6,0.5,,0.5,0.5,0.6,,0.9,0.7,0.6,0.8,0.7,0.5,0.3,0.1,0.4,0.6,0.5,1,,,0.7,0.8,0.9,1,0.8,1,0.6,0.7,0.4,0.6,0.5,0.6,1.3,1.3,1.1,1.3,0.9,,,1.3,0.3,0.2,0.2,0.6,0.6,,0.4,0.5,0.8,,0.6,0.7,0.5,,0.6,0.8,0.6,0.6,0.6,0.6,0.7,0.7,0.9,0.7,0.8,0.8,0.6,0.9,0.7,0.5,,0.6,0.6,0.5,1,0.9,0.9,,0.6,,0.6,,,,0.8,0.6,0.7,0.8,0.6,0.7,,0.9,,0.8,1,0.9,0.8,0.7,0.7,0.6,0.8,0.6,0.6,0.7,0.5,0.2,0.5,0.5,0.5,0.6,0.6,0.6,0.6,0.5,,0.4,0.3,0.7,0.6,0.6,0.5,1,2,1.5,1.5,1.4,0.6,0.6,0.6,1,,0.5,0.5,0.4,0.4,0.5,1,0.9,0.6,1.4,1.1,0.7,0.8,0.8,0.6,1,,,0.9,1,0.7,0.6,0.7,0.8,0.8,0.5,0.7,0.7,,0.9,0.5,0.5,,0.8,0.7,0.7,0.8,,0.8,0.7,0.9,,0.8,0.7,0.7,0.7,0.8,0.8,0.9,0.8,0.7,0.8,0.7,0.7,0.7,,0.5,0.4,0.5,1.3,1.3,,1.4,1.1,0.8,0.7,0.8,0.6,0.8,0.7,0.9,0.8,1,1,,0.5,0.5,0.6,,0.9,0.9,,0.8,0.7,0.6,0.7,,0.8,0.7,0.5,0.7,1,0.9,0.9,1.1,0.8,1,1,0.8,0.9,0.6,0.6,0.8,1.3,0.9,1.5,1,0.7,1,0.8,0.9,0.7,0.8,0.9,0.8,0.9,1,1,0.8,0.5,0.8,0.9,0.8,0.8,0.6,0.6,1,0.6,0.5,0.8,0.5,1.3,0.8,0.8,0.8,0.7,0.6,0.5,0.7,1,1.3,0.5,0.5,0.8,0.8,0.5,0.7,0.6,0.9,0.9,0.5,0.7,0.6,0.6,0.6,0.8,0.7,0.5,0.5,0.4,0.9,,0.7,0.5,0.6,0.4,0.5,0.6,0.9,0.9,0.9,0.9,0.8,0.8,0.7,0.7,0.8,,,0.8,0.6,0.7,,0.8,0.4,0.8,0.9,1.1,1.1,,0.6,,0.5,,,,,0.6,0.6,0.7,0.6,0.6,0.6,0.6,0.4,,0.4,0.6,0.6,0.7,0.7,0.6,0.6,0.6,0.5,0.6,0.4,,,,,0.2,0.4,0.7,0.5,0.4,0.5,0.7,,0.9,0.4,0.5,0.5,0.4,0.5,0.5,0.5,0.4,0.4,0.7,0.8,0.6,0.7,,0.6,0.6,0.5,0.7,1.1,0.7,0.7,0.5,0.8,,1.7,0.9,,0.7,0.5,,0.4,0.3,0.5,,0.6,,0.4,,0.4,0.4,0.5,0.7,0.6,0.6,0.7,0.7,0.7,0.7,0.5,0.6,0.6,0.6,,0.7,0.8,0.3,0.5,0.7,0.6,,0.4,0.4,0.4,0.7,0.3,0.3,,0.8,0.7,0.2,0.3,0.4,,0.8,0.7,0.5,,0.5,0.5,0.7,0.6,0.6,0.5,0.5,,0.5,0.6,,0.4,0.6,0.7,0.6,0.6,0.5,0.3,0.3,0.4,,0.3,0.2,0.2,0.3,0.2,1.1,0.5,0.5,0.4,,,0.4,0.3,0.6,0.5,,0.7,0.3,0.5,0.5,1.2,0.3,1.3,0.9,0.8,0.9,0.7,0.5,0.7,,0.8,0.7,0.7,0.6,0.6,0.8,0.9,,0.6,,0.8,0.4,0.9,0.6,2.2,1.9,0.6,0.4,0.8,0.6,0.8,0.8,0.7,0.5,,,0.5,0.2,0.9,0.6,,0.8,0.9,0.8,0.7,,0.9,1.1,,,1.3,0.9,0.8,0.8,0.9,0.7,1.4,1.1,1,0.8,0.6,0.8,0.7,0.7,1,,0.9,0.8,,1,0.7,0.5,0.6,0.3,0.4,0.4,0.5,0.7,1,0.7,0.9,0.6,0.8,0.6,1.1,0.4,0.3,0.7,0.4,0.8,0.5,0.6,0.7,0.3,0.7,0.5,0.5,0.5,0.4,0.8,0.2,1.2,0.9,0.8,0.9,0.9,0.8,1,0.7,0.7,0.8,1.6,0.8,1.1,1.1,0.6,1.1,,0.7,0.9,0.8,,0.6,0.8,0.4,,,0.7,0.6,0.5,1,0.8,0.3,0.7,0.9,0.5,0.4,0.7,0.8,0.8,0.8,0.4,0.8,0.6,0.8,,0.7,0.7,0.6,0.7,0.7,,0.4,0.6,0.7,0.6,0.6,0.9,0.6,0.7,0.7,0.7,0.7,0.8,0.7,0.7,0.4,1,,1.3,,1,0.9,0.9,0.9,0.8,0.9,0.9,1,0.8,0.7,0.9,0.8,0.8,0.6,0.7,0.6,0.5,0.7,0.6,,0.5,0.9,0.9,0.6,0.3,0.6,0.5,0.8,0.7,0.8,0.5,0.7,0.8,0.5,0.8,0.8,0.8,0.9,0.9,0.8,,0.8,0.9,0.7,0.7,0.6,1,0.7,0.7,0.8,0.6,0.9,0.6,0.7,0.8,0.4,0.5,0.5,0.9,1,0.8,0.6,0.8,0.4,0.8,0.3,0.6,0.2,0.9,1.2,1.1,0.7,0.7,0.6,0.4,0.5,0.6,1.8,0.5,0.5,0.8,0.7,0.7,0.9,0.7,0.6,0.9,0.9,,0.9,1,0.9,0.6,0.9,0.7,0.7,0.7,1,,0.8,0.5,0.6,0.8,0.4,1,0.9,0.6,0.8,0.6,0.8,0.8,1,0.9,1,0.8,1.1,1.1,0.5,0.3,0.3,0.5,0.4,0.4,,0.8,0.5,0.7,0.8,0.5,0.6,0.6,0.4,0.6,0.5,0.6,0.7,0.8,0.8,,0.6,0.5,0.5,0.8,0.8,0.5,0.8,0.9,0.8,0.6,0.8,0.9,0.7,0.5,0.5,,0.4,0.8,0.8,0.8,0.6,0.6,0.8,0.8,0.8,0.7,0.4,0.9,0.8,0.9,1.1,0.6,0.9,0.8,0.6,0.9,0.5,,0.7,,0.6,0.3,0.2,0.7,0.8,0.5,0.7,1.2,0.7,0.8,0.6,,0.6,0.4,,0.7,0.8,0.5,0.5,0.5,0.2,0.6,0.7,0.6,0.7,0.7,0.4,0.4,1,0.5,0.5,0.6,0.6,,0.8,,0.8,0.7,,1.2,0.7,0.6,0.5,0.7,1,1,0.4,,0.4,0.7,0.6,0.6,,,1.6,0.6,0.6,0.6,0.7,0.7,0.4,0.6,0.7,0.6,0.7,0.5,0.5,0.4,0.6,0.5,0.5,0.5,0.6,0.5,0.7,0.9,0.8,0.9,,0.7,0.9,0.7,0.9,0.8,0.9,0.9,0.9,0.5,0.8,0.8,0.7,0.2,,0.5,0.6,0.8,0.7,0.7,1,1.2,0.6,0.4,0.4,0.7,0.7,0.8,0.7,0.8,1.8,1.1,,1.5,0.6,0.9,0.8,1,0.5,0.7,0.7,0.3,1,0.7,0.9,0.6,0.5,0.5,0.9,0.7,0.8,0.8,0.4,0.8,0.8,0.7,,0.8,0.4,1.4,0.2,0.8,0.7,0.3,0.8,0.7,0.7,0.3,0.6,0.6,0.8,0.9,1,0.6,0.9,1.1,0.6,0.6,1,0.7,0.7,0.7,0.6,0.7,0.6,0.6,0.5,0.7,0.6,0.6,0.3,0.9,0.3,0.8,0.7,0.5,0.7,0.5,0.4,0.7,0.7
20210423,15,AQI,33,40,33,29,32,32,35,47,36,41,32,34,,,29,,31,31,32,,32,,25,33,,33,27,,54,52,,,55,69,,,35,34,,36,31,33,30,39,,32,,54,49,70,51,61,44,,52,67,75,,61,,,30,33,34,36,35,43,35,,,34,33,33,34,29,,58,59,,55,45,,57,44,45,46,45,44,,44,44,,,,43,40,,31,32,23,,26,34,38,39,34,,27,43,41,44,37,41,39,40,38,39,40,54,46,53,38,33,31,36,30,29,58,40,46,,,53,58,55,50,54,48,48,56,67,73,67,73,79,,70,82,77,83,51,44,,42,58,52,57,45,55,,,58,62,74,57,57,62,35,31,36,46,42,83,,,,62,64,,,64,60,,,,46,,48,54,53,48,52,45,45,38,46,,,,55,49,,35,35,38,45,49,,,,88,95,82,93,74,,,52,,72,55,,,44,,44,30,33,,46,67,43,,22,44,34,,,45,45,,36,47,69,54,,58,,,54,,62,53,,43,95,107,,23,22,,42,42,42,39,41,53,42,45,38,37,40,42,40,43,44,39,43,39,35,,39,43,51,50,57,38,,39,33,36,,37,,35,,42,,42,32,,34,29,29,46,,,,85,85,68,83,64,68,60,61,56,71,,,58,62,64,47,44,37,54,,47,33,,34,45,,,55,74,52,48,57,54,59,40,113,119,,118,121,125,123,120,113,106,,54,60,55,56,57,51,,42,54,55,110,53,53,54,52,108,106,119,,,59,68,87,102,92,99,82,77,51,56,73,,,132,142,132,109,94,122,94,57,,40,48,,36,39,38,40,50,56,,38,42,46,63,50,45,36,,62,57,45,73,56,66,56,,,58,64,51,45,63,,90,78,80,60,,,73,69,53,71,64,,68,,60,63,63,,49,49,48,46,46,51,40,41,39,,40,42,50,54,48,56,65,,,,,60,52,49,52,,56,,42,48,,,,39,87,,,,180,143,28,,30,28,27,,46,49,,65,60,51,48,43,44,53,56,,40,45,43,50,,76,45,54,57,46,54,57,65,53,,33,35,35,33,32,30,31,40,46,55,39,,39,42,42,,40,46,,29,,44,41,42,34,42,,40,47,,,35,,30,73,,65,100,63,,62,44,64,,32,36,33,,34,31,,,,90,,82,55,,,51,31,31,45,49,53,52,42,46,,49,,,72,,58,43,95,34,33,34,34,26,,32,23,30,30,40,36,27,54,53,53,33,,38,54,,55,44,44,,38,,46,135,139,,50,49,,53,53,53,53,34,,47,46,,,53,54,,57,,44,55,62,51,,88,,50,50,,39,38,,38,,54,54,58,,55,60,52,54,40,,40,46,41,46,39,55,26,30,25,36,30,38,39,29,46,29,25,29,28,65,38,32,67,72,123,120,179,109,137,107,89,60,117,,92,77,83,80,68,72,45,45,50,43,46,33,30,29,,31,64,42,,39,38,38,,36,,38,26,30,,110,,120,132,119,112,53,62,56,,,,53,,48,,102,113,118,,118,107,97,76,64,,62,,53,49,,45,46,36,,53,40,44,40,54,44,,33,,,35,33,34,29,,36,55,48,,41,37,35,41,38,,34,,40,42,24,26,26,26,29,,75,60,63,62,53,,44,,41,44,50,59,64,52,,,,,,38,,44,38,53,,44,36,53,33,41,,37,42,51,52,56,54,51,,50,60,72,,49,50,,58,35,35,52,48,43,,52,55,67,73,68,79,,55,48,114,142,159,108,133,27,31,,25,28,30,29,33,84,70,59,59,,38,,87,62,62,,42,25,25,32,42,,,59,32,,57,45,48,45,,38,,57,,62,57,49,47,42,42,46,44,54,,68,57,40,41,38,45,39,49,38,40,53,31,30,,49,44,,42,36,40,53,,,39,46,50,52,43,,55,57,64,,,64,89,81,79,,,81,54,58,,60,,53,,54,53,79,,,73,,,,50,,,52,,44,53,,,48,29,,,106,81,44,,,42,40,56,56,62,90,71,34,29,33,39,33,29,38,39,27,31,34,25,30,29,38,54,36,,27,27,,,57,50,40,36,29,,30,29,52,47,51,53,,,,39,43,38,,53,46,40,36,,46,25,,36,40,42,38,,,34,22,28,20,51,43,,,38,,,40,44,42,,44,42,44,43,46,56,55,,30,,32,36,43,28,36,33,,34,,34,35,45,43,,58,,70,,,,44,42,52,56,72,,,31,,62,58,54,60,51,51,82,56,37,38,38,39,28,38,35,45,37,40,38,38,46,,40,32,26,,35,25,37,44,40,40,46,44,39,42,44,,36,39,35,35,35,34,,36,36,41,47,,41,41,51,,,52,48,,48,46,39,41,36,42,41,,,,94,,,98,87,54,,53,50,64,,57,62,62,63,59,34,,68,60,55,42,39,53,,68,,80,60,68,,,61,,43,39,32,67,64,,50,56,55,,64,63,,,33,30,,36,33,,36,,35,,33,52,56,46,,,,43,,35,41,32,46,44,33,27,30,29,,42,35,46,40,48,32,,30,,33,,,33,29,31,22,38,26,32,,20,29,,47,39,62,57,39,,40,39,41,51,53,49,48,39,,42,33,56,60,36,46,40,45,54,36,44,49,51,13,15,,17,30,33,34,27,39,40,40,48,45,49,51,45,53,48,,,47,,52,,49,52,64,64,56,76,,42,,32,,,,,39,42,41,40,43,40,40,40,,33,40,48,,51,57,54,,57,,64,,,,,25,22,50,55,53,45,43,,44,60,53,46,45,39,47,38,65,58,62,70,44,43,,62,64,54,60,84,98,74,54,71,,64,68,,36,,,41,82,38,,41,,35,,,36,,21,21,19,82,48,50,53,25,27,26,34,,26,26,20,24,25,78,,,113,22,21,500,500,,26,22,25,26,25,,59,77,37,,38,37,,42,33,56,37,,38,,,29,19,24,22,51,51,105,101,26,,31,35,30,83,84,34,30,30,27,,,31,31,30,25,,25,30,29,29,55,40,39,112,36,,32,53,53,,52,103,45,40,49,48,50,,59,,69,47,67,42,45,55,142,,,,31,53,53,18,,,36,,61,31,,135,149,131,46,,89,45,,,,,54,84,68,69,66,64,92,50,65,54,45,53,,,31,36,,123,53,60,57,,,39,45,56,,41,39,30,32,92,35,39,,36,27,42,37,30,43,50,52,54,58,40,,74,41,59,59,57,50,32,35,36,,53,45,57,48,36,,57,109,,46,34,75,,51,15,14,,,41,,39,37,59,34,35,45,48,81,,58,40,49,45,46,59,,,48,,50,63,52,,276,65,49,48,,94,55,62,65,73,42,,,60,49,,,71,,52,35,49,38,32,105,152,103,108,88,112,116,,93,,,56,38,95,,49,,127,55,55,32,57,32,,34,39,,42,70,30,30,112,119,57,60,,118,125,27,53,33,35,43,43,,37,47,36,51,26,24,29,41,64,46,90,55,57,29,52,39,39,39,93,43,32,46,41,56,65,52,47,35,35,37,,57,34,39,45,39,35,44,,39,61,45,,51,60,64,42,50,,90,33,36,54,44,50,52,,60,63,47,59,40,,,49,53,,55,29,29,26,28,53,,124,34,52,129,55,45,44,27,88,50,38,70,120,65,31,,37,35,,32,60,42,,35,70,48,54,60,57,73,,77,104,68,,29,44,36,23,55,29,33,58,42,63,62,29,43,,29,33,,,,,,44,40,,32,53,39,31,32,39,109,,26,126,,,27,40,40,42,63,46,46,31,55,34,53,52,,28,26,43,38,,107,,39,,,26,49,44,48,44,,73,,,38,57,45,56,,,77,69,37,52,60,30,,32,36,57,,39,,56,94,79,60,101,53,63,66,66,67,68,,74,73,73,55,59,39,58,59,52,52,58,55,28,,,114,16,13,,,78,65,49,60,51,,114,161,31,49,37,,35,,125,114,38,57,44,69,65,52,70,55,50,37,31,,52,55,69,37,,52,39,,73,28,53,32,,40,67,65,36,38,30,39,32,52,83,52,35,48,40,39,85,,46,42,40,37,33,35,43,44,39,57,51,30,39,30,51,39,26,42,36,37,52,49
20210423,15,PM2.5,5,5,5,4,4,7,5,5,6,7,4,6,,,14,,13,12,14,,6,,11,5,,8,5,,38,29,68,,34,50,,,22,23,,10,11,22,18,23,,12,,34,33,38,17,16,12,,11,21,37,,29,40,,10,5,9,12,11,21,13,,,17,18,9,18,17,,41,31,29,39,17,,40,29,25,15,16,25,,13,15,,,14,7,15,16,13,15,12,,16,21,25,22,19,,14,27,21,22,25,18,15,13,21,18,18,38,32,37,24,23,17,25,21,20,41,28,32,,,37,41,39,35,38,33,33,31,48,53,48,53,58,,51,60,56,61,24,17,70,9,34,36,19,22,39,,,41,44,54,40,40,44,24,19,25,16,29,61,,,,36,46,,53,45,39,,,,32,,31,34,34,31,36,31,31,19,32,,,,39,34,,13,22,26,31,34,,29,67,65,71,60,69,54,,,33,,43,38,,,28,,26,18,22,,27,32,30,27,12,29,19,,,31,31,45,25,25,40,22,,41,,,32,,36,37,,28,71,80,6,7,5,,29,27,17,18,20,37,29,31,19,19,24,17,17,14,22,22,27,27,21,,27,16,26,20,18,25,15,19,21,12,,19,3,9,,29,,7,15,,22,20,12,32,29,,,63,63,49,61,46,46,39,36,36,40,36,32,36,38,43,21,28,15,14,22,23,14,,15,31,33,36,39,54,28,30,40,30,42,27,49,45,,37,46,40,54,42,32,48,58,34,34,31,28,37,23,,20,26,31,42,37,23,29,32,38,37,42,41,,42,42,34,54,54,37,36,36,29,32,53,,,37,41,65,39,36,36,31,22,19,18,29,29,25,27,24,23,22,24,21,23,14,15,45,13,14,20,,23,35,20,45,37,35,30,,,36,46,21,23,45,,55,44,50,43,,,46,50,34,39,34,41,34,,36,39,31,,24,20,24,31,22,23,17,5,5,8,7,,35,32,33,27,39,,39,,,32,36,22,36,,34,18,26,33,,,,22,24,,,,63,35,7,,11,13,6,,32,31,37,47,42,34,27,23,27,28,29,44,28,31,30,25,,15,22,22,25,13,19,22,24,19,,23,23,24,22,9,15,12,28,32,39,27,,27,29,19,18,19,17,,9,,17,12,18,16,17,,19,31,,,11,,12,53,,47,75,45,,44,24,46,,22,19,23,,16,14,,,,67,,46,39,,,8,13,18,31,34,33,36,20,30,,34,,,37,,18,28,41,12,13,23,17,13,,14,12,15,21,14,14,12,31,23,24,23,35,26,24,36,30,24,26,,24,,17,46,36,,20,29,,20,21,18,20,20,,29,23,,,30,23,,17,,16,15,14,17,,23,,29,35,,20,21,,20,,38,38,41,,39,43,24,34,16,,28,32,28,32,27,39,18,21,14,25,21,26,21,9,16,9,12,11,7,44,26,22,48,52,93,91,135,82,104,80,20,26,28,,36,47,41,55,38,52,31,19,16,25,7,20,16,20,,15,46,23,,27,19,15,,9,,17,18,7,,83,,91,100,90,84,34,42,30,,,,31,,26,,76,85,89,,89,80,72,45,46,,44,,34,34,29,31,18,18,,37,19,20,23,21,18,,19,,,15,22,15,20,3,25,32,25,28,19,17,17,17,26,,20,,26,28,12,17,10,6,11,8,55,43,45,40,34,,27,16,19,20,34,42,46,34,,,,,12,18,,15,26,37,20,26,25,37,15,26,,17,21,21,18,33,36,35,,35,43,52,,33,35,,33,19,20,33,33,30,54,32,34,48,53,49,58,,22,17,24,29,23,20,30,16,13,,10,19,12,8,3,62,51,42,42,,24,,64,44,44,,29,17,11,22,29,,,28,22,,40,22,21,31,,8,8,32,,33,40,27,32,28,28,26,23,38,,49,33,28,25,26,31,26,34,22,28,37,19,17,,34,28,,28,18,27,33,,,27,32,35,36,26,43,39,36,36,,,29,66,58,58,,,58,35,19,29,22,19,37,,32,37,58,,,48,58,,,13,25,,18,,16,20,,,33,17,,,31,30,22,,,29,27,16,16,27,21,21,12,12,18,24,12,20,26,27,16,16,11,16,12,18,26,38,25,,15,14,33,,32,35,9,13,16,8,21,19,24,25,24,30,,,,19,30,18,12,37,15,28,24,10,26,8,36,24,28,26,26,,,17,10,13,10,33,28,,16,19,20,,19,24,19,,27,25,12,24,23,36,39,,20,,14,13,30,5,15,10,,6,7,8,24,28,27,,37,,51,,,,22,13,31,33,52,60,,17,,44,41,38,16,26,18,19,36,19,14,12,14,13,7,13,14,20,17,18,16,32,,23,7,14,9,23,9,22,27,19,8,23,26,16,22,22,,25,27,24,22,24,19,13,16,25,23,23,24,19,18,28,,,29,32,,28,31,26,24,16,29,11,,,50,70,,,73,64,38,,32,20,46,,40,39,44,45,42,21,,49,43,39,29,27,37,,49,,45,32,39,,40,30,7,30,27,21,48,46,35,35,22,22,,46,45,40,,7,15,,22,15,22,20,,20,10,17,24,14,24,,,,24,,24,22,22,23,23,6,8,18,9,8,27,14,32,28,33,17,15,18,22,23,14,16,23,7,15,12,26,12,11,11,14,20,,32,27,44,23,13,15,9,22,20,18,32,29,29,22,26,25,23,30,34,9,24,28,27,30,24,25,30,34,5,8,,7,9,16,17,18,18,20,24,33,26,24,26,23,25,15,,,27,,31,,26,23,18,46,32,54,,19,,14,,,,,5,6,5,11,8,4,5,6,,3,18,19,26,21,23,38,36,38,,46,,,,,10,7,27,26,37,23,29,,27,43,37,13,17,6,15,10,42,30,44,35,22,22,,44,46,34,38,62,47,26,19,42,,41,42,,16,,,8,14,4,,7,,4,,,7,4,7,7,6,52,33,35,37,4,2,6,12,,14,12,7,11,9,57,,35,29,13,7,114,85,,11,12,13,7,12,,36,56,12,,20,7,,7,2,15,15,,14,,,11,1,3,2,31,30,34,27,11,,15,19,11,36,22,8,2,3,2,,,17,21,10,10,,17,21,20,10,28,17,24,41,5,,7,37,32,,17,77,31,28,34,33,28,,42,,50,22,48,29,25,23,41,6,27,,14,27,30,5,,,11,,40,10,,29,35,29,20,,66,31,,,,,34,62,49,50,35,46,68,35,47,35,23,37,,,15,25,,36,20,43,40,14,22,27,31,39,45,15,15,12,11,68,12,11,35,25,9,29,6,17,23,35,36,38,38,3,,43,9,42,42,36,22,20,18,21,36,27,23,36,26,13,26,35,82,,22,11,55,,7,10,9,,,27,,19,6,40,1,18,31,25,50,,18,20,23,30,27,33,,,33,28,35,24,24,,71,47,34,33,62,70,39,44,47,53,10,,,20,19,16,,47,,36,24,34,12,22,34,41,38,35,42,40,40,32,41,26,19,32,26,41,,13,,38,22,19,17,40,16,,20,27,,29,34,18,19,84,90,40,43,,89,95,15,37,23,6,10,30,,17,29,25,24,17,13,17,19,31,25,44,36,7,11,36,27,27,12,69,30,22,20,25,29,32,20,26,24,18,5,35,40,15,27,24,27,24,17,,3,37,31,40,32,43,46,12,24,,67,3,5,20,15,35,30,,42,33,28,42,28,,39,34,37,26,39,17,10,15,14,15,,38,19,33,41,22,22,29,9,65,21,14,31,31,47,20,36,14,8,,20,33,14,,24,51,33,38,40,40,32,,53,78,49,58,11,18,22,12,33,20,22,30,18,29,44,8,30,20,20,22,,,25,,12,15,22,34,7,24,18,13,19,16,37,,2,33,,33,11,11,13,22,37,24,24,19,18,11,33,32,,18,12,30,25,,80,,27,,,18,24,22,18,25,34,53,,,21,20,20,13,,,54,31,25,26,42,20,20,10,14,40,52,18,,9,27,10,9,4,10,6,41,44,48,49,,54,53,50,39,32,26,34,42,36,36,39,19,10,,,36,8,5,39,26,56,24,31,36,20,,36,45,13,34,23,,21,,95,86,21,32,15,50,40,34,51,39,28,19,10,43,36,36,24,14,25,29,19,,20,6,37,4,52,20,48,47,10,4,6,7,5,18,61,36,24,20,27,17,63,,32,29,8,5,5,5,17,17,16,40,31,14,22,18,14,27,14,25,1,,36,34
20210423,15,PM2.5_24h,30,46,32,25,26,35,30,29,30,46,27,34,,,21,,24,22,20,,17,,24,23,,22,16,,52,45,56,53,46,55,,,23,21,,33,21,18,22,25,,13,,44,40,42,37,36,36,,34,36,31,,32,43,31,17,14,16,17,31,28,26,,29,35,30,33,36,42,,47,43,48,48,57,,43,64,65,54,51,47,,17,19,,,18,13,18,18,35,34,31,,33,34,33,33,34,,35,26,18,15,20,12,14,12,17,22,21,41,33,36,31,30,29,37,31,31,32,33,33,50,,33,34,40,34,41,45,47,44,56,53,57,56,59,,56,50,54,59,38,33,44,35,39,35,37,49,40,94,,44,42,66,40,38,72,44,48,47,66,52,46,,,,53,50,,51,50,34,,,,43,,38,45,46,41,45,47,43,46,65,,,,72,58,,35,59,62,50,53,,45,71,62,66,39,49,54,29,,34,,35,33,,,46,,47,37,42,,43,47,58,32,19,34,25,,,31,48,34,23,20,23,24,,54,,,38,,48,51,,15,21,24,12,9,11,,44,39,37,33,32,32,27,27,24,31,30,24,26,27,32,29,27,32,18,,23,13,21,22,16,24,13,23,21,14,,17,9,9,,34,29,28,31,,38,42,28,37,15,,,32,36,31,26,31,22,41,35,37,39,41,38,40,37,33,24,16,18,20,24,21,16,,18,20,29,30,23,29,20,22,28,19,26,13,44,42,,38,37,34,52,40,41,43,41,28,26,25,24,26,32,,19,26,27,38,28,22,23,24,33,36,39,32,,34,51,40,34,31,28,25,25,27,19,28,,,39,35,44,49,48,49,43,32,30,30,26,30,24,26,24,22,24,25,25,23,11,13,13,12,13,17,,27,28,27,29,26,29,26,,,26,30,20,27,32,,86,85,72,77,,,89,53,26,30,30,36,29,,35,36,27,,31,27,46,42,34,35,8,6,9,6,10,4,35,35,38,31,39,40,37,36,,34,37,34,36,,31,18,18,24,,,,25,19,,,,29,25,9,11,13,12,9,,21,22,24,29,28,23,22,19,20,19,27,37,21,26,15,31,,40,38,32,31,16,24,24,28,22,,39,39,48,26,17,17,19,35,38,37,62,32,41,41,21,21,19,18,,19,,33,25,28,28,28,,26,41,,,31,33,33,58,,57,50,48,,52,44,48,,44,14,12,9,14,11,,,,62,,55,48,,57,26,30,36,35,36,35,22,20,19,,42,,,43,,38,39,42,33,27,26,25,27,,18,18,16,17,22,19,18,26,20,20,29,35,34,21,26,22,29,34,33,23,,18,51,44,,28,32,,37,33,32,32,23,,31,33,,,51,46,,26,,22,27,24,32,89,59,,85,67,,50,52,,50,,73,56,66,,57,57,14,18,9,,23,24,27,27,26,20,15,41,35,42,41,37,45,12,15,17,20,11,17,61,42,31,49,69,54,50,62,57,56,45,21,22,19,,27,43,44,59,44,46,30,24,22,31,21,29,31,30,,28,40,41,,39,35,34,28,30,,35,25,6,,73,,74,93,76,74,38,46,36,,,,38,,32,,68,69,77,,73,66,66,47,42,,43,,39,39,35,40,20,22,,25,23,21,21,23,19,,21,,,16,27,12,16,4,28,30,28,30,16,11,13,16,34,32,26,35,37,34,12,14,23,27,44,53,54,51,51,47,46,,37,22,28,29,36,43,43,37,,,,,49,41,,38,22,28,17,23,23,28,18,16,13,13,16,26,22,33,32,33,,29,32,42,,31,34,,41,25,27,37,33,31,37,32,43,46,48,45,56,,38,38,73,27,34,26,59,13,15,,8,11,10,18,7,53,51,34,34,,19,,37,29,29,,32,19,18,16,18,,,13,12,14,17,16,14,20,,10,14,36,,41,45,45,42,38,40,43,40,38,,43,38,43,44,46,38,42,38,37,38,38,24,25,,36,29,,27,30,31,40,,,27,34,30,34,31,29,28,27,27,,,24,57,55,55,77,,55,36,36,29,32,28,46,,47,51,52,,,48,50,,43,34,24,,24,,25,26,,,33,17,,,34,29,23,,,26,31,28,20,26,26,30,26,25,23,26,27,23,26,23,30,40,29,35,31,30,29,32,32,,24,25,33,,21,22,21,24,17,17,24,19,29,27,29,84,,,,98,125,104,94,139,97,108,92,46,41,32,189,181,151,155,142,,,182,18,20,16,67,65,,27,38,34,,31,34,38,,51,48,34,43,29,39,38,51,28,36,26,23,41,24,24,20,,18,13,16,22,50,35,,38,,44,,,,28,24,33,40,46,47,,24,,40,43,37,24,23,33,29,26,32,24,37,17,12,16,21,16,28,35,30,25,16,,15,11,15,15,16,15,11,36,25,15,26,25,20,24,25,,11,15,13,18,18,21,26,23,33,27,22,26,24,23,22,,,25,24,28,22,25,24,19,31,36,21,,66,64,61,,66,68,65,49,,47,34,38,,34,34,37,38,34,33,39,38,34,34,39,45,39,,45,47,41,27,29,,40,28,12,30,26,27,38,46,48,47,23,19,,32,33,25,,21,21,,24,18,23,24,,22,13,16,20,16,21,,,19,27,,22,21,23,25,29,14,20,23,22,15,21,31,26,29,30,24,21,20,28,21,10,12,17,14,15,14,24,20,21,19,9,14,11,37,28,32,25,19,18,10,16,20,19,38,34,37,32,30,31,33,33,33,28,28,32,30,34,36,32,25,28,16,16,,13,13,20,15,18,19,28,29,23,50,50,47,44,39,48,,,20,26,23,,23,22,20,25,34,37,,38,,34,,,,,21,18,23,28,21,14,15,18,,10,20,21,23,22,22,37,38,40,24,40,,,,,9,9,36,38,30,29,26,,23,52,39,30,30,11,20,10,51,33,46,39,29,30,,46,50,42,47,63,41,27,21,41,,41,38,,22,3,,7,10,5,,10,,4,,10,6,10,10,11,16,27,28,26,27,11,10,10,20,,18,11,9,14,16,49,,43,51,21,17,60,59,,23,24,13,12,11,,33,45,26,,20,25,20,18,8,11,18,,22,24,,30,16,15,16,45,44,64,44,10,,15,10,11,26,21,9,9,12,14,,,17,19,17,17,,14,12,12,10,25,24,71,39,7,27,16,52,51,,30,65,47,76,36,54,36,,38,,60,37,97,26,41,44,82,9,39,34,30,22,39,12,,,28,22,48,25,,26,25,30,23,,53,40,,,36,60,59,43,47,46,34,37,41,65,27,34,20,28,59,,20,35,,54,24,39,33,8,24,28,43,50,39,16,18,26,20,65,27,8,31,26,15,30,9,26,24,34,34,31,35,7,29,41,14,32,33,64,49,21,22,22,37,32,52,37,20,22,30,33,71,,33,21,55,,14,19,14,,,20,54,42,31,35,9,21,44,35,52,64,24,32,50,20,36,25,26,,35,20,24,25,17,,60,51,22,50,49,56,54,54,56,39,46,24,30,22,31,22,,52,,36,36,32,31,31,51,57,46,42,34,38,37,24,30,29,17,30,26,52,,12,40,36,33,20,24,43,35,14,33,45,48,44,39,24,27,70,76,31,35,,73,82,51,61,51,145,20,43,20,23,45,24,23,29,16,26,16,57,60,58,42,43,14,42,51,32,10,63,35,33,34,38,50,33,26,35,34,15,15,32,46,20,24,13,26,34,22,19,26,36,43,56,44,44,53,32,29,,61,23,31,29,20,45,34,36,49,37,38,44,36,37,44,39,29,35,39,21,7,10,13,11,,45,29,30,44,30,19,24,17,31,21,22,27,49,57,14,58,29,10,25,23,40,25,34,30,38,31,40,42,39,34,,68,74,42,43,41,24,22,16,35,34,27,49,39,56,50,25,41,30,36,31,21,,32,,23,19,15,28,25,42,40,34,36,30,29,,13,22,,30,28,22,20,20,16,24,29,27,23,26,28,39,23,14,12,19,19,,50,,33,20,,22,32,36,30,39,43,72,16,,16,31,28,24,,,88,35,41,41,52,11,29,10,14,50,55,29,,41,41,36,36,37,27,34,39,40,51,42,,86,35,42,48,31,41,35,47,31,35,49,27,9,,338,366,20,18,48,64,61,33,36,27,38,,36,35,24,27,33,,35,41,84,73,151,34,43,24,22,47,57,35,51,32,26,41,33,38,29,21,51,33,35,,15,24,35,5,39,49,56,41,43,32,30,34,28,26,57,52,40,36,138,31,55,24,29,22,44,33,28,30,19,15,46,42,42,25,88,24,83,35,28,42,6,4,48,36
20210423,15,PM10,27,21,29,20,27,27,22,47,33,34,25,28,,,20,,13,20,27,,14,,14,8,,10,7,,53,54,111,,59,58,,,19,29,,12,23,31,24,39,,28,,58,49,90,52,71,44,,53,84,100,,71,70,,14,5,23,7,9,43,26,,,28,24,24,34,29,,50,68,,53,34,,55,44,39,33,28,40,,36,34,,,,27,39,,30,13,17,,19,34,38,39,34,,15,43,41,24,36,26,30,21,27,28,34,30,29,42,38,27,18,30,28,28,40,34,42,,,50,53,51,38,46,39,41,61,58,46,38,38,51,,46,38,35,44,52,34,,31,65,29,34,22,58,61,,50,52,42,49,54,48,30,31,20,46,21,78,,,,73,48,,85,78,70,,,,34,,48,57,56,48,44,44,44,34,45,,,,52,45,,24,35,20,34,49,,35,63,63,63,54,47,56,,,54,,93,60,,,44,,44,28,33,,46,83,40,28,22,44,34,,,43,40,79,32,47,87,58,,62,,,58,,74,52,,43,96,101,8,12,8,,35,37,42,33,32,40,42,31,34,34,31,31,34,36,44,36,34,36,15,,37,43,52,50,63,30,24,39,30,21,,31,20,21,,21,,42,32,,34,29,29,37,83,,,89,97,68,107,70,85,70,71,62,92,77,63,65,74,78,47,44,37,58,25,47,28,,27,35,54,32,54,47,53,48,46,58,56,40,91,85,,69,90,68,94,81,86,80,95,58,57,59,61,64,52,,42,57,59,84,56,56,57,53,78,102,76,75,,51,53,61,81,74,72,60,54,52,61,34,,,76,71,59,85,75,81,79,64,30,31,48,31,28,38,38,40,50,61,38,38,42,46,20,50,45,36,,73,64,45,95,62,81,61,,,65,77,52,45,61,,70,62,79,58,,,68,63,56,92,78,68,85,,70,75,75,,36,49,48,42,46,51,17,25,18,10,18,16,45,58,38,62,79,,46,,,69,54,49,52,,61,,42,48,,,,37,124,,,,309,236,20,,17,16,18,,22,49,54,46,70,51,48,41,44,56,61,56,36,45,34,50,,101,37,57,64,42,58,63,80,56,,28,35,32,30,22,23,29,20,24,26,33,29,24,25,39,,39,46,,29,,44,41,42,34,39,,40,47,,,29,24,19,67,,42,94,59,,47,44,73,,27,36,19,,27,22,,,,85,,114,53,,,51,31,31,41,46,55,51,42,46,,27,,,45,,64,36,73,34,29,34,34,22,,32,23,30,28,40,36,27,58,56,56,21,85,32,58,58,60,44,42,,38,,46,44,66,,50,49,,55,55,56,56,32,,47,37,,,56,57,,64,,42,59,73,52,,126,,50,46,,33,32,,26,,54,51,50,,45,47,54,57,40,,40,43,41,38,35,39,20,21,16,29,21,21,39,11,46,23,17,19,16,79,27,27,34,34,116,131,149,109,123,104,128,69,184,,133,104,115,110,85,90,43,22,28,43,25,33,21,15,,31,29,42,,38,23,15,,18,,18,21,6,,113,,101,155,124,107,55,73,62,,,,55,,48,,132,146,124,,88,74,86,101,77,,71,,56,32,,41,46,31,,35,28,42,28,37,29,,28,,,26,33,34,29,19,33,60,48,49,41,37,35,41,32,,34,,40,42,24,26,19,25,9,11,61,66,61,59,50,,44,54,21,43,50,56,59,54,,,,,33,25,,44,35,40,42,44,34,39,33,41,,37,42,51,53,61,57,51,,47,47,74,,49,47,,66,35,35,54,42,42,44,54,59,66,70,75,73,,59,48,178,233,268,165,215,7,14,,24,26,15,2,12,83,63,61,61,,38,,75,63,63,,42,17,16,24,39,,,67,31,,54,45,48,19,35,13,,63,,73,62,49,47,42,42,46,44,58,,63,63,36,41,30,38,31,39,31,35,41,26,27,,49,44,,39,33,40,56,,,36,39,36,36,43,68,60,64,77,,,78,92,111,89,90,,111,56,66,67,69,60,49,,57,56,81,,,95,83,,,50,63,,54,,44,56,,,24,29,,,161,112,41,,,39,40,62,61,74,130,91,16,25,20,39,15,22,37,35,27,21,34,17,11,19,20,25,21,,23,16,43,,63,38,33,31,27,27,24,19,54,47,51,56,,,,31,41,38,25,48,46,37,35,8,46,18,69,36,40,42,37,,,32,18,28,19,51,43,,16,38,33,,39,44,41,,44,36,24,43,46,61,56,60,30,,29,36,36,22,21,20,,19,19,20,35,37,36,,65,,88,,,,44,23,53,61,88,,,26,,46,52,52,70,51,51,113,61,20,30,29,22,13,21,16,45,34,40,26,20,46,,40,32,26,20,35,20,17,37,35,35,46,28,35,40,38,,26,32,28,29,29,20,,29,27,41,47,38,35,36,51,,,53,48,,48,46,39,41,29,30,26,,,80,82,,,79,89,39,,56,50,58,,54,73,73,75,68,34,40,53,46,51,30,36,41,,76,,109,69,86,,79,72,53,38,31,32,41,45,39,39,61,59,,42,49,,,33,22,,24,15,11,20,,35,34,33,54,62,46,50,38,40,43,37,34,41,31,46,44,18,18,18,14,12,42,28,38,38,44,32,22,28,23,24,18,26,22,25,31,17,28,23,32,20,15,28,,47,39,60,63,39,32,40,39,41,51,56,49,48,39,46,42,31,62,70,35,46,31,45,58,36,44,49,52,13,13,,17,23,24,23,25,31,35,34,37,40,40,51,42,34,32,,,47,,53,,49,53,78,73,62,102,,19,,19,,,,,19,23,11,21,17,17,14,11,,19,32,41,61,51,64,57,56,64,54,76,,,,,25,22,49,44,50,15,43,,44,53,42,37,44,15,47,36,80,65,67,90,44,34,,61,64,57,70,117,76,98,57,91,,78,85,,27,1,,41,113,19,,23,,11,,,36,10,5,8,12,113,48,42,49,6,7,12,12,,26,17,12,8,21,97,,149,176,21,14,857,661,,24,21,16,11,16,,68,76,11,,30,34,,9,10,61,37,,30,,,21,14,4,7,51,52,159,151,23,,22,35,30,116,117,34,16,12,20,,,26,31,30,4,,15,28,28,26,59,27,38,73,10,,15,38,56,,53,104,22,25,46,47,50,,53,,66,47,79,39,37,59,234,17,56,,21,56,55,8,,,30,,72,21,,219,247,212,46,,71,44,,,,,58,76,46,78,82,63,97,44,44,58,45,56,,,27,35,,67,56,66,59,35,36,34,29,61,92,16,30,12,18,89,30,27,42,35,24,34,37,30,43,43,48,49,65,5,,97,41,64,58,51,34,31,29,31,81,55,30,64,48,36,,63,122,,46,23,78,,51,14,14,,,41,61,39,25,68,2,28,39,48,112,,66,36,49,45,46,67,,,48,,50,76,53,,403,60,21,23,46,64,32,28,46,32,29,,,69,49,47,,91,,50,22,39,19,30,52,88,72,56,86,66,64,58,66,60,44,62,33,75,,49,,64,60,60,24,18,17,9,34,39,,41,90,24,29,117,131,59,66,,154,124,27,30,2,25,43,37,,37,47,29,52,25,14,29,41,61,35,75,59,44,29,38,39,36,39,97,29,27,46,41,61,80,54,44,20,25,5,,36,28,37,45,36,33,44,,31,71,45,60,52,67,67,21,50,,90,28,31,57,33,40,53,,70,75,47,52,37,,64,46,53,43,48,26,24,25,16,55,,61,33,54,74,48,45,39,27,78,50,38,70,46,61,22,59,37,18,35,23,69,40,,35,65,47,47,69,53,96,,104,117,66,90,18,28,36,23,59,27,33,44,32,45,56,18,27,34,24,29,,,34,,39,44,34,46,22,55,39,19,30,24,168,,2,202,,40,15,20,36,39,53,46,46,27,60,30,55,53,,28,26,42,38,,78,,27,,,6,49,22,28,44,54,76,47,,38,64,45,62,,,104,88,31,53,70,25,22,28,29,57,,31,,61,137,107,69,152,55,76,82,81,79,83,,88,92,96,34,67,39,66,61,48,42,65,59,11,,,178,16,9,,,106,80,43,70,51,,61,90,28,14,36,,25,,130,122,34,63,44,61,80,53,45,22,50,28,18,92,43,60,87,24,38,53,29,,95,10,48,10,80,28,75,77,31,29,30,31,31,53,96,38,32,48,40,30,111,,41,20,28,34,28,26,24,34,34,45,52,23,39,23,52,39,16,42,4,4,49,46
20210423,15,PM10_24h,38,44,41,34,38,34,43,36,35,48,42,52,,,27,,31,28,30,,31,,54,33,,25,24,,77,69,81,76,76,69,,,23,25,,20,32,29,26,33,,25,,68,60,81,60,61,64,,62,65,77,,72,75,73,16,13,24,15,15,53,47,,48,43,43,45,48,45,,66,70,65,68,93,,59,94,82,81,75,71,,36,32,,,35,32,31,33,57,53,54,,50,63,57,68,63,,47,45,53,31,27,28,36,25,28,38,35,60,49,60,47,44,38,57,44,49,52,59,67,79,,67,64,66,60,58,67,74,70,66,57,60,61,61,,61,50,54,50,65,51,50,58,75,42,56,67,54,66,,62,62,60,60,65,61,48,44,47,47,49,49,,,,73,44,,63,77,71,,,,54,,64,71,81,58,65,65,53,65,97,,,,102,86,,50,53,66,56,64,,47,60,53,53,48,43,59,36,,42,,60,54,,,62,,93,63,72,,98,97,88,42,44,57,38,,,45,58,70,37,39,55,54,,80,,,59,,119,85,,33,32,36,24,20,25,,62,62,69,64,60,50,58,35,42,45,33,37,44,47,53,44,41,43,23,,46,38,51,49,44,33,27,34,38,17,,39,34,28,,32,47,58,52,,54,54,53,58,23,,,45,46,40,42,42,36,72,75,69,87,85,75,83,76,65,34,34,35,34,32,31,30,,32,34,36,26,34,27,31,29,26,33,30,28,85,78,,75,91,71,102,80,102,81,74,58,58,58,61,52,84,,42,56,59,86,57,60,50,51,71,70,73,63,,50,93,80,58,62,54,49,52,54,49,56,,,82,72,77,104,97,106,92,85,55,57,47,56,44,44,42,39,43,46,54,50,27,28,37,31,32,29,,56,44,42,60,68,57,55,,,42,63,56,59,60,,109,114,93,108,,,128,70,49,69,68,57,66,,65,68,63,,48,53,86,63,64,78,16,31,39,19,31,23,84,74,112,79,86,74,74,118,,87,75,105,82,,60,33,40,42,,,,46,55,,,,70,66,30,29,28,33,30,,35,32,28,34,35,33,29,28,37,39,36,55,28,32,25,53,,68,57,57,54,50,59,51,55,61,,61,64,75,46,39,40,48,41,39,33,60,54,37,35,39,36,41,34,,32,,50,56,55,44,41,,50,62,,,46,32,33,62,,50,71,55,,76,72,79,,49,21,16,13,21,19,,,,80,,68,70,,62,55,52,52,38,40,46,22,26,31,,36,,,63,,60,59,68,48,44,45,46,61,,36,33,35,34,44,40,36,54,49,55,46,51,53,49,52,54,58,58,58,41,,48,80,75,,57,58,,67,63,67,63,38,,59,55,,,73,84,,61,,44,56,76,62,79,85,,82,96,,58,54,,56,,98,78,97,,79,65,35,36,26,,45,53,51,61,55,46,25,65,57,65,56,54,86,26,43,40,26,25,31,35,35,36,37,56,79,92,83,88,80,67,77,69,75,,73,84,89,100,98,88,55,44,41,50,42,38,39,39,,51,43,51,,55,49,48,43,43,,53,46,8,,90,,90,132,101,100,63,62,64,,,,67,,59,,114,111,99,,99,87,91,78,69,,58,,53,48,52,54,42,46,,33,39,36,29,30,24,,29,,,24,35,30,27,16,36,50,45,51,34,38,29,40,49,50,48,59,59,53,28,27,36,61,63,72,70,74,80,67,67,,54,50,40,54,48,60,62,58,,,,,78,72,,82,30,39,39,50,34,32,28,33,33,35,39,59,53,65,66,57,,54,46,72,,58,60,,100,45,42,65,48,56,76,63,70,71,72,74,82,,130,141,362,78,62,57,71,13,18,,18,34,31,33,38,66,55,54,54,,25,,45,34,34,,33,21,20,18,23,,,28,15,47,24,31,30,17,22,16,17,64,,79,68,65,58,57,51,67,72,60,,67,87,63,71,67,57,58,53,49,64,62,38,39,,62,70,,61,58,44,65,,,28,47,39,40,46,46,40,46,46,,,77,88,100,100,92,,101,84,82,75,83,101,62,,60,67,72,,,75,71,,58,61,73,,75,,65,60,,,35,38,,,73,68,37,,,62,58,51,48,62,69,50,36,39,31,33,31,33,40,39,49,53,62,57,43,33,24,29,29,,49,39,46,,44,45,56,56,39,29,52,48,49,51,47,125,,,,137,158,192,121,180,140,150,102,62,68,43,285,226,180,177,161,,,219,34,44,34,93,91,,37,50,51,,43,49,47,,53,55,45,54,41,46,49,50,53,64,51,56,55,47,31,27,,22,25,24,36,54,50,,53,,63,,,,52,48,47,55,67,69,,39,,49,51,46,50,40,46,45,34,48,40,62,24,11,23,28,27,49,50,67,44,30,,32,24,28,28,30,35,13,60,43,43,47,32,43,52,42,,28,27,28,28,28,35,47,42,41,50,44,40,37,44,38,,,44,40,39,38,37,39,35,45,58,59,,108,88,90,,100,76,86,61,,64,61,51,,63,56,58,60,56,56,51,54,52,52,58,58,61,,62,53,55,46,59,,72,59,52,37,28,38,38,43,44,44,44,44,,40,36,40,,33,31,,34,24,33,31,,35,29,32,35,47,35,39,35,32,37,40,35,37,33,48,38,28,24,33,27,26,38,32,38,39,37,35,36,35,33,38,16,24,21,35,30,19,29,26,37,29,15,24,18,78,65,75,73,46,35,45,40,40,53,70,67,74,70,50,52,49,70,62,49,54,43,50,86,54,49,54,45,27,28,,32,40,33,26,32,31,41,48,40,67,72,66,66,54,83,,,37,38,38,,45,54,51,46,70,67,,53,,48,,,,,36,43,50,49,42,28,27,40,,29,31,42,51,49,60,52,54,61,58,70,,,,,33,21,59,63,50,45,42,,38,67,64,53,61,24,43,36,80,75,56,76,49,52,,68,74,59,67,114,87,58,49,102,,73,70,,29,4,,27,40,18,,28,,9,,17,13,18,27,21,30,63,62,47,50,16,20,21,23,,34,32,18,23,32,138,,153,164,33,36,376,367,,36,35,19,20,19,,67,74,44,,37,43,31,26,24,32,68,,53,53,,62,26,23,24,126,118,349,298,22,,26,28,24,94,111,94,75,95,80,,,43,40,40,26,,14,25,28,32,55,36,78,77,16,32,26,80,66,,88,104,40,43,49,152,58,,43,,69,56,120,35,80,78,418,12,56,70,56,43,84,16,,,48,49,106,30,,67,69,74,42,,64,40,,,32,93,105,53,58,69,72,46,52,97,33,60,44,54,49,,30,50,,93,58,68,52,21,28,60,44,73,70,26,32,19,27,92,60,16,36,37,37,35,34,42,42,44,48,44,50,16,41,77,36,58,53,91,78,31,32,31,65,64,87,57,39,42,48,67,116,,53,29,67,,31,33,24,,,50,63,51,43,48,16,41,62,62,170,97,51,48,67,33,65,57,34,,52,49,50,52,51,,281,68,29,50,53,58,57,55,68,38,50,51,59,106,43,35,,75,,56,45,42,41,45,81,114,107,90,87,83,75,50,67,72,51,66,50,118,,47,79,82,77,51,42,25,22,22,41,60,61,58,77,32,36,102,107,51,57,,134,109,74,71,76,203,42,50,32,34,68,31,42,40,24,38,33,85,103,80,65,62,20,52,77,37,17,81,42,37,52,44,79,83,52,59,51,34,28,41,42,28,32,28,41,59,51,39,59,68,72,75,81,72,79,47,51,,80,26,30,56,34,51,67,48,79,83,55,60,57,50,64,57,32,46,50,33,30,36,28,29,,82,57,46,89,79,43,52,45,47,61,43,63,79,78,14,77,45,19,26,23,64,42,48,39,50,40,50,99,61,69,,109,105,59,60,57,43,47,21,65,42,48,73,90,80,76,45,66,42,40,45,28,,44,,35,33,18,42,37,69,54,44,52,36,54,,21,71,,50,38,38,45,42,51,35,48,49,51,49,50,59,39,28,31,40,35,,56,,41,37,,32,62,47,57,78,79,116,38,,29,59,46,49,,,103,91,60,76,95,18,18,20,26,62,96,54,,71,106,96,74,75,65,60,69,94,97,80,,92,57,91,60,54,49,44,74,57,64,77,61,13,,1045,900,44,31,79,109,98,92,65,65,56,,77,88,51,39,60,,46,58,116,105,196,72,79,29,42,45,42,26,73,50,58,79,58,58,48,32,72,70,60,,60,33,43,49,62,56,90,65,49,45,31,40,38,43,90,58,58,55,113,56,116,29,27,22,46,36,42,36,38,35,67,53,75,49,131,37,141,62,42,51,8,16,68,48
20210423,15,SO2,3,3,1,1,3,3,3,3,1,4,1,3,,,5,,5,6,6,,5,,4,3,,5,2,,4,8,2,5,3,7,,,3,9,,4,10,7,10,2,,1,,6,3,12,3,6,3,,5,6,7,,9,11,,3,6,8,5,6,6,6,,7,2,4,3,11,7,,2,4,4,3,6,,9,6,4,5,4,5,,6,5,,,5,6,8,6,8,12,13,,13,12,10,10,4,,12,4,4,4,10,4,9,8,6,5,5,8,6,6,11,8,6,7,10,14,8,18,35,28,,16,14,11,15,10,27,20,15,5,6,4,8,6,,3,8,7,8,12,3,9,4,5,1,10,3,1,,,2,6,4,7,5,6,2,4,10,12,8,8,,,,8,8,,7,11,6,,,,3,,6,5,5,5,6,6,8,5,7,,,,3,8,,5,2,3,3,4,,9,,2,6,5,4,3,4,,5,,5,6,,,5,,6,6,3,,5,5,5,6,8,5,6,,,6,7,9,5,4,6,6,,5,,,4,,15,8,,5,5,5,,5,5,,5,3,4,4,5,6,5,6,4,5,5,3,5,5,8,9,4,5,1,,4,5,2,3,6,4,8,2,5,2,,8,,4,,4,5,6,5,,5,4,6,4,,,,4,4,5,7,4,5,6,7,6,5,,5,8,6,7,8,8,6,7,6,12,5,,6,9,8,,4,6,5,7,5,7,6,9,9,9,,6,7,8,10,9,6,6,,5,8,14,11,13,4,,9,7,7,12,8,9,9,7,7,8,6,10,,6,8,5,5,5,5,5,9,8,5,8,,,11,9,9,11,10,10,16,13,,9,15,,5,5,8,5,3,6,,6,5,4,3,4,5,16,,36,13,12,20,14,20,8,,,12,16,5,7,26,,6,7,5,5,,,6,6,7,8,10,9,6,,5,7,5,,7,10,8,5,9,9,3,4,2,,4,5,8,5,4,7,6,9,4,5,,6,6,5,4,,6,4,9,8,,,,10,3,,,,8,6,5,4,3,5,4,,3,7,2,6,8,5,5,8,4,6,10,3,5,5,2,7,,12,7,14,8,8,9,11,10,8,,3,5,9,8,12,8,6,10,12,11,15,15,10,20,4,,3,4,,2,,5,4,4,5,3,,4,6,,,10,4,4,5,,1,7,5,,5,9,10,,5,7,6,5,9,10,,,,6,,5,7,,4,6,6,9,5,4,3,4,3,4,,6,,,8,,7,7,10,6,8,7,9,9,,5,5,5,6,4,5,5,5,6,4,4,6,5,9,10,10,5,5,5,5,,6,6,8,,10,9,,5,6,6,4,7,,8,8,,,5,3,,4,,9,7,11,7,9,9,,9,10,,2,4,,3,,4,7,6,,7,9,21,62,22,,8,8,11,9,8,7,8,14,18,10,13,7,18,12,20,10,5,11,13,15,10,19,19,10,35,24,33,14,23,8,2,5,3,,5,8,9,10,7,7,2,4,10,11,5,5,3,4,,14,3,8,,6,4,4,,5,,3,3,4,,4,,4,2,4,2,4,7,8,,,,6,,6,,6,5,,,8,7,10,3,2,,2,,7,7,6,7,6,5,,7,9,11,7,6,10,,7,,,5,3,2,1,2,5,5,4,,9,6,5,4,4,5,3,5,6,4,3,5,6,8,13,127,7,18,5,13,8,,29,5,6,7,11,12,8,11,,,,,3,4,,4,2,7,5,1,1,8,8,8,7,7,5,3,5,6,5,5,,5,13,4,,5,4,,7,3,4,5,4,4,,4,3,7,8,5,4,,8,5,24,12,29,5,4,1,4,,5,3,3,5,2,16,9,4,4,,5,,8,7,7,,4,7,6,8,5,,,6,10,10,10,5,5,3,3,4,6,6,,8,6,5,13,13,14,6,5,6,,4,4,10,8,7,8,7,12,10,10,7,5,7,,4,5,,2,4,7,7,,,4,4,5,4,5,6,5,6,6,,,2,6,3,4,4,,4,4,5,8,6,7,8,,7,6,4,,,2,3,,9,8,9,,9,,8,8,,,5,5,,,14,9,15,,,3,4,5,7,5,6,5,17,12,8,17,13,15,16,15,16,3,3,3,6,8,8,6,10,,8,13,8,,27,23,9,6,4,,10,9,6,8,10,9,,,6,5,5,4,7,6,11,8,5,13,5,5,,3,8,10,4,,,6,3,2,7,7,8,,9,9,6,,6,7,7,,6,5,3,6,5,2,2,6,12,14,3,24,2,9,3,10,,4,3,3,7,5,6,,4,,7,,,,5,5,6,7,5,,,4,,8,9,9,5,4,5,3,4,2,5,8,4,3,4,1,4,4,4,4,5,5,,3,4,6,6,38,5,14,10,11,10,7,7,3,7,6,,6,9,7,5,7,3,5,4,5,16,5,7,8,5,10,,,9,9,,7,6,5,4,1,5,2,,10,12,11,,10,10,11,5,,3,5,8,,5,6,8,5,8,9,7,8,8,8,2,2,3,,5,6,5,18,22,,10,13,4,3,4,6,7,6,4,9,5,13,,5,4,3,,4,3,,8,7,,7,,6,4,7,5,9,9,6,5,6,5,8,10,10,8,12,10,2,2,2,1,1,5,4,4,3,3,7,11,6,5,10,4,6,8,6,3,3,3,4,3,,7,16,8,10,7,8,8,7,7,8,7,6,8,4,3,6,5,2,4,4,9,6,6,7,7,6,7,8,7,8,6,4,3,,2,8,9,9,8,5,9,7,10,3,7,4,7,8,8,,,15,12,9,,7,10,12,12,7,9,,5,,8,,,,,5,5,7,6,5,14,12,11,,9,6,12,12,9,14,4,3,6,4,6,,,,,3,5,8,10,6,10,2,,3,5,5,7,5,5,6,7,6,6,8,9,9,9,,10,8,5,5,8,13,5,7,5,,13,9,,8,9,,8,4,6,,3,,7,,9,8,5,5,5,5,6,14,12,9,4,5,25,8,,32,14,9,9,11,9,,4,7,6,4,4,3,,5,5,4,14,14,,7,8,2,,15,2,16,10,10,14,6,,3,,,11,3,4,5,4,5,3,5,5,,5,2,8,4,5,5,3,5,3,,,6,4,4,5,,1,5,5,3,4,4,9,9,4,2,4,5,7,,11,12,9,4,7,12,4,,8,,7,5,4,8,6,8,37,15,11,6,11,9,4,3,,,4,,6,4,,4,10,7,8,,4,5,,,20,8,4,7,10,6,7,9,8,6,5,10,14,21,8,,6,4,,7,7,4,7,,11,10,8,6,3,9,4,2,4,13,9,7,16,4,2,2,8,3,8,5,5,3,3,5,12,8,7,17,5,6,7,6,8,5,5,6,9,14,11,5,7,8,6,,4,4,3,,11,3,4,,,7,6,8,4,5,8,6,3,7,9,8,4,6,8,3,5,4,,,9,8,14,29,19,,22,4,5,4,1,6,4,2,5,6,3,8,6,13,17,20,,12,,4,2,4,4,5,,8,7,7,8,10,8,6,6,6,10,8,5,13,,9,6,8,5,6,1,5,3,10,8,8,4,7,5,3,7,9,6,5,6,,5,2,5,5,20,7,17,13,22,8,8,7,21,5,8,11,8,3,4,9,2,5,4,4,6,6,4,6,4,4,3,2,6,6,4,4,4,6,3,,6,9,5,6,6,6,7,,3,8,8,,6,8,7,5,5,,4,3,1,9,13,1,6,3,6,6,3,7,6,8,,5,10,,2,2,4,7,4,6,,8,7,6,8,4,7,6,6,10,7,5,7,6,8,10,9,2,3,6,9,3,6,6,4,4,6,4,6,6,13,,6,6,6,2,4,11,10,6,20,8,15,6,7,7,11,7,9,6,5,1,8,,,,7,5,6,,5,6,6,9,11,4,43,,8,30,,10,6,7,5,6,8,6,5,2,7,6,11,9,6,2,6,4,4,,7,,7,4,,6,7,2,9,3,7,7,5,,8,7,4,6,,,6,6,2,9,2,8,,1,3,7,5,6,,3,5,8,3,5,6,6,5,7,4,3,,11,5,2,7,20,7,5,4,8,8,7,4,6,,4,7,3,3,3,8,2,23,6,9,8,,11,9,7,7,6,,12,5,3,2,5,8,6,6,6,10,1,10,3,6,12,,6,6,6,8,4,8,6,,2,5,10,2,5,4,2,2,3,1,3,3,3,5,6,6,4,10,11,6,8,,1,5,3,3,4,2,6,6,8,1,9,7,8,7,6,7,13,11,8,4,10,8
20210423,15,SO2_24h,3,3,2,2,3,3,2,2,2,4,2,2,,,5,,5,6,6,,4,,4,3,,6,2,,5,9,3,6,2,8,,,5,10,,5,12,6,10,3,,3,,10,4,7,8,10,5,,8,11,6,,9,10,6,4,6,8,5,6,5,6,,6,3,6,3,11,9,,4,5,5,4,9,,7,9,7,8,6,5,,8,6,,,6,7,8,7,9,14,15,,14,12,12,11,7,,13,4,4,4,10,4,8,8,7,4,4,9,5,6,10,7,6,6,8,12,7,19,27,21,,16,14,12,18,13,25,19,16,5,6,4,9,6,,3,9,8,8,12,4,9,4,5,1,6,3,1,7,,3,6,4,6,5,7,2,5,11,12,9,7,,,,8,7,,7,12,6,,,,4,,6,4,3,5,6,5,7,4,6,,,,7,7,,5,3,4,3,4,,7,5,3,11,5,7,3,3,,5,,6,7,,,5,,5,6,2,,5,4,5,6,10,5,7,,,5,8,10,5,4,6,6,,5,,,3,,8,8,,4,4,4,4,4,5,,6,4,5,5,5,7,5,5,4,5,5,3,5,5,8,9,3,5,2,,5,6,4,4,4,4,9,3,6,2,,6,2,4,,6,6,6,6,,5,5,6,7,5,,,5,4,5,6,5,4,8,8,6,5,5,6,9,7,7,8,7,5,6,6,8,5,,5,7,9,4,4,6,5,7,5,7,6,8,11,11,,9,10,9,9,10,7,8,7,4,6,10,7,8,6,,6,5,6,10,8,9,7,6,9,9,9,8,,9,17,15,6,6,5,5,6,9,7,8,,,13,10,8,11,12,13,13,15,14,14,8,11,5,5,8,6,3,8,5,9,4,3,4,3,4,10,,10,12,10,14,14,13,7,,,11,12,5,5,15,,9,10,7,6,,,14,11,7,8,9,9,6,,5,7,6,,9,16,10,10,13,14,3,4,4,4,4,5,10,6,5,9,7,8,5,8,,8,7,6,7,,8,4,8,8,,,,11,9,,,,12,14,5,4,3,6,4,,4,6,2,5,5,6,5,5,6,6,7,4,5,5,3,9,,18,9,14,15,10,14,8,8,8,,5,7,6,9,12,8,7,10,11,9,58,9,11,11,5,5,4,5,,3,,5,5,4,5,3,,4,7,,,10,5,5,7,,2,7,6,,29,13,20,,4,8,6,5,8,11,,,,7,,8,8,,6,6,6,9,5,5,3,3,3,4,,6,,,8,,11,12,11,6,8,8,11,9,,5,5,6,6,5,6,7,5,14,12,5,6,11,9,8,9,6,7,7,6,,7,7,7,,14,12,,7,10,12,11,8,,21,11,,,6,5,,7,,18,14,14,15,9,9,,10,9,,2,5,,3,,7,9,8,,11,9,15,28,10,,9,8,11,8,8,7,7,18,17,13,14,10,19,11,12,20,4,9,12,11,8,16,18,11,19,19,16,16,15,7,4,8,5,,4,7,8,8,7,6,3,5,7,11,6,5,3,4,,12,6,13,,8,7,5,5,6,,5,4,4,,4,,5,3,5,2,8,9,10,,,,7,,6,,8,5,6,,12,8,9,4,3,,4,,6,7,5,7,7,6,,12,8,13,6,6,9,,7,,,6,2,2,1,2,4,4,4,6,9,6,5,4,6,5,5,6,7,5,3,4,6,11,15,10,12,11,8,6,8,,29,8,19,10,10,14,12,16,,,,,7,8,,7,4,7,6,3,2,14,8,6,6,7,5,4,4,6,6,6,,5,16,7,,3,3,,12,5,4,5,4,4,5,4,3,9,12,8,6,,10,68,33,18,13,9,7,1,4,,5,3,3,4,2,19,10,5,5,,5,,8,6,6,,4,8,6,8,4,,,5,10,9,10,6,4,4,3,4,4,6,,8,6,5,8,9,9,5,5,6,,4,4,9,8,7,9,7,8,7,7,6,5,8,,5,5,,2,5,6,7,,,5,4,6,4,5,7,7,7,7,,,7,6,3,5,4,,4,8,10,11,10,11,7,,7,6,4,,,3,4,,12,9,12,,11,,8,12,,,6,5,,,11,10,18,,,2,4,6,8,7,8,6,16,11,11,20,12,13,14,12,13,3,5,5,7,8,8,7,8,,8,11,9,,20,15,14,12,4,4,10,8,7,8,10,10,,,8,13,15,11,10,16,12,10,7,10,6,6,14,11,14,18,12,,,22,3,9,4,10,12,,9,9,8,,6,8,9,,6,5,4,6,4,2,2,6,8,14,5,16,9,8,5,9,,4,3,3,6,6,6,,4,,6,,,,5,4,6,6,5,5,,8,,9,8,6,7,5,6,3,4,4,6,7,4,3,5,3,7,5,7,7,3,4,,3,4,7,7,19,7,12,18,18,16,13,11,16,21,15,,6,12,10,8,9,4,8,8,12,16,7,9,10,8,14,,,13,12,7,9,9,8,6,9,16,24,,20,10,7,,11,8,8,5,,3,5,8,,5,9,11,6,12,8,8,8,8,8,4,5,4,,6,6,5,12,11,,19,12,7,3,4,6,6,7,5,9,5,7,,4,5,4,,5,3,,7,7,8,7,,8,5,5,6,7,8,10,7,7,8,12,10,10,7,11,9,2,2,2,1,1,5,5,5,4,3,7,10,5,7,8,4,7,6,5,2,3,3,4,3,3,6,11,7,18,10,10,9,8,8,10,7,8,8,5,5,12,7,3,13,9,20,17,7,6,9,6,7,26,12,12,8,7,5,,7,5,10,11,9,5,10,7,9,5,15,7,9,9,11,,,7,11,8,,6,17,15,13,6,6,,6,,8,,,,,6,6,8,7,8,13,14,12,,8,7,15,13,13,12,3,3,5,4,5,,,,,4,5,9,10,6,10,4,,4,7,6,8,7,5,6,7,6,6,10,10,11,13,,10,9,14,4,9,11,5,8,5,,25,9,,12,8,,8,4,5,,4,,8,,11,8,5,6,5,6,6,14,11,8,5,8,20,11,,24,22,8,8,9,9,,4,7,5,7,4,4,,5,5,4,14,17,,6,6,6,,13,4,16,18,10,17,8,,6,10,,11,4,3,5,4,5,3,3,5,,5,2,9,4,5,6,4,6,4,,,7,4,5,4,,2,4,6,3,23,5,9,10,5,3,4,6,7,,14,15,10,5,8,8,3,,7,,8,6,16,8,15,18,33,12,8,9,11,8,5,4,,,4,6,6,4,,6,11,13,9,,6,5,,,9,11,3,7,10,6,9,9,8,6,4,13,14,12,6,,6,4,,8,11,4,10,2,14,5,5,6,5,10,4,2,3,11,15,7,14,4,3,3,8,3,8,5,5,4,3,5,13,7,7,17,6,7,9,7,8,5,7,6,12,16,14,7,7,9,6,,5,4,4,,13,3,4,,,8,6,9,5,6,8,9,4,8,8,11,16,7,10,4,6,8,3,,12,8,11,18,19,,32,3,5,4,2,5,4,2,5,6,2,14,12,13,14,19,,11,,3,2,4,5,6,7,9,7,7,12,11,9,6,5,5,9,9,7,11,,9,7,9,13,6,2,5,2,10,8,7,3,7,5,2,4,8,7,6,7,,5,2,6,7,14,20,15,20,10,9,9,10,14,9,8,10,8,7,6,10,8,6,4,6,8,4,6,8,4,5,2,3,8,8,5,10,17,5,7,6,6,9,5,6,7,8,7,5,5,18,7,5,6,8,6,16,2,,6,3,2,14,22,2,6,2,6,6,2,7,6,5,6,4,10,5,3,2,4,8,4,6,,8,8,6,8,5,7,8,11,7,7,6,7,6,8,10,15,3,2,5,8,5,6,6,4,4,6,5,6,7,7,,4,6,9,11,6,10,10,7,18,8,13,7,9,8,14,8,8,6,5,2,9,,7,,7,5,5,5,5,7,6,10,15,5,12,,8,15,,9,7,7,4,6,11,6,12,6,9,10,11,10,6,2,5,9,7,,6,,6,6,,6,9,7,13,3,6,7,4,,7,20,9,9,,,6,10,3,9,3,4,3,2,6,8,6,6,,7,5,8,3,6,6,8,6,7,6,5,,14,5,2,7,22,13,5,5,9,7,8,4,6,,6,10,3,6,6,13,3,17,6,9,9,,10,10,10,11,13,,19,5,3,2,19,8,8,5,6,10,5,8,6,8,12,6,5,6,5,8,4,8,8,,5,6,11,3,5,3,7,3,2,3,2,2,3,14,5,7,5,11,20,21,7,6,4,6,3,2,3,3,7,6,8,4,7,6,9,10,8,8,13,9,8,6,9,8
20210423,15,NO2,8,5,8,8,17,9,14,8,7,10,11,10,,,19,,19,19,16,,17,,33,15,,14,15,,10,8,9,,8,9,,,16,20,,26,23,15,22,17,,23,,9,6,12,11,12,12,,12,14,21,,21,18,23,21,10,16,8,9,13,12,,12,12,10,12,8,16,,6,5,9,14,12,,18,9,13,8,11,14,,8,8,,,8,8,9,8,7,8,16,,13,46,24,23,31,,19,26,26,10,18,11,16,12,9,15,9,39,42,38,41,42,13,7,26,26,49,10,13,,,14,31,23,19,17,12,11,24,40,47,35,47,23,,40,27,26,27,28,26,8,18,14,19,16,10,8,26,,39,36,31,37,40,24,17,17,10,15,17,19,,,,20,14,,12,15,12,,,,22,,17,39,30,18,31,25,26,26,27,,,,26,20,,20,19,8,10,6,,,15,21,15,12,14,12,17,,16,,13,11,,,28,,27,18,36,,30,30,35,19,44,47,46,,,48,40,39,16,21,49,17,,29,,,31,,29,31,,21,31,28,14,17,13,,18,22,8,12,12,12,18,9,17,20,17,8,12,12,15,13,19,13,4,,10,6,6,6,14,14,26,12,31,8,,12,7,8,,6,22,17,19,,27,19,24,13,20,,,25,29,22,33,28,26,16,11,9,13,,,11,19,13,15,24,16,20,,25,14,,11,25,21,18,25,19,16,20,24,16,23,12,24,19,,21,26,19,22,26,31,22,28,24,31,48,31,40,21,,27,26,31,12,12,9,9,8,19,17,17,17,,9,17,11,17,21,14,13,8,8,12,13,,,27,23,27,14,21,20,19,18,,13,13,6,12,12,14,7,8,18,16,15,9,12,21,4,8,17,,38,36,49,82,47,52,28,,,43,58,45,40,48,,18,15,24,19,,,23,17,10,28,7,8,6,,17,16,6,,8,6,12,18,18,12,5,7,7,5,8,6,26,35,23,35,47,,31,,,29,20,26,31,,28,8,42,34,,,,17,20,,,,18,14,12,,4,7,6,,5,14,27,18,21,19,15,15,8,18,16,4,8,29,6,11,,9,10,11,15,15,11,14,10,11,,16,31,15,12,8,14,15,22,28,23,21,20,16,13,10,6,5,9,,11,,16,17,19,15,21,,15,20,,,11,12,16,22,,21,25,21,,16,13,9,,8,34,32,31,29,26,,,,24,,21,12,,21,17,18,19,20,17,14,41,16,25,,16,,,10,,8,3,11,12,7,6,8,6,,5,4,2,2,6,4,4,9,8,4,7,,10,7,,7,9,10,8,4,,4,20,26,,8,7,,9,6,5,5,5,,10,10,,,13,11,,5,,10,8,9,17,10,6,,7,5,,10,9,,7,,14,15,15,,16,16,20,42,20,,28,22,26,27,31,23,5,14,25,14,18,9,23,14,13,14,22,21,8,23,14,20,17,15,32,34,35,18,36,28,13,14,14,,10,29,32,26,15,18,11,16,11,14,10,23,15,28,,23,12,18,,8,10,6,,8,,12,15,4,,42,,25,24,41,41,12,13,14,,,,8,,8,,14,15,16,,27,22,17,14,18,,18,,33,33,22,16,11,6,,12,15,11,14,10,13,,8,,,8,13,14,13,9,10,12,8,,4,5,7,6,5,10,5,8,12,8,2,3,3,13,8,5,19,23,17,20,10,,22,,18,8,23,29,16,30,,,,,16,14,,10,20,18,,16,16,18,9,6,9,9,11,9,6,24,26,20,,9,13,27,,12,9,,10,12,15,32,31,33,,24,34,12,14,14,22,,14,10,11,4,15,3,,5,8,,14,6,9,10,4,8,13,23,23,,26,,23,22,22,,18,14,11,12,11,,,17,25,11,13,21,22,15,17,12,,40,,31,25,21,35,27,28,23,27,32,,14,19,36,29,20,43,24,32,9,12,13,11,15,,40,19,,16,22,12,22,,,11,16,15,11,13,11,8,14,6,,,32,19,19,20,20,,19,11,9,10,13,12,7,,9,11,11,,,22,10,,,16,,,10,,13,11,,,23,11,,,8,12,3,,,13,12,4,5,5,5,5,18,15,9,18,8,21,37,34,21,8,24,15,14,15,9,18,17,,15,15,28,,26,22,4,7,8,,6,26,17,16,14,20,,,20,8,13,15,6,11,16,10,8,,11,9,15,8,21,22,12,,,8,7,5,12,7,11,,,13,36,,17,28,12,,18,17,13,12,10,7,7,5,13,11,16,29,17,10,6,8,,3,8,5,17,7,14,,8,,12,,,,4,13,15,10,8,,,8,,11,14,15,10,8,9,7,7,4,6,13,4,1,5,3,5,7,6,4,5,10,,7,7,6,,18,14,5,2,13,8,8,7,5,10,13,,7,5,9,9,4,2,,6,5,8,7,6,5,5,8,,,9,10,5,6,7,7,4,6,3,3,,,23,27,,29,20,25,11,,12,10,12,,12,8,12,8,6,17,14,14,15,12,9,11,5,,9,12,10,32,41,,,31,10,16,16,17,22,21,16,26,17,22,,22,29,22,,8,10,,6,4,4,6,,22,,18,19,35,9,13,11,5,8,6,8,11,11,7,18,4,9,8,7,7,11,13,7,6,6,12,,10,,13,,,10,3,3,5,9,11,8,10,4,9,5,7,22,10,5,8,6,6,7,6,9,12,6,10,7,,4,5,6,9,13,7,7,6,10,5,4,6,8,23,11,,24,10,9,6,23,21,17,15,15,5,9,10,9,12,12,,,16,18,26,,45,41,48,44,43,51,,9,,12,,,,,6,15,10,13,11,5,7,31,,2,4,4,5,5,11,9,13,11,12,11,,,,,8,14,9,9,10,13,9,,2,5,5,5,5,5,8,8,13,10,8,16,5,6,,5,6,9,10,13,16,6,6,20,,9,15,,6,1,,6,27,5,,4,,3,,7,5,,4,5,10,11,19,18,16,9,9,14,16,,17,11,10,16,14,11,,9,10,18,22,8,6,,11,12,8,11,20,,29,31,9,,15,3,11,11,2,18,12,,13,,,14,25,13,14,10,16,7,5,5,,7,5,9,8,13,1,4,2,3,,,9,7,8,6,,8,14,18,4,10,5,10,24,12,16,16,6,10,,11,28,7,12,40,30,18,,8,,26,17,20,4,10,9,10,24,,21,11,44,32,4,,,7,,39,16,,17,20,12,8,,11,14,,,35,,24,16,15,16,30,25,27,26,24,52,29,39,,,22,9,,24,6,10,9,,8,12,13,5,14,11,4,4,16,15,18,23,,18,10,11,9,23,11,5,6,4,5,7,12,19,20,67,16,14,9,20,5,8,10,9,12,27,10,15,16,24,15,,6,4,21,,5,16,26,,,27,11,15,4,16,3,6,19,18,7,19,5,10,14,7,6,16,,,14,35,17,10,12,,9,54,16,29,,38,24,27,36,24,9,10,8,10,7,16,,16,,20,2,18,11,17,15,28,26,18,23,26,17,26,21,17,9,12,8,20,,7,22,23,6,10,14,13,19,12,14,20,6,18,6,12,16,28,17,15,12,,22,28,9,7,23,10,23,17,18,13,15,12,30,15,6,24,30,21,10,29,8,8,18,23,4,15,29,25,14,14,14,15,11,9,7,6,26,16,9,,16,5,5,5,8,8,8,,8,10,33,,34,38,27,10,15,,21,5,6,12,7,23,26,20,32,10,9,33,19,27,23,17,24,,14,10,9,11,10,3,,20,4,15,20,13,7,7,3,14,9,2,10,18,22,16,5,13,9,,16,7,16,17,10,9,10,13,14,11,20,,23,13,6,,12,5,23,7,18,9,15,16,10,10,17,2,9,15,16,14,14,,,,,22,14,,10,17,15,9,9,14,16,,15,6,,18,2,2,12,10,13,11,11,6,9,6,4,8,4,10,4,5,5,,44,,22,18,,34,8,4,10,15,20,36,15,,18,6,10,2,,,10,11,8,6,32,22,18,31,18,6,12,20,,18,10,10,9,10,8,11,7,12,9,21,,17,9,18,36,21,25,45,14,20,21,18,26,5,,2,8,14,17,19,14,20,16,4,29,12,,23,29,4,11,21,,12,10,44,29,17,11,9,42,26,19,24,16,11,14,15,17,16,23,20,3,45,36,19,,7,5,35,2,,9,16,16,9,10,15,6,9,12,14,10,18,13,19,14,27,10,7,17,9,8,10,8,16,9,9,5,15,19,26,16,27,38,22,12,3,1,16,16
20210423,15,NO2_24h,24,15,29,23,37,26,36,23,15,26,37,32,,,22,,22,20,21,,22,,29,25,,21,18,,24,21,26,20,19,24,,,20,26,,27,25,14,15,22,,19,,26,17,21,28,30,31,,26,31,28,,26,27,30,30,16,22,14,14,27,31,,31,24,18,24,23,26,,20,22,29,27,58,,18,36,35,49,45,37,,20,24,,,24,19,17,14,16,22,26,,21,34,24,29,31,,27,26,27,10,15,12,17,13,9,17,11,51,45,49,44,44,19,20,44,38,47,28,36,31,,30,32,35,34,42,29,23,43,46,57,54,58,44,,50,33,38,39,36,34,17,36,28,26,17,28,30,37,,57,56,51,45,56,48,38,51,37,39,41,22,,,,25,19,,17,30,24,,,,31,,29,54,44,26,51,47,34,59,44,,,,45,41,,13,31,26,26,24,,30,18,28,27,20,29,20,28,,22,,17,17,,,34,,66,27,52,,50,64,54,22,55,46,56,,,33,46,41,34,29,45,26,,42,,,59,,50,46,,20,18,21,18,15,18,,34,38,28,39,32,18,23,24,20,23,21,13,17,19,25,22,28,18,11,,26,21,22,24,16,17,21,20,39,12,,20,17,7,,14,23,19,17,,23,17,21,15,12,,,21,21,13,19,18,17,43,40,34,40,43,40,39,46,23,24,28,25,37,36,31,35,,16,19,31,21,26,18,17,23,22,18,26,11,50,43,,56,60,39,70,50,63,54,33,22,34,47,38,32,61,,24,31,53,34,27,30,12,16,38,36,32,29,,13,53,40,20,19,18,15,16,23,16,20,,,50,41,41,38,36,48,45,47,40,38,20,25,13,13,16,10,12,22,29,25,11,12,23,9,9,13,,45,39,47,52,55,49,32,,,42,57,56,45,54,,35,35,46,37,,,44,9,11,34,7,11,10,,24,22,7,,17,15,39,29,30,35,7,5,9,7,14,4,41,52,44,53,51,52,48,52,,30,39,51,39,,44,13,36,39,,,,20,12,,,,20,19,22,24,10,16,15,,11,17,30,21,19,21,27,27,22,28,27,4,17,31,7,30,,28,35,25,30,21,25,22,22,18,,34,44,32,16,12,12,21,25,28,22,33,31,31,32,20,14,17,14,,11,,26,29,32,26,25,,17,20,,,14,15,21,22,,18,23,21,,23,18,16,,9,21,16,17,14,15,,,,28,,25,12,,29,27,24,34,23,18,14,16,18,26,,15,,,26,,24,19,34,15,13,12,16,13,,13,12,16,12,14,8,12,15,15,13,23,26,31,11,10,11,29,26,20,7,,11,35,36,,16,16,,14,15,16,18,14,,30,19,,,32,25,,24,,25,22,27,33,22,15,,18,17,,26,29,,20,,29,30,29,,28,25,22,23,17,,24,17,34,21,24,13,7,25,30,24,26,18,41,13,14,22,20,21,11,27,21,23,33,24,27,32,26,27,28,18,12,14,12,,7,24,24,23,25,19,14,17,13,15,12,25,23,31,,29,27,30,,16,21,22,32,18,,30,28,4,,34,,31,34,24,32,25,20,28,,,,30,,26,,15,23,11,,38,37,25,14,18,,17,,34,28,24,27,27,26,,30,33,30,18,21,16,,20,,,8,13,15,14,8,11,24,11,22,9,10,8,9,19,25,22,28,33,28,4,6,18,37,36,36,24,39,33,32,22,,33,12,37,19,20,40,30,32,,,,,31,39,,35,16,24,21,19,18,17,12,6,14,9,14,17,12,35,36,34,,13,18,37,,36,35,,49,9,22,32,31,28,28,26,29,31,37,37,38,,13,14,18,15,18,12,22,5,8,,16,6,6,11,6,14,18,19,19,,15,,15,21,21,,18,7,7,16,11,,,11,16,15,16,17,18,14,14,11,10,46,,51,48,38,48,36,44,45,51,49,,25,34,51,50,50,41,40,34,29,26,24,22,24,,40,33,,34,38,13,34,,,24,19,18,15,22,20,13,19,15,,,28,15,16,16,17,,15,41,38,36,40,44,19,,24,27,9,,,13,13,,28,34,52,,42,,11,18,,,17,13,,,9,13,8,,,11,12,12,16,7,7,8,29,18,10,20,20,19,28,29,23,24,25,25,21,17,11,16,17,,19,24,27,,26,31,23,28,14,12,8,24,10,9,10,32,,,23,31,34,52,30,30,26,28,17,26,20,10,61,44,51,52,26,,,44,9,12,9,19,23,,10,18,34,,24,36,19,,17,13,16,15,24,8,12,11,30,22,26,35,32,17,8,11,,4,11,10,19,15,18,,16,,21,,,,9,18,19,17,16,14,,16,,20,18,27,24,15,24,11,13,26,25,27,11,2,12,11,12,21,26,30,25,12,,14,7,13,15,19,16,6,17,22,23,17,12,16,22,27,,12,9,13,13,12,5,15,12,12,12,10,10,9,8,14,,,15,15,6,8,10,10,6,19,17,24,,25,39,35,,31,24,27,24,,24,25,25,,28,19,21,17,16,16,15,16,15,14,27,23,23,,15,15,14,36,28,,39,31,7,14,13,16,18,24,20,20,28,27,,33,30,29,,11,17,,14,7,14,15,,17,15,21,13,24,14,11,17,6,12,12,9,12,13,10,15,5,16,19,14,21,13,16,11,10,11,10,8,12,8,15,4,3,12,7,5,5,10,11,12,12,3,9,9,31,34,31,31,25,10,19,17,16,23,23,20,26,27,11,10,12,10,14,22,23,12,14,24,18,15,10,15,26,34,,31,21,18,10,21,24,24,18,25,19,25,27,22,27,36,,,11,18,16,,30,41,38,39,52,49,,36,,24,,,,,11,23,26,29,24,13,10,35,,31,6,9,8,10,13,7,10,7,7,9,,,,,5,8,17,20,10,13,25,,2,9,10,17,17,5,8,9,23,36,12,16,21,21,,6,9,10,10,34,39,13,10,35,,12,17,,11,6,,6,23,5,,6,,6,,7,6,6,8,8,20,36,46,36,27,6,8,11,17,,22,21,8,22,15,18,,13,14,28,34,8,7,,14,12,11,15,19,,28,37,21,,14,10,17,18,10,14,16,,15,18,,16,19,14,15,13,16,10,7,4,,10,4,9,14,20,5,8,5,4,,,17,12,13,7,,10,14,19,6,23,23,18,54,23,20,18,23,22,,51,32,20,34,51,53,41,,14,,29,18,39,11,41,32,17,16,15,26,21,28,42,5,,,26,24,50,18,,20,19,17,16,,17,34,,,44,41,44,20,21,19,39,35,27,45,26,59,27,32,23,,24,19,,49,13,19,19,4,19,12,14,8,15,14,13,9,18,18,37,19,14,11,12,9,28,24,14,5,7,5,5,9,29,27,12,70,29,30,35,23,19,20,20,31,35,36,15,37,27,41,20,,24,6,28,,9,30,28,,,37,17,22,21,21,4,22,29,25,13,32,22,17,30,11,26,24,19,,25,39,25,17,26,,16,55,29,53,24,36,42,44,47,32,25,24,30,13,14,18,,24,,21,23,27,25,31,38,61,57,55,45,49,40,24,46,40,16,23,25,53,,13,26,49,19,20,24,23,24,20,30,14,14,17,14,15,15,29,20,29,27,,34,32,20,14,26,45,29,27,20,15,29,14,24,42,11,45,24,44,30,36,20,23,15,25,15,15,22,27,26,24,20,20,27,31,11,21,56,20,18,22,22,12,8,6,14,31,16,17,26,17,52,35,57,44,44,26,14,,24,16,13,30,13,33,28,22,45,18,23,33,36,39,47,38,26,31,26,9,18,18,20,6,,36,14,16,47,37,10,23,10,12,26,6,17,36,46,17,20,21,15,24,17,19,23,35,18,12,13,25,42,32,29,,27,14,19,23,19,9,29,14,31,29,25,27,36,24,43,29,24,17,18,24,19,,15,,20,21,8,19,16,26,21,15,13,24,19,,15,9,,29,16,14,18,24,24,15,14,13,18,17,9,12,5,15,4,9,10,,38,,18,15,,19,18,12,24,26,27,40,27,,30,20,15,18,,,34,32,24,24,38,17,25,41,27,25,30,33,,41,42,33,33,27,22,30,30,28,19,31,,24,21,20,37,31,26,28,31,30,37,38,26,5,,5,14,31,31,44,35,13,16,18,39,15,,42,48,27,21,42,,30,20,33,32,45,21,38,25,19,16,25,17,27,14,18,46,38,26,18,14,60,61,35,,9,7,44,2,10,32,24,10,24,23,30,14,30,31,23,14,19,34,45,22,33,16,15,20,24,14,30,24,24,27,12,17,29,14,34,13,33,47,28,28,5,4,27,14
20210423,15,O3,104,127,105,92,100,101,111,103,114,129,102,107,,,90,,98,98,102,,100,,80,105,,104,85,,144,135,135,138,139,146,,,111,107,,113,99,103,93,113,,100,,136,135,135,125,112,131,,122,117,147,,142,149,143,93,105,106,113,110,113,110,,,108,104,105,99,92,,137,135,133,134,142,,130,138,142,147,144,138,,138,139,,,130,137,126,136,98,101,72,,82,57,77,74,73,,85,112,110,139,116,131,124,125,120,123,125,72,63,78,66,73,99,115,86,80,52,126,119,119,,125,125,127,116,112,132,138,118,85,84,84,90,101,,93,82,88,78,134,138,145,134,127,124,165,142,148,91,,81,63,78,83,79,96,66,61,64,70,62,61,,,,106,115,,,118,104,,,,121,,123,100,105,124,117,123,117,119,129,,,,138,125,,109,105,117,98,100,,96,121,122,122,99,125,89,,,92,,125,120,,,91,,108,93,87,,92,120,95,86,38,83,49,,,84,75,84,114,98,94,99,,111,,,111,,100,90,,95,131,141,57,73,69,,134,134,124,124,130,120,118,117,119,116,128,134,126,135,134,123,137,124,110,,95,103,103,111,164,121,99,117,104,114,,117,113,109,,132,64,82,79,,76,81,77,79,70,,,52,47,58,42,55,42,118,120,118,121,111,116,122,115,118,112,100,100,123,92,98,104,,106,110,142,143,140,151,142,126,140,141,142,113,226,238,,235,241,250,245,240,226,212,,142,168,110,139,165,141,,132,128,135,220,118,138,160,145,215,211,238,,,140,174,189,204,193,199,185,181,149,138,158,,,264,284,264,218,195,244,195,146,112,127,149,146,102,105,112,103,97,97,80,87,82,61,109,100,82,72,,40,56,40,46,70,80,68,,,61,53,56,55,90,,192,182,184,158,,,178,130,121,106,121,129,120,,116,122,122,,156,149,148,145,137,137,127,131,122,124,127,133,55,38,57,44,24,42,50,52,,49,56,51,33,,83,102,63,73,,,,123,110,,,,111,104,88,74,93,87,86,,94,127,,137,142,128,136,136,115,130,140,124,96,130,93,145,,145,142,150,148,146,140,147,154,135,,98,97,105,105,100,93,98,91,83,77,100,94,98,105,132,117,127,126,,64,,96,100,94,94,134,,88,69,,,110,98,94,58,,62,66,63,,114,122,114,,98,101,98,,107,99,,,,64,,64,60,,57,75,72,68,83,85,87,93,127,123,,74,,,177,,166,135,196,103,105,101,107,83,,78,68,73,67,83,68,53,125,123,98,101,121,121,156,140,155,137,140,137,106,,102,269,278,,132,135,,120,127,130,105,106,,100,146,,,100,100,,137,,139,134,147,130,123,119,,124,130,,122,119,,121,,141,139,138,,141,143,109,86,110,,66,67,75,76,72,70,53,87,78,91,78,96,84,92,79,90,79,91,87,87,94,83,90,90,71,67,73,75,68,88,81,78,80,,79,158,144,151,136,164,121,144,158,130,145,87,94,86,,94,116,112,,123,119,119,,113,,121,19,95,,73,,97,95,71,65,126,132,130,,,,114,,112,,94,98,84,,109,109,107,110,111,,107,,48,48,63,72,108,114,,131,125,140,125,163,138,,103,,,112,65,57,70,,88,121,136,109,90,99,89,91,114,108,95,101,112,104,54,54,83,82,91,64,170,164,151,169,162,,122,140,131,138,101,104,117,101,,,,,114,120,,125,24,54,,47,48,33,97,100,94,105,82,155,160,67,62,70,,101,92,80,,124,123,,126,66,72,44,49,46,39,50,38,90,95,96,82,,89,86,79,133,130,138,,86,99,,78,85,95,90,105,67,64,68,68,,42,,70,74,74,,66,79,80,74,69,,,54,53,66,70,113,104,121,120,121,114,78,,83,126,120,75,81,91,58,47,113,,134,110,97,102,110,105,122,100,120,106,104,99,94,,53,62,,133,113,73,88,,,114,109,97,106,102,,128,122,126,,,149,105,108,99,97,,100,163,153,,162,161,142,,137,141,118,,,103,107,,137,132,131,,133,,124,136,,,95,82,,,149,160,138,,,91,94,100,102,131,126,136,106,91,104,102,105,86,62,71,67,97,66,80,95,91,86,85,84,,84,86,,,97,111,125,114,91,110,95,92,118,123,125,116,,,109,124,112,115,,120,110,119,115,84,80,79,,104,95,92,102,,,107,69,69,61,105,107,,84,118,,,128,135,134,,137,132,138,135,136,103,118,102,95,103,100,76,79,89,115,103,,107,113,106,72,144,136,,133,,131,,,,136,134,141,127,122,,,99,,103,117,102,114,121,111,109,114,117,121,119,123,88,121,112,115,116,118,121,121,108,,110,88,73,83,73,78,118,140,127,125,115,139,124,133,138,,99,112,112,111,101,108,105,113,110,112,132,,129,129,138,,,143,140,110,112,108,107,112,113,119,131,,126,,121,,92,100,96,116,,119,113,124,,136,124,121,114,122,102,106,105,100,106,104,108,107,,115,120,119,85,58,,86,71,77,76,78,80,61,73,79,64,104,92,,63,67,68,,92,94,,113,105,114,115,,80,98,92,32,23,116,113,114,,120,118,93,112,101,101,99,103,86,96,90,91,103,112,106,104,100,100,,93,99,93,88,93,82,92,98,70,61,81,75,91,50,86,88,132,113,124,130,54,68,60,82,105,79,123,119,125,119,107,102,95,114,113,114,113,90,97,94,107,106,110,113,19,46,,38,96,104,107,85,122,126,126,133,142,156,148,141,162,152,,,39,40,41,,41,26,26,44,5,22,,133,,100,,,,,122,133,129,125,136,126,126,128,,104,126,151,132,142,149,139,118,121,98,153,,,,,61,45,159,164,150,142,109,,105,136,136,146,144,122,117,120,156,164,125,127,138,136,,151,149,145,132,170,198,112,125,152,,129,129,,114,134,,130,137,121,,129,,112,,,112,69,66,66,60,129,125,125,127,80,85,81,106,,71,83,61,75,77,96,,,78,69,66,91,91,,82,70,80,81,80,,70,93,116,,119,116,108,133,104,92,118,,120,,,92,59,76,69,91,101,83,85,82,,97,79,73,111,106,99,94,94,84,,,99,95,89,77,,61,82,74,91,126,128,124,224,113,110,102,139,141,,129,72,134,119,79,107,137,,127,,63,71,171,104,142,146,86,54,130,,97,34,127,56,,,113,116,104,98,,107,103,123,117,,122,100,,,67,124,112,90,112,112,62,70,56,128,62,50,75,92,123,,99,111,,245,137,159,152,84,,89,82,152,,130,123,93,101,104,112,122,91,48,84,53,111,95,100,132,141,140,128,125,106,155,112,45,130,165,157,101,109,113,,112,144,87,144,95,110,69,102,,104,106,61,,114,38,25,,,83,126,94,118,106,108,109,110,69,101,117,112,127,139,120,112,158,95,,91,75,71,110,112,,84,72,81,114,104,68,113,112,88,83,132,129,150,131,135,115,,108,,93,95,92,119,94,210,304,205,216,190,223,231,157,194,150,,144,110,196,,112,,254,133,133,102,102,102,102,99,124,,129,130,95,94,99,95,134,125,,106,87,63,79,65,109,27,51,42,66,119,79,101,83,74,36,39,171,147,192,149,165,64,63,121,96,113,58,97,102,98,96,92,150,151,150,97,109,117,58,79,106,122,90,109,111,116,,123,113,87,102,114,109,95,133,115,,65,104,114,143,140,129,129,126,62,136,120,107,122,114,94,80,68,102,100,90,92,83,88,88,,247,107,123,257,164,108,140,62,151,146,100,176,239,157,99,,94,109,,102,130,134,96,101,135,132,110,122,110,124,,92,89,124,124,92,138,7,67,99,64,86,166,133,170,121,92,97,88,87,105,103,,,,64,64,126,,101,72,70,99,101,124,122,,81,136,,,86,127,125,133,170,120,109,97,111,108,108,161,103,77,52,81,85,,64,,65,,,12,147,138,151,100,88,102,104,,97,140,132,113,,,126,155,117,148,150,94,106,101,113,132,135,122,,108,102,109,104,114,106,93,116,123,111,109,,129,135,115,39,88,52,65,80,60,69,84,91,87,,,100,41,39,,120,105,126,155,137,114,,227,321,98,118,118,,110,125,62,85,119,143,120,40,43,60,59,89,98,116,97,99,121,62,104,117,84,118,122,,77,88,79,100,102,127,124,107,114,119,92,124,101,138,159,67,86,140,114,122,85,118,109,105,125,118,103,111,136,140,124,137,131,95,108,95,105,84,82,127,115,117,160,80
20210423,15,O3_24h,105,127,107,101,103,101,113,106,114,129,103,110,,,90,,99,100,102,,100,,90,105,,104,85,,150,142,142,140,144,150,,,111,107,,113,99,114,106,114,,111,,142,143,140,125,114,131,,122,117,155,,153,157,154,101,110,111,113,111,118,115,,114,108,104,105,125,112,,140,135,138,135,142,,130,138,142,147,146,139,,140,142,,,132,140,128,139,124,117,109,,124,126,122,109,107,,120,118,122,139,121,137,125,126,131,131,142,74,83,83,102,97,110,115,103,90,82,194,192,214,,217,195,210,209,141,200,231,182,93,88,90,90,101,,100,89,90,78,134,138,145,134,127,124,165,142,148,91,,81,63,78,83,91,96,80,70,70,76,62,61,,,,106,115,,111,118,104,,,,121,,123,100,105,124,117,123,117,125,129,,,,138,128,,109,109,117,100,100,,98,121,126,123,108,125,89,93,,92,,128,123,,,91,,113,93,87,,92,120,95,86,55,83,67,,,84,75,84,114,100,94,99,,111,,,111,,100,99,,104,148,151,69,78,72,,134,134,124,124,130,120,118,117,119,116,128,134,126,135,135,123,137,124,125,,107,128,130,119,214,141,106,117,104,114,,117,113,109,,132,95,97,91,,91,100,96,108,122,,,104,97,114,115,96,94,132,136,133,139,122,133,140,133,137,127,112,113,123,118,110,104,,117,131,142,143,140,151,142,126,140,141,142,113,226,238,,235,241,254,245,240,226,212,233,154,187,136,168,165,261,,156,135,135,237,123,141,160,145,215,226,238,170,,148,174,189,204,193,199,202,198,159,138,176,,,264,288,267,242,213,265,235,206,112,129,149,146,113,105,113,113,111,109,99,108,88,83,109,121,99,114,,101,90,118,134,116,150,106,,,106,126,105,112,134,,192,182,184,158,,,178,138,121,106,124,129,120,,119,125,122,,166,149,151,145,142,138,127,131,123,124,128,135,103,92,100,84,94,82,108,81,,100,87,67,103,,125,102,79,84,,,,136,135,,,,146,136,88,74,93,87,86,,94,127,101,137,142,128,136,136,115,130,140,124,96,130,93,157,,152,153,158,154,150,146,147,154,148,,107,98,116,131,137,130,128,128,121,128,105,94,98,106,158,140,135,148,,87,,96,100,94,94,134,,101,107,,,112,100,94,78,,90,85,70,,114,126,114,,100,110,117,112,126,114,,,,64,,69,104,,95,110,102,100,86,86,87,125,127,123,,81,,,177,,178,150,196,140,142,152,148,130,,88,77,81,80,94,84,77,145,143,116,147,149,147,156,147,162,140,140,171,115,,116,269,278,,185,190,,189,183,181,171,106,,104,154,,,118,119,,137,,141,135,147,130,180,179,,193,190,,171,152,,167,,143,139,139,,141,143,109,107,110,,129,94,117,112,113,122,126,107,104,106,115,111,115,138,122,121,128,133,135,109,103,115,117,104,135,137,139,128,138,142,137,127,136,,134,159,147,164,148,164,127,144,158,134,146,97,94,98,,94,116,112,,123,119,119,106,113,,121,72,107,,146,,151,144,155,139,143,150,151,,,,123,,122,,129,131,119,,116,115,132,134,138,,136,,92,91,84,94,117,132,,131,125,140,125,163,138,,104,,,113,65,57,70,111,94,121,136,109,90,99,89,91,114,108,95,101,112,104,60,62,194,98,100,92,170,164,151,169,162,,141,147,141,145,132,129,120,132,,,,,117,121,,125,87,116,91,102,100,85,97,103,94,105,82,172,180,96,99,99,,117,106,109,,124,123,,126,94,83,90,89,132,77,84,78,120,130,132,123,,137,141,131,147,152,154,132,88,99,,87,94,102,91,105,68,65,94,94,,92,,101,109,109,,103,116,102,89,91,,,95,102,89,80,123,109,124,125,137,131,87,,87,145,139,77,87,91,82,70,120,,134,110,108,106,115,106,122,119,120,106,104,99,94,,62,62,,133,113,73,88,,,114,133,135,134,132,125,128,122,130,,,154,140,134,133,134,,127,163,153,144,162,161,142,,137,141,135,,,129,146,,144,141,136,,133,,140,186,,,130,86,,,149,160,140,,,124,130,125,133,133,127,137,148,120,133,124,124,131,122,121,103,125,116,109,125,110,120,105,108,,104,107,112,,124,120,145,134,94,123,126,118,133,131,134,188,,,111,214,215,212,200,224,205,201,211,167,181,172,199,236,225,199,234,,,244,127,144,131,172,171,,122,120,135,,131,135,135,,137,132,138,135,141,103,118,102,95,103,100,76,80,89,115,103,,107,113,106,79,144,136,,133,,131,,,,139,134,141,133,129,131,,99,,103,117,102,134,137,119,131,128,117,124,124,123,105,121,112,115,126,124,125,127,112,,113,104,92,100,93,96,118,140,127,125,115,139,124,133,138,,109,118,122,122,112,109,113,124,123,126,132,119,129,129,138,,,143,140,110,125,120,118,127,113,119,131,,152,147,138,,148,133,148,131,,140,134,124,,136,126,124,117,126,114,113,108,118,120,105,114,115,,116,120,119,85,83,,99,89,92,84,104,96,102,144,121,85,104,92,,117,111,121,,137,137,,113,105,114,115,,115,118,113,110,94,116,113,114,95,120,118,93,113,104,101,103,119,97,113,105,104,103,112,106,104,101,111,84,95,99,93,88,93,82,92,98,87,67,85,83,94,66,86,88,132,118,126,130,64,84,65,105,117,79,123,119,125,119,113,109,100,129,125,120,117,94,97,99,107,106,113,113,68,74,,72,126,120,129,125,129,131,132,134,148,158,151,145,162,152,,,127,130,122,,122,104,74,104,94,82,,133,,103,,,,,122,133,129,125,136,126,126,128,,106,132,153,136,146,152,145,118,131,111,157,,,,,66,64,159,164,150,144,110,,105,153,153,147,144,140,135,138,156,164,135,155,143,139,,151,149,145,134,190,198,132,148,180,,144,148,,129,136,,130,137,128,,129,,114,,118,112,107,95,99,90,129,125,125,128,88,92,87,106,,74,83,114,109,109,137,,131,121,78,80,129,127,,112,96,81,84,112,,100,93,144,,140,120,111,133,106,107,146,,144,153,,163,89,104,93,91,101,98,100,92,,97,90,88,111,107,118,103,109,108,,,99,95,89,77,,66,85,85,91,133,163,173,224,113,110,103,144,141,,134,126,134,119,79,119,137,,127,,64,107,171,104,150,149,129,92,130,122,123,120,127,93,,,118,175,104,98,,110,139,154,117,,129,105,,,70,127,116,95,112,112,62,70,67,135,110,130,131,153,162,,99,119,,249,190,163,167,94,131,126,89,152,136,130,123,99,106,152,114,132,96,80,87,76,111,110,113,134,141,140,128,125,123,162,116,111,130,165,157,110,109,113,151,120,149,99,144,105,110,97,138,,110,106,63,,127,91,94,,,90,132,125,118,122,109,124,110,111,146,121,112,127,141,125,120,171,95,,111,90,93,110,112,,130,90,107,114,104,77,113,112,88,83,132,133,158,143,135,115,,108,,93,95,96,121,98,210,304,205,218,208,223,231,185,205,174,114,147,110,248,,120,181,266,218,140,102,105,102,102,99,124,102,129,135,102,94,137,136,134,125,,136,140,172,188,172,256,100,66,114,95,130,138,101,119,96,64,92,171,164,192,170,166,118,72,121,98,130,64,97,102,102,101,108,158,168,168,98,118,146,144,124,110,122,90,115,111,116,104,123,136,87,102,114,109,95,137,115,,70,106,114,156,140,129,129,129,80,136,120,107,122,115,102,81,68,107,105,93,92,83,88,88,,247,144,161,257,202,134,140,88,151,153,111,190,239,157,99,141,127,109,108,102,130,135,96,103,135,132,110,140,119,145,,145,126,129,125,170,141,27,98,110,64,106,166,141,170,121,107,103,91,95,105,103,,104,,103,88,132,74,107,101,104,99,105,124,147,,104,143,,101,95,179,164,143,178,120,112,97,111,108,108,161,103,95,58,88,85,,85,,125,116,,105,148,139,151,100,88,102,104,,104,140,132,126,,,129,155,122,148,150,96,107,113,113,133,142,122,,117,106,114,109,118,116,103,119,154,111,151,,157,135,133,55,122,129,102,106,94,86,103,136,90,,108,110,96,67,142,131,129,141,161,147,174,,250,321,100,130,130,,110,125,143,138,261,155,124,112,79,74,74,99,114,140,166,122,121,106,110,117,84,118,122,,120,135,79,119,140,165,144,137,114,122,102,124,108,138,190,109,98,152,310,122,118,121,109,105,125,118,104,111,139,146,131,138,157,122,171,122,148,84,104,134,134,127,160,96
20210423,15,O3_8h,83,91,86,80,82,78,81,90,91,90,79,82,,,78,,86,87,87,,84,,80,90,,95,71,,109,110,107,103,112,114,,,97,97,,99,87,101,96,103,,104,,99,101,99,107,94,109,,102,97,100,,100,102,101,75,78,83,92,85,88,88,,84,81,77,77,92,87,,106,105,104,103,80,,81,73,83,93,88,86,,120,124,,,114,120,111,120,96,87,63,,66,63,75,68,74,,72,109,107,135,114,128,120,122,116,118,119,51,44,55,40,51,73,88,45,50,39,103,89,78,,106,107,114,101,89,104,113,94,61,52,46,51,67,,64,49,66,52,71,80,80,77,71,67,94,78,82,63,,63,50,63,60,72,74,57,51,53,56,50,44,,,,80,87,,85,86,75,,,,92,,80,68,68,84,68,78,85,83,100,,,,104,106,,76,73,78,84,86,,86,82,88,85,74,85,61,64,,65,,97,94,,,45,,61,42,46,,47,70,48,38,38,64,39,,,61,53,56,81,72,58,69,,57,,,68,,72,70,,73,100,91,53,59,56,,66,66,69,78,66,65,67,66,90,81,91,98,87,96,88,80,94,90,90,,80,81,87,84,126,96,73,78,73,85,,83,81,80,,87,58,67,59,,58,66,62,69,70,,,52,48,56,48,55,47,86,87,86,84,77,85,91,85,82,83,74,80,72,74,72,71,,83,83,70,72,74,76,67,74,72,74,68,71,111,110,,106,124,148,113,112,131,102,131,87,106,60,86,110,129,,89,84,74,141,71,90,106,95,98,97,113,84,,96,76,94,126,115,126,131,124,103,93,108,,,143,145,157,154,139,171,158,131,72,76,74,90,68,70,71,71,67,66,54,60,68,59,74,83,59,63,,20,29,53,44,27,52,52,,,33,41,25,30,46,,96,95,91,82,,,92,88,105,91,107,111,103,,101,101,109,,146,138,140,128,127,128,112,118,109,108,110,127,48,34,36,28,33,35,45,24,,48,45,22,38,,75,76,42,42,,,,74,98,,,,88,84,68,60,75,68,65,,76,73,59,80,78,71,68,73,68,65,70,113,58,72,78,101,,94,94,104,104,118,111,116,121,111,,81,69,83,100,98,89,82,81,76,72,78,73,72,80,114,104,102,108,,65,,70,74,68,63,78,,73,71,,,91,81,76,54,,58,55,55,,82,90,86,,84,94,101,97,112,95,,,,45,,50,68,,65,82,80,73,71,72,76,105,113,105,,60,,,98,,96,85,110,107,101,93,108,95,,65,57,62,57,63,61,54,95,92,74,76,74,88,122,110,120,102,100,93,87,,82,167,150,,124,120,,140,142,138,113,75,,64,112,,,88,90,,111,,114,113,110,99,78,80,,85,85,,103,110,,101,,102,101,99,,101,103,72,66,82,,64,68,62,75,71,82,70,69,76,83,74,91,59,89,85,98,76,82,84,69,76,72,66,73,76,69,84,70,75,79,101,95,93,,100,131,126,132,114,140,105,121,135,108,123,68,70,69,,65,102,75,,76,75,77,63,74,,73,43,89,,61,,64,60,68,55,96,97,95,,,,96,,92,,76,77,70,,94,85,62,108,108,,106,,31,42,32,42,91,96,,91,89,90,89,111,99,,82,,,93,55,50,48,98,67,70,83,60,59,70,67,64,73,72,66,59,99,67,54,54,88,62,58,41,109,99,103,109,106,,113,126,104,112,59,60,66,64,,,,,75,64,,66,29,38,28,37,41,41,64,77,55,72,62,139,146,54,54,58,,86,78,55,,62,62,,67,60,46,36,38,34,28,41,35,58,62,64,60,,79,82,68,98,106,114,104,81,90,,72,81,93,88,102,50,45,64,64,,54,,66,70,70,,52,63,58,63,62,,,54,58,64,61,112,101,116,114,123,120,68,,71,99,92,59,67,74,57,48,82,,83,74,77,76,83,90,90,85,90,84,76,79,75,,39,37,,65,63,37,40,,,70,97,87,95,92,100,105,101,104,,,109,96,97,91,90,,88,105,99,89,108,88,104,,96,97,121,,,115,109,,99,95,88,,87,,120,125,,,97,79,,,108,118,119,,,88,89,76,78,117,116,124,90,81,93,88,88,75,55,64,56,92,75,75,82,81,78,74,76,,79,76,57,,68,72,111,98,81,100,90,86,107,109,111,116,,,108,122,111,114,111,124,113,120,122,76,78,89,91,103,100,92,105,,,103,75,62,68,80,85,,80,107,116,,114,117,118,,114,112,118,114,117,89,105,89,57,58,66,44,54,57,88,85,,87,95,86,59,100,96,,110,,107,,,,117,113,116,111,104,99,,65,,64,66,64,90,95,86,98,87,88,94,89,96,80,88,81,84,86,87,87,87,71,,74,61,56,67,60,62,75,85,78,80,69,92,83,89,83,,69,73,78,81,68,90,80,91,86,85,104,88,101,98,100,,,103,97,68,73,69,68,73,83,84,96,,82,93,97,,82,85,82,90,,94,88,89,,94,105,107,98,108,95,98,92,93,98,87,96,99,,105,106,108,38,32,,35,36,78,66,75,70,69,67,67,59,53,46,,64,68,65,,79,78,,63,75,82,82,,76,85,81,25,25,81,85,85,72,86,81,72,81,78,76,76,88,73,72,72,76,58,61,57,58,52,76,64,67,78,63,65,70,60,65,73,76,58,75,70,81,31,41,54,74,67,66,66,46,65,51,55,66,64,68,78,74,74,89,88,84,86,84,71,70,71,64,72,76,73,71,66,19,25,,31,60,59,66,54,84,85,85,91,102,101,95,106,109,108,,,35,38,37,,36,23,24,44,31,21,,67,,54,,,,,89,90,82,84,92,82,85,86,,63,110,130,121,126,129,106,98,92,92,121,,,,,62,53,88,102,115,111,51,,89,118,119,109,105,129,122,124,118,121,97,108,112,113,,130,128,123,114,103,122,112,122,100,,104,100,,110,122,,111,115,117,,123,,103,,90,90,67,59,62,54,86,88,92,90,79,76,74,89,,57,62,42,73,70,80,,86,78,52,51,89,90,,70,60,68,69,58,,46,55,70,,94,76,86,84,97,92,93,,96,56,,70,66,70,64,64,70,76,81,82,,82,75,68,77,86,92,76,81,85,,,68,72,68,57,,38,76,70,74,106,92,85,97,97,93,90,112,101,,84,72,102,64,52,76,86,,110,,47,72,93,77,97,111,79,48,111,64,87,30,84,64,,,90,99,59,85,,83,84,100,65,,96,90,,,44,102,94,65,82,89,39,46,44,105,60,34,64,60,99,,85,82,,141,132,104,101,80,104,84,64,129,107,93,84,65,91,88,59,120,84,60,79,56,69,76,83,114,122,121,109,118,59,111,108,26,89,97,111,81,79,84,92,90,99,48,102,68,82,61,83,,91,83,41,,114,16,13,,,48,105,89,74,88,104,91,80,70,84,98,78,87,105,80,93,114,61,,63,36,56,78,73,,73,54,52,69,58,41,69,64,57,43,93,106,104,122,112,80,,84,,60,61,65,91,79,127,116,94,102,93,128,118,111,112,98,83,105,68,165,,84,105,141,143,98,76,82,89,87,62,109,88,94,110,70,66,78,78,95,79,,62,57,53,81,72,98,22,38,46,62,56,54,69,56,58,17,34,85,87,102,98,111,55,56,90,69,112,44,69,72,79,78,83,133,138,125,71,110,70,70,67,62,89,67,74,72,70,56,72,80,66,57,63,62,54,100,79,,50,90,100,101,114,77,86,73,59,97,80,71,95,96,72,59,52,93,75,84,73,67,69,70,,132,113,89,136,125,93,91,63,79,114,88,129,137,93,94,88,92,94,84,92,100,95,61,74,115,107,75,87,88,101,,81,73,106,99,81,114,6,48,55,30,84,102,90,95,71,63,56,67,65,75,73,,77,,68,79,126,62,77,71,71,81,83,98,99,,74,120,,57,60,116,110,111,117,68,88,78,70,78,76,103,76,68,52,62,60,,44,,63,71,,21,131,124,140,63,66,58,73,,75,109,107,107,,,77,102,92,111,92,91,91,100,98,99,89,100,,81,81,86,80,92,95,83,88,78,84,68,,91,90,111,35,58,38,71,65,55,54,66,68,80,,87,87,19,22,64,84,96,114,86,79,125,,124,168,65,78,58,,68,103,54,60,107,100,66,44,44,53,54,69,83,95,74,61,65,47,61,85,47,61,62,,88,83,52,96,118,100,94,117,80,92,77,90,82,107,109,74,66,95,106,86,72,84,96,94,87,95,79,97,116,124,87,110,94,84,105,94,105,57,74,113,119,109,106,63
20210423,15,O3_8h_24h,83,91,86,80,82,78,81,90,91,90,79,82,,,78,,86,87,87,,84,,80,90,,95,71,,109,110,107,103,112,114,,,97,97,,99,88,102,106,108,,104,,99,101,99,107,94,109,,102,97,100,,100,102,101,75,78,97,97,85,88,88,,84,81,77,77,92,87,,106,105,104,103,80,,81,73,83,93,88,86,,120,124,,,114,120,111,120,96,87,64,,66,63,84,68,90,,72,111,118,135,117,130,120,122,121,121,120,56,70,73,76,84,73,88,76,81,52,103,89,78,,106,107,114,101,89,104,113,94,61,52,46,51,67,,64,49,66,52,71,80,80,77,71,67,94,78,82,63,,63,50,63,60,72,74,57,51,53,56,50,44,,,,80,87,,85,86,75,,,,92,,80,68,68,84,68,78,85,83,100,,,,104,106,,76,73,78,84,86,,86,82,88,85,74,85,61,64,,65,,97,94,,,45,,61,42,46,,47,70,48,38,38,64,39,,,61,53,56,81,72,58,69,,57,,,68,,72,70,,73,100,91,53,73,65,,66,66,69,78,66,72,67,66,90,81,91,98,87,96,88,80,94,90,90,,80,81,87,84,126,96,73,78,73,85,,83,81,80,,87,90,96,91,,90,97,95,83,107,,,80,75,97,94,82,68,86,87,86,84,77,85,91,85,82,89,74,86,79,74,72,79,,87,83,70,74,74,76,73,81,77,74,68,72,111,110,,106,124,148,113,112,131,102,131,87,106,60,86,110,129,,89,84,74,141,71,90,106,95,98,97,113,84,,96,76,94,126,115,126,131,124,103,93,108,,,143,145,157,154,139,171,158,131,72,76,74,90,68,70,71,71,67,66,54,60,68,59,74,83,59,87,,20,53,53,44,34,52,52,,,60,41,34,30,46,,96,95,91,82,,,92,108,105,91,107,111,103,,101,101,109,,146,138,140,128,127,128,112,118,109,108,110,127,48,34,36,28,33,35,46,26,,50,45,22,38,,75,76,42,42,,,,77,105,,,,88,84,68,70,75,68,65,,76,73,71,80,78,71,68,73,68,65,70,113,58,72,78,101,,94,94,104,104,118,111,116,121,111,,81,69,83,101,98,95,103,91,90,72,78,73,72,80,114,104,102,108,,78,,70,74,68,63,88,,87,71,,,91,81,76,78,,77,78,70,,82,90,86,,84,104,101,104,112,100,,,,63,,69,69,,65,82,80,73,71,72,76,120,114,113,,73,,,98,,96,85,110,108,110,101,108,96,,65,59,62,72,63,72,60,95,92,74,76,74,88,122,110,120,102,100,93,87,,82,167,150,,124,120,,140,142,138,113,75,,64,112,,,88,90,,111,,114,113,110,99,78,80,,85,85,,103,110,,101,,102,101,99,,101,103,101,100,100,,73,76,66,98,86,89,70,73,76,90,74,91,63,111,102,98,98,82,85,69,76,72,70,73,76,69,84,70,75,79,108,95,100,,101,131,126,132,114,140,105,121,135,108,123,68,70,69,,65,102,75,,76,75,77,63,74,,73,46,103,,61,,64,60,68,55,96,97,95,,,,96,,92,,87,77,88,,94,85,62,108,108,,106,,31,42,32,42,91,96,,91,89,90,89,111,99,,82,,,93,55,50,48,108,67,70,83,60,59,70,67,64,73,72,66,59,99,67,54,54,88,62,58,41,109,99,103,109,106,,113,138,104,117,59,60,66,80,,,,,75,64,,66,71,75,68,76,87,68,64,77,55,72,62,139,146,54,54,58,,87,78,55,,62,62,,67,65,46,37,38,37,29,41,38,58,62,64,60,,121,111,68,102,109,114,108,86,96,,77,82,99,89,102,60,56,91,91,,89,,72,79,79,,70,106,98,78,82,,,90,95,77,72,112,101,118,121,134,128,68,,71,99,92,59,67,74,57,48,82,,83,74,77,76,83,90,90,85,90,84,76,79,75,,39,37,,65,63,37,40,,,70,97,87,95,92,100,105,101,104,,,109,119,119,111,101,,102,105,99,89,108,88,104,,96,97,121,,,115,122,,99,95,88,,87,,124,134,,,107,79,,,110,123,119,,,93,90,76,78,133,127,137,90,81,97,112,88,75,78,64,60,92,76,75,82,86,88,90,76,,92,94,89,,107,91,111,98,81,100,94,86,107,109,111,116,,,108,142,128,119,118,124,113,120,122,112,119,91,91,103,100,92,105,,,103,84,71,81,84,96,,84,107,116,,114,117,118,,114,112,118,114,117,89,105,89,57,58,66,44,54,57,88,85,,87,95,86,60,100,96,,110,,107,,,,117,113,116,111,104,99,,65,,64,66,64,90,95,86,98,87,88,94,89,96,86,88,81,84,86,87,87,87,71,,74,61,56,67,60,62,75,85,78,80,69,92,83,89,83,,69,73,78,81,68,90,80,91,86,85,104,88,101,98,100,,,103,97,68,77,74,70,77,83,84,96,,82,93,97,,82,85,85,90,,94,88,89,,94,105,107,98,108,95,98,92,93,98,87,96,99,,105,106,108,38,32,,35,36,87,81,85,82,70,70,67,63,53,56,,65,76,65,,79,78,,63,78,82,82,,76,85,81,40,25,81,85,85,72,86,81,72,81,78,76,76,88,73,72,72,76,58,68,73,74,70,82,64,74,78,63,65,70,60,65,73,81,58,75,70,81,31,83,79,74,67,66,66,46,65,51,55,66,64,68,78,74,74,89,88,84,91,93,71,70,71,64,72,76,73,71,66,24,25,,33,89,98,108,107,94,100,100,100,102,106,95,106,109,108,,,90,73,77,,62,23,38,51,42,21,,67,,54,,,,,89,90,82,84,92,82,85,86,,63,114,133,121,126,129,106,98,92,92,121,,,,,63,57,88,102,115,111,51,,89,122,126,109,105,134,128,133,118,121,103,124,118,113,,130,128,123,114,103,122,112,132,100,,104,100,,110,122,,112,118,118,,123,,103,,102,103,76,62,70,54,86,88,92,90,86,85,83,89,,57,62,74,74,93,99,,106,107,61,66,90,93,,82,68,68,69,88,,46,55,99,,94,83,86,84,97,94,93,,96,83,,72,77,72,72,69,77,82,82,84,,86,79,72,77,86,106,102,100,106,,,78,74,72,69,,41,76,72,74,129,92,85,97,97,93,90,112,101,,84,72,102,64,52,76,86,,110,,62,72,93,77,97,111,79,83,111,75,87,78,84,72,,,90,99,59,85,,84,88,100,65,,96,90,,,44,102,94,65,82,89,39,47,44,105,60,34,64,60,99,,85,82,,141,132,107,104,90,104,94,76,129,107,93,84,65,91,88,70,120,84,72,79,69,69,94,83,114,122,121,109,118,82,111,112,26,89,97,111,81,79,84,92,90,99,48,102,68,82,61,83,,91,83,62,,118,16,36,,,48,105,89,74,88,104,91,80,70,106,98,78,87,105,80,93,114,61,,86,36,56,78,73,,78,54,52,69,58,41,69,64,57,43,93,106,104,128,112,97,,84,,60,61,65,91,79,127,116,94,102,93,128,118,111,112,98,83,105,68,165,,84,105,141,143,98,76,82,89,87,62,109,88,94,110,70,66,78,85,95,79,,62,57,106,114,116,98,22,38,90,70,58,90,69,56,58,17,57,85,87,102,100,111,99,71,90,84,112,61,69,72,92,86,83,133,138,125,71,117,70,70,67,62,89,67,74,72,70,56,72,87,66,57,63,62,54,100,79,,68,90,100,101,114,77,86,73,59,97,80,71,95,96,72,59,52,93,75,92,73,67,70,70,,132,113,89,136,125,93,91,73,79,114,88,129,137,93,94,88,92,94,84,92,100,95,61,74,115,107,75,87,88,101,,81,87,106,99,113,114,6,48,55,30,91,102,90,95,71,63,56,82,90,75,74,,77,,73,79,127,62,78,71,71,81,83,98,99,,91,120,,57,60,116,110,111,117,68,88,78,70,78,76,103,76,68,52,62,60,,44,,63,75,,32,131,124,140,63,66,58,73,,75,109,107,107,,,77,102,92,111,92,91,91,100,98,99,89,100,,81,81,86,80,92,95,83,88,78,106,68,,91,90,111,35,58,46,71,65,55,54,66,82,88,,103,104,19,22,64,84,121,132,86,79,125,,124,168,65,91,73,,68,103,54,60,122,100,66,91,68,69,74,70,83,95,74,61,65,47,62,85,47,61,62,,88,87,52,106,126,100,94,127,80,92,77,90,82,107,109,74,97,95,108,86,72,84,96,94,87,95,79,97,116,124,98,110,94,107,105,104,105,57,80,113,119,126,112,69
20210423,15,CO,0.3,0.3,0.4,0.4,0.3,0.3,0.3,0.4,0.3,0.4,0.2,0.3,,,0.7,,0.7,0.7,0.7,,0.6,,0.6,0.7,,0.5,0.5,,0.6,0.5,,0.6,0.6,0.3,,,0.3,0.3,,0.3,0.3,0.5,0.2,0.3,,0.2,,0.6,0.5,0.6,0.2,0.2,0.3,,0.2,0.2,0.6,,0.7,,0.8,0.7,0.5,0.6,0.5,0.4,0.4,0.5,,0.4,0.4,0.3,0.5,0.4,0.5,,0.5,0.5,0.4,0.1,0.4,,0.8,0.5,0.5,0.5,0.4,0.5,,0.4,0.4,,,0.5,0.5,0.5,0.6,0.6,0.6,0.6,,0.7,1.3,0.7,0.7,0.7,,0.7,0.4,0.6,0.8,0.8,0.4,0.6,0.5,0.5,0.4,0.6,0.5,0.7,0.5,0.6,0.4,0.4,0.5,0.5,0.4,0.5,0.5,0.6,0.9,,0.3,0.3,0.5,0.6,,0.5,0.5,0.6,1,1.1,0.7,0.8,0.6,,1,0.8,0.7,0.9,1.1,0.7,0.5,1.1,0.9,0.8,0.9,0.7,1,0.9,,1.3,1.3,1,1.1,1.2,1.1,0.8,0.9,1,1.1,1,1.2,,,,0.7,0.6,,0.7,0.8,0.9,,,,0.6,,0.8,1,1.1,0.8,0.8,1,0.9,0.8,1,,,,0.8,1,,0.9,0.7,0.2,0.5,0.6,,0.9,,0.8,0.8,0.8,0.7,0.7,0.5,,0.7,,1.1,1,,,0.6,,0.8,0.9,0.8,,0.9,1.1,0.9,,0.4,1.1,0.4,,,0.7,0.9,,0.5,0.5,0.5,0.5,,1,,,0.9,,1.1,1,,0.7,0.6,0.5,0.4,0.4,0.4,,1,0.9,0.7,0.5,0.6,0.5,0.6,0.7,0.6,0.6,0.6,0.7,0.6,0.6,0.5,0.6,0.6,0.7,0.4,,0.6,0.6,0.6,0.6,0.5,0.4,,1,0.9,0.6,,0.7,1.1,0.9,,0.8,,0.4,0.5,,0.3,0.4,0.5,0.6,0.7,,,0.6,1,1,0.8,0.8,0.9,0.8,0.8,0.8,0.9,0.6,0.6,1,0.8,0.7,0.8,1.1,0.7,0.9,0.6,1.1,0.8,,0.7,1.2,,1.1,0.9,0.8,0.8,0.8,0.8,0.8,1.1,0.8,0.9,0.9,,0.7,0.6,0.7,0.8,0.7,0.7,0.7,1,0.6,0.7,0.8,0.7,0.6,0.7,,0.7,0.7,0.6,0.7,0.4,0.7,0.3,0.7,0.7,,0.6,0.6,,0.5,0.6,0.5,0.8,0.7,0.6,0.5,0.7,0.6,0.4,0.5,,,0.8,0.7,0.8,0.5,0.6,0.6,0.6,0.5,0.5,0.6,0.5,0.4,0.7,0.7,0.6,0.6,0.5,0.7,,0.5,0.5,0.6,0.9,0.5,0.4,0.7,,0.6,0.7,1.1,1.2,0.9,0.7,0.4,,,0.8,0.6,0.3,0.7,1,,0.7,0.7,0.8,0.7,,,0.7,0.7,0.6,0.5,0.7,,0.7,,0.6,0.7,0.7,,0.4,0.4,0.5,0.3,0.4,0.6,0.5,0.5,0.5,0.4,0.6,0.3,0.8,1.1,0.6,0.8,0.9,0.9,,0.8,,0.8,0.8,0.8,0.9,,0.7,0.8,1,0.6,,,,0.4,0.5,,,,0.2,0.5,0.4,0.4,0.4,0.5,0.3,,0.4,0.9,0.6,0.9,1,0.9,0.6,0.7,0.7,0.8,0.9,,0.6,0.9,0.5,0.8,,0.6,0.8,0.8,0.6,0.6,0.6,0.6,0.6,0.5,,0.6,0.7,0.7,0.5,0.5,0.6,0.5,0.8,0.8,0.8,0.6,0.5,0.7,0.5,0.4,0.5,0.5,0.4,,0.6,,0.5,0.7,0.8,0.7,0.5,,0.6,0.5,,,0.6,0.5,1,0.2,,0.8,1,0.7,,0.6,0.4,0.5,,0.7,0.6,0.4,0.3,0.6,0.3,,,,0.8,,0.4,1.2,,,0.7,0.7,0.9,1.2,1,0.9,0.5,0.4,0.5,,0.6,,,0.7,,0.8,0.2,0.8,0.2,0.4,0.5,0.5,0.5,,0.6,0.5,0.6,0.6,0.6,0.5,0.4,0.6,0.6,0.4,0.5,0.6,0.5,0.7,0.6,0.6,0.6,0.6,0.5,0.6,,0.5,0.7,0.8,,0.6,0.7,,0.6,0.5,0.7,0.6,0.5,,0.5,0.6,,,0.3,0.5,,0.5,,0.5,0.4,0.4,0.5,0.6,1,,0.6,0.9,,0.7,0.3,,0.5,,0.7,0.7,0.5,,0.7,0.7,0.8,0.7,0.5,,0.7,0.8,1.1,0.8,0.7,0.6,0.5,0.5,0.6,0.6,0.5,0.6,0.9,0.6,0.3,0.6,0.7,0.5,0.3,0.8,0.8,0.8,0.9,0.8,1,0.8,0.9,,0.8,0.7,0.5,0.5,0.4,,0.3,0.6,0.6,0.5,0.4,0.6,0.5,0.4,0.3,0.3,0.2,0.7,0.6,0.8,,1.5,0.7,0.8,,0.7,0.8,0.7,,0.8,,0.4,0.4,0.8,,0.9,,1,0.9,0.5,1,0.5,0.5,0.8,,,,0.6,,0.5,,0.9,0.9,0.8,,0.5,0.7,0.8,0.8,0.8,,0.8,,0.8,1,,0.6,0.6,0.7,,0.8,0.9,0.8,0.5,0.8,0.9,,1,,,0.8,0.5,0.8,0.8,0.6,0.8,0.6,0.9,0.9,0.5,0.5,0.5,0.6,0.6,0.8,0.5,0.7,0.9,0.6,0.5,0.4,0.8,0.6,0.7,,0.7,0.8,0.8,0.8,0.6,,1.3,0.1,0.4,0.2,0.8,0.9,0.7,0.8,,,,,,0.5,,0.5,1.1,0.9,0.7,0.6,0.6,0.7,0.7,0.5,0.9,0.6,0.3,0.3,0.4,0.9,0.9,1,,0.8,0.9,1,,0.8,0.8,,0.8,0.8,0.7,0.9,0.9,0.9,1.4,0.8,0.8,0.8,0.8,0.9,0.8,,0.7,0.8,0.5,0.3,0.6,0.3,0.3,0.2,0.4,,0.4,0.4,0.2,0.2,0.3,0.5,0.7,0.5,0.5,,0.8,,1.1,1,1,,0.9,0.6,0.3,0.4,0.5,,,0.9,1,0.6,0.5,0.4,0.5,0.5,0.5,0.4,,0.9,,0.9,0.8,0.9,1.6,1.5,1.7,0.9,1.1,0.8,,0.9,1,0.9,0.8,0.8,1,0.9,1.1,1,1.3,1.3,1.1,0.8,,1.1,0.9,,0.8,0.8,1,1.2,,,0.7,0.4,0.4,0.4,0.3,0.8,0.6,0.8,0.8,,,0.5,0.8,0.9,1,0.8,,1,0.6,0.5,0.8,0.6,,0.4,,0.4,0.6,0.8,,,0.9,,,0.6,0.6,,,0.5,,0.8,0.8,,,0.1,0.5,,,0.8,0.6,0.3,,,0.4,0.3,0.2,0.2,0.4,0.4,0.4,0.3,0.6,0.5,1,0.3,1.1,1.1,0.9,0.7,0.8,0.7,0.5,0.4,0.6,0.5,0.6,0.5,,0.5,0.6,0.6,,1.3,1,0.4,0.5,0.8,0.5,0.3,0.1,0.4,0.6,0.5,0.6,,,0.6,0.4,0.4,0.3,0.4,0.4,0.3,0.2,0.3,,0.4,0.5,0.5,0.5,0.5,0.7,0.4,,,0.4,0.2,0.2,0.2,0.4,0.4,,0.3,0.2,0.5,,0.4,0.5,0.3,,0.4,0.4,0.4,0.3,0.4,0.5,0.6,0.5,0.8,,0.8,0.7,0.5,0.8,0.6,0.4,,0.5,,0.5,0.9,0.7,0.8,,0.5,,0.5,,,,0.6,0.5,0.6,0.7,0.5,,,0.8,,0.9,1,0.9,0.6,0.6,0.5,0.4,0.7,0.4,0.4,0.8,0.3,0.3,0.3,0.4,0.4,0.4,0.4,0.3,0.4,0.4,,0.3,0.2,1,0.6,1,0.6,0.9,0.8,0.9,0.7,1.1,0.4,0.4,0.8,0.5,,0.6,0.5,0.4,0.5,0.6,0.9,0.7,0.5,1.4,1.1,0.7,0.9,0.7,0.6,0.9,,,0.8,0.9,0.6,0.6,0.7,0.7,0.8,0.5,0.6,0.6,,0.8,1.1,0.7,,,0.8,0.8,0.7,,0.7,0.6,0.8,,0.7,0.6,0.6,0.6,0.7,0.8,0.9,0.8,0.6,0.8,0.5,0.6,0.6,,0.4,0.4,0.4,1.4,1.6,,1,1.1,,0.7,0.8,0.5,0.8,0.6,,0.8,0.9,0.8,,0.4,0.6,0.7,,0.8,0.8,,0.8,0.7,0.6,0.7,,0.8,0.6,0.4,0.6,1.2,0.9,0.8,,0.7,0.9,0.9,0.7,0.7,0.6,0.5,0.7,1.4,0.9,1.4,1,,0.9,1.1,0.8,0.6,0.7,1,0.8,0.9,1,0.9,0.8,0.5,0.7,0.9,1,0.8,0.6,0.6,1.5,0.6,0.5,0.8,0.7,0.7,0.6,0.6,0.6,0.7,,0.4,0.6,1,0.6,0.5,0.5,0.8,0.7,,0.7,0.5,0.8,0.8,0.5,0.5,0.5,0.5,0.6,0.6,0.6,0.6,0.6,0.4,0.6,,0.6,0.5,0.5,0.4,0.5,0.5,0.9,0.9,0.9,0.8,0.6,0.7,0.5,0.6,0.5,,,0.8,,0.9,,1,0.3,0.7,1,0.8,1.3,,0.4,,0.5,,,,,0.5,0.5,0.6,0.5,0.5,0.5,0.3,0.4,,0.3,0.5,0.4,,0.4,0.6,0.7,,0.6,0.6,0.4,,,,,0.2,0.4,0.4,0.4,0.4,0.5,0.5,,0.9,0.3,0.4,0.3,0.1,0.4,0.4,0.4,0.4,0.3,0.7,0.7,0.5,0.6,,0.4,0.4,0.4,0.7,0.7,0.6,0.6,0.4,0.8,,1.3,0.9,,0.4,0.4,,0.4,0.3,0.5,,0.5,,0.3,,0.3,0.3,0.6,0.7,0.6,0.7,0.8,0.7,0.8,0.6,0.6,0.6,0.6,0.9,,0.6,0.6,0.4,0.6,0.6,0.6,,0.3,0.3,0.4,0.5,0.3,0.3,,0.9,0.7,0.1,0.3,0.5,,0.7,0.7,0.3,,0.6,0.4,0.7,0.5,0.5,0.5,0.5,,0.4,,,0.7,0.6,0.7,0.7,0.5,0.5,0.3,0.5,0.4,,0.2,0.2,0.3,0.4,,0.2,0.5,0.5,0.4,,,0.4,0.2,0.3,0.4,,0.7,0.4,0.5,0.4,0.3,0.3,0.7,0.7,0.5,0.5,0.6,0.3,0.5,,0.4,0.7,0.6,0.4,0.7,1,1,,0.4,,0.5,0.4,0.7,0.5,0.5,0.6,0.7,,0.4,0.6,0.8,0.8,0.9,0.5,,,0.4,0.2,1,0.5,,0.5,0.7,0.6,0.6,,0.9,1,,,1.4,0.9,0.8,0.7,0.8,0.6,1.6,1.3,1.3,0.8,0.5,0.7,0.7,0.9,0.4,,0.9,0.6,,0.7,0.6,0.4,0.5,0.3,,0.3,0.2,0.4,0.8,1,0.9,0.6,0.7,0.7,0.6,0.4,0.3,0.6,0.4,0.7,0.5,0.4,0.6,0.4,0.8,0.6,0.6,0.5,,0.8,0.2,1.2,0.8,0.7,0.8,0.9,0.8,0.9,0.8,0.6,0.6,1.6,0.7,0.7,0.6,0.7,1.2,,0.6,0.8,0.5,,0.5,0.6,0.4,,,0.8,0.3,0.4,0.7,0.7,0.3,0.6,0.8,0.6,0.4,0.6,0.6,0.7,0.6,0.3,0.7,0.6,,,0.7,0.6,0.7,0.8,0.5,,0.2,0.9,0.8,0.7,0.8,1.3,0.6,0.7,0.7,0.9,0.4,0.5,0.5,0.6,0.3,,,1,,1.3,0.9,0.9,0.7,0.9,0.7,0.8,0.9,0.7,0.6,0.8,0.7,,0.6,,0.7,0.5,0.6,0.5,,0.4,0.8,0.7,0.5,0.3,0.3,0.3,0.6,0.5,0.7,0.3,0.6,0.7,0.4,0.7,0.8,0.8,,0.8,0.6,,0.8,0.9,0.5,0.6,0.5,0.3,0.7,0.6,0.7,0.7,0.7,0.6,0.9,0.6,0.4,0.3,0.5,0.7,0.8,0.8,0.6,0.6,0.5,0.4,0.4,0.3,0.2,0.7,0.9,0.9,0.4,0.5,0.5,0.3,0.3,0.4,0.9,0.5,0.4,0.8,0.7,0.7,0.9,0.5,0.6,0.7,0.8,,0.7,0.9,1,0.9,1,1,1,0.4,1,,0.5,0.3,0.3,0.5,0.3,0.8,0.9,0.8,1.1,0.5,0.7,0.9,1,,1.1,1,1.3,0.9,0.4,0.3,0.2,0.5,0.3,0.3,,0.7,0.3,0.7,0.8,0.5,0.6,0.5,0.4,0.4,0.6,0.6,0.7,0.8,0.8,,0.6,0.3,0.5,0.9,0.8,0.3,0.6,0.7,0.7,0.5,0.6,0.9,0.5,0.5,0.9,,0.5,0.8,0.7,0.5,0.4,0.6,0.8,0.4,0.8,0.5,0.5,0.8,0.6,0.8,1,0.4,0.6,,0.5,0.6,0.4,,,,0.6,0.3,0.3,1,0.5,0.5,0.5,0.9,0.4,0.5,0.7,,0.7,0.3,,,0.4,0.4,0.5,0.4,0.5,0.6,0.6,0.5,0.6,0.6,0.4,0.3,1.1,0.5,0.5,0.6,0.5,,1.3,,0.9,0.7,,1.1,0.5,0.1,0.4,0.8,,1.3,0.5,,0.5,0.5,0.4,0.4,,,1,0.5,0.5,0.5,0.4,0.5,0.5,0.2,0.2,0.5,0.5,0.3,,0.1,0.4,0.3,0.3,0.3,0.4,0.3,0.6,0.8,0.5,0.8,,0.6,0.8,0.6,0.8,0.7,0.8,0.9,0.9,0.6,0.9,0.9,0.6,0.2,,0.4,0.6,0.7,0.6,0.3,0.4,0.9,0.7,0.4,0.5,0.5,,0.8,0.7,0.5,1.8,0.5,,0.9,,0.9,0.7,1,0.6,0.4,1,0.6,0.5,0.3,0.6,0.4,0.5,0.7,,0.7,0.7,0.7,0.5,,0.9,0.9,,0.6,0.3,1.6,0.2,0.8,0.2,0.3,0.9,0.4,0.3,0.4,0.4,0.3,0.4,0.7,1.1,0.5,0.6,0.5,0.6,0.8,1,0.2,0.3,0.4,0.3,0.4,0.2,0.5,0.3,0.5,0.4,0.7,1,0.5,0.3,0.5,1,0.6,0.5,0.5,0.4,0.7,0.5
20210423,15,CO_24h,0.6,0.7,0.7,0.6,0.6,0.6,0.6,0.6,0.6,0.7,0.6,0.7,,,0.8,,0.9,0.8,0.7,,0.8,,0.8,1.3,,0.9,0.8,,0.6,0.7,0.5,0.7,0.6,0.5,,,0.7,0.7,,0.7,0.7,0.4,0.3,0.3,,0.2,,0.6,0.5,0.6,0.4,0.5,0.6,,0.5,0.4,0.6,,0.8,0.8,0.7,0.8,0.6,0.7,0.6,0.5,0.4,0.5,,0.4,0.6,0.6,0.8,0.5,0.6,,0.5,0.6,0.5,0.2,0.9,,0.8,0.8,0.8,1,0.8,0.7,,0.6,0.6,,,0.6,0.6,0.5,0.7,0.7,0.7,0.7,,1,0.9,0.6,0.7,0.7,,0.9,0.5,0.6,0.7,0.6,0.4,0.5,0.4,0.4,0.4,0.5,0.6,0.7,0.6,0.7,0.5,0.5,0.6,0.5,0.5,0.4,0.5,0.6,0.9,,0.4,0.6,0.6,0.4,0.3,0.6,0.6,0.7,0.9,0.9,0.8,0.8,0.6,,1,0.7,0.7,0.8,1.1,0.8,0.5,1.1,1,0.8,1,0.9,1,0.7,,1.1,1.1,0.8,0.8,1,1,0.6,0.9,0.9,1,0.9,0.9,,,,0.8,0.7,,0.9,0.8,1,,,,0.8,,0.9,0.8,1,0.8,0.9,1,0.9,1,1.1,,,,0.8,1,,0.9,0.7,1,0.6,0.8,,1,0.7,0.9,0.8,0.8,0.7,0.7,0.7,,0.8,,1.1,1,,,0.5,,0.8,0.9,0.8,,0.8,1,0.8,0.6,0.5,0.8,0.5,,,0.5,0.7,0.8,0.6,0.5,0.4,0.5,,0.9,,,0.8,,0.9,0.9,,0.6,0.5,0.3,0.5,0.4,0.4,,0.8,0.7,0.8,0.6,0.7,0.5,0.5,0.5,1,0.7,0.8,0.8,0.7,0.7,0.6,0.7,0.7,0.8,0.5,,0.7,0.7,0.7,0.7,0.5,0.4,0.5,1.1,1,0.8,,0.8,1.3,1.1,,0.9,0.5,0.5,0.6,,0.4,0.5,0.7,0.6,0.6,,,0.3,0.6,0.6,0.4,0.4,0.6,0.9,1,0.9,0.9,0.7,0.6,1.1,0.9,0.7,0.8,0.8,0.7,1,0.9,0.9,0.7,,0.7,0.7,1,1.1,0.8,0.8,0.8,0.8,0.8,0.8,1,0.9,1,0.9,,0.8,0.8,0.8,1,0.8,0.8,0.8,0.9,0.6,0.7,0.7,0.6,0.5,0.8,,0.6,0.7,0.6,0.7,0.5,0.7,0.3,0.7,0.7,0.8,0.6,0.7,,0.6,0.7,0.6,0.7,0.7,0.5,0.5,0.8,0.7,0.4,0.5,,,0.8,0.8,0.9,0.6,0.7,0.7,0.7,0.6,0.7,0.7,0.4,0.5,0.7,0.8,0.6,0.7,0.6,0.7,0.6,0.6,0.4,0.6,0.7,0.5,0.4,0.7,,0.7,0.8,1,1,0.9,0.6,0.3,,,0.8,0.6,0.4,0.8,1.1,,0.9,0.9,0.9,0.8,,,0.8,0.7,0.5,0.4,0.6,0.7,0.6,,0.6,0.6,0.7,,0.6,0.6,0.6,0.5,0.7,0.8,0.5,0.5,0.5,0.4,0.6,0.4,0.7,1.1,0.8,0.8,0.9,0.8,0.8,0.9,,0.6,0.7,0.9,0.9,,0.8,0.7,0.9,0.6,,,,0.6,0.7,,,,0.5,0.7,0.5,0.9,0.5,0.5,0.4,,0.5,0.9,0.7,0.9,0.9,0.9,0.7,0.8,0.8,0.7,0.8,0.6,0.6,0.8,0.5,1.1,,0.9,1,1,0.8,0.7,0.7,0.7,0.7,0.6,,0.9,1.3,1.1,0.5,0.6,0.6,0.6,0.9,0.9,0.9,0.7,0.6,0.7,0.6,0.5,0.5,0.5,0.4,,0.7,,0.7,1,1,0.9,0.7,,0.8,0.5,,,0.9,0.8,1.4,0.6,,0.6,0.9,0.9,,0.9,0.4,0.7,,0.7,0.6,0.3,0.7,0.6,0.2,,,,1,,0.7,1.1,,1,0.6,0.7,0.8,1,0.8,0.7,0.4,0.4,0.5,,0.8,,,0.6,,1,0.6,0.9,0.2,0.5,0.5,0.6,0.8,,0.7,0.5,0.6,0.7,0.6,0.5,0.4,0.6,0.6,0.4,0.7,0.7,0.6,0.7,0.6,0.6,0.7,0.8,0.6,0.6,,0.5,0.9,1,,0.7,0.8,,0.8,0.6,0.8,0.7,0.6,,0.6,1.1,,,0.5,0.7,,0.7,,0.9,0.7,0.9,0.8,1.1,1.5,,1.2,1.4,,1.1,0.7,,0.9,,0.9,0.8,0.8,,1,0.9,0.6,0.3,0.3,,0.6,0.6,0.9,0.6,0.6,0.5,0.4,0.7,0.6,0.7,0.7,0.6,1.7,0.6,0.4,0.8,0.6,0.5,0.3,0.8,0.9,0.8,1,1,0.8,0.7,0.7,0.8,0.7,0.6,0.6,0.6,0.4,,0.3,0.5,0.5,0.5,0.5,0.5,0.5,0.4,0.4,0.3,0.2,0.8,0.7,0.8,,1.4,0.9,1,,0.8,1.1,0.9,1,0.9,,0.6,0.7,0.7,,0.9,,1.1,0.9,0.6,1.1,0.6,0.4,0.8,,,,0.7,,0.6,,0.9,0.8,0.8,,0.6,0.9,0.8,0.9,0.8,,0.8,,0.9,1,0.6,0.8,0.7,0.8,,0.9,0.8,0.8,0.6,0.8,0.8,,1,,,0.8,0.5,0.8,0.9,0.5,0.8,1.5,0.8,1,0.6,0.5,0.5,0.6,0.7,0.9,0.7,0.9,1,0.7,0.5,0.4,0.9,0.7,1,0.7,0.8,0.8,0.9,0.8,0.7,,1.7,0.2,0.9,0.7,0.8,1,0.7,0.8,,,,,0.8,0.7,,0.7,1,0.9,0.7,0.6,0.6,0.8,0.7,0.5,0.5,0.7,0.4,0.5,0.5,0.7,0.8,0.9,,0.7,0.9,0.9,,0.7,0.9,,1.1,0.6,0.6,0.7,0.7,0.7,0.7,0.6,0.6,0.8,0.8,0.8,0.7,,0.6,0.8,0.7,0.7,0.6,0.6,0.6,0.2,0.4,,0.4,0.4,0.1,0.2,0.3,0.7,0.9,0.5,0.5,,0.6,,0.7,0.6,0.6,,0.6,0.5,0.3,0.4,0.5,,,0.5,0.5,0.5,0.6,0.4,0.5,0.5,0.4,0.7,0.6,0.7,,0.9,0.7,0.8,0.9,0.9,1.1,0.9,1,0.7,,1,1.1,1,0.9,1,1.1,0.9,1.1,1,1.3,1.2,1,0.7,,0.9,0.8,,0.6,0.6,0.7,0.9,,,0.8,0.4,0.3,0.4,0.3,0.8,0.6,0.8,0.9,,,0.5,1.1,1.1,1.2,1.1,,1.3,0.8,0.7,0.9,0.9,0.7,0.6,,0.6,0.8,0.7,,,0.7,0.7,,0.9,0.7,0.9,,0.7,,0.7,0.7,,,0.1,0.5,,,0.8,0.6,0.4,,,0.2,0.3,0.3,0.2,0.6,0.5,0.5,0.6,0.6,0.5,0.7,0.5,0.8,0.8,0.7,0.8,0.8,0.6,0.6,0.5,0.6,0.5,0.6,0.5,,0.5,0.5,0.6,,1,0.7,0.6,0.8,0.7,0.4,0.3,0.1,0.4,0.6,0.5,0.9,,,0.6,0.8,0.9,1,0.8,1,0.6,0.7,0.4,0.6,0.5,0.6,1.3,1.3,1.1,1.3,0.9,,,1.2,0.3,0.2,0.2,0.5,0.5,,0.4,0.5,0.8,,0.6,0.7,0.5,,0.6,0.8,0.6,0.6,0.6,0.6,0.7,0.7,0.9,0.7,0.8,0.8,0.6,0.9,0.7,0.5,,0.6,0.6,0.5,1,0.9,0.9,,0.6,,0.6,,,,0.8,0.6,0.7,0.8,0.6,0.6,,0.9,,0.9,1.1,0.9,0.8,0.7,0.7,0.6,0.8,0.6,0.5,0.7,0.5,0.3,0.5,0.5,0.5,0.6,0.6,0.6,0.6,0.5,,0.3,0.3,0.8,0.6,0.7,0.5,1,2,1.5,1.5,1.4,0.6,0.6,0.6,0.8,,0.5,0.5,0.4,0.4,0.5,1,0.9,0.6,1.4,1.1,0.7,0.8,0.8,0.6,1,,,0.9,1,0.7,0.6,0.7,0.8,0.8,0.5,0.7,0.7,,0.9,0.5,0.5,,0.8,0.7,0.7,0.8,,0.8,0.7,0.9,,0.8,0.7,0.7,0.7,0.8,0.8,0.9,0.8,0.7,0.8,0.7,0.7,0.7,,0.5,0.4,0.5,1.3,1.3,,1.4,1.1,0.8,0.7,0.8,0.6,0.8,0.7,0.9,0.8,1,1,,0.5,0.5,0.6,,0.9,0.9,,0.8,0.7,0.6,0.7,,0.8,0.6,0.5,0.7,1,0.9,0.9,1.1,0.8,1.1,1,0.8,0.9,0.6,0.6,0.8,1.3,0.9,1.5,1,0.7,1,0.8,0.9,0.7,0.8,0.9,0.8,0.9,1,1,0.8,0.5,0.7,0.9,0.8,0.8,0.6,0.6,1,0.6,0.5,0.8,0.5,1.3,0.8,0.8,0.8,0.7,0.6,0.5,0.7,1,1.3,0.5,0.5,0.8,0.8,0.5,0.7,0.6,0.9,0.9,0.5,0.6,0.6,0.6,0.6,0.8,0.7,0.5,0.5,0.4,0.9,,0.7,0.5,0.6,0.4,0.5,0.6,0.9,0.9,0.9,0.9,0.8,0.8,0.7,0.7,0.8,,,0.8,0.6,0.7,,0.8,0.4,0.8,0.9,1.1,1.1,,0.6,,0.5,,,,,0.6,0.6,0.7,0.6,0.6,0.6,0.6,0.4,,0.4,0.6,0.6,0.7,0.7,0.6,0.6,0.6,0.5,0.6,0.4,,,,,0.2,0.4,0.7,0.5,0.4,0.5,0.7,,0.9,0.4,0.5,0.5,0.4,0.5,0.5,0.5,0.4,0.4,0.7,0.8,0.6,0.7,,0.6,0.6,0.5,0.7,1.1,0.7,0.7,0.5,0.8,,1.7,0.9,,0.7,0.5,,0.4,0.3,0.5,,0.6,,0.4,,0.4,0.4,0.5,0.7,0.6,0.6,0.7,0.7,0.7,0.7,0.5,0.6,0.6,0.6,,0.7,0.8,0.3,0.5,0.7,0.6,,0.4,0.4,0.4,0.7,0.3,0.3,,0.8,0.7,0.2,0.3,0.5,,0.8,0.7,0.5,,0.5,0.5,0.7,0.6,0.6,0.5,0.5,,0.5,0.6,,0.4,0.6,0.7,0.6,0.6,0.5,0.3,0.3,0.4,,0.3,0.2,0.2,0.3,0.2,1.1,0.5,0.5,0.4,,,0.4,0.3,0.6,0.5,,0.7,0.3,0.5,0.5,1.2,0.3,1.3,0.9,0.8,0.8,0.7,0.5,0.7,,0.7,0.7,0.7,0.6,0.6,0.8,0.9,,0.6,,0.8,0.4,0.9,0.6,2.2,1.9,0.6,0.4,0.8,0.6,0.8,0.8,0.7,0.5,,,0.5,0.2,0.9,0.6,,0.8,0.9,0.8,0.7,,1,1.1,,,1.3,0.9,0.8,0.8,0.9,0.7,1.4,1.1,1,0.8,0.6,0.8,0.7,0.7,1,,0.9,0.8,,1,0.7,0.5,0.6,0.3,0.4,0.4,0.4,0.7,1,0.7,0.9,0.6,0.8,0.6,1.1,0.4,0.3,0.6,0.4,0.8,0.5,0.6,0.7,0.3,0.7,0.5,0.5,0.5,0.4,0.8,0.2,1.2,0.9,0.8,0.9,0.9,0.8,1,0.7,0.7,0.8,1.6,0.8,1.1,1.1,0.6,1.1,,0.7,0.9,0.8,,0.6,0.8,0.4,,,0.8,0.5,0.6,1,0.8,0.3,0.7,0.9,0.5,0.4,0.7,0.8,0.8,0.8,0.4,0.7,0.6,0.8,,0.7,0.7,0.6,0.7,0.7,,0.4,0.6,0.7,0.7,0.6,0.9,0.7,0.7,0.7,0.7,0.7,0.8,0.7,0.7,0.4,1,,1.2,,1,0.9,0.9,0.9,0.8,0.9,0.9,1,0.8,0.7,0.9,0.8,0.8,0.6,0.7,0.6,0.5,0.7,0.6,,0.5,0.9,0.9,0.6,0.3,0.6,0.5,0.8,0.7,0.8,0.5,0.7,0.8,0.5,0.8,0.8,0.8,0.9,0.9,0.7,,0.8,0.9,0.7,0.7,0.6,0.9,0.7,0.7,0.8,0.7,0.9,0.6,0.7,0.8,0.4,0.5,0.5,0.8,1,0.8,0.6,0.8,0.4,0.8,0.3,0.5,0.2,0.9,1.2,1.1,0.6,0.7,0.6,0.4,0.5,0.6,1.8,0.5,0.5,0.8,0.7,0.7,0.9,0.7,0.6,0.9,0.9,0.7,0.9,1,0.9,0.6,0.9,0.7,0.7,0.7,1,,0.8,0.5,0.6,0.8,0.4,0.9,0.9,0.7,0.9,0.6,0.8,0.9,1,0.9,1,0.8,1.1,1.1,0.5,0.3,0.3,0.5,0.4,0.4,,0.8,0.4,0.7,0.8,0.5,0.6,0.6,0.4,0.6,0.5,0.6,0.7,0.8,0.8,,0.6,0.5,0.5,0.8,0.8,0.4,0.8,0.9,0.8,0.6,0.8,0.9,0.6,0.5,0.5,,0.4,0.8,0.8,0.8,0.6,0.6,0.9,0.8,0.8,0.7,0.4,0.9,0.8,0.9,1.2,0.6,0.8,0.8,0.6,0.9,0.5,,0.7,,0.6,0.3,0.2,0.7,0.8,0.5,0.7,1.2,0.7,0.8,0.6,,0.6,0.4,,0.7,0.8,0.5,0.5,0.5,0.2,0.6,0.7,0.6,0.7,0.7,0.4,0.4,1,0.5,0.5,0.6,0.6,,0.9,,0.8,0.7,,1.2,0.6,0.6,0.5,0.7,1,1.1,0.4,,0.4,0.7,0.6,0.6,,,1.5,0.6,0.6,0.6,0.7,0.7,0.4,0.6,0.7,0.6,0.7,0.5,,0.4,0.6,0.5,0.5,0.5,0.6,0.5,0.7,0.9,0.8,0.9,,0.7,0.9,0.7,0.9,0.8,0.9,1,0.9,0.6,0.8,0.8,0.6,0.2,,0.5,0.6,0.8,0.7,0.7,1,1.1,0.6,0.4,0.4,0.7,,0.8,0.7,0.8,1.8,1.1,,1.5,0.5,0.9,0.8,1,0.5,0.7,0.7,0.3,0.9,0.7,0.9,0.6,0.5,0.5,0.9,0.7,0.8,0.8,0.4,0.8,0.8,0.8,,0.8,0.4,1.5,0.2,0.8,0.7,0.3,0.8,0.7,0.6,0.3,0.6,0.6,0.8,0.9,1,0.6,0.9,1.1,0.6,0.6,1,0.7,0.7,0.7,0.6,0.7,0.6,0.5,0.4,0.7,0.6,0.6,0.3,0.8,0.3,0.8,0.7,0.5,0.7,0.5,0.4,0.7,0.7
20210423,16,AQI,33,39,33,31,32,32,35,37,40,40,36,35,,,30,,31,31,33,,30,,25,33,,33,27,,53,51,82,,51,69,,,33,34,,34,30,34,36,38,,31,,54,51,67,45,55,50,,49,51,64,,58,,,31,,34,36,35,38,37,,40,34,33,34,34,36,,52,58,,53,44,,43,43,45,45,44,44,,44,43,,,,43,40,,30,29,24,,25,30,31,37,33,,28,40,42,43,39,41,,39,38,38,49,46,49,45,33,29,31,49,29,30,43,40,43,,,55,59,53,53,58,48,49,74,67,68,63,72,67,,68,79,68,82,47,45,,45,52,48,59,47,51,,,62,62,75,60,59,67,27,26,28,40,42,77,,,,58,55,,64,55,51,,,,50,,54,51,54,49,48,52,49,44,46,,,,52,57,,31,35,,52,45,,,102,99,108,,109,72,,,49,,55,55,,36,42,,48,37,42,,52,54,30,,25,56,36,,,45,72,,39,55,69,61,,57,,,48,,62,52,,49,59,104,19,22,23,,47,47,55,54,50,59,50,49,39,41,40,44,40,44,48,42,42,40,35,,29,31,31,34,47,37,,38,35,38,,38,,36,,44,25,37,32,,35,26,37,34,,,,79,73,68,83,64,68,56,62,54,67,,,60,59,63,32,48,33,38,,47,30,,33,44,,,56,63,57,,53,62,63,46,127,129,,125,123,135,133,,123,110,132,55,54,52,53,55,55,,44,51,55,95,57,52,50,46,87,,113,115,,68,70,103,89,73,84,94,65,52,56,73,,,115,134,108,104,80,134,61,54,,45,48,,40,43,50,37,44,52,52,44,29,42,,40,30,37,,52,54,48,72,96,67,54,,,64,59,54,48,67,,110,105,94,83,,,107,49,56,65,67,62,67,,60,60,65,,49,51,48,47,50,54,40,42,38,,41,42,48,49,49,55,60,,52,,,59,48,56,51,,57,31,39,42,,,,40,114,,,,90,96,29,,30,27,26,,42,50,,67,62,58,42,44,40,51,52,,39,47,35,53,,63,45,54,57,48,52,59,51,53,,70,48,60,32,27,28,32,42,45,57,45,,39,35,54,,51,56,,21,,33,34,32,32,40,,39,46,,,36,32,31,58,,55,69,57,,36,46,58,,49,48,36,36,43,38,,,,77,,56,48,,,27,29,27,45,54,59,56,44,51,,55,,,100,,85,51,77,34,37,41,36,28,,38,34,23,26,42,50,22,44,46,46,33,,34,58,,61,50,44,,36,,37,152,132,,51,52,,56,54,54,36,35,,42,47,,,55,55,,56,,43,56,66,53,,71,,49,48,,42,52,,39,,54,55,53,,48,57,49,52,47,,46,46,57,65,63,55,25,38,25,40,36,39,51,27,48,28,38,29,25,52,40,35,59,62,123,125,149,105,135,124,80,65,96,,110,80,97,77,77,76,42,44,50,40,44,32,32,,,35,95,50,,42,36,37,,35,,39,24,30,,109,,123,147,129,115,,57,54,,,,52,,54,,123,112,122,,107,83,103,73,72,,68,,56,45,49,49,51,35,,48,40,45,38,58,44,,29,,,36,34,24,32,25,38,52,44,,34,39,36,50,40,,43,52,41,48,23,32,24,23,26,,68,58,62,60,64,,52,,42,45,55,62,65,52,,,,,35,35,,,48,48,,54,45,42,33,37,30,,37,54,51,45,51,48,,42,49,52,,50,53,,55,26,20,40,35,31,67,53,49,67,77,70,83,,50,37,447,91,99,66,,28,31,,28,28,30,29,34,108,99,57,57,,22,,90,64,64,,49,31,28,40,46,,,44,23,65,46,51,52,35,,38,,57,,59,59,63,48,44,46,40,44,46,,69,58,45,43,46,40,34,46,39,35,49,36,30,,42,36,,45,39,45,59,,,45,40,40,53,,,55,57,57,,,69,89,83,85,,,79,54,54,,60,,50,,54,50,74,,,,,,,40,,,45,,,89,,,52,36,,,131,,44,,,54,,51,53,129,113,94,34,28,33,35,31,32,32,33,22,45,50,43,27,30,31,45,39,,34,39,53,,54,42,40,36,30,,31,30,53,55,49,50,,,,37,39,39,36,46,44,59,42,,36,25,,41,44,46,37,,,34,21,23,23,55,53,,,46,,,44,51,44,,45,52,44,52,47,55,64,59,40,,35,39,48,35,37,32,,34,,33,25,47,,,64,,83,,,,44,43,52,46,67,74,,33,,57,54,47,55,46,43,,51,34,38,36,37,29,36,34,76,35,37,40,37,30,,33,48,23,,36,24,40,44,40,40,42,46,40,43,45,,34,35,37,38,35,34,,38,37,41,47,,41,42,51,,,51,53,,38,44,37,37,35,37,42,,,65,73,,,89,88,44,,44,48,60,,57,58,59,69,61,38,,58,52,50,36,35,35,,83,99,,58,69,,57,57,,35,29,33,46,54,,49,52,52,,68,80,59,,29,29,,35,35,,38,,33,,31,47,57,38,,,,40,,35,43,37,38,43,33,28,36,30,,37,38,40,37,42,36,,31,,31,,,33,30,31,26,45,26,26,,23,27,,49,38,58,52,39,20,36,39,48,46,55,46,53,44,,39,35,57,56,39,38,40,40,59,40,41,52,50,12,16,,23,70,31,28,28,40,39,40,42,44,47,52,44,50,54,,,49,,52,,55,59,55,55,55,83,,41,,28,,,,,38,41,39,40,42,39,42,42,,33,40,47,56,53,59,57,,60,,62,,,,,25,25,60,70,55,47,44,,51,63,50,46,45,38,42,37,67,63,67,71,49,43,,58,69,55,62,,64,57,56,70,,62,61,,35,45,,48,66,37,,39,,36,,72,49,,20,20,19,69,46,46,53,26,28,26,46,,33,33,19,23,23,88,,,97,24,20,500,500,,26,24,26,,23,,56,56,38,,39,,34,45,33,39,38,,39,38,,30,23,27,24,66,64,114,107,26,,30,37,34,,78,33,,30,32,,,38,56,41,26,,23,26,,29,57,39,,,35,35,32,48,53,,41,92,53,,59,45,48,,62,,84,50,104,43,51,52,,,61,31,28,51,52,17,,,45,,58,31,,81,84,117,41,,83,64,,,70,,55,65,54,60,63,62,89,53,74,53,48,70,,,31,,,108,50,60,58,,,39,58,57,74,54,39,36,31,89,36,40,,40,37,33,35,31,56,52,50,,57,38,59,67,39,53,55,55,58,31,31,35,,55,50,56,51,32,35,51,118,,39,33,84,,53,14,15,,,44,,39,37,60,35,34,49,36,97,105,61,42,45,36,47,64,,,44,39,47,54,55,,427,67,50,52,,87,53,54,62,80,43,57,83,90,51,52,,71,,49,35,50,40,36,,160,102,121,89,105,93,54,60,,,54,45,57,,40,,109,56,51,32,43,33,,35,44,64,42,68,31,31,105,132,54,55,,117,135,31,52,,34,37,39,,40,51,39,46,35,24,35,43,104,77,101,57,46,34,45,58,48,41,,33,35,,38,48,67,52,51,29,38,37,,67,36,40,28,43,,51,,39,67,46,,42,57,62,40,,,77,34,51,61,44,49,56,,60,66,46,48,39,,,36,50,,62,31,29,28,28,28,,139,32,51,133,51,52,47,27,79,50,41,75,139,64,36,55,30,36,,35,66,43,,42,74,51,50,58,56,65,,79,129,62,70,25,42,34,22,60,36,30,73,45,49,49,25,35,,27,36,,,45,,,22,51,,34,,46,34,35,40,110,,,133,,,34,42,40,40,41,41,45,30,49,35,53,60,48,36,28,51,43,,102,,32,51,,26,47,45,47,35,44,59,,,44,56,45,53,,,68,63,52,59,56,31,,35,34,57,,39,64,58,90,,66,61,51,49,60,,64,71,,83,,78,63,55,37,55,55,48,49,50,50,28,,,136,17,13,,56,89,75,68,59,51,,100,,32,52,38,,43,72,142,112,65,58,42,64,64,62,,58,41,37,30,,,56,68,40,,47,46,,69,28,46,32,,69,63,65,40,43,33,41,34,53,68,58,37,46,57,38,72,42,42,40,41,43,32,43,43,44,43,62,59,67,47,32,46,64,39,46,,36,53,51
20210423,16,PM2.5,6,6,7,5,5,8,5,6,5,6,4,6,,,15,,16,16,14,,8,,14,8,,11,6,,34,31,60,36,28,50,,,21,20,,13,15,21,25,18,,15,,20,34,34,20,19,13,,16,21,32,,24,32,73,15,4,7,11,13,16,13,,26,17,14,16,18,25,,31,33,,31,16,,26,22,25,15,15,18,,11,16,,,13,7,15,11,14,19,13,,17,17,20,20,16,,13,25,22,24,27,18,,12,20,20,29,32,34,31,23,18,18,34,20,18,30,28,30,42,,39,42,37,37,41,33,34,31,48,49,45,52,48,,49,58,49,60,29,19,,17,22,33,22,19,31,,,44,44,55,43,42,48,17,14,14,16,29,56,,,,25,39,,46,39,33,,,,35,,29,34,36,34,29,36,34,29,32,,,,36,40,,14,20,31,34,31,,28,76,74,81,,82,52,34,,34,,39,35,,18,28,,28,24,28,,32,25,16,26,13,39,21,,,31,52,74,27,32,40,28,,40,,,26,,37,36,,34,42,78,6,7,6,,24,20,30,36,31,42,32,34,17,17,27,17,19,17,27,29,29,24,13,,14,9,15,6,14,19,18,16,22,16,,17,5,11,,29,17,12,16,,24,17,12,22,29,,,58,53,49,61,46,46,38,36,33,42,,30,37,37,45,12,15,22,18,22,18,11,,13,29,30,35,37,45,30,32,37,34,45,32,44,45,,35,47,43,47,41,36,43,48,35,33,28,26,34,27,,19,23,30,41,40,23,22,29,34,32,35,41,,49,40,36,42,53,35,37,33,30,38,53,,,30,35,44,43,39,44,28,21,24,24,29,30,23,25,22,21,21,23,24,21,13,16,27,17,15,11,,22,30,26,37,32,37,26,,,30,42,25,23,43,,63,63,38,46,,,45,34,29,36,34,41,34,,36,36,29,,23,20,22,30,19,20,12,6,6,,6,2,31,31,34,28,36,,36,,,32,33,25,34,,33,18,19,25,,,,18,20,,,,47,32,10,,14,11,10,,29,32,36,48,44,41,24,22,28,27,25,39,27,32,24,18,,16,24,15,24,13,19,19,29,27,,51,33,43,22,11,19,15,29,31,40,31,,27,24,16,,17,17,,10,,17,15,17,18,16,,16,25,,,12,18,17,41,,39,50,40,,18,17,34,,34,14,24,19,18,9,,,,56,,36,31,,,4,13,15,31,38,42,34,27,23,,39,,,40,,18,27,39,11,13,22,17,14,,13,12,15,18,14,14,9,22,15,22,22,32,23,22,30,30,24,26,,23,,14,50,33,,25,33,,18,20,16,19,20,,29,21,,,36,24,,16,,12,15,20,15,27,19,,29,33,,29,36,,18,,35,39,37,,33,40,23,33,15,,32,32,40,47,45,39,17,26,17,28,25,27,34,11,18,15,26,12,9,36,28,24,42,44,93,95,114,79,103,94,19,27,27,,36,52,72,55,39,52,29,20,10,25,9,19,18,20,,24,71,33,,23,12,12,,6,,9,9,8,,82,,93,112,98,87,33,40,29,,,,30,,26,,93,84,92,,80,61,77,49,52,,49,,36,31,34,34,12,18,,33,20,21,23,22,20,,20,,,16,23,10,22,5,26,34,26,28,19,17,12,22,28,,26,24,26,27,12,17,8,3,12,11,49,41,44,39,39,,33,15,24,22,39,44,47,36,,,,,12,18,,12,31,33,25,38,22,28,20,19,8,12,22,14,16,30,33,33,,28,34,36,,35,37,,39,10,12,27,24,19,42,26,29,48,56,51,61,,20,17,112,24,22,17,27,18,13,,12,17,20,11,2,81,74,39,39,,6,,67,46,46,,34,8,12,28,32,,,13,16,47,32,21,24,24,,9,,33,,33,42,45,32,29,32,24,25,30,,50,35,31,26,32,24,22,32,22,24,34,25,20,,28,22,,28,22,31,40,,,31,27,28,37,,39,36,34,34,,,29,66,61,63,,,58,34,23,,29,22,29,,31,33,54,,,,63,,13,11,29,,23,,,25,,,36,25,,,38,35,21,,,38,,12,31,29,32,25,11,14,20,24,15,22,22,23,15,31,23,30,17,15,18,31,27,,19,27,37,,25,29,9,12,17,,15,18,21,25,21,25,,,,17,26,22,11,32,27,42,29,24,22,1,36,26,28,27,25,,,18,7,11,12,39,37,,12,32,33,,17,22,29,,31,36,25,28,21,36,46,42,23,34,24,3,33,3,13,10,,8,1,7,17,24,27,,46,,61,,,,9,15,18,27,45,54,,14,,40,38,31,8,14,10,15,22,17,14,12,14,13,7,13,16,19,16,18,15,20,,13,27,11,10,17,16,19,22,19,9,21,25,21,15,27,,21,22,12,17,17,16,,8,24,19,22,24,19,19,29,,,24,33,32,22,30,24,22,20,22,10,,52,45,53,,61,66,65,30,,27,16,43,,40,34,36,39,36,26,,41,36,35,23,24,24,,61,74,,34,43,,29,31,4,24,20,23,32,38,33,34,21,15,,49,59,42,,8,8,,20,16,19,20,,21,9,16,22,16,25,,,28,16,,24,25,23,25,26,12,6,25,15,,23,20,28,23,29,14,10,13,12,10,15,16,23,6,16,8,31,13,12,12,16,17,,31,21,41,22,14,14,7,12,18,18,32,29,30,19,,27,24,31,36,11,17,28,26,28,25,26,33,35,8,6,,8,51,16,14,11,23,18,20,29,27,26,28,26,21,18,,,29,30,31,,32,27,21,33,39,55,,22,,13,,,,,6,4,9,7,6,5,6,4,,8,20,20,27,22,36,40,,43,,43,,,,,5,9,26,25,39,19,30,,29,45,35,16,15,6,17,7,44,26,48,39,22,22,,36,50,39,42,60,41,22,14,37,,34,33,,15,3,,10,14,5,,7,,5,,8,6,5,6,6,5,50,32,32,37,4,,4,19,,14,9,5,15,6,50,,,40,13,6,133,139,,13,14,11,6,9,,24,39,8,,21,,20,7,2,16,16,,14,10,,10,1,4,2,33,32,35,32,12,,18,18,11,20,19,4,4,6,2,,,17,16,8,10,,16,12,19,9,29,15,,,8,11,9,33,25,,11,68,37,,42,30,18,,42,,62,23,48,30,24,22,,6,26,14,14,29,29,4,,,14,21,36,12,,29,32,32,18,,61,24,,,51,39,34,47,38,43,30,44,66,37,54,30,17,43,,,16,,,27,20,41,41,12,22,27,41,40,54,23,13,24,14,66,1,16,32,18,17,23,1,19,21,36,35,37,38,6,29,30,7,30,38,33,15,18,17,20,34,26,20,37,28,12,24,32,89,,18,10,62,,10,9,8,,,23,,23,3,34,5,20,34,18,41,79,14,17,17,15,25,31,16,,26,24,24,28,12,,119,48,35,36,60,64,37,38,44,59,5,18,28,28,22,24,,48,,34,24,35,19,24,,37,36,35,38,36,27,31,39,26,12,31,31,31,,12,,28,20,18,16,30,22,,24,29,46,26,33,19,15,79,100,36,38,,88,103,19,36,10,5,7,27,,20,29,27,20,24,13,11,28,31,35,44,40,29,15,30,41,19,22,64,19,14,16,23,27,35,18,20,20,14,3,35,48,13,28,17,24,,17,16,3,36,32,,25,40,44,11,,,56,3,4,23,20,34,26,,43,32,30,33,27,24,37,19,35,27,44,19,9,15,16,8,,41,14,32,40,23,12,29,12,58,21,12,34,36,46,25,28,13,7,9,24,42,14,16,29,54,35,35,40,37,28,,54,98,44,51,17,13,19,10,34,20,16,26,19,30,30,5,24,12,15,22,27,,23,,10,14,24,,6,,25,14,12,18,38,,2,54,,29,17,15,13,19,21,27,23,20,24,23,33,32,29,25,12,22,26,,76,,22,32,,18,22,31,17,19,28,42,,,24,18,20,14,,,46,18,22,7,38,9,,13,14,40,,12,14,12,26,28,25,4,10,14,38,,45,50,,61,38,54,45,34,15,39,39,33,32,35,18,12,,,46,9,2,32,23,66,34,32,36,13,,27,,13,36,17,,30,52,108,84,26,35,15,46,36,44,39,41,28,20,7,50,35,38,26,20,32,24,14,,17,14,32,5,,50,45,38,7,5,5,6,6,18,45,41,17,20,37,13,52,19,29,28,5,4,6,4,17,16,22,44,30,14,32,19,17,46,27,27,,,37,27
20210423,16,PM2.5_24h,29,44,30,24,25,34,29,27,29,44,26,33,,,20,,22,21,19,,16,,23,22,,21,15,,52,45,57,53,46,55,,,22,21,,32,21,18,22,24,,13,,43,40,41,37,35,35,,34,36,32,,32,43,34,17,13,15,17,30,28,26,,30,34,30,33,34,41,,46,43,49,47,56,,43,63,64,52,50,46,,16,18,,,18,12,17,18,34,34,31,,33,34,33,33,33,,34,26,18,15,20,12,,11,17,21,21,42,33,36,32,30,29,38,31,31,32,31,31,48,,31,33,38,33,39,44,45,42,57,54,58,57,60,,58,52,56,59,37,33,44,34,38,35,35,47,40,96,,45,43,67,41,39,73,44,48,47,65,51,48,,,,53,50,,52,50,34,,,,42,,38,45,47,42,45,47,44,46,64,,,,71,58,,34,57,61,50,53,,44,72,62,68,40,51,55,30,,35,,35,33,,45,45,,47,36,42,,42,46,57,32,19,35,25,,,31,49,37,23,20,24,24,,54,,,37,,48,51,,15,21,25,11,9,11,,43,38,37,33,32,34,28,28,25,31,31,24,26,28,32,30,27,32,18,,23,13,20,22,16,24,14,23,21,14,,18,9,9,,34,28,27,31,,37,40,27,36,15,,,34,38,32,28,32,24,41,35,38,39,41,38,40,37,34,23,17,19,19,25,21,16,,18,21,30,29,24,30,21,23,29,20,27,14,44,42,,38,38,35,52,40,40,44,41,28,26,25,24,27,32,,19,26,27,39,29,22,23,25,32,36,39,32,,34,51,40,34,32,28,25,25,27,20,29,,,38,35,44,48,48,49,44,32,31,30,26,30,23,26,24,22,24,25,25,23,11,13,14,12,13,17,,27,28,27,30,27,29,27,,,27,31,21,27,33,,84,84,71,76,,,87,52,26,30,30,36,29,,34,36,27,,31,27,45,41,34,34,8,6,8,6,8,4,35,36,38,32,39,40,37,37,,35,38,34,37,,31,18,19,25,,,,25,19,,,,30,25,9,11,13,12,9,,22,22,25,30,28,24,22,19,20,19,27,37,22,26,15,29,,40,37,30,31,16,23,23,27,22,,40,39,49,25,16,17,19,35,38,38,62,32,41,40,21,21,19,18,,19,,33,25,28,28,27,,26,40,,,31,33,33,57,,56,50,48,,52,43,48,,44,14,13,10,14,11,,,,63,,54,48,,57,26,29,35,36,37,36,22,20,18,,43,,,43,,37,38,42,32,27,27,25,27,,17,18,16,17,22,19,18,26,20,20,29,35,34,21,26,23,28,34,33,23,,18,52,44,,28,32,,37,33,32,32,23,,31,33,,,51,45,,25,,22,27,24,32,85,52,,82,66,,50,53,,50,,72,57,66,,55,57,15,19,10,,23,24,28,27,26,21,15,40,35,42,41,38,45,12,15,17,21,11,16,60,42,31,50,70,57,53,66,60,60,48,21,22,20,,27,44,45,59,44,47,30,24,21,30,21,29,30,30,,27,40,40,,37,35,33,29,29,,34,24,6,,75,,76,96,78,76,38,46,35,,,,38,,32,,70,70,78,,74,67,66,48,44,,44,,39,39,35,40,20,22,,26,23,22,21,23,20,,22,,,16,28,12,17,4,28,31,28,31,16,11,13,17,35,32,26,35,37,33,12,14,22,25,43,51,55,51,52,48,47,,37,22,29,29,37,43,44,38,,,,,48,40,,37,23,29,18,24,23,28,18,16,13,13,16,26,22,34,32,33,,29,32,41,,32,35,,42,24,26,36,32,30,37,32,43,47,50,46,57,,37,38,77,28,34,26,57,13,15,,8,11,10,17,7,55,53,34,34,,20,,39,30,30,,33,19,18,17,18,,,13,13,15,18,16,14,20,,10,13,37,,42,45,46,42,38,41,43,40,38,,43,38,43,44,46,38,41,38,36,38,37,24,25,,36,29,,27,30,31,40,,,28,33,31,34,31,30,29,27,28,,,24,58,57,56,78,,55,36,37,30,33,29,46,,46,51,52,,,49,52,,43,34,25,,24,,23,24,,,33,17,,,34,29,23,,,27,31,27,21,26,27,31,25,24,23,26,27,23,27,24,29,38,29,34,30,30,29,32,32,,24,25,34,,22,23,22,24,17,16,23,20,29,27,29,80,,,,94,120,100,90,138,95,107,90,45,41,32,183,174,146,152,137,,,166,17,20,16,63,61,,24,39,35,,31,34,38,,51,48,34,43,29,39,38,51,28,36,27,22,41,24,24,20,,18,12,16,22,48,34,,38,,45,,,,28,24,33,40,47,48,,23,,40,43,37,23,23,33,28,26,32,23,36,17,12,16,21,17,28,35,30,25,17,,16,12,14,14,15,15,12,36,25,15,26,25,21,24,26,,12,16,13,18,19,21,26,23,32,27,22,27,24,23,23,,,25,24,28,22,25,24,19,31,36,20,,65,63,61,,65,68,64,48,,47,34,39,,35,34,37,38,34,33,40,38,35,34,39,44,39,,46,48,41,27,30,,40,29,11,30,26,28,39,46,48,47,23,19,,33,35,26,,20,21,,23,18,23,24,,22,13,17,21,16,22,,,20,27,,22,21,23,25,29,14,20,24,21,15,21,30,25,29,30,23,21,20,27,21,11,12,17,14,15,14,26,21,22,19,10,14,12,37,28,33,25,19,17,10,16,20,19,38,34,37,32,30,31,33,33,32,22,28,32,30,33,36,32,25,29,16,15,,13,15,19,15,17,19,26,29,24,49,49,46,44,38,47,,,21,27,24,,24,22,20,26,35,38,,37,,33,,,,,21,18,23,28,21,14,15,18,,10,20,21,23,22,23,37,39,40,24,40,,,,,9,9,36,38,30,29,26,,24,52,39,30,30,11,20,10,52,34,47,39,29,30,,46,50,44,47,62,42,27,21,41,,41,38,,22,3,,7,10,5,,10,,4,,9,6,10,10,11,15,29,29,26,28,11,10,10,20,,18,11,9,14,16,50,,44,51,21,17,65,62,,23,24,13,12,11,,33,46,27,,20,24,21,18,7,12,18,,22,24,,29,15,14,16,42,43,61,43,10,,15,10,11,27,22,8,8,11,14,,,18,20,17,16,,14,12,12,9,26,23,69,39,7,26,15,52,51,,30,67,47,,37,54,36,,38,,62,36,94,27,41,44,,9,39,33,29,23,38,12,,,27,22,49,23,,26,26,29,23,,53,39,,,38,61,59,44,47,46,35,39,44,64,28,34,20,29,61,,19,35,,54,24,40,33,8,23,28,44,50,40,17,18,27,19,64,26,9,31,26,15,29,9,25,22,34,34,32,36,7,30,40,13,32,34,62,48,21,22,22,37,32,52,38,21,22,30,33,73,,33,21,57,,14,19,14,,,20,55,41,30,35,9,21,43,34,53,65,24,31,48,20,36,25,25,,35,20,25,25,17,,64,53,23,50,50,57,55,54,57,41,44,24,30,21,30,23,,52,,37,36,33,31,32,52,57,46,41,34,37,36,25,31,29,17,30,27,52,,12,40,36,33,20,24,43,34,14,33,45,49,43,40,24,27,71,78,32,36,,76,85,50,60,50,132,20,43,,24,45,24,23,30,16,25,17,55,58,57,42,43,14,41,51,32,10,65,35,33,33,37,50,34,26,35,33,15,15,32,47,20,24,14,26,,22,19,26,36,43,57,44,45,54,32,29,,63,21,29,29,20,44,34,36,50,37,38,44,36,37,44,39,30,35,40,21,7,10,13,11,,45,29,30,44,31,19,25,17,32,22,22,27,48,58,14,57,28,10,24,22,40,25,32,30,39,32,40,42,39,33,,67,75,42,44,41,24,22,15,35,33,27,48,38,55,49,24,41,29,35,32,22,,32,,23,18,15,28,24,42,39,34,36,30,29,,13,24,,31,28,22,20,20,15,24,29,26,23,26,29,39,23,14,12,19,19,,53,,33,21,,22,32,36,30,39,42,71,16,,16,30,28,24,,,86,34,40,40,53,11,28,10,14,49,56,29,43,40,40,37,36,36,27,33,39,40,50,43,,84,36,43,49,32,40,36,47,32,35,50,26,9,5,331,354,20,18,47,63,61,30,36,28,38,,36,35,24,27,32,,34,42,87,75,137,35,42,25,23,47,56,36,50,32,25,42,34,38,29,21,50,33,34,,15,22,36,5,40,51,56,42,41,31,29,33,28,25,57,52,39,34,122,30,55,25,29,23,43,32,27,29,19,15,46,43,42,24,78,24,80,36,29,42,6,4,48,36
20210423,16,PM10,30,38,28,3,22,26,28,37,40,37,36,35,,,22,,16,25,28,,20,,21,13,,15,9,,56,51,67,53,51,57,,,26,29,,19,29,30,32,38,,29,,58,51,84,45,59,50,,49,52,78,,66,85,,14,,27,5,9,37,25,,40,28,29,23,34,29,,53,66,51,56,34,,38,39,34,33,28,32,,31,36,,,,31,34,,29,20,18,,15,30,31,37,33,,24,40,42,25,34,26,,21,27,30,49,36,42,44,32,29,22,37,21,30,38,36,43,78,,49,54,43,44,41,44,43,97,69,40,47,47,45,,51,27,36,40,47,39,,39,54,22,39,36,51,,,48,61,54,51,48,60,15,20,15,40,12,63,,,,66,42,,61,56,51,,,,36,,58,52,57,46,48,51,46,44,46,,,,50,52,,28,35,26,53,42,,35,61,68,61,44,53,62,48,,47,,51,60,,36,42,,48,37,42,,53,58,22,28,24,61,36,,,42,65,117,35,60,87,72,,60,,,48,,74,52,,46,63,102,8,11,10,,36,34,60,57,50,42,50,33,34,41,28,27,34,44,48,39,34,31,9,,15,19,19,18,42,23,22,33,26,22,,33,23,26,,26,24,37,32,,34,24,37,34,51,,,85,88,68,105,70,85,62,74,58,83,,78,70,67,74,27,48,33,38,24,47,26,,29,44,41,39,62,51,54,50,49,61,60,40,83,82,,66,93,72,81,81,96,72,78,59,58,54,56,60,59,,36,51,59,85,56,54,50,45,71,66,74,90,,52,73,61,86,94,62,55,54,44,62,35,,,58,60,43,85,84,96,72,58,38,42,48,38,40,43,50,37,44,53,54,44,29,42,32,40,30,37,,53,57,48,93,141,83,58,,,77,55,57,48,83,,82,89,62,62,,,69,43,61,80,83,73,83,,70,70,80,,38,51,48,47,50,58,14,20,20,,20,16,48,49,44,60,70,,38,61,,67,48,62,52,,63,30,39,42,,,,34,178,,,,130,142,18,,14,22,20,,19,50,51,60,69,51,39,36,38,51,53,61,34,43,33,55,,75,34,58,64,45,53,68,51,56,,62,46,50,31,26,25,32,23,28,29,33,,37,28,57,,51,61,,19,,22,22,29,17,40,,39,46,,,31,26,22,50,,39,74,53,,32,46,66,,31,48,36,36,43,27,,,,75,,61,48,,58,27,29,27,44,46,53,61,44,51,,51,,,58,,65,51,62,34,24,41,31,25,,38,34,23,25,42,50,22,44,46,46,26,50,28,63,52,72,50,39,,36,,37,49,59,,52,54,,61,57,58,36,32,,42,43,,,59,59,,62,,36,61,81,56,,91,,49,44,,38,36,,39,,57,52,51,,45,46,49,54,47,,44,43,52,46,41,41,20,26,16,24,22,22,52,14,48,28,16,19,13,44,15,32,30,40,117,137,129,106,121,121,109,80,141,,169,109,128,103,104,102,38,25,34,39,24,32,28,44,,35,33,50,,36,13,18,,14,,24,24,8,,113,,102,153,124,111,,62,58,,,,54,,57,,142,131,116,,101,92,96,96,81,,70,,61,40,42,41,51,31,,33,30,45,28,36,34,,27,,,28,34,24,22,25,38,54,44,50,34,39,36,50,33,,43,54,41,48,23,32,16,23,26,14,56,64,62,58,60,,53,57,34,45,44,59,53,54,,,,,35,22,,44,48,44,39,48,45,42,33,37,29,38,37,57,51,45,51,48,,42,45,50,,43,42,,54,26,18,40,35,31,83,55,49,61,66,66,61,,50,37,547,131,148,82,91,7,15,,28,27,19,13,15,101,81,63,63,,22,,77,66,66,,47,12,11,29,44,,,44,19,44,45,52,53,27,31,14,9,63,,67,66,60,48,44,45,40,44,46,,65,66,40,43,38,28,26,38,30,33,39,27,29,,42,36,,39,38,43,68,,,31,40,32,38,,64,59,63,64,,,88,82,108,107,119,,108,58,58,69,70,61,50,,57,50,78,,,89,80,,47,38,,,45,,,128,,,20,35,,,212,150,42,,,45,,52,56,208,175,137,16,25,24,34,10,26,29,27,17,42,50,21,21,18,10,29,25,,34,26,47,,57,36,29,26,25,,23,16,56,60,49,50,,,,27,39,39,24,46,44,40,40,24,36,12,65,41,44,46,37,,,32,19,23,23,58,55,,12,40,48,,44,51,44,,41,42,32,53,47,60,48,46,40,49,31,39,47,35,24,17,,14,18,14,24,41,38,,53,,94,,,,44,31,53,46,84,77,,22,,45,47,47,60,46,43,,52,27,32,27,22,14,27,19,102,32,30,40,34,23,,19,48,13,20,36,20,25,39,35,37,42,32,40,36,37,,24,24,26,27,30,26,30,36,25,41,47,35,32,41,51,,,51,56,44,38,44,37,35,28,30,26,,92,80,75,,100,65,90,44,,44,48,54,,58,66,68,88,71,33,36,49,43,50,36,32,30,,64,69,,66,87,,63,63,48,31,23,30,43,39,36,40,53,53,,46,47,49,,13,12,,20,22,26,21,,33,38,31,47,63,35,40,41,41,38,38,31,43,37,38,43,27,27,21,16,,37,38,33,34,40,30,24,25,25,26,20,24,19,23,25,16,30,25,26,26,18,24,,49,38,57,54,39,15,36,39,48,46,60,46,55,44,,36,31,63,62,39,33,36,40,67,40,41,53,49,12,11,,23,29,31,28,28,40,36,34,37,42,43,54,44,33,39,,,49,33,54,,59,68,59,59,60,116,,24,,19,,,,,12,24,13,11,24,15,17,15,,23,32,43,62,55,68,60,,69,59,74,,,,,25,25,48,43,53,11,44,,51,52,34,40,42,17,42,34,83,75,60,92,49,39,,66,61,56,74,125,70,64,61,89,,73,72,,30,1,,48,82,28,,22,,11,,93,49,6,12,1,11,63,46,44,47,8,3,6,22,,33,33,9,15,19,126,,,143,24,17,896,796,,14,24,19,22,18,,61,61,8,,28,26,24,10,17,39,28,,28,38,,20,6,3,2,81,77,178,164,23,,22,37,34,60,105,33,26,21,29,,,38,62,41,3,,9,26,18,22,63,27,,,18,15,20,41,56,,38,95,30,,56,45,43,,73,,73,50,79,40,51,53,,10,72,31,21,51,54,9,,,45,55,65,26,,112,117,184,41,,56,78,,,56,56,59,53,51,68,76,46,95,48,43,55,48,89,,,30,41,,52,50,69,57,22,48,34,44,64,82,22,31,15,23,82,10,19,38,40,37,30,26,31,61,50,49,49,64,6,67,83,39,56,59,47,32,29,26,26,70,59,29,61,52,23,33,52,128,,39,22,80,,55,14,14,,,44,74,39,19,69,15,24,41,36,143,124,71,37,45,24,47,78,21,,44,39,47,57,59,,527,53,28,38,64,54,44,31,57,39,24,63,116,130,52,54,,91,,47,34,40,25,36,,80,70,58,75,77,69,57,64,62,40,57,45,63,,40,,48,62,51,16,21,29,19,33,44,63,41,85,25,24,133,142,57,60,,,129,31,28,,20,37,37,,40,51,18,46,24,24,35,43,61,45,68,64,39,34,45,61,48,41,90,22,14,41,38,48,84,54,51,29,28,4,36,27,27,36,26,43,,51,,30,84,46,,42,62,64,14,,,80,19,52,71,39,40,61,,69,81,46,43,37,32,60,36,49,45,53,31,21,28,19,24,,65,32,51,73,52,54,47,27,72,50,41,63,56,64,35,59,27,15,84,30,81,41,,39,66,52,48,65,61,79,,107,124,63,79,23,28,34,18,69,36,29,40,32,46,49,12,32,27,17,36,56,,45,,22,22,51,,20,,46,22,31,29,169,,2,216,,40,23,28,40,40,32,41,45,30,49,28,56,52,48,31,28,52,43,,69,,31,52,,5,47,31,27,29,44,64,47,,44,62,45,55,,,86,76,53,68,61,28,,31,34,50,,32,77,66,130,133,82,72,52,49,69,,78,92,,90,61,105,38,60,37,51,38,37,49,47,50,7,,,222,17,5,,61,89,100,44,68,52,,47,,26,25,34,,27,70,136,116,80,65,42,59,78,49,43,41,41,37,22,80,42,61,85,34,48,47,31,,87,9,43,11,72,66,71,79,40,43,33,41,32,55,86,36,37,46,64,25,89,29,40,28,21,43,31,43,34,34,34,61,67,83,47,26,46,71,30,46,,22,53,51
20210423,16,PM10_24h,38,42,40,32,37,35,42,35,35,47,42,51,,,26,,30,27,29,,29,,52,32,,24,23,,77,68,81,74,75,68,,,23,25,,19,31,28,25,32,,24,,68,60,82,60,62,64,,62,64,78,,71,76,73,15,13,24,14,15,52,46,,48,43,43,44,47,44,,66,70,65,68,92,,59,93,81,79,74,70,,35,32,,,35,32,30,32,56,52,53,,48,62,56,66,61,,45,44,51,29,27,27,,24,27,36,35,58,48,60,47,43,37,57,43,49,51,56,64,78,,63,61,62,56,54,64,70,68,65,57,59,60,61,,60,48,53,50,63,49,49,56,73,40,53,65,54,67,,62,63,60,60,65,61,46,43,46,47,49,51,,,,73,44,,64,78,71,,,,52,,65,72,80,58,66,66,53,66,95,,,,100,85,,50,52,65,56,64,,47,60,54,54,48,43,59,38,,43,,60,54,,76,61,,91,62,71,,96,97,86,42,43,58,39,,,46,59,74,37,39,58,55,,80,,,59,,119,84,,31,32,37,22,18,23,,62,61,69,64,60,50,57,35,42,46,33,38,44,48,54,44,41,43,23,,44,37,49,47,42,32,27,34,38,18,,39,34,28,,32,46,56,52,,53,52,52,57,25,,,47,48,41,46,44,40,71,75,69,88,86,76,83,75,66,34,35,34,34,32,32,30,,32,35,37,27,36,29,32,30,27,34,32,29,85,78,,75,91,71,102,80,102,81,75,58,58,58,60,52,84,,42,56,59,86,57,60,50,50,71,70,72,64,,50,94,78,59,63,54,49,52,54,50,55,,,81,71,76,104,96,105,92,85,55,57,47,56,44,44,42,39,42,46,54,50,27,28,37,30,31,30,,57,46,42,62,72,58,55,,,44,64,57,60,61,,106,112,92,107,,,124,69,49,70,68,57,67,,65,68,64,,49,53,82,63,64,78,15,29,34,16,26,22,84,74,111,79,87,76,74,118,,87,75,103,82,,61,33,40,43,,,,45,59,,,,71,68,29,29,27,32,30,,34,33,30,35,37,35,30,28,37,40,37,55,29,32,25,53,,69,56,57,55,49,59,52,55,61,,60,63,75,45,38,39,47,39,38,32,59,54,37,35,39,35,41,34,,31,,50,56,55,44,41,,49,60,,,46,32,33,62,,50,71,56,,75,72,80,,49,22,16,14,22,19,,,,82,,68,70,,61,54,52,51,40,42,48,24,26,32,,37,,,62,,60,59,66,47,44,45,45,59,,36,33,34,33,44,40,35,54,49,55,45,51,52,50,52,54,59,57,58,40,,48,79,75,,56,56,,67,63,66,61,37,,58,56,,,73,84,,62,,44,57,76,62,79,84,,80,94,,58,55,,57,,98,78,97,,77,65,35,36,26,,45,52,51,59,53,45,25,62,55,64,54,53,84,25,43,40,25,25,30,36,34,36,37,55,82,95,87,91,83,70,78,67,76,,77,86,90,101,99,87,54,44,41,49,41,37,37,38,,49,40,51,,52,47,46,43,42,,52,45,8,,93,,91,136,105,103,64,62,64,,,,67,,59,,116,113,100,,100,88,91,80,71,,60,,53,48,51,54,43,46,,34,39,37,30,30,25,,29,,,24,36,30,28,17,36,50,46,51,34,38,29,41,49,51,48,60,59,53,27,27,35,60,62,70,70,75,80,68,68,,55,51,41,55,48,60,62,58,,,,,76,70,,80,31,40,39,50,35,33,29,34,33,36,40,59,53,64,66,57,,55,47,71,,58,60,,101,44,41,64,47,55,77,63,69,72,73,75,83,,126,136,382,81,67,59,72,13,18,,18,34,28,30,35,68,57,54,54,,26,,48,36,36,,35,20,19,19,23,,,29,15,48,25,32,31,17,22,15,17,65,,79,68,65,59,57,51,67,72,59,,66,85,63,70,67,56,57,51,47,62,59,37,39,,61,69,,60,58,44,66,,,29,47,39,40,47,48,41,47,47,,,78,89,101,101,94,,102,85,84,78,84,103,63,,60,68,72,,,77,73,,58,61,75,,76,,64,60,,,33,38,,,80,73,37,,,60,57,51,49,70,74,54,35,38,30,32,30,33,40,39,47,51,61,54,42,32,24,28,29,,49,40,47,,45,45,56,56,38,27,50,46,48,50,46,120,,,,130,151,186,114,178,138,149,100,53,67,42,276,221,175,172,155,,,199,33,43,33,87,86,,35,51,52,,44,50,48,,53,56,47,55,42,47,50,51,53,64,50,56,55,47,30,27,,22,25,23,36,54,49,,53,,66,,,,52,48,48,54,69,70,,38,,49,51,46,50,40,45,45,34,47,39,62,24,11,23,28,30,48,49,66,44,29,,32,25,28,27,30,35,14,59,43,44,48,32,43,52,42,,28,27,28,28,28,35,46,41,41,49,45,40,37,45,39,,,45,40,39,38,37,38,36,44,57,58,,107,88,90,,100,75,85,60,,64,61,52,,64,57,58,62,57,56,52,54,52,52,58,57,61,,62,54,55,48,61,,73,59,52,38,28,38,38,43,45,44,45,44,,41,36,41,,33,30,,34,24,33,31,,35,30,33,36,48,35,39,36,32,37,40,35,37,33,48,38,28,24,34,27,26,37,32,38,38,38,35,35,34,33,38,17,25,21,35,30,19,30,27,37,29,15,24,18,79,65,75,73,45,34,44,40,40,53,70,68,74,70,50,52,49,70,61,49,53,42,50,86,54,49,54,45,26,28,,32,40,34,27,32,32,41,48,40,67,71,66,65,54,82,,,38,38,39,,46,55,52,48,72,70,,52,,46,,,,,36,43,50,49,43,28,27,40,,30,31,42,52,49,60,51,54,60,58,70,,,,,33,22,59,63,52,44,42,,38,67,63,53,61,24,43,35,81,77,57,76,49,53,,69,74,62,67,114,87,59,50,102,,73,69,,29,4,,28,41,19,,28,,9,,20,14,18,27,20,29,65,61,47,51,16,19,20,22,,35,33,17,23,31,134,,158,163,34,36,410,385,,35,35,19,21,19,,66,75,44,,36,43,31,25,24,32,60,,50,49,,57,25,22,23,118,110,341,294,22,,25,28,24,96,114,85,68,84,75,,,44,41,41,25,,14,25,28,30,56,35,77,77,16,30,24,79,66,,88,105,39,,50,148,58,,45,,71,55,116,35,80,78,,12,57,67,54,44,82,16,,,48,48,106,28,,69,70,77,43,,63,42,,,35,92,104,54,58,69,73,47,56,95,34,61,44,56,51,,29,50,,92,56,68,52,22,29,58,45,73,72,26,32,19,26,92,58,16,35,37,37,34,33,41,43,45,49,45,51,15,42,78,35,59,54,89,76,31,32,32,66,64,86,58,40,41,47,67,118,,53,29,70,,32,33,24,,,50,64,50,42,50,16,40,60,60,166,101,53,48,66,32,64,58,33,,52,48,51,53,52,,301,67,29,49,54,57,56,54,68,38,51,51,63,107,43,35,,76,,56,45,42,40,45,82,114,106,89,87,83,75,50,68,72,51,66,50,116,,47,79,80,77,52,41,25,22,22,39,60,62,56,79,32,36,104,109,52,58,,138,113,73,70,76,186,43,50,,35,68,30,43,40,24,38,33,83,101,80,66,61,21,52,78,38,18,84,43,37,51,44,78,83,53,59,50,32,28,41,42,28,32,28,42,,51,39,59,69,71,77,81,73,80,46,51,,82,26,31,56,34,49,66,47,80,82,54,60,56,48,64,57,34,46,51,33,30,35,28,28,,82,55,46,90,79,43,52,45,47,61,43,63,79,77,15,77,43,18,29,23,65,42,46,39,51,41,50,99,61,70,,109,106,59,63,56,42,46,21,65,41,47,71,88,79,75,43,65,41,38,46,29,,45,,35,32,20,43,36,69,54,44,52,37,59,,20,78,,50,38,37,45,42,49,36,48,48,52,49,50,59,39,28,30,40,35,,57,,41,38,,31,62,48,57,76,77,114,38,,29,58,46,50,,,102,93,59,76,95,17,18,20,25,62,97,53,77,70,109,100,76,75,66,61,70,95,94,82,,91,58,95,60,55,49,46,73,57,64,76,60,12,26,989,831,44,29,81,109,98,90,64,65,55,,76,87,50,38,60,,44,59,119,108,179,72,77,31,45,45,42,27,72,49,54,82,58,57,51,32,71,70,60,,60,30,44,42,64,57,90,66,48,46,30,40,38,44,91,57,57,55,110,55,111,29,28,22,47,36,42,37,38,35,65,54,75,48,119,35,135,64,42,51,8,16,69,49
20210423,16,SO2,3,3,1,1,3,2,3,3,1,4,2,3,,,5,,5,6,6,,5,,4,2,,5,2,,4,8,3,,1,7,,,3,8,,4,11,6,10,2,,2,,5,2,10,3,6,3,,5,6,6,,10,,7,3,6,8,5,6,5,5,,6,3,4,3,10,8,,2,4,4,3,6,,7,5,4,5,4,4,,6,5,,,5,6,8,6,8,13,14,,13,11,9,10,4,,11,4,4,4,10,5,,9,6,4,5,9,6,6,11,8,6,7,9,13,7,17,35,23,,16,13,11,15,10,26,20,15,5,6,5,8,6,,4,9,8,8,12,4,9,4,5,2,9,3,1,5,,4,6,4,7,5,6,2,4,10,11,8,8,,,,9,8,,6,11,5,,,,3,,6,5,4,6,6,6,9,7,6,,,,4,8,,5,2,3,3,4,,,4,1,6,7,4,3,4,,5,,4,5,,5,5,,7,6,2,,5,5,5,6,8,5,5,,,6,7,9,6,5,7,7,,5,,,3,,15,9,,5,5,5,4,4,5,,4,3,4,4,5,6,5,6,4,5,5,3,5,5,9,8,3,5,1,,4,5,3,3,5,2,6,4,8,3,,7,,5,,5,6,6,5,,5,4,6,7,5,,,5,4,5,7,5,5,6,7,6,5,4,5,7,6,7,9,7,5,7,6,10,5,,6,8,8,,4,6,5,9,5,7,6,10,7,8,,6,7,8,8,8,6,5,7,6,9,13,7,13,5,,9,7,7,10,7,8,9,9,7,5,5,10,,6,8,7,5,5,5,6,6,7,5,7,,,10,9,8,24,15,10,12,13,12,13,14,12,4,5,8,5,2,6,6,6,3,2,3,3,4,12,,33,10,12,13,10,15,8,,,10,9,5,8,18,,7,8,5,5,,,6,5,7,8,9,10,6,,5,7,5,,7,9,8,6,9,9,3,4,3,4,4,5,8,5,4,7,6,7,4,4,,6,6,5,5,,7,4,8,7,,,,8,3,,,,8,6,4,4,3,5,4,,4,6,2,6,8,5,5,7,4,5,10,4,5,5,3,7,,10,6,12,8,8,9,11,11,8,,4,5,9,9,11,8,6,10,11,10,48,17,9,15,4,5,3,5,,2,,5,4,4,5,2,,4,6,,,9,4,5,5,,1,7,5,,3,8,7,,5,7,6,5,8,10,,,,7,,5,7,,6,6,6,9,5,4,3,4,3,4,,5,,,13,,10,8,5,5,8,7,9,10,,4,5,5,5,5,6,5,5,7,4,4,5,5,9,9,10,5,5,6,5,,5,5,7,,11,9,,5,5,6,4,7,,7,8,,,5,3,,3,,9,7,9,7,,8,,9,9,,2,6,,4,,5,8,6,,7,9,29,45,20,,7,8,12,11,11,8,7,14,19,11,13,7,21,12,16,11,5,11,13,14,8,22,19,13,31,20,35,14,18,7,2,5,4,,4,8,9,10,8,6,2,4,10,13,5,5,3,,,14,8,8,,6,5,3,1,6,,3,3,4,,3,,4,2,4,2,3,5,6,,,,6,,6,,6,5,,,8,6,7,3,2,,3,,7,7,5,7,5,5,,8,10,11,6,6,10,,7,,,5,3,2,1,2,5,5,4,,8,6,5,4,4,5,4,5,5,4,3,5,6,6,14,128,6,9,5,7,9,,26,6,2,7,12,11,7,11,,,,,3,5,,,1,7,,2,1,11,7,8,7,6,5,3,4,5,5,6,,5,9,4,,5,4,,7,3,4,5,4,4,4,4,3,6,8,5,4,,6,4,33,12,8,6,4,1,4,,5,3,4,5,2,15,7,4,4,,5,,8,6,6,,3,8,6,9,5,,,6,12,9,9,6,5,3,3,4,6,6,,8,7,5,10,13,14,6,5,5,,4,4,10,7,7,8,7,14,10,9,7,5,8,,4,5,,2,5,7,7,,,4,4,5,4,5,7,5,6,6,,,2,6,3,4,4,,5,4,5,7,6,6,6,,6,5,4,,,2,3,,8,8,7,,9,,9,9,,,8,5,,,8,9,14,,,4,,5,6,5,6,5,15,11,9,20,12,14,16,14,14,3,3,3,6,8,8,5,11,,7,11,9,,16,10,8,7,4,5,9,8,6,8,10,8,,,7,7,6,5,8,6,14,9,5,11,4,5,,4,8,11,5,,,8,2,2,12,7,8,,8,8,,,5,6,6,,6,5,3,6,5,5,2,9,6,16,3,23,2,9,3,8,,4,3,3,6,6,6,,4,,8,,,,5,5,6,6,5,4,,8,,10,7,8,4,4,5,4,3,1,5,4,3,3,4,3,4,4,4,4,5,4,,3,4,6,,47,6,14,8,11,9,7,6,3,8,6,,9,8,7,5,8,2,4,5,6,13,5,,7,4,10,,,9,9,,6,6,5,4,6,6,7,,17,7,6,,9,9,10,5,,3,4,7,,5,6,8,5,8,8,8,8,8,8,2,3,2,,5,7,6,18,27,,11,17,5,3,4,5,6,7,4,9,4,4,,5,4,2,,4,3,,7,7,8,6,,6,,5,5,6,8,6,6,,5,8,9,11,9,10,10,2,2,2,2,1,5,4,5,3,4,7,13,5,5,14,4,7,8,5,2,3,3,4,3,,6,15,8,8,6,7,7,7,7,8,6,6,7,4,3,8,5,2,5,4,8,5,6,6,9,6,7,8,6,8,6,4,1,,2,8,10,9,8,4,9,7,9,4,7,4,6,8,9,,,12,17,13,,15,13,14,14,7,8,,5,,8,,,,,5,5,6,5,5,14,13,11,,10,6,10,11,8,8,4,3,7,5,6,,,,,4,5,8,10,6,10,2,,2,6,5,6,5,5,6,7,6,6,8,9,8,8,,11,9,5,4,8,12,5,7,4,,12,9,,8,8,,7,4,5,,2,,8,,10,8,4,5,5,4,6,13,11,8,5,4,14,14,,35,45,10,8,9,8,,5,7,7,6,4,3,,5,5,4,,13,,6,8,1,,14,4,16,10,10,14,6,,3,8,,12,3,3,5,4,5,2,3,5,,4,3,8,4,5,5,,5,5,,,5,4,4,5,,3,6,6,2,4,4,9,,4,3,4,5,6,,11,18,9,,7,11,4,,13,,7,5,4,8,6,8,,,11,6,11,14,4,3,,,4,3,6,4,,2,10,,8,,4,5,,,12,8,5,7,10,6,7,9,8,7,4,8,15,17,9,,7,5,,6,6,3,7,2,12,11,4,6,3,17,4,2,4,12,11,7,16,4,2,3,8,3,7,5,4,3,3,5,10,8,8,13,5,6,7,6,7,6,2,6,9,13,11,5,6,8,5,,4,4,3,,10,3,3,,,8,6,8,5,5,7,5,3,7,8,7,4,6,8,3,5,3,4,,13,10,12,43,14,,19,4,5,4,2,5,4,2,4,6,3,8,6,13,17,18,,12,,3,2,4,3,6,,8,6,7,8,9,7,7,8,5,8,8,7,10,,8,6,7,8,6,2,4,2,10,8,8,3,7,4,2,5,6,7,5,7,,5,2,5,4,14,7,20,12,,8,8,6,18,5,7,11,8,3,4,10,2,5,4,4,7,4,8,,4,4,3,2,6,6,4,3,2,4,3,6,5,9,5,6,6,,7,3,3,7,6,6,5,8,7,4,,,4,3,1,9,14,3,7,3,6,6,3,7,6,8,6,5,11,6,2,2,4,7,4,5,,7,6,6,10,4,7,6,5,11,7,4,6,6,8,9,10,3,3,6,9,4,6,6,4,4,6,8,5,6,6,,5,6,6,2,4,13,10,6,17,8,14,6,7,7,14,8,9,6,5,2,8,,6,,7,5,5,4,5,5,6,8,11,4,16,,,17,,8,6,8,4,6,6,6,5,2,7,6,11,10,6,2,6,4,3,,5,,6,2,,6,6,2,9,4,6,7,4,,8,8,4,5,,,6,5,2,13,1,7,4,2,4,7,2,6,2,4,5,8,3,5,6,6,6,7,4,2,,14,4,2,7,24,7,5,4,8,8,7,3,6,,4,7,2,3,3,8,2,22,9,9,7,,10,,7,7,7,,19,5,2,1,5,7,6,6,6,10,1,11,4,6,17,3,,6,4,8,4,8,6,,3,5,11,2,4,6,2,2,3,1,3,3,3,5,5,6,5,9,13,9,8,7,2,5,3,1,4,2,6,5,8,1,5,7,9,9,6,7,12,9,8,5,7,7
20210423,16,SO2_24h,3,3,2,2,3,3,3,2,2,4,2,2,,,5,,5,6,6,,4,,4,3,,6,2,,5,9,3,6,2,8,,,4,10,,5,12,6,10,3,,3,,10,4,7,8,11,5,,8,10,6,,9,10,6,4,6,8,5,6,5,6,,6,3,6,3,11,9,,4,5,5,4,9,,7,9,7,8,6,5,,8,6,,,6,7,8,7,9,14,15,,14,11,12,11,7,,13,4,4,4,10,4,,8,7,4,4,9,5,6,10,7,6,6,8,12,6,19,27,21,,16,14,12,17,13,25,19,15,5,6,4,8,6,,3,9,8,8,12,3,9,4,5,1,6,3,1,6,,3,6,4,6,5,7,2,5,11,12,9,8,,,,8,7,,7,12,6,,,,4,,6,4,3,5,6,5,7,4,6,,,,6,7,,5,3,4,3,4,,7,5,3,11,5,7,3,3,,5,,6,7,,4,5,,5,6,2,,5,4,5,6,10,5,7,,,5,8,10,5,4,6,6,,5,,,3,,9,8,,4,4,4,4,4,5,,6,4,5,5,5,7,5,5,4,5,5,3,5,5,8,9,3,5,2,,5,6,4,4,4,4,9,3,6,2,,6,2,4,,6,6,6,6,,5,4,6,7,5,,,5,4,5,6,5,4,8,8,6,5,5,6,9,7,7,9,7,5,6,6,8,5,,5,7,9,4,4,6,5,7,5,7,6,9,11,11,,9,10,10,9,10,7,8,7,4,7,10,7,8,6,,6,5,6,10,8,9,8,7,9,9,9,9,,9,17,15,6,6,5,5,6,9,7,8,,,13,10,8,12,12,13,13,15,14,15,8,11,5,5,8,6,3,7,5,9,4,3,4,3,4,10,,11,12,10,14,14,13,7,,,11,12,5,5,15,,9,10,7,6,,,14,11,7,8,9,9,6,,5,7,6,,9,16,10,10,13,14,3,4,4,4,4,5,10,6,5,9,7,8,5,8,,8,7,5,6,,8,4,8,8,,,,11,8,,,,12,14,5,4,3,6,4,,4,6,2,5,5,6,5,5,6,6,7,4,5,5,3,9,,18,9,14,14,10,14,8,8,8,,5,7,6,9,11,8,7,10,11,9,55,9,11,12,5,5,4,5,,3,,5,5,4,5,3,,4,7,,,10,5,5,7,,2,7,6,,29,13,20,,5,8,6,5,8,11,,,,7,,7,8,,6,6,6,9,5,5,3,3,3,4,,6,,,8,,11,12,11,6,8,7,11,9,,5,5,6,6,5,6,7,5,14,12,5,6,11,9,8,9,6,7,7,6,,7,7,7,,13,12,,7,9,12,11,8,,21,11,,,6,5,,7,,17,14,13,15,9,9,,10,9,,2,6,,3,,7,9,8,,11,9,16,29,10,,9,8,12,8,8,7,7,17,17,13,14,10,19,12,13,19,4,9,12,11,8,17,19,11,20,19,17,16,15,7,3,7,5,,4,7,8,8,7,6,3,5,7,11,6,5,3,4,,12,6,13,,8,7,5,5,6,,5,4,4,,4,,5,3,5,2,8,9,10,,,,7,,6,,8,5,6,,12,8,9,4,3,,4,,6,7,5,7,7,6,,12,8,13,6,6,9,,7,,,6,2,2,1,2,4,5,4,6,9,6,5,4,6,5,5,6,7,5,3,4,6,10,15,17,12,11,8,6,8,,29,8,19,10,10,14,12,16,,,,,7,7,,7,3,7,6,3,2,14,8,6,6,7,5,4,4,6,6,6,,5,16,6,,4,3,,12,5,4,5,4,4,5,4,3,9,12,8,6,,10,63,34,18,13,9,7,1,4,,5,3,3,4,2,18,10,4,4,,5,,8,6,6,,4,8,6,8,4,,,5,10,9,10,6,4,4,3,4,4,6,,8,6,5,8,9,9,6,5,6,,4,4,9,8,8,9,7,8,7,8,6,5,8,,4,5,,2,5,6,7,,,5,4,6,4,5,7,7,7,7,,,7,6,3,5,4,,4,8,10,11,10,11,7,,7,6,4,,,3,4,,12,9,11,,11,,8,11,,,6,5,,,11,11,18,,,2,4,6,8,6,8,6,16,11,12,20,12,13,14,12,13,3,5,5,6,8,8,7,8,,8,11,10,,20,15,14,12,4,4,10,8,6,8,10,10,,,8,12,14,10,10,16,12,10,7,10,6,6,14,11,13,18,11,,,20,3,9,4,9,11,,9,9,7,,6,8,9,,6,5,4,6,4,2,2,6,8,14,5,17,8,8,5,8,,4,3,3,6,6,6,,4,,7,,,,5,5,6,6,5,5,,8,,9,9,6,6,5,6,3,4,4,6,7,4,3,5,3,7,5,6,7,3,4,,3,4,7,7,20,7,12,18,18,16,13,11,16,21,15,,6,11,10,8,9,4,8,8,12,16,7,9,10,8,14,,,13,12,6,8,9,7,6,9,16,23,,20,10,7,,11,8,8,5,,3,5,8,,5,9,11,6,12,8,8,8,8,8,4,5,4,,6,6,5,12,12,,19,12,6,3,4,6,6,7,5,9,5,7,,4,5,4,,5,3,,7,7,8,7,,8,5,5,6,7,8,10,7,7,8,12,10,10,7,11,9,2,2,2,2,1,5,5,5,4,3,7,10,5,7,9,4,7,6,5,2,3,3,4,3,3,6,11,7,18,10,10,9,8,8,9,7,7,8,5,5,12,7,3,13,9,20,16,7,6,9,6,7,26,12,12,8,6,4,,6,5,10,11,9,5,10,7,9,5,15,7,9,9,11,,,7,12,8,,6,17,15,13,6,6,,6,,8,,,,,6,6,8,7,8,13,14,12,,8,7,15,13,13,12,3,3,5,4,5,,,,,4,5,8,9,6,10,3,,4,7,6,8,7,5,6,7,6,6,10,10,11,13,,10,9,8,4,9,11,5,8,5,,24,9,,12,8,,8,4,5,,4,,8,,11,8,5,6,5,6,6,14,11,8,5,8,20,11,,25,24,8,8,9,9,,4,7,5,7,4,4,,5,5,4,14,17,,6,6,6,,13,4,17,18,10,17,8,,5,10,,11,4,3,5,4,5,3,3,5,,5,2,9,4,5,6,4,6,4,,,7,4,5,5,,2,4,6,3,22,5,9,10,5,3,4,6,7,,14,16,10,,8,9,3,,7,,8,6,16,8,15,17,,12,8,9,11,8,5,4,,,4,6,6,4,,6,11,13,9,,6,5,,,9,10,4,7,10,6,9,9,8,6,4,13,14,12,6,,6,5,,8,10,4,10,2,14,6,5,6,5,11,4,2,3,11,15,7,14,4,2,3,8,3,8,5,5,4,3,5,13,7,7,18,6,7,9,7,8,5,7,6,12,16,14,7,7,9,6,,5,4,4,,13,3,4,,,8,6,9,6,6,8,9,4,8,8,11,16,7,10,4,6,8,3,,12,8,11,19,19,,32,3,5,4,2,5,4,2,5,6,2,14,12,13,14,19,,12,,3,2,4,5,6,7,9,7,7,12,11,9,6,5,5,8,9,7,11,,9,7,9,13,6,2,5,2,10,8,7,3,7,5,2,4,8,7,6,7,,5,2,6,6,14,18,15,20,,9,9,9,14,9,8,10,8,7,6,10,8,6,4,6,8,4,6,8,4,5,2,3,8,8,5,10,17,5,7,6,6,9,5,6,7,,7,4,5,18,7,5,6,8,6,16,2,,6,3,2,14,22,2,6,2,6,6,2,7,6,5,6,4,10,5,3,2,4,8,4,6,,8,8,6,8,5,7,7,11,7,7,6,7,6,8,10,15,3,2,5,8,5,6,6,4,4,6,5,6,7,7,,4,6,9,11,6,10,10,7,18,8,14,7,9,8,14,8,8,6,5,2,9,,7,,7,5,5,5,5,7,6,10,15,5,12,,8,16,,9,7,7,4,6,11,6,12,6,9,10,11,10,6,2,5,9,7,,6,,6,6,,6,9,7,13,3,6,7,4,,7,20,9,9,,,6,10,3,9,3,4,3,2,6,8,6,6,3,7,5,8,3,6,6,8,6,7,6,5,,14,5,2,7,22,13,5,5,9,7,8,4,6,6,6,10,3,6,6,13,3,17,7,9,8,,10,10,10,11,13,,19,5,3,2,17,8,8,5,6,10,5,8,6,8,12,6,5,6,5,8,4,8,8,,5,6,11,3,5,4,7,3,3,3,2,2,3,14,5,7,5,11,19,21,7,6,4,6,3,2,3,3,7,6,8,4,7,6,8,10,8,8,13,9,8,6,9,8
20210423,16,NO2,9,7,10,7,14,11,14,9,7,11,13,11,,,16,,20,20,16,,20,,36,18,,14,15,,9,11,6,12,10,8,,,22,24,,30,29,14,17,22,,24,,7,3,10,12,15,12,,13,16,18,,21,18,19,18,10,15,8,9,12,10,,12,13,15,12,11,16,,7,8,10,14,13,,12,10,13,8,11,12,,7,9,,,8,8,9,11,5,13,14,,16,48,20,24,33,,18,18,28,13,24,12,,12,9,16,10,36,45,37,33,30,11,10,26,32,42,11,14,27,,14,26,28,23,19,12,11,32,50,40,41,56,25,,49,26,22,36,26,25,4,21,17,17,16,14,8,,,49,39,36,41,36,24,12,18,9,12,16,20,,,,20,14,,11,14,10,,,,23,,21,36,32,22,37,34,29,36,27,,,,28,33,,19,21,10,12,7,,11,,28,20,,16,12,14,,16,,11,10,,39,25,,26,20,41,,30,24,33,21,49,48,51,,,58,53,39,19,25,40,23,,33,,,20,,32,28,,22,27,50,16,14,12,,20,24,12,15,15,14,24,9,17,21,16,9,11,12,16,14,21,12,4,,11,6,5,5,9,9,12,9,34,8,,11,8,7,,6,21,21,25,,28,19,22,10,,,,27,31,20,37,32,27,19,12,11,16,,,15,20,14,22,15,17,27,,23,19,,11,21,16,20,25,18,17,,23,18,27,11,23,20,,21,33,22,24,24,41,21,23,30,34,50,19,47,25,,17,27,30,18,14,7,7,11,17,21,15,21,,11,16,11,18,46,10,14,9,9,14,15,,,24,21,21,15,27,25,19,28,13,15,15,,10,13,16,7,8,19,25,17,10,8,14,4,7,9,,38,33,45,73,49,60,34,,,44,40,41,39,68,,21,20,22,19,,,23,15,10,30,6,9,7,,18,18,8,,8,6,10,19,17,13,5,3,7,6,7,5,22,31,16,35,39,,25,,,16,17,27,22,,32,8,25,28,,,,14,10,,,,18,18,13,18,4,8,8,,5,13,25,17,21,41,13,14,6,15,14,5,6,30,7,12,,11,11,12,15,14,10,18,11,12,,26,30,23,11,13,17,17,23,29,24,33,23,22,15,10,,6,11,,12,,16,21,23,17,21,,16,19,,,12,14,16,23,,19,24,23,,16,16,8,,12,30,28,28,23,18,,,,25,,25,11,,19,17,21,26,20,18,15,39,16,29,,11,,,12,,8,4,11,12,8,10,9,9,,6,4,3,2,6,4,4,8,7,3,6,,12,7,,8,9,10,6,3,,3,27,27,,10,9,,9,6,6,5,5,,7,8,,,14,12,,4,,9,8,10,17,9,5,,8,6,,11,15,,12,,16,19,17,,17,17,32,41,21,,30,27,34,53,56,35,5,19,26,13,19,10,46,18,18,19,28,18,11,23,13,22,26,18,42,31,40,20,43,36,13,14,16,,11,33,51,24,17,16,12,16,12,17,13,17,15,26,,22,20,18,,8,12,6,,5,,10,21,4,,37,,26,24,37,35,12,9,11,,,,8,,9,,15,16,16,,29,27,18,19,25,,24,,41,34,30,17,13,7,,14,15,14,13,10,13,,20,,,9,13,16,14,9,10,13,12,14,4,6,9,8,6,9,6,7,12,8,1,4,2,12,8,5,16,18,16,24,14,,24,,20,6,18,28,26,39,,,,,8,12,,10,20,27,1,16,27,19,10,6,10,8,12,9,6,18,23,20,,8,12,28,,13,12,,12,17,20,39,35,40,32,29,40,12,13,13,21,,10,4,12,4,17,5,,5,9,,14,6,8,8,4,14,18,22,22,,23,,26,27,27,,18,12,12,12,8,,,18,23,14,18,24,25,27,20,14,17,36,,32,25,20,46,40,37,25,30,30,,15,27,32,23,24,16,35,36,9,10,16,12,16,,38,17,,17,25,15,24,,,12,17,12,13,15,13,8,14,7,,,23,22,22,23,19,,25,13,10,11,15,14,6,,8,11,12,,,21,10,,,16,14,,10,,34,12,,,22,11,,,6,,2,,,14,,4,5,5,5,5,22,16,9,20,11,23,33,27,20,14,27,18,16,14,6,15,18,,14,13,19,,17,18,4,8,8,8,5,26,18,17,15,20,,,20,9,12,15,7,14,22,14,9,,10,9,19,12,24,26,12,,,14,10,5,14,13,14,,,15,,,18,29,13,,19,19,14,10,18,10,6,6,17,12,16,38,13,10,6,12,,3,8,6,10,7,14,,10,,15,,,,6,16,16,11,8,7,,8,,12,16,10,12,8,9,8,6,6,5,12,5,1,5,3,5,10,7,7,6,9,,7,7,9,13,23,14,6,1,13,8,8,7,5,11,14,,6,4,8,10,4,2,7,7,6,8,8,7,6,5,8,,,13,10,,7,7,7,5,8,4,3,,,17,21,,29,24,22,12,,12,8,12,,13,9,12,9,7,16,15,15,15,15,10,11,5,,11,13,12,28,46,,20,30,10,15,15,22,16,27,16,30,19,14,,22,32,20,,8,11,,6,5,,6,,18,,17,22,36,9,10,10,6,8,6,8,11,12,10,17,5,13,11,11,,8,12,7,5,6,10,,10,6,10,,,10,4,3,5,10,11,9,9,3,9,7,6,12,11,5,9,6,9,10,9,9,17,7,12,7,7,7,6,5,10,15,13,7,6,10,5,4,5,8,19,10,,21,9,9,6,24,27,16,11,17,5,10,12,10,12,14,,,12,68,21,,46,42,47,42,42,46,,16,,12,,,,,6,15,13,11,10,11,5,30,,4,4,3,5,5,10,9,12,7,12,13,,,,,10,17,10,7,10,12,8,,2,5,5,5,6,5,8,9,14,10,8,14,6,5,,7,6,8,11,14,16,5,5,16,,5,9,,6,2,,6,31,4,,4,,3,,5,5,,5,6,10,9,23,21,19,9,8,14,19,,14,12,12,20,14,11,,9,12,27,27,8,7,,10,11,6,10,24,,18,19,8,,14,,10,12,3,20,11,,12,14,,15,17,13,14,11,18,7,6,7,,7,4,9,8,14,1,,2,2,,,8,6,7,6,,4,15,18,4,8,4,8,,14,16,17,6,10,,12,32,7,,42,29,18,,10,,32,16,19,4,10,9,,27,12,26,12,36,28,4,,,6,,36,16,,17,18,13,7,,10,14,,,39,,23,16,16,15,33,27,30,26,25,36,21,66,,,23,16,,18,6,14,8,6,6,15,7,6,20,16,5,5,20,16,21,21,,13,9,11,10,25,16,5,6,4,5,7,8,21,24,46,17,14,11,18,7,8,,11,11,29,11,14,28,21,17,,6,5,26,,5,17,30,,,30,12,17,6,16,3,11,22,18,6,20,6,11,14,6,8,12,13,,15,31,13,11,10,,18,37,16,37,,36,31,32,49,26,9,11,8,10,6,17,,17,,21,6,19,12,18,16,28,23,18,26,25,14,39,34,,10,15,9,18,,7,21,19,8,11,14,12,18,14,17,21,6,18,6,10,14,28,,13,13,,23,24,8,6,25,11,21,12,,13,11,8,22,17,6,26,37,21,16,27,8,6,23,27,8,14,29,,14,12,,16,12,8,6,6,27,10,9,,20,5,7,5,9,,9,,10,12,26,,31,36,31,10,,,23,6,8,12,7,21,23,22,34,10,19,25,25,22,,16,25,17,15,8,10,12,12,3,,22,4,14,21,14,7,8,3,15,11,2,10,19,24,20,4,14,8,,20,11,16,18,11,11,12,15,15,13,14,,20,14,7,8,13,6,24,6,20,10,13,13,10,12,21,2,8,16,16,16,14,,9,,,25,18,17,11,17,14,8,6,14,16,,,7,,,2,5,12,11,10,10,10,7,9,6,4,8,5,15,3,5,6,,39,,21,15,,29,9,3,10,11,19,37,15,,19,7,11,2,,,9,14,11,7,27,20,,24,27,7,11,19,11,20,10,,10,12,9,11,7,,12,25,,20,,20,36,18,18,39,13,14,19,15,15,5,,1,7,15,16,19,14,21,19,6,28,13,,19,25,4,12,20,,26,14,32,25,18,12,8,46,29,20,,16,12,14,19,20,18,23,14,3,40,30,17,,7,5,45,2,30,24,15,17,10,10,14,6,9,13,13,9,22,13,26,18,27,8,15,22,9,9,11,9,16,8,11,6,12,18,30,13,25,39,24,12,,2,16,21
20210423,16,NO2_24h,23,15,29,22,36,26,36,22,14,26,37,32,,,22,,22,20,20,,21,,29,25,,20,18,,24,21,25,20,19,23,,,20,25,,27,25,14,14,22,,18,,26,17,21,28,30,31,,26,31,28,,26,28,30,29,16,21,14,13,27,31,,30,23,18,24,23,26,,20,22,29,27,57,,17,36,34,47,44,37,,20,23,,,24,19,17,14,15,22,25,,21,35,24,29,31,,26,24,26,9,15,11,,13,9,16,11,51,46,49,45,44,20,20,44,38,49,27,35,31,,29,32,34,33,41,28,22,42,47,58,55,59,44,,51,33,38,39,35,32,16,35,26,26,16,26,28,37,,57,55,51,45,56,47,36,48,34,37,39,22,,,,25,18,,17,29,23,,,,30,,29,54,44,26,51,47,34,57,44,,,,45,41,,14,30,25,25,22,,29,18,28,26,20,28,19,27,,21,,17,16,,51,33,,64,26,53,,49,62,54,22,56,47,58,,,34,48,42,33,29,45,25,,43,,,58,,49,45,,19,18,21,17,14,17,,34,38,27,38,31,18,23,24,19,23,21,13,17,19,25,22,28,17,10,,25,21,22,24,15,17,20,20,37,12,,20,17,7,,14,23,20,17,,24,17,21,15,13,,,21,21,14,20,19,18,43,40,34,40,44,41,39,46,23,24,28,25,37,37,31,34,,16,19,30,21,26,19,17,24,23,19,26,11,50,43,,55,60,38,70,50,63,53,33,23,35,48,37,32,61,,24,31,54,34,27,30,13,16,37,36,32,29,,13,53,40,20,20,18,15,16,22,17,20,,,50,41,41,38,36,47,46,48,40,38,20,26,13,13,16,10,12,22,29,25,11,12,23,9,10,13,,46,40,48,54,57,51,32,,,44,58,56,46,55,,34,34,46,36,,,42,8,11,34,7,11,10,,24,22,7,,17,15,38,29,30,35,7,5,9,7,14,4,41,52,44,53,51,52,48,54,,30,39,50,40,,45,13,36,40,,,,20,12,,,,21,19,21,24,10,16,14,,11,17,30,21,20,22,26,26,21,27,27,4,16,31,7,30,,28,35,25,30,21,25,22,21,18,,34,44,32,15,12,12,21,25,28,23,33,30,30,31,20,15,17,14,,11,,26,28,31,25,25,,17,20,,,14,15,21,22,,18,23,21,,23,18,16,,10,22,17,17,14,16,,,,27,,24,13,,29,27,24,34,22,18,14,17,18,25,,15,,,26,,24,19,34,15,13,12,16,13,,13,12,16,12,14,8,12,16,15,13,23,27,31,11,11,11,29,26,20,7,,11,36,36,,16,16,,14,15,16,17,13,,30,19,,,32,25,,24,,24,22,26,33,21,14,,17,16,,26,29,,21,,29,30,29,,28,25,22,24,18,,24,18,35,22,25,14,7,24,29,23,26,17,41,13,15,21,21,21,12,27,19,23,33,24,29,33,27,27,30,19,12,14,13,,8,24,25,23,25,19,14,17,13,15,12,24,22,30,,29,27,30,,15,20,22,32,17,,29,28,4,,35,,32,35,25,33,25,20,27,,,,30,,26,,15,23,12,,38,37,25,14,19,,18,,34,29,24,27,27,25,,30,33,29,18,21,16,,20,,,8,14,14,14,8,11,24,11,22,9,10,8,9,19,25,22,28,33,27,4,6,17,36,36,35,24,39,34,32,22,,34,12,36,19,20,40,30,33,,,,,31,39,,34,16,24,21,19,19,17,12,6,14,9,14,17,12,35,36,34,,13,18,37,,36,35,,49,9,22,32,31,29,29,27,30,30,38,37,39,,13,14,18,15,18,12,22,5,8,,16,6,7,11,6,13,18,19,19,,15,,15,21,21,,18,8,7,16,11,,,11,16,15,16,18,18,14,14,11,11,45,,51,48,37,48,36,44,44,51,48,,24,34,50,49,48,40,40,34,28,25,23,22,24,,40,32,,34,38,13,34,,,24,19,18,15,22,20,13,19,15,,,28,15,16,16,17,,15,41,38,36,40,44,18,,24,26,10,,,14,13,,29,34,52,,41,,12,17,,,17,13,,,9,13,7,,,12,12,12,16,7,7,8,29,17,10,20,20,19,29,30,23,24,24,24,20,17,11,16,16,,19,24,27,,26,31,22,28,13,11,8,24,11,10,10,31,,,22,29,33,51,28,30,26,28,17,26,20,10,61,43,50,51,25,,,39,9,12,9,18,22,,10,18,34,,24,36,19,,17,13,15,15,24,8,12,10,30,22,26,35,31,17,8,11,,4,11,10,18,15,18,,15,,21,,,,9,18,19,16,16,14,,15,,20,18,26,24,15,24,11,13,25,25,27,11,2,12,10,12,21,26,30,25,11,,14,7,13,15,19,16,6,16,22,23,17,13,16,22,26,,12,9,13,13,12,5,15,12,11,12,10,10,9,8,14,,,15,15,6,8,10,10,6,18,17,23,,25,39,36,,32,24,27,24,,24,25,25,,28,19,21,17,16,16,15,16,16,14,27,23,23,,15,16,14,36,30,,39,31,8,14,13,16,18,24,20,21,28,27,,33,30,29,,11,17,,14,7,14,15,,17,15,20,14,25,14,11,17,6,12,12,9,12,13,10,15,5,17,19,14,21,13,16,11,10,11,10,8,12,8,15,4,3,13,7,4,5,10,11,12,12,3,9,9,31,34,31,30,24,10,19,17,16,22,23,20,26,27,11,10,12,10,14,22,23,12,14,24,18,15,10,16,26,34,,31,21,18,10,21,24,24,18,26,19,25,27,22,27,36,,,11,21,17,,32,42,39,40,53,50,,36,,24,,,,,11,23,26,29,24,14,9,35,,32,6,9,8,10,13,7,10,7,8,9,,,,,5,9,17,19,10,14,24,,2,9,10,17,17,5,8,9,23,36,12,16,21,21,,6,9,10,10,33,39,13,9,35,,12,17,,11,7,,6,23,5,,6,,6,,7,6,6,8,8,20,36,46,36,27,6,8,11,17,,22,21,9,22,16,18,,13,13,28,35,8,7,,14,13,11,14,20,,28,36,21,,14,10,17,18,10,14,16,,15,19,,17,19,14,15,13,16,10,7,4,,10,4,9,14,20,5,8,5,4,,,17,12,13,7,,10,14,19,6,23,23,18,55,22,20,17,22,22,,51,33,18,,52,52,39,,14,,29,18,37,11,41,32,,17,15,26,20,28,41,5,,,25,24,51,17,,20,19,17,16,,16,33,,,44,41,42,20,20,19,38,34,28,45,27,60,27,34,24,,24,19,,49,13,19,18,4,19,12,14,8,16,15,13,9,18,18,36,19,14,11,11,9,28,25,14,5,7,5,5,9,28,27,12,71,29,29,34,23,19,20,20,31,35,36,15,37,26,41,20,,24,6,27,,9,30,29,,,38,17,22,20,21,4,22,28,25,13,32,22,17,29,10,26,24,18,,25,39,26,17,26,,17,56,29,53,24,36,43,45,48,32,25,23,30,13,14,18,,24,,21,22,27,24,30,38,62,57,55,45,49,40,25,47,41,16,23,25,53,,13,26,49,19,20,23,23,23,20,30,15,13,17,13,15,15,30,20,29,27,,35,32,20,14,27,42,30,26,,15,28,14,24,42,11,45,25,42,30,36,20,23,16,25,15,16,22,26,26,24,20,20,28,31,11,21,55,18,18,22,23,12,8,6,14,,16,17,27,17,51,36,57,44,44,26,14,,24,15,12,30,13,32,28,22,46,17,22,33,36,38,47,37,26,30,26,9,18,18,20,6,,36,13,17,47,37,10,23,10,12,26,6,17,36,46,17,20,21,15,25,17,19,23,34,18,12,14,25,43,32,29,,27,14,18,23,19,9,29,14,30,29,25,26,36,24,43,29,24,18,18,24,18,,15,,20,21,8,19,16,25,21,15,13,24,19,,15,9,,29,16,14,18,24,23,15,14,13,18,17,9,12,5,15,4,9,10,,38,,19,15,,20,18,12,24,26,26,40,26,,29,19,15,18,,,34,32,23,24,39,16,25,40,26,24,30,33,30,41,42,34,33,27,22,30,30,29,18,31,,24,21,20,39,31,26,29,32,30,37,37,26,5,8,5,14,32,31,44,35,14,16,18,39,15,,41,48,27,20,42,,29,19,34,33,41,21,38,26,19,16,25,17,27,13,18,46,38,25,18,14,60,61,34,,9,7,45,2,11,32,24,10,23,23,30,14,30,31,23,14,19,34,42,23,34,16,14,20,24,14,30,23,24,27,12,16,29,14,33,13,33,47,28,27,5,4,27,14
20210423,16,O3,104,124,105,97,102,100,109,103,108,126,100,104,,,95,,97,97,104,,96,,78,103,,104,85,,137,138,136,131,143,145,,,105,106,,107,94,107,102,106,,98,,136,134,134,119,107,126,,117,110,143,,138,145,140,98,105,107,113,109,119,118,,114,106,104,107,97,95,,136,132,135,132,139,,136,137,141,143,139,139,,140,136,,,129,136,125,133,95,91,75,,73,56,82,71,72,,88,117,106,136,110,130,,124,119,121,119,72,62,78,74,86,98,112,85,75,59,128,122,115,,128,125,122,116,112,135,144,106,75,93,74,73,99,,84,87,96,75,149,144,152,143,134,133,167,148,155,93,,93,82,89,94,103,105,84,81,88,80,86,61,,,,107,119,,114,118,110,,,,123,,114,100,100,114,111,115,114,108,128,,,,134,104,,98,98,112,98,102,,,122,112,116,99,123,93,,,93,,132,118,,94,113,,130,110,95,,109,152,96,100,41,91,42,,,72,67,,114,108,124,104,,110,,,140,,107,109,,92,116,102,59,70,71,,149,150,146,144,146,134,125,120,122,115,126,138,125,135,132,123,133,126,109,,90,98,97,106,149,116,131,121,109,120,,120,117,115,,138,74,81,72,,76,82,80,90,,,,47,44,57,38,51,40,116,118,115,119,110,115,115,112,116,100,104,95,100,89,103,95,,105,111,149,135,150,145,165,134,152,169,139,121,254,258,,249,246,270,266,,245,220,263,136,161,98,154,130,151,,138,117,144,196,100,129,142,145,189,,225,229,,174,176,205,191,165,187,195,172,161,155,162,,,230,267,215,208,184,268,163,123,115,144,151,159,97,102,102,91,91,93,76,77,74,51,95,85,79,90,,42,57,43,48,69,67,56,,,58,60,63,55,69,,220,210,195,186,,,214,140,123,103,123,128,120,,117,121,125,,154,147,147,143,137,135,126,132,121,,129,132,68,45,67,43,37,42,65,49,,74,62,48,61,,83,97,64,65,,,,127,115,,,,107,98,90,75,93,86,83,,96,144,,154,151,123,133,138,115,130,142,,99,150,88,146,,144,143,149,149,152,146,152,160,138,,73,89,83,96,86,78,86,91,82,78,91,93,93,105,129,,122,120,,66,,103,108,100,100,93,,89,74,,,114,100,98,65,,63,65,59,,114,104,119,,87,112,110,103,122,119,,,,64,,72,65,,55,78,71,63,75,88,87,95,124,113,,91,,,200,,188,157,181,104,117,106,114,89,,70,62,67,62,74,65,57,111,107,91,105,112,108,166,140,163,132,140,139,97,,91,304,264,,127,129,,108,114,115,100,111,,109,148,,,94,94,,133,,136,131,143,124,123,119,,128,131,,122,112,,114,,141,139,135,,142,145,99,90,116,,60,57,66,45,43,56,46,78,73,90,75,93,59,85,77,78,68,90,79,86,97,78,83,86,62,70,67,72,60,66,74,72,76,,72,152,128,144,131,159,117,138,158,125,138,97,101,87,,110,115,125,,133,114,116,106,111,,124,16,96,,85,,99,98,86,78,131,136,133,,,,112,,109,,98,101,86,,104,100,105,96,97,,95,,44,46,58,78,103,112,,126,128,135,120,166,139,,85,,,113,64,55,67,75,92,125,140,110,86,97,84,90,114,111,102,105,116,109,53,51,76,73,81,79,154,158,142,168,171,,121,142,132,141,102,96,105,88,,,,,108,112,,106,26,50,,53,40,36,93,93,94,106,82,157,160,79,71,76,,105,96,78,,118,115,,121,54,63,35,42,37,35,42,29,93,99,98,85,,80,87,80,132,124,131,123,88,98,,82,89,96,92,106,54,51,75,75,,54,,70,70,70,,63,98,89,81,82,,,60,61,66,67,106,96,111,119,119,,96,,96,112,115,45,51,66,75,68,100,,138,113,103,107,109,128,106,100,124,108,101,98,96,,66,71,,142,122,72,95,,,112,108,97,102,100,,118,116,118,,,122,99,101,92,94,,93,160,148,108,159,158,140,,135,140,113,,,100,,,137,128,129,,132,,110,136,,,102,82,,,152,163,138,,,90,91,100,101,130,125,137,106,89,105,98,99,80,59,76,64,86,63,75,84,93,97,88,83,,90,91,106,,110,119,125,115,96,111,97,96,120,123,127,112,,,105,117,110,110,115,112,103,112,114,65,64,79,80,98,88,80,98,,,108,66,69,58,99,104,,85,124,118,,131,139,133,,135,133,138,134,129,102,122,105,98,114,112,73,85,97,117,101,,106,112,104,78,149,,,138,,135,,,,137,136,144,130,118,118,,104,,105,120,109,99,109,101,108,103,106,119,113,116,91,114,106,112,111,116,118,118,96,,103,79,71,86,73,75,125,138,128,127,117,145,128,135,141,,106,110,117,119,112,107,,120,116,110,130,,129,132,140,,,138,142,115,118,112,111,116,112,118,133,,127,128,127,,,99,103,120,,121,116,124,,137,126,123,116,124,96,96,99,92,98,100,107,108,,116,121,119,98,76,,86,87,,85,89,74,71,68,,57,106,98,,57,54,62,,92,92,,110,109,112,120,,83,100,96,26,23,120,124,121,123,126,127,95,106,95,98,95,104,87,95,93,90,114,116,114,118,110,115,104,99,,97,90,97,85,94,99,81,61,82,78,91,51,84,,125,109,113,121,52,61,56,76,92,77,117,120,122,121,105,104,96,112,114,112,119,91,97,96,111,109,110,110,26,49,,42,95,80,87,66,106,122,126,124,140,150,138,134,160,163,,,42,,39,,36,17,24,42,6,29,,129,,88,,,,,120,131,123,125,134,124,133,134,,104,125,148,129,141,147,134,111,134,104,161,,,,,56,43,168,176,155,149,111,,106,133,133,146,143,121,115,118,160,167,121,133,136,136,,150,145,146,133,152,171,110,121,158,,125,124,,112,144,,126,130,116,,124,,115,,106,112,66,64,64,60,139,123,126,125,82,88,82,145,,68,78,58,73,73,93,,83,74,59,62,91,91,,83,70,83,85,73,,78,103,120,,122,130,107,142,103,90,120,,122,90,,93,72,84,74,93,101,83,85,81,,96,82,76,109,110,100,94,96,102,,,99,95,90,81,,67,81,,92,129,122,127,234,112,110,100,142,140,,131,70,137,,80,112,153,,129,,61,78,208,106,141,147,,54,133,73,89,39,156,54,,,120,112,111,98,,105,104,116,120,,123,104,,,59,128,118,95,109,119,64,79,52,131,54,62,80,67,118,,97,111,,216,133,155,140,,156,88,102,147,96,163,124,115,98,104,113,128,99,59,85,57,112,93,92,134,142,143,131,120,112,147,111,58,126,164,166,97,99,111,135,107,157,90,146,101,100,80,106,,105,105,58,,111,36,19,,,78,121,94,116,107,109,106,112,72,98,116,126,132,138,113,109,120,,,95,78,73,100,100,,75,82,80,101,60,68,113,110,72,85,135,126,150,132,134,118,,114,,102,90,98,128,97,,319,204,242,191,210,194,154,168,162,,163,128,158,,98,,217,117,134,102,107,104,101,101,126,111,134,123,97,97,97,97,136,122,,98,95,60,65,66,108,32,58,,65,128,72,108,84,70,37,46,207,181,201,162,147,58,64,105,101,122,,105,110,100,97,86,147,155,151,92,121,118,65,74,115,128,88,98,,122,77,123,112,107,110,120,112,92,125,,,67,108,107,144,140,143,136,112,73,131,116,118,116,,79,92,72,,95,94,92,82,88,88,,278,99,90,265,160,116,150,61,165,133,87,180,277,162,97,120,96,114,,99,118,137,97,103,138,131,114,120,107,129,,99,94,127,124,73,133,6,70,97,61,95,178,143,154,118,80,88,96,85,111,,,61,,66,62,122,72,106,78,77,107,112,126,117,,86,135,,74,106,133,122,127,131,119,105,96,108,111,112,168,104,74,50,81,81,,73,,79,47,,16,141,138,150,109,94,107,114,,94,135,132,122,,,134,157,118,142,156,97,109,109,104,130,146,124,109,104,103,106,107,116,116,102,116,125,104,109,,131,131,109,32,89,56,75,82,74,75,85,100,88,,101,102,38,41,133,120,100,117,174,134,98,,200,,102,121,121,,108,115,88,93,116,144,114,34,39,65,65,103,92,118,93,89,114,66,111,126,104,125,147,,76,87,72,101,83,109,130,102,107,116,100,122,108,133,158,69,79,142,104,121,88,134,104,102,131,112,101,104,135,138,136,125,138,100,100,102,102,99,76,124,140,115,142,89
20210423,16,O3_24h,105,127,107,101,103,101,113,106,114,129,103,110,,,95,,99,100,104,,100,,90,105,,104,85,,150,142,142,140,144,150,,,111,107,,113,99,114,106,114,,111,,142,140,139,125,112,131,,122,117,150,,148,157,151,101,110,111,113,111,119,118,,114,108,104,107,122,112,,139,135,138,134,142,,136,138,142,147,146,139,,140,142,,,132,140,128,139,120,117,109,,106,117,115,97,95,,115,118,122,139,121,137,,126,128,131,142,74,83,83,93,97,100,115,94,90,82,165,163,147,,185,157,190,181,141,161,194,150,91,93,84,90,101,,100,87,96,78,149,144,152,143,134,133,167,148,155,93,,93,82,89,94,103,105,84,81,88,80,86,61,,,,107,119,,114,118,110,,,,123,,123,100,105,124,117,123,117,125,129,,,,138,128,,109,109,117,100,102,,98,122,126,123,108,125,93,93,,93,,132,123,,94,113,,130,110,95,,109,152,96,100,54,91,53,,,84,75,84,114,108,124,104,,111,,,140,,107,109,,104,148,151,69,78,72,,149,150,146,144,146,134,125,120,122,116,128,138,126,135,135,123,137,126,125,,107,110,114,119,197,141,131,121,109,120,,120,117,115,,138,95,97,91,,91,100,96,104,121,,,104,97,112,115,96,94,132,133,131,135,114,133,130,125,137,127,112,101,123,113,110,104,,109,131,149,143,150,151,165,134,152,169,142,121,254,258,,249,246,270,266,240,245,220,263,154,187,110,154,165,261,,156,135,144,237,123,138,160,145,215,226,238,229,,174,176,205,204,193,199,202,198,161,155,176,,,264,288,267,241,213,268,235,206,115,144,151,159,113,105,113,113,111,109,99,108,88,83,109,121,99,114,,98,83,113,113,101,110,100,,,99,104,94,104,128,,220,210,195,186,,,214,140,123,106,124,129,120,,118,123,125,,166,149,151,145,138,138,127,132,123,124,129,135,103,88,100,76,94,82,107,73,,100,87,67,102,,125,102,79,81,,,,136,135,,,,130,124,90,75,93,87,86,,96,144,91,154,151,128,136,138,115,130,142,124,99,150,93,155,,151,148,157,151,152,146,152,160,138,,99,97,115,126,129,127,123,122,116,113,105,94,98,106,158,140,128,148,,86,,103,108,100,100,134,,94,100,,,114,100,98,78,,90,85,70,,114,126,119,,100,112,117,112,126,119,,,,64,,72,104,,88,108,102,100,86,88,87,125,127,123,,91,,,200,,188,157,196,134,136,141,148,117,,88,73,81,77,94,81,77,145,143,116,142,144,143,166,147,163,140,140,154,115,,116,304,278,,162,163,,189,183,181,161,111,,109,148,,,118,117,,137,,141,135,147,130,180,179,,193,190,,171,152,,167,,143,139,139,,142,145,109,105,116,,112,94,108,112,101,111,120,103,104,102,98,111,100,138,122,121,127,133,135,108,103,96,114,99,124,124,127,118,127,134,137,127,136,,134,158,145,155,136,164,124,144,158,131,146,97,101,98,,110,116,125,,133,119,119,106,113,,124,72,107,,141,,151,144,148,130,140,149,133,,,,123,,121,,129,131,117,,115,109,132,134,138,,136,,87,90,84,78,117,131,,131,128,140,125,166,139,,104,,,113,65,57,70,111,94,125,140,110,90,99,89,91,114,111,102,105,116,109,58,60,194,98,100,92,170,164,151,169,171,,141,147,141,145,132,129,120,132,,,,,117,121,,125,87,116,91,102,97,81,97,103,94,106,82,172,180,91,94,94,,117,106,109,,124,123,,126,94,83,89,86,132,77,82,78,120,130,132,123,,137,141,131,136,152,142,132,88,99,,87,94,102,92,106,68,65,94,94,,92,,101,109,109,,103,116,102,89,86,,,95,102,77,74,123,109,124,125,137,131,96,,96,145,139,77,87,91,82,70,120,,138,113,108,107,115,128,122,119,124,108,104,99,96,,66,71,,142,122,73,95,,,114,125,126,125,125,125,128,122,130,,,154,140,134,133,134,,127,163,153,144,162,161,142,,137,141,135,,,129,146,,144,141,136,,133,,140,141,,,130,84,,,152,163,140,,,119,125,124,133,133,127,137,142,117,131,122,119,118,111,117,103,125,116,109,116,110,120,105,108,,97,98,109,,124,120,145,134,96,118,126,118,133,131,134,147,,,111,204,191,182,188,190,183,194,208,157,181,172,193,236,225,199,190,,,196,127,144,130,165,163,,122,124,135,,131,139,135,,137,133,138,135,141,103,122,105,98,114,112,76,85,97,117,103,,107,113,106,79,149,136,,138,,135,,,,139,136,144,133,129,131,,104,,105,120,109,134,137,118,131,128,117,124,124,123,103,121,112,115,126,124,125,127,112,,113,99,88,98,88,96,125,140,128,127,117,145,128,135,141,,109,118,122,122,112,109,107,124,116,116,132,119,129,132,140,,,143,142,115,121,113,118,122,113,119,133,,150,147,138,,140,127,139,131,,140,134,124,,137,126,124,117,126,113,112,108,118,120,105,114,115,,116,121,119,98,83,,99,89,92,85,93,96,102,113,110,85,106,98,,117,110,120,,137,137,,113,109,114,120,,113,114,109,106,87,120,124,121,123,126,127,95,113,104,101,103,119,97,113,105,104,114,116,114,118,110,115,104,99,99,97,90,97,85,94,99,87,67,85,81,94,66,86,88,132,118,126,130,62,82,65,96,108,79,123,120,125,121,113,109,100,128,125,120,119,94,97,99,111,109,113,113,68,74,,72,126,120,129,125,129,131,132,134,148,158,151,145,162,163,,,127,122,118,,116,102,70,103,94,80,,133,,103,,,,,122,133,129,125,136,126,133,134,,106,132,153,136,146,152,145,118,134,111,161,,,,,66,64,168,176,155,149,111,,106,153,153,147,144,140,135,138,160,167,135,155,143,139,,151,149,146,133,190,198,132,148,180,,144,147,,129,144,,130,137,128,,129,,115,,118,112,107,95,99,90,139,125,126,127,88,92,87,145,,74,83,114,102,100,137,,131,121,78,80,127,126,,112,96,83,85,112,,100,103,144,,138,130,108,142,106,105,137,,134,153,,163,89,104,93,93,101,95,96,92,,97,90,88,111,110,115,103,106,108,,,99,95,90,81,,67,84,83,92,133,163,173,234,113,110,103,144,141,,134,103,137,,80,119,153,,129,,64,106,208,106,143,149,,89,133,122,111,119,156,93,,,120,175,111,98,,110,122,148,120,,129,105,,,70,128,118,95,112,119,64,79,67,135,107,107,101,137,162,,99,115,,249,170,162,167,94,156,123,102,152,136,163,124,115,106,146,113,132,99,80,87,76,112,107,110,134,142,143,131,125,123,157,116,88,130,165,166,110,109,113,148,120,157,99,146,105,110,80,138,,110,106,63,,127,91,93,,,90,132,116,118,122,109,121,112,103,146,121,126,132,141,125,120,171,95,,107,90,93,110,112,,129,89,89,114,104,70,113,112,88,85,135,133,158,143,135,118,,114,,102,95,98,128,98,210,319,205,242,208,223,231,185,205,174,114,163,128,248,,120,181,266,218,134,102,107,104,102,101,126,111,134,135,102,97,137,136,136,125,,136,140,172,188,166,209,100,66,,93,130,138,108,118,78,64,90,207,181,201,166,166,118,72,121,101,130,64,105,110,102,99,108,158,168,168,97,121,146,125,108,115,128,90,115,,122,103,123,134,107,110,120,112,95,137,115,,70,108,114,156,140,143,136,129,80,136,120,118,122,115,102,92,72,107,105,94,92,83,88,88,,278,144,161,265,202,134,150,88,165,153,111,190,277,162,99,141,127,114,103,102,130,137,97,103,138,132,114,140,119,145,,141,123,129,125,170,138,27,83,110,64,105,178,143,170,121,107,103,96,95,111,103,,104,,102,88,132,74,107,101,100,107,112,126,147,,104,143,,92,106,179,162,143,178,120,112,97,111,111,112,168,104,95,58,88,85,,83,,125,110,,105,148,139,151,109,94,107,114,,104,140,132,126,,,134,157,122,148,156,97,109,113,113,133,146,124,116,117,106,113,109,118,116,102,116,154,111,151,,157,135,133,55,122,122,102,106,94,84,93,130,90,94,105,105,96,67,142,131,129,141,174,140,160,,250,321,102,125,126,,110,125,139,138,219,155,124,112,74,74,74,103,114,135,166,122,121,106,111,126,104,125,147,,116,135,79,117,136,165,142,134,114,122,100,124,108,138,190,109,98,149,249,122,118,134,109,105,131,118,104,111,139,146,136,138,156,122,144,120,148,99,104,134,140,127,160,96
20210423,16,O3_8h,91,101,94,86,89,87,93,96,100,102,89,90,,,83,,89,90,92,,88,,81,95,,98,74,,120,119,117,114,122,124,,,99,99,,101,90,103,97,105,,104,,108,108,107,112,100,117,,110,103,112,,109,115,111,85,89,94,102,95,98,98,,94,88,84,85,99,94,,117,114,115,113,96,,93,88,98,108,103,99,,127,129,,,122,127,117,126,97,89,66,,69,62,77,70,74,,76,110,106,135,113,127,,122,116,119,119,53,47,60,43,55,79,97,53,58,45,112,102,89,,114,114,122,110,97,116,125,102,69,62,54,59,79,,71,58,75,59,86,95,96,91,83,80,110,93,96,72,,73,56,71,69,80,82,63,58,60,62,58,49,,,,88,96,,93,96,85,,,,103,,89,75,75,93,78,87,92,93,110,,,,115,112,,84,81,87,91,93,,90,95,99,97,83,98,69,68,,72,,108,104,,61,56,,74,53,55,,57,85,57,51,42,72,42,,,67,59,60,92,82,70,79,,68,,,82,,82,81,,80,109,100,53,61,57,,83,84,85,91,84,79,78,77,98,90,101,110,97,108,101,90,104,100,95,,87,89,96,94,141,107,87,88,82,93,,93,90,88,,98,60,69,61,,60,68,64,71,70,,,51,48,56,46,54,46,98,100,99,100,90,98,100,94,95,87,80,84,78,78,78,78,,90,88,83,84,88,89,84,88,88,90,80,81,141,141,,140,153,178,145,126,161,128,165,100,123,70,103,120,148,,104,98,90,161,82,101,120,108,120,109,138,118,,113,98,118,146,130,147,153,141,121,106,127,,,170,177,181,176,158,200,175,144,86,93,91,108,76,77,78,77,74,72,60,67,72,61,82,89,68,68,,25,36,56,48,35,59,57,,,40,48,32,36,54,,120,120,115,105,,,118,95,109,96,111,116,107,,106,107,112,,149,142,144,133,131,131,117,121,112,111,116,129,51,36,44,32,33,38,47,29,,51,48,28,41,,84,82,51,49,,,,87,102,,,,95,90,71,62,79,72,68,,80,84,59,92,90,80,80,85,79,77,83,114,68,85,80,117,,112,110,119,119,128,121,125,131,119,,85,76,86,101,98,89,87,85,80,76,82,78,78,87,124,113,113,116,,64,,73,81,74,71,85,,78,72,,,94,84,80,57,,59,57,58,,90,97,95,,88,96,103,96,113,99,,,,50,,55,69,,65,83,82,76,74,76,78,104,116,108,,64,,,120,,117,102,130,108,104,96,111,95,,69,61,66,62,70,65,58,104,101,83,86,91,99,135,120,133,113,112,109,92,,89,200,179,,132,130,,140,145,142,117,86,,77,125,,,93,93,,123,,125,122,127,111,86,87,,92,94,,109,110,,107,,114,111,110,,114,114,78,73,89,,64,65,68,72,70,78,70,74,78,84,76,92,62,89,82,95,76,85,85,73,81,75,71,76,77,74,84,76,77,81,100,94,93,,98,136,129,137,118,146,112,129,143,115,130,76,78,77,,75,105,85,,89,83,86,73,81,,82,41,90,,68,,75,71,75,63,104,105,103,,,,104,,99,,81,84,72,,103,93,73,108,108,,106,,36,47,39,51,97,103,,102,100,104,98,127,109,,88,,,101,58,52,56,93,72,82,95,73,67,77,72,72,85,84,74,74,103,80,55,55,92,69,67,50,123,114,114,120,118,,118,133,116,124,70,68,76,70,,,,,90,78,,80,27,40,28,40,40,39,71,81,62,80,66,149,154,58,57,62,,89,80,61,,76,76,,81,60,53,37,42,37,32,44,34,63,66,70,63,,83,87,69,108,112,121,113,82,91,,73,82,92,88,102,52,48,66,66,,54,,68,70,70,,54,68,63,64,63,,,55,58,64,62,112,102,116,116,122,120,76,,79,108,102,62,70,78,63,54,91,,94,83,85,86,92,102,98,94,102,92,83,86,82,,44,43,,81,76,46,51,,,79,102,93,99,96,106,112,107,112,,,119,97,98,92,92,,90,122,114,101,124,110,114,,106,108,122,,,115,111,,112,107,101,,103,,122,128,,,98,81,,,118,128,126,,,89,91,83,84,122,120,129,94,83,95,91,90,80,58,68,59,92,74,76,84,83,80,77,78,,84,81,68,,77,82,118,107,85,103,94,89,109,112,115,119,,,108,122,112,114,114,124,112,121,121,80,81,88,94,106,102,96,107,,,108,73,63,66,86,90,,81,115,122,,122,125,126,,122,121,127,123,125,92,110,93,66,71,78,52,61,65,96,89,,92,102,93,63,113,104,,118,,116,,,,124,121,127,120,113,111,,73,,73,78,74,98,105,95,106,98,99,106,101,107,82,98,92,96,99,100,101,100,80,,85,69,63,74,66,68,88,101,93,94,84,106,95,102,106,,79,87,88,91,79,97,87,102,96,94,111,94,109,108,111,,,114,110,80,81,77,76,81,92,95,107,,92,101,103,,85,89,88,98,,101,96,103,,111,115,116,107,116,99,102,97,97,102,94,101,103,,110,113,113,48,39,,45,45,78,68,76,72,68,66,67,60,62,54,,64,67,65,,84,84,,71,82,89,92,,82,94,89,26,25,88,91,95,82,92,89,78,87,82,81,80,92,79,82,81,81,70,71,67,68,61,81,74,72,82,70,69,74,65,71,78,78,60,77,73,84,36,50,59,89,80,79,82,51,64,55,62,76,69,81,90,88,86,95,94,88,93,92,84,84,77,76,79,86,83,82,77,19,30,,33,73,67,71,60,95,98,97,104,111,116,109,114,128,127,,,36,40,39,,38,22,24,43,27,22,,81,,62,,,,,99,103,94,97,104,94,99,99,,74,115,138,125,131,135,119,102,100,95,129,,,,,61,52,105,118,125,120,64,,92,124,123,121,115,127,121,124,131,138,106,115,124,124,,136,131,131,120,119,139,113,124,118,,112,108,,114,126,,114,118,117,,124,,104,,96,96,68,60,63,55,101,96,100,98,79,78,75,98,,62,68,46,74,70,87,,87,78,55,54,90,90,,72,61,72,73,62,,56,66,80,,102,88,93,98,99,92,101,,103,63,,73,68,73,66,69,75,77,82,82,,86,75,69,84,91,93,77,83,87,,,74,77,73,61,,44,77,70,78,115,104,93,124,102,97,93,121,111,,98,76,112,,59,88,100,,116,,49,74,117,87,112,123,,51,120,68,88,32,101,62,,,100,113,69,89,,90,91,106,74,,106,96,,,50,112,102,72,91,97,45,54,48,116,60,42,71,63,107,,89,93,,167,140,118,113,79,121,86,70,133,109,105,94,74,94,94,72,121,88,58,81,55,80,82,92,120,126,126,114,120,74,120,109,32,104,116,128,89,90,96,101,98,117,57,114,74,91,64,89,,99,89,45,,117,20,13,,,56,113,94,84,97,106,97,90,72,91,107,91,99,118,91,102,126,65,,71,48,64,86,82,,73,61,58,80,65,48,80,75,64,52,108,117,120,126,122,88,,92,,70,68,73,102,86,143,161,118,132,117,153,142,125,130,116,90,120,83,181,,93,122,167,150,114,82,89,93,90,72,116,96,105,121,77,74,83,83,111,96,,74,68,61,83,76,104,24,42,,62,68,57,81,64,63,21,35,110,103,125,115,122,56,59,98,74,113,46,74,77,86,84,86,146,146,140,77,112,84,71,68,70,96,73,82,,79,73,85,90,76,68,74,74,63,111,83,,54,99,104,116,123,89,97,84,64,108,89,83,104,102,77,66,57,98,82,86,77,70,73,75,,166,114,98,172,144,103,106,67,101,128,94,149,169,110,95,99,97,102,92,95,109,107,72,82,122,115,83,100,98,107,,86,77,118,113,84,121,6,54,65,38,88,120,107,112,84,71,67,72,67,81,77,,76,,68,78,126,64,84,74,73,85,87,104,105,,77,125,,60,72,128,121,121,130,79,94,84,83,87,84,117,83,74,54,69,68,,51,,70,69,,21,136,132,142,72,72,68,84,,81,122,117,113,,,88,120,102,123,107,93,97,102,100,107,100,108,102,91,89,96,92,103,102,90,98,92,96,80,,98,105,114,36,67,43,76,68,57,58,69,74,81,64,89,88,23,25,83,97,99,117,106,94,125,,147,190,77,89,73,,77,108,62,70,113,112,80,42,43,55,57,74,88,101,77,68,78,55,68,94,58,73,80,,90,84,60,96,114,104,102,116,90,101,87,102,92,119,122,74,67,111,112,98,77,96,98,96,102,103,88,102,126,132,95,117,103,87,108,96,110,66,78,122,124,113,117,67
20210423,16,O3_8h_24h,91,101,94,86,89,87,93,96,100,102,89,90,,,83,,89,90,92,,88,,81,95,,98,74,,120,119,117,114,122,124,,,99,99,,101,90,103,106,108,,104,,108,108,107,112,100,117,,110,103,112,,109,115,111,85,89,97,102,95,98,98,,94,88,84,85,99,94,,117,114,115,113,96,,93,88,98,108,103,99,,127,129,,,122,127,117,126,97,89,66,,69,63,84,70,90,,76,111,118,135,117,130,,122,121,121,120,56,70,73,76,84,79,97,76,81,52,112,102,89,,114,114,122,110,97,116,125,102,69,62,54,59,79,,71,58,75,59,86,95,96,91,83,80,110,93,96,72,,73,56,71,69,80,82,63,58,60,62,58,49,,,,88,96,,93,96,85,,,,103,,89,75,75,93,78,87,92,93,110,,,,115,112,,84,81,87,91,93,,90,95,99,97,83,98,69,68,,72,,108,104,,61,56,,74,53,55,,57,85,57,51,42,72,42,,,67,59,60,92,82,70,79,,68,,,82,,82,81,,80,109,100,53,73,65,,83,84,85,91,84,79,78,77,98,90,101,110,97,108,101,90,104,100,95,,87,89,96,94,141,107,87,88,82,93,,93,90,88,,98,90,96,91,,90,97,95,83,107,,,80,75,97,94,82,68,98,100,99,100,90,98,100,94,95,89,80,86,79,78,78,79,,90,88,83,84,88,89,84,88,88,90,80,81,141,141,,140,153,178,145,126,161,128,165,100,123,70,103,120,148,,104,98,90,161,82,101,120,108,120,109,138,118,,113,98,118,146,130,147,153,141,121,106,127,,,170,177,181,176,158,200,175,144,86,93,91,108,76,77,78,77,74,72,60,67,72,61,82,89,68,87,,25,53,56,48,35,59,57,,,60,48,34,36,54,,120,120,115,105,,,118,108,109,96,111,116,107,,106,107,112,,149,142,144,133,131,131,117,121,112,111,116,129,51,36,44,32,33,38,47,29,,51,48,28,41,,84,82,51,49,,,,87,105,,,,95,90,71,70,79,72,68,,80,84,71,92,90,80,80,85,79,77,83,114,68,85,80,117,,112,110,119,119,128,121,125,131,119,,85,76,86,101,98,95,103,91,90,76,82,78,78,87,124,113,113,116,,78,,73,81,74,71,88,,87,72,,,94,84,80,78,,77,78,70,,90,97,95,,88,104,103,104,113,100,,,,63,,69,69,,65,83,82,76,74,76,78,120,116,113,,73,,,120,,117,102,130,108,110,101,111,96,,69,61,66,72,70,72,60,104,101,83,86,91,99,135,120,133,113,112,109,92,,89,200,179,,132,130,,140,145,142,117,86,,77,125,,,93,93,,123,,125,122,127,111,86,87,,92,94,,109,110,,107,,114,111,110,,114,114,101,100,100,,73,76,68,98,86,89,70,74,78,90,76,92,63,111,102,98,98,85,85,73,81,75,71,76,77,74,84,76,77,81,108,95,100,,101,136,129,137,118,146,112,129,143,115,130,76,78,77,,75,105,85,,89,83,86,73,81,,82,46,103,,68,,75,71,75,63,104,105,103,,,,104,,99,,87,84,88,,103,93,73,108,108,,106,,36,47,39,51,97,103,,102,100,104,98,127,109,,88,,,101,58,52,56,108,72,82,95,73,67,77,72,72,85,84,74,74,103,80,55,55,92,69,67,50,123,114,114,120,118,,118,138,116,124,70,68,76,80,,,,,90,78,,80,71,75,68,76,87,68,71,81,62,80,66,149,154,58,57,62,,89,80,61,,76,76,,81,65,53,37,42,37,32,44,38,63,66,70,63,,121,111,69,108,112,121,113,86,96,,77,82,99,89,102,60,56,91,91,,89,,72,79,79,,70,106,98,78,82,,,90,95,77,72,112,102,118,121,134,128,76,,79,108,102,62,70,78,63,54,91,,94,83,85,86,92,102,98,94,102,92,83,86,82,,44,43,,81,76,46,51,,,79,102,93,99,96,106,112,107,112,,,119,119,119,111,101,,102,122,114,101,124,110,114,,106,108,122,,,115,122,,112,107,101,,103,,124,134,,,107,81,,,118,128,126,,,93,91,83,84,133,127,137,94,83,97,112,90,80,78,68,60,92,76,76,84,86,88,90,78,,92,94,89,,107,91,118,107,85,103,94,89,109,112,115,119,,,108,142,128,119,118,124,113,121,122,112,119,91,94,106,102,96,107,,,108,84,71,81,86,96,,84,115,122,,122,125,126,,122,121,127,123,125,92,110,93,66,71,78,52,61,65,96,89,,92,102,93,63,113,104,,118,,116,,,,124,121,127,120,113,111,,73,,73,78,74,98,105,95,106,98,99,106,101,107,86,98,92,96,99,100,101,100,80,,85,69,63,74,66,68,88,101,93,94,84,106,95,102,106,,79,87,88,91,79,97,87,102,96,94,111,94,109,108,111,,,114,110,80,81,77,76,81,92,95,107,,92,101,103,,85,89,88,98,,101,96,103,,111,115,116,107,116,99,102,97,97,102,94,101,103,,110,113,113,48,39,,45,45,87,81,85,82,70,70,67,63,62,56,,65,76,65,,84,84,,71,82,89,92,,82,94,89,40,25,88,91,95,82,92,89,78,87,82,81,80,92,79,82,81,81,70,71,73,74,70,82,74,74,82,70,69,74,65,71,78,81,60,77,73,84,36,83,79,89,80,79,82,51,65,55,62,76,69,81,90,88,86,95,94,88,93,93,84,84,77,76,79,86,83,82,77,24,30,,33,89,98,108,107,95,100,100,104,111,116,109,114,128,127,,,90,73,77,,62,23,38,51,42,22,,81,,62,,,,,99,103,94,97,104,94,99,99,,74,115,138,125,131,135,119,102,100,95,129,,,,,63,57,105,118,125,120,64,,92,124,126,121,115,134,128,133,131,138,106,124,124,124,,136,131,131,120,119,139,113,132,118,,112,108,,114,126,,114,118,118,,124,,104,,102,103,76,62,70,55,101,96,100,98,86,85,83,98,,62,68,74,74,93,99,,106,107,61,66,90,93,,82,68,72,73,88,,56,66,99,,102,88,93,98,99,94,101,,103,83,,73,77,73,72,69,77,82,82,84,,86,79,72,84,91,106,102,100,106,,,78,77,73,69,,44,77,72,78,129,104,93,124,102,97,93,121,111,,98,76,112,,59,88,100,,116,,62,74,117,87,112,123,,83,120,75,88,78,101,72,,,100,113,69,89,,90,91,106,74,,106,96,,,50,112,102,72,91,97,45,54,48,116,60,42,71,63,107,,89,93,,167,140,118,113,90,121,94,76,133,109,105,94,74,94,94,72,121,88,72,81,69,80,94,92,120,126,126,114,120,82,120,112,32,104,116,128,89,90,96,101,98,117,57,114,74,91,64,89,,99,89,62,,118,20,36,,,56,113,94,84,97,106,97,90,72,106,107,91,99,118,91,102,126,65,,86,48,64,86,82,,78,61,58,80,65,48,80,75,64,52,108,117,120,128,122,97,,92,,70,68,73,102,86,143,161,118,132,117,153,142,125,130,116,90,120,83,181,,93,122,167,150,114,82,89,93,90,72,116,96,105,121,77,74,83,85,111,96,,74,68,106,114,116,104,24,42,,70,68,90,81,64,63,21,57,110,103,125,115,122,99,71,98,84,113,61,74,77,92,86,86,146,146,140,77,117,84,71,68,70,96,73,82,,79,73,85,90,76,68,74,74,63,111,83,,68,99,104,116,123,89,97,84,64,108,89,83,104,102,77,66,57,98,82,92,77,70,73,75,,166,114,98,172,144,103,106,73,101,128,94,149,169,110,95,99,97,102,92,95,109,107,72,82,122,115,83,100,98,107,,86,87,118,113,113,121,6,54,65,38,91,120,107,112,84,71,67,82,90,81,77,,77,,73,79,127,64,84,74,73,85,87,104,105,,91,125,,60,72,128,121,121,130,79,94,84,83,87,84,117,83,74,54,69,68,,51,,70,75,,32,136,132,142,72,72,68,84,,81,122,117,113,,,88,120,102,123,107,93,97,102,100,107,100,108,102,91,89,96,92,103,102,90,98,92,106,80,,98,105,114,36,67,46,76,68,57,58,69,82,88,79,103,104,23,25,83,97,121,132,106,94,125,,147,190,77,91,73,,77,108,62,70,122,112,80,91,68,69,74,74,88,101,77,68,78,55,68,94,58,73,80,,90,87,60,106,126,104,102,127,90,101,87,102,92,119,122,74,97,111,112,98,77,96,98,96,102,103,88,102,126,132,98,117,103,107,108,104,110,66,80,122,124,126,117,69
20210423,16,CO,0.3,0.3,0.4,0.3,0.3,0.3,0.3,0.4,0.3,0.5,0.2,0.4,,,0.7,,0.8,0.7,0.7,,0.7,,0.6,0.7,,0.5,0.4,,0.6,0.5,0.5,,0.6,0.3,,,0.3,0.3,,0.3,0.3,0.4,0.2,0.3,,0.2,,0.5,0.4,0.5,0.2,0.3,0.4,,0.3,0.3,0.6,,0.8,0.8,,0.7,0.5,0.6,0.5,0.4,0.3,0.4,,0.3,0.3,0.4,0.5,0.4,0.6,,0.4,0.4,0.4,0.1,0.4,,0.5,0.5,0.4,0.5,0.4,0.5,,0.4,0.4,,,0.5,0.4,0.4,0.6,0.6,0.8,0.6,,0.6,1.1,0.6,0.7,0.9,,0.6,0.4,0.6,0.9,0.8,0.5,,0.5,0.4,0.4,0.7,0.5,0.7,0.5,0.6,0.3,0.4,0.5,0.5,0.4,0.5,0.4,0.6,,,0.3,0.3,0.5,0.6,0.1,0.6,0.6,0.6,1.1,1,0.9,1,0.7,,1.1,0.8,0.7,0.9,1,0.7,0.4,1.1,0.9,0.7,0.8,0.7,0.9,0.8,,1.3,1.3,1,1,1.1,1.1,0.7,0.8,0.9,1,1,1.1,,,,0.7,0.7,,0.7,0.8,0.9,,,,0.7,,0.9,0.8,1,0.9,0.8,1.2,0.9,0.9,1,,,,0.8,1.1,,0.9,0.7,,0.5,0.6,,0.9,,0.8,0.8,0.7,0.7,0.6,0.5,,0.7,,1,0.9,,0.8,0.6,,0.8,1,0.8,,0.9,1,0.8,,0.6,1.1,0.5,,,0.7,0.9,1,0.5,0.5,0.5,0.5,,1.1,,,0.9,,1.1,0.9,,0.7,0.7,0.5,0.4,0.4,0.4,,1,0.9,0.7,0.5,0.6,0.5,0.6,0.7,0.5,0.6,0.6,0.6,0.5,0.5,0.4,0.6,0.5,0.6,0.4,,0.6,0.6,0.6,0.6,0.4,0.4,,1,0.9,0.6,,0.6,1.2,0.9,,0.8,0.4,0.4,0.5,,0.3,0.3,0.5,0.5,,,,0.6,1,1,0.8,0.9,0.8,0.8,0.9,0.8,0.9,0.5,0.6,1,0.8,0.7,0.9,0.8,0.6,1,0.6,0.9,0.7,,0.7,1,,1.1,0.8,0.7,0.8,0.8,0.8,0.8,1.1,0.8,0.9,0.9,,0.7,0.6,0.7,0.8,0.7,0.7,0.7,,0.6,0.7,0.8,0.6,0.6,0.7,,0.6,0.7,0.6,0.7,0.4,0.6,0.3,0.8,0.6,0.7,0.5,0.7,,0.6,0.6,0.5,0.8,0.7,0.5,0.5,0.7,0.6,0.4,0.5,,,0.7,0.7,0.7,0.5,0.6,0.6,0.6,0.5,,0.6,0.5,0.4,0.6,0.7,0.5,0.6,0.5,0.4,0.6,0.5,0.4,0.6,,0.5,0.4,0.6,,0.6,0.6,1,1.1,0.9,0.7,0.3,,,0.7,0.5,0.3,0.7,1.2,,0.8,0.7,0.8,0.7,,,0.6,0.6,0.6,0.5,0.7,0.7,0.7,,0.6,0.7,0.7,,0.4,0.4,0.5,0.3,0.4,0.6,0.5,0.5,0.5,0.4,0.6,0.3,0.7,1.1,0.7,0.8,0.9,0.9,0.8,,,0.7,0.8,0.9,0.9,,0.8,0.8,0.7,0.5,,,,0.3,0.5,,,,0.2,0.5,0.4,0.4,0.4,0.5,0.3,,0.4,0.9,0.6,0.9,1,0.9,0.6,0.8,0.6,0.8,0.9,0.7,0.5,0.9,0.5,0.8,,0.6,0.6,0.8,0.6,0.6,0.6,0.7,0.6,0.5,,1,0.9,0.9,0.5,0.5,0.7,0.6,0.8,0.8,0.8,0.6,0.4,0.7,0.5,0.4,0.5,0.5,0.3,,0.7,,0.5,0.8,0.8,0.7,0.5,,0.7,0.6,,,0.5,0.5,1,0.2,,0.8,0.7,0.7,,0.5,0.3,0.5,,0.6,0.6,0.4,0.4,0.6,0.3,,,,0.7,,0.4,1.1,,1.2,0.6,0.7,0.8,1.2,1,0.9,0.5,0.4,0.5,,0.6,,,0.8,,0.8,0.3,0.8,0.2,0.4,0.5,0.5,0.6,,0.6,0.5,0.6,0.6,0.6,0.5,0.4,0.5,0.5,0.4,0.5,0.5,0.5,0.7,0.6,0.6,0.6,0.6,0.5,0.6,,0.5,0.7,0.8,,0.6,0.7,,0.6,0.5,0.8,0.6,0.5,,0.5,0.6,,,0.3,0.5,,0.5,,0.5,0.3,0.4,0.4,0.6,1,,0.6,0.9,,0.7,0.6,,0.7,,0.7,0.6,0.5,,0.7,0.6,0.8,0.5,0.4,,0.9,0.8,1.3,1.6,1.5,0.7,0.5,0.6,0.6,0.6,0.6,0.6,2.1,0.7,0.3,0.7,0.7,0.5,0.3,0.7,0.8,0.8,0.9,0.8,1,0.8,1,,0.8,0.7,0.5,0.5,0.4,,0.3,0.6,0.7,0.5,0.5,0.6,0.5,0.4,0.3,0.3,0.2,0.7,0.6,0.8,,1.2,1,0.8,,0.6,0.8,0.6,0.8,0.7,,0.3,0.4,0.8,,1,,1,0.9,0.6,1.1,,0.3,0.7,,,,0.6,,0.5,,1,0.9,0.9,,0.5,0.7,0.7,0.9,0.9,,0.8,,0.9,1,0.7,0.6,0.6,0.7,,0.8,0.8,0.8,0.5,0.7,0.9,,1,,,0.8,0.5,0.8,0.8,0.5,0.8,0.6,0.8,0.8,0.5,0.4,0.5,0.6,0.6,0.8,0.5,0.7,0.9,0.6,0.5,0.4,0.8,0.6,0.8,,0.7,0.7,0.9,0.8,0.7,,2,0.1,0.3,0.1,0.7,0.8,0.8,0.8,,,,,0.7,0.5,,0.5,1.1,0.9,0.7,0.6,0.7,0.8,0.8,0.6,0.8,,0.3,0.3,0.4,0.8,0.9,1,,0.7,0.9,1,,0.8,0.8,,0.8,0.8,0.8,0.9,0.9,0.9,1.3,0.8,0.8,0.8,0.8,0.9,0.8,,0.5,0.6,0.5,0.3,0.4,0.4,0.3,0.2,0.4,,0.4,0.3,0.2,0.1,0.3,0.5,0.7,0.3,0.3,,0.7,,1.1,1,1,,0.8,0.5,0.3,0.4,0.5,,,0.7,0.8,0.5,0.6,0.5,0.5,0.6,0.6,0.4,0.5,0.8,,0.8,0.9,0.9,1.5,1.9,2,0.9,1.1,0.7,,0.9,1,0.9,0.8,0.9,1,0.9,1,1,1.2,1.3,1.2,0.8,,1.1,0.9,,0.8,0.8,1,1.2,,,0.6,0.4,0.3,0.4,0.2,0.8,0.6,0.8,0.8,,,0.4,0.8,0.9,1,0.8,,1,0.6,0.5,0.7,0.6,,0.4,,0.3,0.5,0.7,,,0.8,0.7,,0.6,0.5,,,0.5,,0.8,0.8,,,0.1,0.5,,,0.7,0.6,0.3,,,0.5,0.2,0.2,0.2,0.4,0.5,0.4,0.3,0.7,0.5,0.9,0.3,1.2,0.7,0.9,0.7,0.9,0.8,0.6,0.4,0.6,0.5,0.6,0.5,,0.5,0.5,0.6,,1,0.7,0.4,0.6,0.8,,0.3,0.1,0.4,0.7,0.5,0.6,,,0.5,0.4,0.4,0.4,0.5,0.5,0.4,0.3,0.4,0.3,0.4,0.5,0.4,0.5,0.5,0.7,0.4,,,0.5,0.2,0.2,0.2,0.4,0.4,,0.3,0.3,0.6,,0.4,0.6,0.3,,0.4,0.5,0.4,0.4,0.4,0.5,0.6,0.5,0.8,,0.9,0.7,0.5,0.8,0.5,0.4,,0.5,,0.5,0.9,0.7,0.8,,0.5,,0.5,,,,0.7,0.5,0.6,0.7,0.5,0.5,,0.8,,0.8,1,0.8,0.5,0.5,0.4,0.4,0.6,0.5,0.3,0.5,0.3,0.3,0.4,0.4,0.4,0.4,0.3,0.3,0.4,0.4,,0.2,0.2,1.1,,0.8,0.6,0.9,0.8,1.2,0.7,1.1,0.4,0.4,0.8,,,0.5,0.5,0.3,0.4,0.5,0.9,0.5,0.5,1.5,1.1,0.7,0.8,0.7,0.5,0.9,,,0.7,0.8,0.6,0.6,0.7,0.7,0.8,0.5,0.6,0.6,,1,0.6,0.4,,0.9,0.8,0.8,0.7,,0.7,0.6,0.8,,0.7,0.6,0.6,0.6,0.7,0.8,0.9,0.8,0.6,0.8,0.5,0.6,0.6,,0.4,0.4,0.5,1.4,2.1,,1,1.4,0.6,0.6,0.8,0.5,0.7,0.6,0.8,0.8,0.9,0.8,,0.5,0.6,0.7,,0.8,0.8,,0.7,0.7,,0.7,,0.8,0.6,0.4,0.6,1,0.9,0.8,1,0.7,0.9,0.9,0.7,0.7,0.6,0.5,0.7,1.4,0.9,1.4,1,0.9,0.8,1.1,0.8,0.6,0.7,0.9,0.8,0.9,1,0.9,0.9,0.5,0.7,0.9,1,0.9,0.6,0.6,1.2,0.6,0.5,0.8,0.6,0.7,0.6,0.6,0.6,0.7,0.4,0.5,0.7,1,0.6,0.6,0.5,0.9,0.6,0.5,0.7,0.5,0.8,0.8,0.5,0.5,0.5,0.5,0.5,0.6,0.5,0.6,0.6,0.4,0.6,,0.6,0.5,0.6,0.4,0.5,0.5,0.9,0.8,0.8,0.8,0.6,0.7,0.6,0.6,0.5,,,0.8,0.7,0.8,,0.9,0.3,0.7,0.9,0.8,1.3,,0.5,,0.5,,,,,0.5,0.6,0.6,0.5,0.5,0.4,0.3,0.4,,0.4,0.5,0.4,0.7,0.5,0.4,0.7,1,0.6,0.7,0.4,,,,,0.2,0.5,0.4,0.4,0.4,0.5,0.5,,0.9,0.3,0.4,0.3,0.1,0.4,0.4,0.4,0.4,0.3,0.7,0.8,0.5,0.6,,0.4,0.5,0.4,0.6,,0.6,0.6,0.4,0.8,,1.2,0.8,,0.4,0.4,,0.4,0.3,0.5,,0.4,,0.3,,0.3,0.3,0.6,0.7,0.7,0.7,0.8,0.7,0.8,0.6,0.6,0.6,0.6,1.1,,0.6,0.6,0.4,0.5,0.8,0.7,,,0.4,0.5,0.5,0.2,0.3,,0.9,0.8,0.1,0.3,0.5,,0.6,0.5,0.3,,0.5,0.5,0.7,0.4,0.5,0.5,0.5,,0.4,0.7,,0.7,0.6,0.7,0.7,0.5,0.5,0.2,0.3,0.4,,0.2,0.2,0.3,,,0.2,0.5,0.5,0.3,,,0.3,0.2,0.3,0.4,,0.6,0.5,0.5,0.4,0.2,0.3,0.7,0.8,0.6,0.5,0.7,0.3,0.4,,0.5,0.6,0.6,,0.8,1,0.9,,0.5,,0.5,0.5,0.6,0.5,0.5,0.6,,0.5,0.5,0.6,0.8,0.8,0.8,0.5,,,0.4,0.2,1,0.5,,0.4,0.6,0.6,0.6,,0.9,1,,,1.4,0.8,0.8,0.6,0.8,0.7,1.5,1.3,1.2,0.8,0.6,0.6,0.6,1,0.4,,0.9,0.5,,0.6,0.6,0.4,0.5,,,0.3,0.2,0.6,0.9,1.2,0.9,0.6,0.8,0.7,0.6,0.4,0.3,0.5,0.3,0.6,0.4,0.5,0.6,0.4,0.7,,0.6,0.5,0.3,0.8,0.2,1,0.8,0.7,0.8,0.9,0.8,0.9,0.7,0.6,0.6,1.5,0.7,0.7,0.6,0.7,1.3,,0.6,0.8,0.5,,0.5,0.7,0.5,,,0.8,0.4,0.5,0.6,0.8,0.3,0.6,0.8,0.7,0.4,0.6,0.7,0.6,0.6,0.3,0.7,0.5,,,0.7,0.5,0.6,0.8,0.4,,0.3,0.7,0.8,0.7,0.8,1,0.7,0.7,0.8,0.9,0.4,0.7,0.5,0.7,0.2,0.5,,1.2,,1.2,1,0.8,0.7,0.8,,0.8,0.9,0.6,0.7,0.8,0.6,0.6,0.6,,,0.5,0.6,0.4,,0.4,0.8,0.7,0.7,0.3,0.3,0.3,0.7,0.5,0.7,0.3,0.6,0.6,0.4,0.7,0.7,0.9,1,0.8,0.7,,0.8,0.9,0.5,0.6,0.5,0.4,0.7,0.6,,0.7,0.7,0.5,0.9,0.6,0.4,0.3,0.5,0.7,0.9,0.9,0.7,0.6,0.5,0.4,0.3,0.3,0.3,,0.9,0.9,0.2,0.5,0.4,0.3,0.3,0.4,1,0.5,0.4,,0.7,0.7,0.9,0.5,0.6,,0.8,1.2,0.7,0.9,1,,1,0.9,1,0.4,,,0.4,0.3,0.3,0.5,0.3,0.7,1,0.7,1.1,0.5,0.7,0.8,1,0.9,1.1,0.9,1.2,,0.4,0.3,0.2,0.5,0.3,0.3,,0.7,0.3,0.7,0.8,0.5,0.6,0.5,0.4,0.4,0.6,0.6,0.7,0.8,0.7,,0.5,0.4,0.4,0.9,0.9,0.3,0.6,0.7,0.7,0.5,0.7,0.9,0.6,0.5,0.4,,0.4,0.9,0.7,0.5,0.4,0.5,0.8,0.4,0.8,0.5,0.5,0.8,0.6,0.8,1,0.4,0.6,,0.4,0.6,0.5,,0.7,,0.5,0.2,0.4,,0.6,0.5,0.5,0.8,0.3,0.6,0.6,,0.7,0.4,,0.7,0.4,0.5,0.5,0.5,0.5,0.6,0.6,0.6,0.6,0.6,0.4,0.3,1.1,0.5,0.6,0.5,0.5,,1,,1,0.7,,1.1,0.5,0.1,0.4,0.8,1,1.3,0.5,,0.6,0.4,0.4,0.4,,,0.9,0.5,0.5,0.4,0.4,0.4,0.4,0.4,0.3,0.4,0.4,0.3,0.3,0.2,0.4,0.3,0.3,0.3,0.4,0.3,0.6,0.9,0.5,0.8,,0.8,0.8,0.6,0.7,0.8,0.8,0.8,0.9,0.6,0.9,0.9,0.6,0.2,,0.4,0.6,0.7,0.6,,0.5,0.9,0.7,0.4,0.4,0.6,,0.7,0.6,0.5,1.8,0.5,,1.3,0.4,0.9,0.8,0.5,0.5,0.4,1,0.6,0.6,0.2,0.6,0.4,0.5,0.6,,0.6,0.7,0.7,0.6,,0.8,0.9,,0.6,0.3,1.4,0.3,,1,0.2,0.8,0.4,0.3,0.4,0.4,0.4,0.4,0.6,1,0.5,0.6,0.6,0.6,0.6,1,0.3,0.3,0.4,0.3,0.4,0.3,0.5,0.3,0.6,0.4,0.4,0.4,0.5,0.3,0.5,1.1,0.6,0.5,0.4,0.4,0.7,0.4
20210423,16,CO_24h,0.6,0.6,0.6,0.6,0.6,0.6,0.6,0.5,0.6,0.7,0.6,0.6,,,0.7,,0.9,0.7,0.7,,0.8,,0.8,1.3,,0.9,0.7,,0.6,0.7,0.5,0.7,0.6,0.5,,,0.7,0.7,,0.7,0.6,0.4,0.3,0.3,,0.2,,0.6,0.5,0.7,0.4,0.5,0.6,,0.5,0.4,0.6,,0.8,0.8,0.7,0.8,0.6,0.7,0.6,0.5,0.4,0.5,,0.4,0.6,0.6,0.8,0.5,0.6,,0.5,0.6,0.5,0.2,0.9,,0.7,0.8,0.7,1,0.8,0.7,,0.6,0.5,,,0.6,0.6,0.5,0.7,0.7,0.7,0.7,,1,1,0.6,0.7,0.7,,0.9,0.4,0.6,0.7,0.6,0.4,,0.4,0.4,0.4,0.5,0.6,0.7,0.6,0.7,0.5,0.5,0.6,0.5,0.5,0.4,0.5,0.6,0.9,,0.4,0.6,0.6,0.4,0.3,0.6,0.6,0.7,1,0.9,0.8,0.8,0.6,,1,0.7,0.7,0.9,1.1,0.8,0.5,1.1,1,0.8,1,0.9,1,0.7,,1.2,1.2,0.8,0.8,1.1,1,0.6,0.9,0.9,1,0.9,0.9,,,,0.8,0.7,,0.9,0.8,1,,,,0.8,,0.9,0.9,1,0.8,0.9,1,0.9,1,1.1,,,,0.8,1,,0.9,0.7,1,0.6,0.8,,1,0.7,0.9,0.8,0.8,0.7,0.7,0.7,,0.8,,1.1,1,,0.8,0.5,,0.8,0.9,0.8,,0.8,1,0.8,0.7,0.5,0.8,0.5,,,0.5,0.7,0.8,0.6,0.6,0.4,0.5,,0.9,,,0.8,,0.9,0.9,,0.6,0.5,0.3,0.5,0.4,0.4,,0.8,0.7,0.8,0.6,0.7,0.5,0.5,0.5,1,0.7,0.8,0.8,0.7,0.7,0.6,0.7,0.7,0.8,0.5,,0.7,0.7,0.7,0.7,0.5,0.4,0.5,1.1,1,0.8,,0.8,1.3,1.1,,0.9,0.5,0.5,0.6,,0.4,0.5,0.6,0.6,0.6,,,0.3,0.7,0.6,0.5,0.5,0.6,0.9,0.9,0.9,0.9,0.7,0.6,1.1,0.9,0.7,0.8,0.8,0.7,1,0.9,0.9,0.7,,0.7,0.7,1,1.1,0.8,0.8,0.8,0.8,0.8,0.8,1,0.9,1,0.9,,0.8,0.8,0.8,1,0.8,0.8,0.8,0.9,0.6,0.7,0.7,0.6,0.5,0.8,,0.6,0.7,0.6,0.7,0.5,0.7,0.3,0.7,0.7,0.8,0.6,0.7,,0.6,0.7,0.6,0.7,0.7,0.5,0.5,0.8,0.7,0.4,0.5,,,0.8,0.8,0.9,0.6,0.7,0.7,0.7,0.6,0.7,0.7,0.4,0.5,0.7,0.8,0.6,0.7,0.6,0.7,0.6,0.6,0.4,0.6,0.7,0.5,0.4,0.7,,0.7,0.8,1,1,0.9,0.6,0.3,,,0.9,0.6,0.4,0.8,1.1,,0.9,0.9,0.9,0.8,,,0.8,0.7,0.5,0.4,0.6,0.7,0.6,,0.6,0.6,0.7,,0.6,0.6,0.6,0.5,0.7,0.8,0.5,0.5,0.5,0.4,0.6,0.4,0.7,1.1,0.8,0.8,0.9,0.9,0.8,0.9,,0.7,0.7,0.9,0.9,,0.8,0.7,0.8,0.6,,,,0.6,0.7,,,,0.5,0.7,0.5,0.8,0.5,0.5,0.4,,0.4,0.9,0.7,0.9,0.9,0.9,0.7,0.8,0.8,0.7,0.8,0.6,0.6,0.8,0.5,1.1,,0.9,1,0.9,0.8,0.7,0.7,0.7,0.7,0.6,,0.9,1.3,1.1,0.5,0.6,0.6,0.6,0.9,0.9,0.9,0.7,0.6,0.7,0.6,0.5,0.5,0.5,0.4,,0.7,,0.7,1,1,0.9,0.7,,0.8,0.5,,,0.9,0.8,1.4,0.6,,0.7,0.9,0.9,,0.9,0.4,0.6,,0.7,0.6,0.3,0.7,0.6,0.2,,,,1,,0.6,1.1,,1,0.6,0.7,0.8,1,0.8,0.7,0.4,0.4,0.5,,0.8,,,0.7,,1,0.6,0.9,0.2,0.5,0.5,0.6,0.8,,0.7,0.5,0.6,0.7,0.6,0.5,0.4,0.6,0.6,0.4,0.7,0.7,0.6,0.7,0.6,0.6,0.7,0.8,0.6,0.6,,0.5,0.9,1,,0.6,0.8,,0.8,0.6,0.8,0.7,0.6,,0.6,1.1,,,0.5,0.7,,0.7,,0.9,0.6,0.9,0.8,1.1,1.5,,1.1,1.4,,1.1,0.7,,0.9,,0.9,0.8,0.8,,1,0.9,0.6,0.4,0.3,,0.6,0.6,1,0.7,0.6,0.5,0.4,0.7,0.6,0.7,0.7,0.6,1.7,0.6,0.4,0.8,0.6,0.5,0.3,0.8,0.9,0.8,1,1,0.8,0.7,0.7,0.8,0.7,0.6,0.6,0.6,0.4,,0.3,0.5,0.5,0.5,0.5,0.5,0.5,0.4,0.4,0.3,0.2,0.8,0.7,0.8,,1.4,0.9,1,,0.8,1,0.9,1,0.9,,0.6,0.6,0.7,,1,,1.1,1,0.6,1.1,0.6,0.4,0.8,,,,0.7,,0.6,,0.9,0.8,0.8,,0.6,0.9,0.8,0.9,0.8,,0.8,,0.9,1,0.6,0.8,0.7,0.8,,0.9,0.8,0.8,0.6,0.8,0.8,,1,,,0.8,0.5,0.8,0.9,0.5,0.9,1.5,0.8,1,0.6,0.5,0.5,0.6,0.7,0.9,0.7,0.9,1.1,0.7,0.5,0.4,0.9,0.7,1,0.7,0.8,0.8,0.9,0.8,0.7,,1.7,0.2,0.9,0.7,0.8,1,0.7,0.8,,,,,0.8,0.7,,0.7,1,0.9,0.7,0.6,0.6,0.8,0.7,0.5,0.5,0.7,0.4,0.5,0.5,0.7,0.8,1,,0.7,0.9,0.9,,0.7,0.9,,1.1,0.6,0.6,0.7,0.7,0.8,0.8,0.6,0.6,0.8,0.8,0.8,0.7,,0.6,0.8,0.7,0.6,0.6,0.6,0.6,0.2,0.4,,0.4,0.4,0.1,0.2,0.3,0.7,0.9,0.5,0.5,,0.6,,0.7,0.6,0.6,,0.7,0.5,0.3,0.4,0.5,,,0.5,0.5,0.6,0.6,0.4,0.5,0.5,0.4,0.7,0.6,0.7,,0.9,0.7,0.8,1,0.9,1.2,0.9,1.1,0.7,,0.9,1.1,1,0.9,1,1.1,1,1.1,1,1.3,1.3,1,0.7,,0.9,0.8,,0.6,0.6,0.7,1,,,0.8,0.4,0.3,0.4,0.3,0.8,0.6,0.8,0.9,,,0.4,1,1.1,1.2,1.1,,1.2,0.7,0.7,0.9,0.9,0.7,0.6,,0.6,0.7,0.7,,,0.7,0.7,,0.9,0.7,0.9,,0.7,,0.7,0.7,,,0.1,0.5,,,0.8,0.6,0.4,,,0.3,0.3,0.3,0.2,0.6,0.5,0.5,0.6,0.6,0.5,0.7,0.5,0.8,0.8,0.8,0.8,0.8,0.6,0.6,0.5,0.6,0.5,0.6,0.5,,0.5,0.5,0.7,,1,0.7,0.6,0.8,0.7,0.4,0.3,0.1,0.4,0.6,0.5,0.9,,,0.6,0.8,0.9,0.9,0.8,1,0.6,0.7,0.4,0.6,0.5,0.6,1.3,1.3,1.1,1.2,0.8,,,1.1,0.3,0.2,0.2,0.5,0.5,,0.4,0.5,0.7,,0.6,0.7,0.5,,0.6,0.8,0.6,0.6,0.6,0.6,0.7,0.7,0.9,0.7,0.8,0.8,0.6,0.9,0.7,0.5,,0.6,0.6,0.5,1,0.9,0.9,,0.6,,0.6,,,,0.8,0.6,0.7,0.8,0.6,0.6,,0.9,,0.9,1,0.8,0.8,0.7,0.7,0.6,0.8,0.6,0.5,0.7,0.5,0.3,0.5,0.5,0.5,0.6,0.6,0.6,0.6,0.5,,0.3,0.3,0.8,0.6,0.7,0.5,1,2,1.5,1.4,1.4,0.6,0.6,0.6,0.6,,0.5,0.5,0.4,0.4,0.6,1,0.9,0.6,1.4,1.1,0.7,0.8,0.8,0.6,1,,,0.9,1,0.7,0.6,0.7,0.8,0.8,0.5,0.7,0.7,,0.9,0.5,0.5,,0.7,0.7,0.7,0.8,,0.8,0.7,0.9,,0.8,0.7,0.7,0.7,0.8,0.8,0.9,0.8,0.7,0.8,0.7,0.7,0.7,,0.5,0.4,0.5,1.3,1.4,,1.4,1.1,0.8,0.7,0.8,0.6,0.8,0.7,0.9,0.8,1,1,,0.5,0.6,0.7,,0.9,0.9,,0.8,0.7,0.6,0.7,,0.8,0.6,0.5,0.7,1.1,0.9,0.9,1.1,0.8,1,1,0.8,0.8,0.6,0.6,0.8,1.3,0.9,1.5,1,0.7,1,0.8,0.9,0.7,0.8,0.9,0.8,0.9,1,1,0.8,0.5,0.7,0.9,0.8,0.8,0.6,0.6,1.1,0.6,0.5,0.8,0.5,1.3,0.8,0.8,0.8,0.7,0.6,0.5,0.7,1,1.3,0.5,0.5,0.9,0.8,0.5,0.7,0.6,0.9,0.9,0.5,0.7,0.6,0.6,0.6,0.8,0.7,0.5,0.5,0.4,0.9,,0.7,0.5,0.6,0.4,0.5,0.6,0.9,0.9,0.9,0.9,0.8,0.8,0.7,0.7,0.8,,,0.8,0.6,0.7,,0.8,0.4,0.8,0.9,1.1,1.2,,0.6,,0.5,,,,,0.6,0.6,0.7,0.6,0.6,0.6,0.6,0.4,,0.4,0.6,0.6,0.7,0.7,0.6,0.6,0.6,0.5,0.6,0.4,,,,,0.2,0.4,0.7,0.5,0.4,0.5,0.7,,0.9,0.4,0.5,0.5,0.4,0.5,0.5,0.5,0.4,0.5,0.7,0.8,0.6,0.7,,0.6,0.6,0.5,0.7,1.1,0.7,0.7,0.5,0.8,,1.6,0.9,,0.6,0.5,,0.4,0.3,0.5,,0.6,,0.4,,0.4,0.4,0.5,0.7,0.6,0.6,0.7,0.7,0.8,0.7,0.6,0.6,0.6,0.7,,0.7,0.8,0.3,0.5,0.7,0.6,,0.4,0.4,0.4,0.6,0.3,0.3,,0.9,0.7,0.2,0.3,0.5,,0.8,0.7,0.5,,0.5,0.5,0.7,0.6,0.6,0.5,0.5,,0.5,0.6,,0.4,0.6,0.7,0.6,0.5,0.5,0.3,0.3,0.4,,0.3,0.2,0.3,0.3,0.2,1.1,0.5,0.5,0.4,,,0.4,0.3,0.6,0.5,,0.7,0.4,0.5,0.5,1.2,0.3,1.2,0.9,0.8,0.8,0.7,0.5,0.7,,0.7,0.7,0.7,,0.6,0.8,0.9,,0.6,,0.7,0.4,0.9,0.6,2.2,1.9,,0.4,0.7,0.6,0.8,0.8,0.8,0.5,,,0.5,0.2,0.9,0.6,,0.8,0.9,0.8,0.7,,1,1.1,,,1.3,0.9,0.8,0.8,0.9,0.7,1.4,1.1,1,0.8,0.6,0.8,0.7,0.7,1,,0.9,0.8,,1,0.7,0.5,0.6,0.3,0.4,0.4,0.4,0.7,1,0.7,0.9,0.6,0.8,0.6,1.1,0.4,0.3,0.6,0.4,0.7,0.5,0.6,0.7,0.3,0.7,0.5,0.5,0.5,0.4,0.8,0.2,1.2,0.9,0.8,0.9,0.9,0.8,1,0.7,0.7,0.8,1.6,0.8,1.1,1.1,0.6,1.1,,0.7,0.9,0.7,,0.6,0.8,0.4,,,0.8,0.5,0.6,0.9,0.8,0.3,0.7,0.9,0.5,0.4,0.7,0.7,0.8,0.8,0.4,0.8,0.6,0.8,,0.7,0.7,0.6,0.8,0.7,,0.4,0.6,0.7,0.7,0.6,0.9,0.7,0.7,0.7,0.7,0.7,0.8,0.7,0.7,0.4,1,,1.2,,1,0.9,0.9,0.9,0.8,0.9,0.9,1,0.8,0.7,0.9,0.8,0.8,0.6,0.7,0.6,0.5,0.7,0.6,,0.5,0.9,0.9,0.6,0.3,0.6,0.5,0.8,0.7,0.8,0.5,0.7,0.8,0.5,0.8,0.8,0.8,0.9,0.9,0.7,,0.8,0.9,0.7,0.7,0.6,0.8,0.7,0.7,,0.7,0.9,0.6,0.7,0.8,0.4,0.5,0.5,0.8,1,0.8,0.6,0.8,0.4,0.8,0.3,0.5,0.2,0.9,1.2,1.1,0.6,0.7,0.6,0.4,0.5,0.6,1.8,0.5,0.5,0.8,0.7,0.7,0.9,0.7,0.6,,0.9,0.7,0.9,1,0.9,0.6,0.9,0.7,0.8,0.7,1,,0.8,0.4,0.6,0.8,0.4,0.9,0.9,0.7,0.9,0.6,0.8,0.9,1,0.9,1,0.9,1.1,1.1,0.5,0.3,0.3,0.5,0.4,0.4,,0.8,0.4,0.7,0.8,0.5,0.6,0.6,0.4,0.5,0.5,0.6,0.7,0.8,0.8,,0.6,0.5,0.5,0.8,0.8,0.4,0.8,0.9,0.8,0.6,0.7,0.9,0.6,0.5,0.5,,0.4,0.8,0.8,0.8,0.6,0.6,0.8,0.8,0.8,0.7,0.5,0.9,0.8,0.9,1.2,0.6,0.8,0.8,0.6,0.9,0.5,,0.7,,0.5,0.3,0.2,0.8,0.8,0.5,0.6,1.2,0.7,0.8,0.6,,0.7,0.4,,0.7,0.7,0.5,0.5,0.5,0.3,0.6,0.7,0.6,0.7,0.7,0.4,0.4,1,0.5,0.5,0.6,0.6,,0.9,,0.8,0.7,,1.2,0.7,0.6,0.5,0.7,1,1.1,0.4,,0.4,0.7,0.6,0.6,,,1.5,0.6,0.6,0.6,0.7,0.7,0.4,0.5,0.7,0.6,0.7,0.5,0.5,0.4,0.6,0.5,0.5,0.5,0.6,0.5,0.7,0.9,0.7,0.9,,0.7,0.9,0.7,0.9,0.8,0.9,1,0.9,0.6,0.8,0.9,0.6,0.2,0.5,0.5,0.6,0.8,0.7,0.7,1,1.1,0.6,0.4,0.4,0.7,,0.8,0.7,0.8,1.8,1.1,,1.5,0.5,0.9,0.8,0.9,0.5,0.7,0.7,0.3,0.9,0.7,0.9,0.6,0.5,0.6,0.9,0.7,0.8,0.8,0.4,0.8,0.8,0.8,,0.8,0.4,1.5,0.2,0.8,0.7,0.3,0.8,0.6,0.6,0.2,0.6,0.6,0.8,0.9,1,0.6,0.9,1,0.6,0.6,1,0.7,0.7,0.7,0.6,0.7,0.6,0.5,0.4,0.7,0.6,0.6,0.3,0.8,0.3,0.7,0.8,0.5,0.7,0.5,0.4,0.7,0.7
20210423,17,AQI,34,50,34,32,32,32,34,33,34,46,31,34,,,30,,30,31,36,,31,,24,32,,33,27,,60,53,68,,51,67,,,34,37,,35,32,35,40,41,,33,,52,51,67,48,52,46,,51,47,59,,63,,,32,33,34,36,34,39,37,,37,33,33,33,39,33,,53,59,,53,44,,42,43,45,46,45,44,,42,46,,,,43,38,42,29,35,26,,29,34,33,42,34,,25,43,45,42,39,42,,38,36,37,52,48,45,53,39,40,32,57,30,38,42,41,,,,58,58,53,54,54,51,62,62,72,67,74,72,75,,67,70,69,77,53,45,,52,53,45,60,52,52,,,73,,74,53,54,69,33,38,39,28,72,73,,,,56,52,,53,56,56,,,,57,,53,54,56,52,51,52,51,44,50,,,,54,58,,29,45,50,58,55,,,107,108,109,,108,74,,,48,,60,52,,50,46,,47,46,46,,51,54,42,42,28,77,35,,,62,90,112,38,52,61,55,,,,,45,,73,60,,53,39,53,25,23,24,,50,47,63,65,59,68,68,53,40,36,40,45,40,45,51,,41,42,39,,29,31,32,34,48,36,39,39,36,40,,,,38,,44,32,37,37,,35,42,37,29,,,,73,73,55,75,70,56,54,66,55,65,,,65,60,63,35,40,30,33,28,34,28,,32,49,,,54,55,54,,50,57,59,40,125,124,,127,123,137,131,127,127,114,133,55,58,54,56,55,57,,48,53,58,66,65,50,50,47,84,,103,115,,63,87,108,63,66,90,100,64,54,58,73,,,98,111,90,65,67,104,59,55,,50,50,,50,42,53,29,52,67,62,46,40,38,36,46,34,38,,54,58,52,56,61,51,54,,,65,48,53,46,54,,101,90,105,87,,,113,48,54,70,64,62,64,,62,63,67,,48,50,51,47,52,53,40,42,39,,40,42,56,46,43,52,50,,46,,,,40,54,49,,52,33,39,36,,,,38,128,,,,135,96,28,24,32,28,27,,30,51,,64,62,57,40,43,42,46,53,,39,,43,55,,57,44,53,57,49,51,60,57,59,,87,72,73,30,27,26,34,57,57,48,46,,39,39,43,,33,43,,20,,33,36,,39,35,,34,40,,,37,33,32,63,,43,70,44,,35,61,44,,49,51,41,39,46,38,,,,103,,97,54,,55,22,31,34,53,64,64,53,40,46,,45,,,83,,100,50,55,40,37,41,40,31,,32,29,31,39,43,51,24,48,41,49,35,50,34,63,,67,49,42,,36,,38,126,113,,51,55,,54,53,54,34,38,,44,47,,,56,53,,65,,43,44,60,50,,55,,52,55,,43,77,,70,,60,52,54,,55,55,53,53,44,,58,72,65,79,62,85,28,40,33,36,36,31,58,27,52,25,46,25,23,58,43,36,55,57,113,124,145,99,140,130,61,71,76,,88,75,83,94,76,80,48,42,48,38,41,32,32,,,47,119,52,,,35,36,32,35,,,25,31,,134,,125,138,130,,,53,54,,,,52,,51,,104,102,,,103,94,104,71,65,,64,,56,55,55,42,46,36,,37,40,40,40,50,40,,35,,,35,48,25,,27,38,54,54,,28,40,43,56,38,36,38,52,45,41,21,27,21,22,23,,64,57,55,54,55,,53,,41,45,49,57,65,50,,,,,36,38,,,48,59,49,57,51,49,35,,32,,34,58,,36,42,43,,31,35,38,,48,49,,57,18,18,37,37,19,,34,36,67,70,68,85,,58,57,500,64,66,69,,27,31,,29,30,,30,34,92,98,51,51,,18,,90,67,67,,38,33,28,49,50,,,41,25,50,46,40,56,40,,37,41,55,,63,59,57,50,37,40,52,45,39,,62,56,46,48,49,38,31,50,40,34,36,30,29,,30,38,,44,38,43,58,,,45,,42,48,,,45,42,56,,,55,98,98,94,,,97,52,51,59,,59,45,,46,46,78,,,,83,,,43,,,43,,80,,,,45,35,,,97,,44,,,42,,51,50,128,126,90,33,24,30,33,29,32,38,32,28,52,60,54,45,30,30,49,33,,44,39,48,,49,,38,34,30,,30,30,59,48,55,48,,,31,35,40,39,35,56,59,54,49,49,34,25,,40,48,49,41,,,38,18,20,31,62,64,,,54,,,48,51,44,,53,51,49,54,50,52,58,59,43,44,34,44,44,35,35,31,,32,,31,30,46,45,,64,,79,,,,43,45,53,48,66,70,,30,,48,43,37,51,33,33,73,31,34,35,49,35,30,34,34,34,35,35,37,35,36,,34,53,23,,30,25,40,48,43,42,52,48,41,44,43,,36,34,35,36,34,33,,33,32,50,49,,41,40,48,,,50,51,,37,40,43,37,39,,44,,,63,72,,,83,80,42,,40,47,59,,54,62,63,65,61,40,63,55,46,49,35,38,37,,,83,72,54,66,,51,,51,40,30,39,43,49,,46,40,43,,57,69,55,,29,30,,35,35,,40,,33,,32,43,56,41,,,,41,,36,50,43,44,43,41,33,32,30,,39,36,40,37,39,36,,30,,29,,,27,29,30,28,25,32,27,,23,26,,45,40,53,49,43,,52,41,42,50,61,52,46,,,44,38,63,62,39,36,42,45,54,48,43,61,54,13,15,,21,72,29,,36,42,35,42,39,46,47,53,53,49,50,,,48,39,49,,55,58,53,53,65,85,,37,,20,,,,,37,38,34,36,40,39,84,42,,33,40,46,54,64,63,58,60,62,,68,,,,,28,29,65,75,52,47,46,,48,52,41,46,45,37,42,39,66,63,92,76,50,48,,54,64,54,64,82,75,59,49,70,,61,60,,35,46,,40,50,39,,38,,36,,34,,,20,19,19,72,52,49,,25,27,27,45,,33,30,18,19,21,125,,107,104,25,19,500,500,,25,23,28,,21,,51,46,35,,39,,33,46,37,26,42,,39,37,,31,23,26,24,79,80,118,104,27,,30,32,33,,71,31,,31,32,,,,49,42,,,21,25,,29,57,39,,,34,32,32,60,53,,48,87,65,,77,52,52,,58,,84,50,107,43,47,55,,34,,28,25,53,59,17,,,42,51,48,35,,110,120,112,38,,72,42,,,58,,55,65,57,56,65,64,73,57,59,52,51,69,,,37,,,103,49,57,57,,,39,46,63,73,60,40,50,31,77,38,40,,19,35,25,34,36,44,49,50,,56,39,45,64,42,49,52,69,53,27,29,34,,48,48,55,50,32,48,42,114,,41,31,79,,59,14,17,,,57,82,45,36,55,35,32,53,28,155,94,58,40,43,37,45,,,,42,36,35,39,47,,443,70,59,65,,,69,45,69,75,46,55,52,90,58,52,,,,46,42,53,40,53,135,167,100,124,103,89,62,52,58,,,51,49,60,,41,,100,59,56,32,45,42,,39,55,63,43,68,31,30,102,125,55,53,,118,142,27,42,22,31,34,37,,38,60,33,38,30,28,39,,102,107,100,52,48,30,49,56,51,46,,32,34,,36,48,59,55,50,28,38,,39,57,36,46,27,40,,44,,39,63,52,,42,44,40,43,,,99,35,42,,45,45,,,68,69,46,54,40,40,,36,42,45,42,32,30,30,27,28,,129,32,47,122,55,36,46,31,68,44,33,65,132,58,,58,40,,,36,62,43,,40,79,54,46,60,49,57,,74,137,67,69,27,,42,22,58,36,33,74,45,54,52,21,34,,32,34,,,48,,22,22,39,,36,36,27,34,36,39,68,,,78,,,39,41,44,35,34,44,53,64,51,37,55,72,51,43,28,55,46,,84,,35,52,,26,45,,46,,32,51,82,,43,55,45,52,,,62,67,59,64,59,33,,40,36,55,,39,66,70,,,76,42,49,40,56,,67,69,,102,,79,53,52,40,62,49,40,47,43,60,28,,,183,14,14,,,107,88,68,54,42,,68,,37,55,53,,43,,133,109,60,57,39,58,57,45,,52,38,38,31,,,55,41,41,46,44,44,,64,28,53,32,64,63,54,62,47,38,32,43,36,53,68,45,,45,70,38,70,42,46,39,42,35,32,37,45,43,44,62,65,51,62,31,44,75,48,48,,39,47,52
20210423,17,PM2.5,6,5,7,7,5,8,4,6,6,7,5,6,,,20,,19,20,19,,12,,14,9,,13,8,,36,23,49,35,28,48,,,18,14,,18,22,20,28,24,,13,,29,31,34,24,19,18,,16,21,25,,22,30,28,14,3,9,12,16,10,19,,17,17,12,16,18,23,,37,34,,34,20,,22,18,20,20,19,16,,16,14,,,15,12,18,15,18,24,18,,20,22,23,26,14,,15,27,24,23,27,17,,12,22,23,33,33,31,37,27,24,22,40,21,25,28,28,31,38,,41,41,37,38,38,35,44,29,52,48,54,52,55,,48,51,50,56,24,22,,24,31,31,19,31,31,59,,53,46,54,37,38,50,23,26,27,16,52,53,,,,28,36,,30,33,31,,,,40,,34,34,39,36,34,36,34,29,34,,,,38,41,,14,31,35,41,39,,26,80,81,82,59,81,54,40,,33,,43,35,,28,32,,25,28,31,,31,25,29,29,16,56,21,,,44,67,84,26,28,34,22,,,,,26,,46,43,,37,26,37,10,6,8,,20,20,40,47,42,49,37,37,17,22,19,14,17,14,24,22,24,22,14,,12,8,12,6,16,22,18,16,20,15,,14,7,11,,30,22,12,14,,24,24,17,20,19,,,53,53,39,51,51,34,35,34,32,40,34,28,39,36,45,20,11,17,15,19,19,10,,14,21,40,41,35,39,34,34,35,33,42,28,40,44,,36,44,44,45,38,34,40,42,35,34,28,29,35,28,,26,27,35,39,47,23,27,28,33,29,32,44,,45,45,36,34,42,34,36,30,31,35,53,,,26,25,39,29,32,38,33,19,30,26,30,32,22,24,21,20,19,23,23,22,16,17,20,19,14,12,,24,26,24,32,30,32,30,,,29,33,21,16,37,,51,50,49,63,,,52,32,27,31,36,41,36,,36,39,31,,24,20,23,31,22,20,11,2,6,9,8,,24,28,30,26,29,,32,41,,,28,25,32,,35,18,19,25,,,,16,20,,,,44,30,9,1,15,10,11,,14,32,35,46,43,40,23,22,29,27,29,,27,,23,18,,19,19,11,21,9,19,29,27,17,,64,52,53,21,11,16,17,40,40,33,32,,27,27,9,7,9,8,,13,,23,20,21,18,13,,8,22,,,13,19,16,45,,30,51,23,,24,31,19,,34,19,25,24,22,12,,,,77,,72,29,,39,5,10,12,37,46,46,34,24,20,,31,,,38,,23,31,39,12,13,23,17,14,,13,16,16,20,15,18,12,22,18,14,24,30,20,26,27,34,23,24,,25,,12,36,29,,27,33,,20,22,17,16,24,,29,21,,,30,24,,10,,14,12,22,6,68,24,,36,28,,30,56,,51,,42,36,38,,39,39,24,37,14,,41,52,47,58,44,63,19,28,23,25,25,21,27,13,18,12,32,14,7,41,30,25,39,40,85,94,111,74,107,99,17,30,32,,42,54,59,70,47,51,33,16,14,24,13,21,22,20,,25,90,33,,,3,12,2,6,,9,3,11,,102,,95,105,99,,26,30,22,,,,29,,24,,78,76,,,77,70,78,48,47,,46,,39,39,39,29,15,16,,23,20,22,22,25,20,,19,,,13,28,6,,7,26,36,27,30,17,12,17,20,19,7,22,25,28,27,12,16,6,2,16,9,46,40,39,38,39,,29,13,12,21,34,40,47,35,,,,,16,16,,10,33,34,25,34,34,34,15,20,17,21,20,13,17,24,29,27,,18,19,26,,31,33,,35,6,8,19,17,12,,22,25,48,51,49,63,,18,22,166,24,16,20,30,15,11,,11,10,10,8,9,68,73,29,29,,7,,67,48,48,,24,12,8,34,35,,,10,17,35,26,17,23,28,,8,11,38,,42,39,40,31,24,28,31,31,25,,44,32,32,30,34,23,21,35,25,21,25,18,16,,17,23,,29,23,30,37,,,31,28,29,33,,32,30,29,32,,,24,73,61,70,,,68,29,16,24,24,14,25,,32,30,57,,,,61,,26,13,,,17,,29,,,,31,24,,,38,25,22,,,29,39,10,27,32,34,26,7,16,21,23,18,22,26,22,19,36,36,38,31,14,18,34,23,,22,27,33,,23,23,4,9,14,,13,14,25,26,34,24,,,10,23,28,22,12,34,35,38,34,34,17,,40,26,27,31,27,,,26,6,9,10,44,46,,2,27,35,,27,31,29,,37,30,26,36,19,36,41,42,17,29,20,19,28,24,10,10,,8,12,2,16,26,23,,46,,58,,,,19,14,22,24,43,51,,16,,33,30,23,8,12,12,28,14,18,17,11,14,13,12,15,17,20,17,18,16,22,,17,21,7,9,12,15,19,33,27,9,21,26,20,21,25,,15,14,14,14,17,17,27,17,20,21,24,24,21,24,30,,,35,30,24,21,28,20,23,26,16,9,,54,45,52,,56,61,59,24,,23,13,42,,38,42,37,31,34,25,45,39,32,33,21,25,22,,,61,52,32,39,,22,27,2,28,21,27,30,34,34,32,23,10,,40,50,37,,8,7,,20,10,22,20,,23,11,16,22,16,28,,,37,19,,25,26,24,26,28,16,20,20,15,,27,16,28,23,22,17,11,8,13,10,10,12,18,8,18,15,14,17,13,,16,14,,29,24,37,21,15,,9,12,19,18,32,28,30,,30,30,26,30,38,13,19,29,27,28,27,30,34,38,8,3,,4,52,18,,7,13,24,20,26,28,32,30,37,22,24,,,27,24,30,,32,26,22,29,35,54,,21,,13,,,,,7,6,11,14,9,6,62,4,,8,20,21,25,46,34,41,33,42,,45,,,,,9,7,28,27,36,22,32,,31,36,26,13,15,5,15,8,45,37,68,45,24,24,,34,46,38,38,58,40,24,13,35,,36,30,,16,,,7,9,,,5,,6,,9,,7,5,6,4,52,31,32,,3,1,4,21,,14,12,5,10,8,50,,40,36,8,4,181,184,,12,11,8,9,14,,26,32,6,,22,,15,12,3,15,20,,12,11,,13,1,4,2,36,37,31,30,15,,15,18,12,,19,8,7,3,2,,,,18,10,,,7,17,29,9,28,18,27,41,10,14,12,43,23,,15,64,47,,56,36,22,,35,,62,20,48,30,24,28,,19,37,13,15,27,28,4,,,13,19,27,16,,30,37,33,19,,52,29,,,41,46,34,47,40,34,33,46,53,40,42,22,20,42,64,,20,,,24,19,36,40,,22,27,31,45,53,28,12,35,16,56,9,19,32,6,24,17,1,13,15,34,35,,38,5,28,27,12,29,36,36,27,15,19,19,25,26,22,36,26,10,24,28,86,,19,10,58,,11,9,7,,,20,60,23,8,37,3,15,37,14,48,70,19,16,24,20,25,,16,,28,20,17,24,20,,114,51,42,47,62,58,50,31,50,55,7,23,19,22,26,30,,50,,32,29,37,25,37,,39,33,35,39,31,25,29,36,30,12,31,31,36,,12,25,25,17,19,11,31,29,,27,39,45,24,35,20,15,76,95,34,34,,89,108,16,29,12,6,19,24,,26,26,23,14,17,9,9,,36,49,41,34,33,9,34,39,29,27,67,17,22,16,17,22,33,18,20,19,14,,27,40,6,32,16,22,,24,16,6,35,36,,24,28,27,13,31,,74,4,4,,20,28,,,49,38,32,38,28,28,41,24,29,25,29,22,10,17,18,7,,38,14,30,34,28,21,28,12,49,19,12,27,35,41,20,38,28,,10,21,43,14,18,27,58,35,32,36,34,25,,54,104,48,50,17,18,19,12,23,21,23,25,17,24,32,4,17,24,22,22,27,,20,,9,12,22,,8,8,12,18,23,19,27,,3,43,,24,27,19,14,12,16,29,24,14,25,22,35,32,31,24,11,24,23,,62,,23,36,,18,19,,17,19,16,32,60,,24,14,24,16,,,38,17,26,19,36,14,32,20,14,31,,13,14,12,18,13,14,11,14,18,36,40,45,48,,76,30,58,37,32,28,39,34,28,28,30,24,12,,,48,8,2,21,20,80,36,30,30,12,,22,23,15,39,21,,30,,101,82,25,29,15,41,34,31,44,29,25,18,,,36,38,20,24,32,23,12,,15,9,37,4,45,45,34,35,7,5,6,7,7,23,49,31,22,18,41,19,47,17,26,27,7,4,6,4,16,15,28,44,21,21,44,21,21,55,31,31,4,1,32,36
20210423,17,PM2.5_24h,28,42,29,23,24,32,28,26,27,42,25,32,,,19,,22,20,19,,16,,22,21,,20,15,,52,44,57,53,45,55,,,22,21,,31,20,18,22,24,,12,,42,40,41,37,35,35,,33,35,33,,32,43,34,16,13,14,16,29,28,25,,29,34,30,32,34,40,,46,43,49,47,55,,42,62,64,51,49,45,,16,17,,,17,12,17,17,34,34,31,,32,33,33,33,32,,32,25,17,15,20,12,,11,17,21,22,42,33,37,32,30,29,39,32,31,32,30,30,45,,30,32,37,32,37,43,42,39,59,56,59,59,61,,59,53,57,59,36,32,44,33,37,34,35,46,39,95,,47,44,67,41,40,73,44,48,47,62,52,49,,,,52,50,,51,50,35,,,,43,,39,46,48,42,46,48,44,47,64,,,,69,57,,33,55,59,50,53,,44,73,63,69,41,52,56,30,,35,,36,34,,45,44,,46,36,42,,42,46,57,32,19,37,25,,,32,50,40,23,20,25,24,,54,,,37,,49,51,,14,22,25,11,8,10,,42,37,37,34,33,35,28,29,25,31,31,24,26,28,32,30,28,33,18,,23,13,20,22,16,24,14,22,22,15,,18,10,10,,34,27,26,30,,36,39,26,35,16,,,35,39,33,30,34,24,42,35,38,39,41,38,40,37,34,23,17,19,19,24,21,15,,18,21,30,28,24,31,22,24,29,20,27,15,44,42,,38,38,35,52,40,40,43,41,28,27,25,24,27,32,,20,26,28,38,30,22,23,25,32,36,39,33,,33,51,40,34,32,28,25,25,27,20,30,,,38,34,43,47,47,48,44,32,31,30,27,31,23,26,24,22,23,24,25,23,11,13,14,12,13,17,,28,29,27,30,28,29,27,,,27,32,22,27,34,,82,83,70,76,,,85,51,26,30,30,36,30,,34,36,27,,32,28,45,41,35,33,8,6,8,6,8,3,35,36,38,32,39,41,38,37,,35,38,34,37,,32,18,19,25,,,,24,19,,,,30,25,8,11,13,12,9,,22,23,25,31,29,25,22,19,21,20,27,37,23,26,16,28,,39,35,29,30,15,23,23,27,21,,41,40,49,25,16,17,19,35,38,37,62,33,40,40,20,21,19,18,,18,,34,25,28,29,26,,24,39,,,31,33,32,56,,55,50,47,,52,43,48,,45,14,14,10,14,10,,,,65,,56,48,,56,25,29,34,37,39,38,23,20,19,,43,,,43,,37,38,42,32,26,27,24,27,,17,18,16,17,21,18,18,26,20,20,28,35,33,22,26,24,28,34,34,24,,18,52,44,,27,32,,36,32,31,31,23,,31,33,,,50,44,,25,,21,26,24,31,83,47,,79,64,,50,53,,51,,72,57,66,,54,56,16,20,10,,22,22,27,25,24,20,15,40,34,42,40,38,45,12,16,17,21,12,16,61,41,31,50,70,61,56,71,63,64,52,21,23,21,,28,44,46,60,45,47,31,24,21,30,20,28,29,29,,26,42,39,,36,33,32,27,28,,33,24,6,,78,,79,99,81,78,38,45,35,,,,38,,32,,71,71,79,,75,68,68,50,45,,46,,39,38,35,39,20,22,,26,23,22,21,23,20,,22,,,16,28,12,17,4,28,31,29,31,16,12,13,17,34,31,26,35,37,33,12,14,21,23,41,48,55,51,52,48,47,,37,22,28,30,38,44,45,39,,,,,46,39,,35,24,29,18,24,23,29,19,17,13,14,16,26,22,34,32,34,,29,32,41,,32,36,,43,23,25,36,32,30,,32,42,48,51,47,58,,36,37,83,28,32,26,56,13,14,,9,12,11,17,7,55,54,34,34,,19,,42,32,32,41,33,18,17,18,19,,,13,13,17,19,17,15,20,,10,12,37,,42,46,47,42,38,41,43,40,38,,42,37,43,44,46,38,41,38,35,36,36,24,25,,35,29,,28,30,32,41,,,28,34,31,34,31,30,30,28,28,,,24,59,58,57,78,,56,37,37,31,33,29,45,,46,51,53,,,50,54,,44,35,26,,25,,23,23,,,33,18,,,35,29,23,,,27,31,24,21,27,28,31,24,23,23,26,26,23,26,23,27,37,29,34,30,29,29,33,31,,25,26,35,,22,23,21,24,16,15,23,20,29,26,29,74,,,10,90,113,95,83,137,94,104,89,44,39,31,179,175,142,149,132,,,149,17,19,16,58,56,,22,39,36,,32,34,38,,51,48,34,43,29,40,39,52,28,36,26,22,41,24,23,20,,18,13,16,22,48,34,,39,,46,,,,28,24,33,40,47,49,,23,,40,42,35,23,23,32,28,25,31,23,36,17,11,17,21,17,27,34,30,25,17,,16,12,14,14,15,15,13,36,26,15,26,25,21,24,27,,12,16,14,18,19,21,25,22,31,26,23,27,24,24,23,,,26,25,28,22,26,24,19,29,35,20,,65,62,61,,64,67,63,48,,46,33,40,,35,34,38,37,34,33,42,38,35,35,38,43,38,,46,49,41,28,31,,40,29,11,30,26,28,39,47,49,48,23,19,,34,36,27,,20,21,,23,18,24,24,,23,13,17,21,17,22,,,20,27,,23,22,23,26,29,14,20,24,22,15,22,29,25,28,30,23,20,20,27,20,11,13,17,14,15,14,26,21,22,20,10,14,12,37,28,33,25,19,17,10,16,20,19,39,34,37,32,30,31,33,33,32,21,28,31,30,33,36,32,25,29,16,15,,12,17,19,15,17,19,26,29,24,49,49,46,44,38,46,,,22,28,24,,24,23,21,26,36,40,,35,35,32,,,,,21,18,23,28,21,14,18,16,,10,20,21,23,23,23,37,39,40,24,40,,,,,9,9,36,38,31,29,27,,24,52,40,30,30,11,20,10,53,35,49,40,30,30,,46,51,45,46,62,42,28,21,42,,42,38,,22,3,,7,9,5,,9,,4,,9,6,9,10,10,15,31,29,27,28,10,9,9,21,,18,11,9,14,16,51,,45,50,21,16,72,69,,23,24,13,11,11,,33,47,27,,21,25,21,17,7,12,19,,22,23,,28,14,14,15,42,43,60,42,10,,15,11,11,28,23,8,8,9,13,,,,20,17,15,,14,12,13,9,26,23,66,39,7,25,15,51,51,,30,68,47,75,39,53,35,,39,,64,35,92,27,41,43,90,9,40,29,29,23,38,11,,,27,22,48,23,,26,26,29,23,,53,39,,,39,61,59,46,47,46,35,40,45,63,29,34,20,30,62,,19,35,,54,23,40,34,9,23,29,44,51,42,18,18,27,19,64,25,9,32,25,15,28,9,24,22,35,35,32,37,7,31,40,13,33,34,62,47,21,22,23,37,32,51,39,21,22,29,34,75,,32,20,58,,14,19,14,,,20,55,40,29,35,8,21,43,33,53,65,25,30,47,20,36,25,25,,36,20,25,25,17,,68,54,24,51,52,59,57,55,58,42,43,24,30,21,29,23,,52,,37,37,34,30,32,52,57,46,41,34,37,36,25,31,29,17,30,27,53,,12,40,35,32,21,24,42,33,15,33,45,49,43,40,24,26,72,79,32,37,,78,88,49,59,49,115,20,43,20,25,45,24,23,30,15,24,17,54,56,57,42,43,14,41,50,32,11,66,35,33,32,35,49,34,26,35,33,14,15,32,47,20,24,14,25,,23,18,26,36,43,58,43,45,54,31,31,,65,20,28,28,20,43,33,35,51,37,37,44,35,36,44,39,30,35,41,21,7,10,13,11,,45,28,30,44,31,19,25,17,33,22,22,27,49,57,13,57,27,10,23,22,41,25,31,30,40,33,39,42,39,33,,66,76,42,45,40,24,21,15,35,33,27,48,37,54,49,22,40,28,33,32,22,,32,,22,18,16,29,23,40,37,33,35,30,30,,12,26,,31,29,22,20,20,14,25,28,26,24,26,29,39,24,14,12,19,19,,55,,32,21,,22,32,37,30,38,42,71,18,,16,29,29,23,,,85,34,40,40,53,9,28,10,13,49,56,28,43,40,39,36,35,36,27,33,40,41,50,43,,81,36,45,49,32,40,37,47,33,36,50,26,10,5,323,338,20,17,47,63,62,30,36,28,37,27,35,35,23,28,32,,33,43,90,77,120,35,41,26,24,46,55,36,50,32,24,43,35,38,29,21,50,33,33,,15,20,37,5,41,52,55,43,40,30,28,31,27,25,58,52,38,33,106,31,54,25,29,23,42,31,26,27,19,15,45,44,41,24,71,24,72,37,30,42,6,3,49,36
20210423,17,PM10,5,50,32,27,32,26,33,25,31,46,30,34,,,29,,19,31,36,,26,,24,16,,18,14,,69,55,61,52,51,72,,,33,37,,35,31,35,29,41,,33,,53,51,84,48,53,46,,51,47,68,,76,70,70,14,5,21,5,9,37,21,,34,28,25,27,39,28,,49,67,51,56,42,,35,41,32,41,36,31,,41,46,,,,37,37,38,28,30,26,,16,34,32,42,34,,22,43,45,25,38,26,,20,32,32,54,31,36,37,36,40,26,52,24,38,42,39,44,71,,54,60,52,47,44,52,62,74,68,44,46,43,48,,46,34,41,36,56,41,,53,55,27,41,53,53,,,58,,58,55,55,57,15,27,31,28,30,61,,,,61,47,,56,61,61,,,,46,,56,58,61,46,51,48,51,44,50,,,,54,56,,29,36,29,56,37,,39,70,75,73,,76,65,51,,43,,60,53,,50,45,,42,46,46,,51,58,42,32,28,85,35,,,59,86,127,34,54,72,60,,,,,45,,96,62,,50,39,50,18,11,19,,40,40,75,71,68,60,86,35,39,36,30,28,36,34,51,39,41,31,18,,18,5,10,13,44,26,27,33,34,21,,34,29,28,,34,29,37,37,,29,42,37,29,44,,,75,80,58,100,80,61,58,82,60,79,,65,80,70,69,30,40,28,33,22,34,26,,26,49,64,45,58,47,58,56,48,59,60,36,76,77,,65,83,72,78,76,85,68,68,59,66,58,61,60,64,,44,55,66,82,59,50,50,47,54,53,57,72,,54,68,68,75,81,70,69,54,49,65,34,,,49,45,43,74,84,79,67,59,49,47,50,44,50,42,56,23,53,83,74,46,40,38,36,46,34,38,,57,65,54,61,71,51,57,,,80,46,55,46,57,,67,73,80,87,,,78,42,58,90,78,73,78,,73,75,83,,35,50,52,47,53,56,15,22,22,9,22,9,62,46,41,54,50,,35,56,,,37,58,49,,54,33,39,35,,,,33,205,,,,220,142,16,17,32,21,22,,27,52,56,66,74,52,27,36,36,46,56,,31,54,43,59,,63,40,55,64,49,51,70,63,68,,74,54,59,29,27,25,34,25,23,26,39,,33,32,43,33,33,43,,14,,24,36,36,39,30,,30,40,,,33,29,26,59,,39,69,44,,29,71,44,,44,51,41,39,46,36,,,,102,,61,58,,50,19,31,34,44,48,58,56,39,46,,36,,,51,,73,46,23,40,29,41,40,26,,32,29,31,39,43,52,24,48,41,49,18,50,34,59,53,84,49,42,,34,,38,37,48,,51,59,,58,55,58,34,32,,44,40,,,62,56,,79,,39,44,69,50,,60,,52,59,,28,76,,74,,69,49,49,,51,46,55,51,44,,52,59,59,52,43,56,21,34,19,29,28,23,65,20,53,24,20,23,14,42,39,31,36,39,108,135,130,105,125,125,72,92,102,,126,99,115,95,101,110,35,28,27,34,28,28,30,45,,47,44,53,,29,17,24,16,10,,8,25,4,,107,,110,157,123,,,56,57,,,,54,,51,,140,128,,,102,92,108,92,78,,71,,61,46,53,39,46,29,,29,32,20,26,29,29,,35,,,26,48,25,,27,37,57,57,62,28,40,43,61,34,25,38,53,45,41,21,27,12,22,22,18,52,64,56,55,59,,56,56,36,43,46,54,53,45,,,,,33,23,,47,42,68,49,64,52,41,35,,32,47,34,57,53,36,37,43,,25,35,26,,48,49,,63,18,12,37,37,17,,34,35,61,56,63,63,,66,63,759,77,81,88,44,10,21,,29,29,19,20,21,94,81,51,51,,18,,80,73,73,,38,15,11,34,50,,,41,17,37,46,40,61,29,26,12,41,60,,75,68,60,50,37,39,53,44,39,,58,62,43,48,43,28,24,45,34,30,30,26,26,,30,38,,43,38,42,66,,,36,,29,44,,47,45,42,61,,,59,119,145,121,143,,143,53,51,67,75,67,42,,44,46,75,,,89,76,,47,43,,,39,,109,,,,32,28,,,143,123,44,,,41,47,51,50,205,202,129,13,24,24,32,20,26,26,31,26,46,69,40,30,27,15,25,22,,44,32,43,,49,38,33,30,26,,18,16,67,48,59,48,,,11,31,39,39,17,61,68,44,42,44,34,9,71,40,48,49,41,,,38,18,14,31,64,68,,8,57,61,,48,51,44,,51,52,49,58,50,52,47,48,43,44,27,44,44,30,19,16,,14,20,22,30,36,37,,71,,91,,,,42,35,55,48,81,73,,24,,41,42,37,52,27,26,96,29,28,35,49,22,15,24,34,34,32,31,36,34,36,,25,55,21,21,30,20,32,39,41,39,53,31,39,36,38,,26,27,28,29,32,30,36,33,29,50,49,35,34,37,48,,,47,52,,31,38,43,32,28,29,24,,96,75,76,,83,64,72,42,,40,47,58,,53,73,75,80,71,40,40,51,42,49,35,38,37,,,65,70,58,82,,51,64,52,27,13,33,38,43,30,42,40,43,,50,55,59,,11,5,,17,27,38,30,,30,25,22,43,62,40,47,40,42,40,32,31,50,43,44,43,41,33,29,28,,36,30,30,30,39,24,25,24,24,26,17,24,19,23,28,21,25,32,27,,18,22,,45,40,54,49,43,,53,41,42,50,71,53,46,,42,44,34,76,74,39,36,40,45,57,48,43,72,52,13,14,,21,35,29,28,36,42,35,42,39,46,47,56,47,25,44,,,48,39,49,,59,65,55,55,80,119,,25,,19,,,,,19,24,20,22,25,28,52,10,,23,32,46,58,61,75,60,70,74,64,85,,,,,28,29,53,48,42,1,45,,48,53,39,40,39,13,42,39,81,50,80,102,50,48,,58,63,58,77,114,100,67,49,89,,72,70,,29,4,,26,50,20,,16,,11,,29,,6,5,1,11,47,53,49,,6,6,4,24,,33,30,6,11,16,199,,163,158,25,14,1233,1111,,24,23,22,21,21,,52,40,6,,30,,18,11,16,26,42,,26,37,,28,8,4,5,107,110,186,157,6,,23,32,33,,91,10,20,21,13,,,,49,42,,,7,25,29,21,63,22,,69,21,20,26,46,55,,48,92,37,,76,54,53,,65,,78,50,80,41,47,60,,34,72,28,22,56,52,7,,,42,51,48,35,,170,190,173,34,,56,37,,,46,66,59,56,48,61,80,61,78,52,52,54,52,88,56,,37,38,,50,49,63,53,,51,33,46,74,77,25,34,30,26,70,38,27,38,19,34,17,25,29,44,48,50,,61,9,45,78,42,49,51,51,41,22,29,23,54,48,41,59,50,25,48,42,120,,41,20,85,,68,14,12,,,63,89,45,16,60,7,31,44,28,259,113,65,39,42,27,45,,22,,42,36,35,39,47,,543,63,22,45,67,43,51,37,55,39,46,60,54,129,66,54,,,,44,31,40,33,34,69,86,63,59,75,72,61,54,61,76,38,52,49,70,,41,60,45,67,61,21,13,38,27,36,48,67,41,86,25,25,115,127,59,56,,152,130,27,27,11,28,34,37,,33,69,22,38,30,28,39,,61,73,68,53,43,30,47,61,51,46,95,31,27,29,23,48,68,59,44,17,15,,31,32,21,38,22,40,,44,,39,76,52,,42,44,40,15,46,,100,19,42,,43,38,,,76,87,46,51,40,38,65,36,40,45,39,32,23,30,24,6,,63,25,47,62,60,36,46,31,61,43,33,63,58,59,33,66,34,20,,36,74,43,,40,70,58,46,70,46,63,,94,137,68,86,27,26,42,11,66,36,30,39,28,38,54,10,34,34,27,34,53,,48,,17,22,39,,27,36,27,31,35,33,86,,4,105,,22,33,35,44,24,24,44,55,77,51,35,60,53,51,43,28,60,46,,53,,33,49,,5,45,,32,34,24,52,50,,43,60,45,53,,,73,83,68,77,67,33,23,40,36,60,77,39,82,90,104,84,102,42,49,40,62,,83,87,,80,57,108,41,53,37,73,42,32,47,38,69,24,,,315,14,6,,48,101,125,54,57,42,,40,49,26,40,56,,36,,135,118,70,63,39,57,63,41,47,53,38,38,24,,36,60,41,40,45,44,24,,78,6,47,5,77,58,58,73,47,24,25,43,36,56,86,38,54,45,89,28,89,30,46,26,37,31,32,37,45,27,41,66,80,51,48,31,44,84,48,48,10,29,47,46
20210423,17,PM10_24h,37,42,40,32,37,36,42,34,35,47,41,50,,,25,,28,26,28,,28,,50,30,,23,22,,77,68,80,73,75,69,,,23,25,,19,30,28,25,32,,24,,67,60,83,60,62,64,,62,64,78,,72,76,73,15,13,24,14,14,52,45,,48,43,43,44,47,42,,65,70,64,67,91,,58,92,80,78,73,70,,35,33,,,35,32,31,32,54,52,52,,46,60,54,65,59,,43,43,49,28,28,26,,23,26,35,36,57,48,59,47,43,37,57,43,49,52,53,60,75,,58,56,59,52,50,60,64,65,66,57,59,60,60,,60,48,52,49,61,48,48,55,71,39,51,63,54,68,,62,64,60,59,65,61,46,43,46,46,48,53,,,,73,44,,64,77,72,,,,51,,65,73,78,59,67,66,54,66,94,,,,98,85,,49,51,62,56,63,,46,61,55,55,48,45,59,38,,43,,60,54,,75,60,,90,61,71,,94,97,85,42,42,60,39,,,47,61,77,37,40,59,56,,81,,,59,,119,84,,30,32,36,22,16,22,,61,61,69,64,61,51,58,36,43,46,33,38,45,48,55,45,42,43,23,,42,35,47,45,41,32,26,34,38,19,,40,35,29,,31,44,55,51,,51,51,50,56,26,,,49,51,43,49,46,40,72,76,69,89,88,78,84,76,65,34,35,34,34,32,32,30,,32,36,39,28,38,30,33,32,28,36,33,29,84,78,,75,91,71,102,81,102,80,74,57,58,58,59,53,82,,42,56,60,85,57,59,50,50,70,69,71,64,,50,94,79,59,63,55,50,52,53,51,54,,,80,69,75,104,96,105,92,86,55,58,48,56,44,44,42,38,43,47,55,51,27,28,37,31,32,30,,58,48,43,62,73,59,56,,,46,64,58,61,62,,103,111,92,107,,,122,68,50,71,68,58,67,,65,68,64,,49,53,81,62,64,78,15,28,33,14,26,21,85,73,111,79,86,76,73,117,,89,75,101,82,,62,33,41,43,,,,44,66,,,,78,71,29,28,28,32,29,,34,34,31,36,39,36,31,28,37,41,38,55,29,34,26,53,,70,56,57,57,49,59,53,55,61,,60,62,74,43,36,38,46,38,38,32,58,54,37,34,38,34,40,34,,30,,51,56,55,46,40,,48,59,,,46,32,33,62,,50,70,56,,75,73,80,,50,23,18,15,23,20,,,,84,,68,70,,60,53,51,51,41,43,50,25,27,32,,38,,,62,,60,59,64,46,43,44,43,58,,36,33,34,33,44,39,35,54,49,55,45,51,52,50,51,55,59,57,58,40,,48,79,75,,54,55,,66,62,65,59,37,,58,56,,,73,83,,63,,44,57,76,61,78,83,,78,92,,58,57,,59,,99,77,96,,76,65,35,35,26,,42,48,49,55,50,41,25,59,53,62,53,52,83,24,44,38,25,24,29,37,33,36,37,55,85,99,91,94,87,74,76,66,75,,78,85,91,101,98,87,51,43,41,48,41,36,36,38,,47,38,49,,49,46,46,42,41,,50,44,7,,96,,93,141,108,105,65,63,63,,,,67,,59,,118,116,100,,101,89,93,82,72,,61,,54,48,50,53,43,46,,34,39,37,30,30,25,,30,,,24,37,30,28,17,36,51,46,52,33,38,30,42,48,50,48,60,59,52,27,28,33,59,60,67,71,76,80,69,68,,55,51,41,55,48,60,62,57,,,,,74,67,,79,32,41,40,52,37,33,30,35,34,36,39,59,53,64,66,57,,55,47,70,,57,61,,102,43,40,63,47,54,,61,67,73,74,76,82,,121,131,411,82,69,61,70,12,18,,18,33,28,27,35,70,59,54,54,,25,,51,39,39,41,36,20,19,20,24,,,29,16,48,26,32,32,18,22,15,17,65,,81,69,65,59,57,52,67,72,58,,64,83,63,70,66,56,56,50,46,60,57,37,39,,59,67,,60,57,44,67,,,29,48,39,40,48,49,42,48,48,,,77,90,102,102,95,,103,87,85,80,86,105,62,,60,68,73,,,79,74,,59,62,77,,76,,67,59,,,32,37,,,84,76,37,,,59,55,52,50,74,80,57,33,37,29,31,28,32,39,39,45,49,60,51,42,32,23,29,28,,50,40,48,,46,45,56,55,36,25,47,44,48,48,45,113,,,11,124,141,180,107,173,136,146,98,51,65,40,268,216,170,167,149,,,175,32,41,32,80,80,,32,53,54,,45,51,49,,54,56,47,55,43,48,51,51,53,64,50,56,55,47,29,26,,22,25,23,36,53,48,,54,,68,,,,52,48,48,54,71,72,,38,,48,51,45,50,39,44,47,32,46,39,63,24,11,24,29,31,48,49,66,44,28,,28,26,27,26,30,35,15,59,44,44,49,32,43,52,43,,29,27,28,29,29,34,45,40,40,49,46,40,38,45,40,,,45,41,39,38,38,37,36,44,56,57,,107,88,91,,99,75,84,59,,64,60,53,,63,58,59,63,58,56,52,54,52,53,58,56,60,,62,55,56,50,62,,74,61,52,38,28,39,39,43,45,45,45,45,,42,38,42,,32,30,,34,25,34,31,,35,31,32,36,48,36,39,36,33,37,39,35,38,34,49,38,29,25,33,27,26,37,32,37,38,37,34,35,34,33,38,17,25,21,35,29,19,30,28,37,30,15,24,19,79,65,75,73,45,34,43,40,39,53,71,68,75,71,51,52,48,70,61,50,54,42,50,85,55,49,54,45,26,28,,31,41,34,27,33,32,42,48,40,67,71,66,65,54,81,,,39,39,40,,47,57,54,49,75,74,,50,51,45,,,,,36,43,50,49,43,28,29,35,,31,30,42,52,49,59,51,55,61,58,70,,,,,34,23,60,63,52,42,42,,39,66,62,53,60,24,43,34,83,77,58,78,50,54,,69,74,63,68,114,89,60,50,102,,73,67,,29,4,,27,41,19,,27,,9,,21,14,18,26,20,29,65,61,48,52,15,19,19,22,,35,33,17,23,30,135,,160,163,34,36,459,429,,35,35,19,21,19,,65,74,43,,36,43,30,24,22,32,57,,47,46,,52,25,20,21,115,108,338,291,21,,24,28,25,99,116,72,60,72,64,,,,43,41,25,,14,25,28,30,56,34,76,77,17,29,24,77,67,,88,106,38,43,51,142,57,,47,,74,54,114,36,80,77,462,13,58,59,53,44,81,15,,,48,48,105,28,,74,74,80,43,,63,42,,,36,91,103,56,58,68,74,49,58,93,35,62,45,57,52,,29,50,,91,54,69,53,22,30,56,46,74,73,25,32,19,25,90,57,17,35,36,36,34,33,40,43,45,50,45,51,14,43,78,34,59,54,89,75,31,33,32,66,65,85,58,41,41,47,67,120,,53,28,72,,34,33,24,,,52,66,49,41,50,13,41,57,58,168,103,54,47,65,29,64,58,33,,54,48,51,53,52,,322,67,28,49,55,58,57,54,68,37,50,52,63,109,44,36,,77,,56,45,43,40,45,82,114,106,89,87,82,74,50,67,73,50,66,50,116,,47,80,79,76,54,41,24,23,22,39,60,63,56,80,32,35,106,111,53,59,,142,116,72,67,74,166,45,49,33,36,66,30,44,40,24,39,33,81,98,80,66,61,21,51,79,39,19,87,43,38,50,41,78,83,53,58,48,29,28,41,42,28,33,28,42,,51,40,60,69,70,79,80,73,80,46,53,,85,26,30,57,35,48,65,47,81,82,53,60,55,47,64,57,36,47,52,34,29,34,28,27,,81,54,46,89,79,42,51,44,48,62,43,63,79,77,15,76,42,18,29,23,66,42,44,39,52,42,50,100,61,70,,109,108,59,64,54,41,47,20,65,41,47,70,86,78,75,41,65,40,37,46,31,,45,,34,31,21,45,36,67,52,44,52,37,61,,19,81,,50,38,37,45,41,46,36,49,50,54,49,51,60,39,28,30,40,35,,58,,41,40,,30,62,49,57,75,75,113,38,,28,58,46,50,,,103,95,61,76,96,17,18,20,26,62,97,53,78,72,111,100,79,75,66,61,70,97,93,83,,91,58,95,60,56,49,48,74,57,63,75,60,13,26,929,755,44,28,82,109,97,92,64,64,54,59,75,85,50,38,60,,42,60,123,111,161,73,75,32,47,45,43,28,71,48,51,83,59,58,51,33,69,70,58,,60,27,45,37,66,58,89,67,48,45,31,40,39,44,91,57,56,55,109,55,111,30,28,22,47,36,42,39,38,35,64,55,75,47,110,34,126,65,43,52,8,17,70,50
20210423,17,SO2,3,3,1,1,3,3,3,3,1,4,1,3,,,5,,5,6,6,,5,,4,2,,5,2,,4,8,4,5,1,7,,,4,10,,5,14,7,10,3,,2,,4,1,8,3,6,3,,5,7,8,,12,,7,3,6,8,5,6,5,6,,6,3,4,3,11,7,,2,4,4,4,6,,7,6,4,6,5,4,,5,5,,,5,5,8,6,7,12,13,,12,12,9,9,3,,11,3,5,4,10,4,,8,6,4,4,9,6,6,12,8,6,7,8,14,7,17,,18,,15,13,10,15,9,27,22,14,5,7,4,9,6,,4,8,8,8,13,4,7,4,5,2,9,3,1,4,,3,6,4,7,6,6,2,4,10,10,8,8,,,,8,7,,6,10,6,,,,3,,6,4,4,6,8,7,8,8,7,,,,4,8,,5,2,3,3,4,,6,4,2,6,5,4,4,4,,5,,4,5,,4,5,,5,6,3,,5,4,5,6,7,5,5,,,6,7,10,5,5,8,7,,5,,,3,,16,8,,5,4,5,4,4,5,,5,3,4,4,5,6,5,6,5,5,5,4,5,5,8,,3,6,1,,4,5,3,3,5,3,5,4,8,3,,,3,5,,5,6,6,6,,5,4,5,5,5,,,5,4,5,6,4,5,7,7,6,5,4,6,8,6,7,8,7,5,7,6,10,4,,6,8,10,5,4,6,5,8,5,7,6,10,6,8,,6,7,9,7,7,6,5,6,5,8,12,7,9,6,,10,7,6,11,6,7,8,11,7,7,5,8,,6,8,7,5,5,5,5,5,7,4,7,,,10,8,8,12,16,16,12,11,14,15,12,13,4,5,8,5,2,6,5,6,4,3,3,3,4,9,,23,11,18,9,10,11,8,,,12,7,5,9,10,,7,8,5,6,,,6,4,7,8,9,10,6,,5,7,5,,6,9,8,6,8,9,3,4,3,4,4,5,8,5,3,7,6,7,4,4,,8,6,5,5,,6,4,7,7,,,,8,3,,,,8,6,4,4,3,6,4,,5,7,2,6,6,6,5,7,5,5,13,5,5,,2,5,,10,8,10,8,8,9,10,10,8,,4,5,8,9,11,8,7,10,11,10,49,14,10,9,4,5,3,4,,2,,5,5,4,5,2,,4,6,,,9,4,5,5,,2,7,5,,4,10,6,,4,7,6,5,8,10,,,,6,,6,7,,6,6,6,9,5,4,3,3,2,4,,4,,,9,,12,11,6,5,7,7,8,8,,4,5,5,6,5,6,5,6,8,6,4,5,5,9,10,10,5,5,5,4,,5,5,7,,10,9,,5,5,5,4,8,,10,8,,,5,4,,4,,10,7,8,6,9,8,,10,9,,2,10,,8,,4,9,6,,7,10,27,32,16,,8,8,12,14,12,9,8,14,18,10,14,7,17,12,14,10,5,10,13,14,8,22,18,12,38,21,36,13,21,6,2,5,3,,5,7,8,9,8,6,1,4,10,14,5,5,4,4,,13,9,12,,6,5,4,2,5,,,3,4,,2,,4,2,3,,3,4,5,,,,6,,6,,6,5,,,12,6,6,3,2,,3,,6,7,5,7,5,5,,9,10,11,7,6,10,,7,,,6,3,2,1,2,5,5,4,6,9,6,5,4,4,5,3,5,6,4,3,4,6,5,16,,6,8,5,5,5,,34,6,1,7,14,15,8,13,,,,,4,3,,,1,7,20,2,1,7,7,7,7,6,5,3,5,6,5,6,,5,9,4,,4,3,,6,3,4,5,4,4,,4,3,6,8,5,4,,5,3,25,12,7,8,,2,5,,5,3,4,4,2,15,8,5,5,,5,,8,6,6,61,3,7,6,9,5,,,6,11,9,9,6,4,4,3,4,5,6,,8,6,5,14,16,16,6,5,6,,5,5,9,7,7,9,7,14,10,8,6,5,9,,4,5,,2,5,7,7,,,4,4,5,4,5,6,5,6,6,,,1,6,3,4,3,,4,4,5,7,6,5,6,,5,6,4,,,2,4,,8,7,9,,9,,23,10,,,6,5,,,7,10,17,,,3,4,6,7,5,6,5,13,12,7,15,12,14,14,13,13,4,3,4,6,8,8,6,8,,7,11,10,,11,15,7,8,4,4,10,8,6,9,10,9,,,8,5,6,4,7,6,9,8,4,9,4,5,,4,8,10,7,,,8,3,3,3,8,9,,8,8,6,,6,6,5,,6,5,3,6,4,2,3,10,2,15,4,23,2,8,3,9,,4,3,3,6,6,6,,4,,7,,,,6,5,6,7,5,4,,7,,8,6,6,4,4,5,5,3,1,5,2,3,3,4,3,3,4,4,4,5,5,,3,3,6,6,46,9,14,9,11,9,6,5,4,8,6,,8,8,7,5,10,4,5,5,9,14,5,,8,4,13,,,9,8,,6,7,5,4,16,,6,,15,6,4,,8,8,9,4,,2,4,8,,5,7,8,5,9,8,8,8,8,9,2,3,2,,6,6,5,15,18,,15,,4,3,4,5,6,8,5,9,5,24,,7,5,3,,4,3,,6,7,7,7,,6,4,5,7,8,9,7,6,,6,9,9,10,9,10,10,2,2,2,2,1,5,4,4,3,6,6,,5,5,14,4,7,7,5,2,3,3,4,3,3,6,15,9,7,5,6,6,6,7,7,7,6,7,4,4,8,,2,7,4,8,4,6,6,10,6,6,8,6,8,5,4,3,,3,8,10,10,7,4,10,8,10,3,7,4,6,8,9,,,10,23,17,,19,12,9,13,5,7,,5,,8,,,,,5,5,6,6,6,14,12,11,,10,6,10,8,7,6,4,4,6,3,6,,,,,4,5,8,9,6,5,2,,3,6,5,6,5,5,6,7,6,6,10,9,9,8,,11,11,5,4,8,12,5,7,4,,12,9,,9,5,,7,4,6,,3,,8,,10,8,5,5,5,5,6,13,11,,5,5,19,19,,38,16,8,7,12,7,,5,8,7,4,4,3,,4,5,4,5,17,,4,6,1,,14,,7,10,10,13,7,,4,9,,12,2,3,5,4,5,2,3,5,,4,2,10,5,5,5,3,5,5,,,,4,4,5,,1,4,5,2,4,4,9,7,5,3,4,5,6,,12,60,8,,8,11,3,,6,,7,5,5,8,6,8,,14,25,7,10,12,4,3,,,4,4,7,4,,3,10,7,8,,3,5,,,11,9,5,6,9,6,6,8,8,7,5,6,12,11,15,,7,4,,6,6,4,7,2,12,4,4,6,3,26,4,2,4,11,13,7,17,4,2,3,8,3,6,5,4,3,3,5,11,11,7,11,5,6,7,6,7,6,2,6,10,14,12,5,6,8,5,,4,4,3,,11,2,3,,,6,6,8,5,6,8,6,4,7,6,12,4,5,8,4,5,,3,,18,8,9,20,38,,16,3,5,4,2,6,4,2,5,6,2,8,7,23,17,20,,9,,3,2,4,4,6,7,7,6,7,8,8,7,7,6,5,8,8,8,10,,7,7,7,5,5,1,5,1,10,8,8,4,7,4,2,4,5,6,5,6,,5,1,4,4,17,10,22,11,,8,9,6,10,5,8,11,9,3,4,10,4,5,4,7,7,4,5,,4,4,3,5,6,5,5,4,3,4,8,8,6,9,5,6,6,,7,4,4,10,7,6,7,8,6,6,1,,4,3,1,8,15,3,6,2,6,6,3,8,7,8,5,5,10,6,2,2,4,8,3,5,,8,6,6,10,4,6,8,5,11,8,4,6,5,8,10,10,2,3,6,10,6,6,6,4,4,6,7,6,6,5,,4,7,5,4,4,,10,6,15,7,13,7,7,7,13,8,10,6,5,2,8,,6,,7,5,5,4,5,6,6,9,10,4,10,,6,12,,8,6,9,4,6,5,6,8,2,7,6,10,10,6,2,6,3,3,,6,,6,1,,6,6,2,9,3,6,7,5,,8,6,5,5,,,6,4,2,17,1,9,6,1,4,7,3,6,2,3,5,,3,5,6,6,5,7,3,3,,12,,3,7,25,7,7,4,8,8,7,3,6,,4,6,3,4,4,7,2,35,10,9,7,,10,7,7,10,8,,22,5,2,2,7,7,6,5,7,9,2,8,4,6,14,3,,6,4,8,4,8,6,,3,5,13,2,4,6,2,2,3,3,3,3,3,5,5,5,4,7,15,9,6,7,3,7,3,3,3,1,6,5,9,1,4,10,12,12,8,7,13,10,,5,6,7
20210423,17,SO2_24h,3,3,2,2,3,3,3,2,2,4,2,3,,,5,,5,6,6,,4,,4,3,,6,2,,5,9,3,6,2,8,,,4,10,,5,12,6,10,3,,3,,9,4,7,8,11,5,,8,10,7,,9,10,6,4,6,8,5,6,5,6,,6,3,6,3,11,9,,4,5,5,4,9,,7,9,7,8,6,5,,8,6,,,6,7,8,7,9,14,15,,13,11,12,11,6,,12,4,4,4,10,4,,8,7,4,4,9,5,6,10,7,6,6,8,12,6,19,27,20,,16,14,12,17,13,25,19,15,5,6,4,9,6,,3,9,8,8,12,3,9,4,5,1,7,3,1,6,,3,6,4,6,5,7,2,5,11,12,9,8,,,,8,7,,7,12,6,,,,4,,6,4,3,5,6,5,7,4,6,,,,5,7,,5,3,4,3,4,,7,5,3,11,5,6,3,3,,5,,6,7,,4,5,,5,6,2,,5,4,5,6,10,5,7,,,5,8,10,5,4,6,6,,5,,,3,,9,8,,4,4,4,4,4,5,,6,4,5,5,5,7,5,5,5,5,5,3,5,5,8,9,3,5,2,,5,6,4,4,4,3,9,3,6,2,,6,2,4,,6,6,6,6,,5,4,6,7,5,,,5,4,5,6,5,4,8,8,6,5,5,6,9,7,7,9,7,5,6,6,8,5,,5,7,9,4,4,6,5,7,5,7,6,9,11,11,,9,10,10,9,10,7,7,7,4,7,10,7,8,6,,7,6,6,10,8,9,8,7,8,9,9,9,,9,17,15,6,6,5,5,6,9,7,8,,,13,10,8,12,12,13,13,15,14,15,9,11,5,5,8,6,3,7,5,9,4,3,4,3,4,10,,12,12,11,14,13,13,7,,,11,12,5,5,15,,9,10,7,6,,,14,11,7,8,9,9,6,,5,7,6,,9,16,10,9,13,14,3,4,4,4,4,5,10,6,5,9,7,8,5,7,,8,7,5,6,,9,4,8,8,,,,10,7,,,,12,14,5,4,3,6,4,,4,6,2,5,5,6,5,6,6,6,8,4,5,5,3,9,,18,9,13,14,10,14,8,8,8,,5,7,7,9,11,8,7,10,11,9,54,10,11,12,5,5,4,5,,3,,5,5,4,5,3,,4,7,,,10,4,5,6,,2,7,6,,29,13,19,,5,8,6,5,8,11,,,,8,,8,8,,6,6,6,9,5,5,3,3,3,4,,5,,,8,,11,12,11,6,8,7,11,9,,5,5,6,6,5,6,7,5,14,12,5,6,11,9,8,9,6,7,7,6,,7,7,7,,13,12,,7,9,12,10,8,,20,11,,,6,5,,6,,17,13,13,14,9,9,,10,9,,2,6,,4,,6,8,8,,11,9,17,30,10,,7,7,10,7,8,7,7,17,17,12,13,10,19,12,13,18,4,10,12,12,8,18,19,12,21,20,18,16,16,7,3,7,5,,4,7,8,8,7,6,3,5,8,11,6,5,3,4,,12,6,13,,8,6,5,4,6,,5,4,4,,4,,5,3,5,2,8,9,10,,,,7,,6,,8,5,7,,13,8,9,4,3,,4,,6,7,5,7,7,6,,12,8,13,6,6,9,,7,,,6,2,2,1,2,5,5,4,6,9,6,5,4,6,5,5,6,7,5,3,4,6,10,15,18,12,11,8,6,8,,29,8,18,9,10,14,12,16,,,,,7,7,,7,3,7,7,3,1,14,8,6,6,7,5,4,4,6,6,6,,5,16,6,,4,3,,12,5,4,5,4,4,,4,3,9,12,8,6,,10,59,35,18,13,9,7,1,4,,5,3,3,4,2,18,9,4,4,,5,,8,6,6,7,4,8,6,8,4,,,5,10,9,10,6,4,4,3,4,4,6,,8,6,5,8,9,10,6,5,6,,4,4,9,8,8,9,7,9,7,8,6,5,8,,4,5,,2,5,6,7,,,5,4,6,4,5,7,7,7,7,,,6,6,3,4,4,,4,8,10,11,10,11,7,,7,6,4,,,3,4,,12,9,11,,11,,9,11,,,6,5,,,11,11,18,,,2,4,6,8,6,7,6,16,11,11,20,12,13,14,13,13,3,5,5,6,8,8,7,8,,8,11,10,,20,15,14,12,4,4,10,8,6,8,10,10,,,8,11,13,10,9,15,12,10,7,10,6,6,14,11,13,17,11,,,18,3,9,4,9,11,,9,9,7,,6,8,9,,6,5,4,6,4,2,2,7,8,14,5,18,8,8,5,8,,4,3,3,6,6,6,,4,,7,,,,5,5,6,6,5,5,,8,,9,8,6,6,5,6,3,4,4,6,6,4,3,5,3,7,5,6,7,3,4,,3,4,7,7,22,7,12,17,18,16,13,11,16,21,14,,7,11,10,7,9,4,8,8,12,16,7,9,10,8,14,,,13,12,5,7,7,6,5,10,17,22,,20,10,7,,11,8,8,5,,3,5,8,,5,9,11,6,12,8,8,8,8,8,4,5,4,,6,6,5,13,13,,20,13,6,3,4,6,6,7,5,9,5,7,,5,5,4,,5,3,,7,7,8,7,,8,5,5,6,7,8,10,7,7,8,12,10,10,8,11,9,2,2,2,2,1,5,4,4,4,3,7,10,5,7,9,4,7,6,5,2,3,3,4,3,3,6,12,8,18,10,10,8,8,8,9,7,7,8,5,5,12,7,3,13,9,19,16,7,6,9,6,7,26,12,11,8,6,4,,5,5,10,11,9,5,10,7,9,5,15,7,9,9,11,,,7,12,9,,7,16,14,12,6,6,,5,5,8,,,,,6,6,8,7,8,13,14,12,,8,7,15,13,13,11,3,3,5,4,5,,,,,4,5,8,10,6,10,3,,4,7,6,8,7,5,6,7,6,6,10,10,12,13,,10,9,8,4,9,11,5,8,5,,21,9,,12,8,,8,4,5,,4,,8,,11,8,5,6,5,6,6,14,11,8,5,8,20,12,,26,24,8,8,9,9,,4,7,5,7,4,4,,5,5,4,13,17,,6,6,6,,13,4,16,18,10,17,8,,5,10,,11,4,3,5,4,5,3,3,5,,5,2,9,4,5,6,4,6,4,,,,4,5,5,,2,4,6,3,22,5,9,10,5,3,4,6,7,,14,18,9,4,8,9,3,,8,,8,6,16,8,15,17,36,12,9,8,11,8,5,4,,,4,6,6,4,,6,11,13,9,,6,5,,,10,10,4,7,10,6,9,9,8,6,4,13,14,13,6,,6,5,,8,10,4,10,2,14,6,5,6,5,11,4,2,3,11,15,7,14,4,2,3,8,3,8,5,5,4,3,5,13,7,7,18,6,7,9,7,8,6,7,6,12,15,14,7,7,9,6,,5,4,4,,13,3,4,,,8,6,9,6,6,8,9,4,8,8,11,16,7,10,4,6,8,3,,12,8,11,20,20,,32,3,5,4,2,6,4,2,5,6,2,13,12,13,14,20,,12,,3,2,4,5,6,7,9,7,7,12,11,9,6,6,5,8,9,7,11,,9,7,9,13,6,2,5,2,10,8,7,3,7,5,2,4,8,7,6,7,,5,2,6,6,14,17,16,20,11,9,9,9,14,9,8,10,8,7,6,10,8,7,4,7,8,4,6,8,4,5,2,3,8,8,5,10,17,5,7,6,6,9,5,6,7,,7,4,5,18,7,5,6,8,6,16,2,,6,3,2,13,22,2,6,2,6,6,2,7,6,5,6,4,10,5,3,2,4,8,4,6,,9,8,6,8,5,7,8,11,7,7,6,7,6,8,10,15,3,2,6,8,5,6,6,4,4,6,5,6,7,7,,4,7,9,11,6,10,10,7,18,8,14,7,9,8,14,8,8,6,5,2,9,,7,,7,5,5,5,5,7,6,10,15,5,12,,8,16,,9,7,7,4,6,11,6,12,6,9,10,11,10,6,2,5,9,7,,6,,6,6,,6,9,7,13,3,6,7,4,,7,20,9,9,,,6,10,3,10,3,4,3,2,6,8,6,6,3,7,5,8,3,6,6,8,6,7,6,6,,14,5,2,7,23,13,5,5,9,8,8,4,6,6,6,10,3,6,6,13,3,18,7,9,8,7,10,9,10,11,13,,19,5,3,2,16,8,8,5,6,10,4,8,6,7,12,6,5,6,5,8,4,8,8,,5,5,11,3,5,4,7,3,3,3,3,2,3,13,5,7,5,11,18,21,7,6,4,6,3,2,4,3,7,6,8,4,7,6,9,10,8,8,13,9,8,6,9,8
20210423,17,NO2,10,8,11,9,19,12,15,10,8,14,15,12,,,19,,23,22,17,,19,,43,20,,14,16,,10,12,7,11,10,11,,,25,23,,33,25,14,14,21,,21,,8,2,20,14,15,13,,14,18,21,,22,20,20,14,11,17,8,9,11,12,,12,16,17,12,13,20,,8,6,11,16,16,,10,9,12,11,14,11,,9,8,,,9,9,12,8,6,21,26,,21,42,25,31,28,,22,15,31,14,23,11,,14,12,16,11,27,41,36,36,32,10,13,27,40,55,11,20,25,,19,21,28,29,23,19,16,39,48,55,43,47,33,,47,31,31,26,27,25,6,19,18,17,16,14,10,36,,47,46,39,38,39,37,17,19,10,15,18,25,,,,19,16,,11,17,15,,,,24,,24,53,37,25,44,39,28,36,34,,,,30,33,,20,21,12,12,8,,12,,24,20,18,19,12,,,14,,16,18,,40,25,,25,26,40,,28,24,47,22,55,50,55,,,67,52,39,21,21,41,19,,28,,,22,,37,27,,26,22,26,19,12,20,,21,26,16,17,18,17,27,10,16,26,16,10,12,13,16,17,26,13,4,,12,5,4,6,10,10,8,14,33,9,,,9,8,,9,31,28,28,,29,33,28,20,16,,,28,34,20,38,30,28,22,14,12,18,21,19,16,24,16,19,18,15,30,22,25,24,,13,17,,,26,19,19,23,22,19,30,11,23,20,,21,30,25,24,,36,22,,25,34,56,30,36,27,,17,22,29,32,14,7,8,12,17,19,15,21,,12,20,14,16,26,13,16,9,10,13,11,,,23,17,19,13,25,21,23,15,17,18,17,,12,13,18,8,8,19,24,16,10,8,17,7,9,9,,33,34,33,50,51,47,26,,,48,29,42,37,49,,21,15,28,27,,,22,15,12,32,7,9,8,,17,18,6,,8,5,9,22,16,14,5,3,7,,10,7,19,24,19,28,38,28,23,32,,,18,26,20,,27,6,20,21,,,,12,7,,,,16,17,14,20,5,8,8,,5,12,28,19,18,36,11,19,11,17,16,5,6,,9,11,,11,13,12,16,15,10,16,11,12,,28,40,23,18,16,14,27,25,35,23,23,28,25,19,10,,8,10,,16,,19,32,,23,19,,12,18,,,12,14,18,25,,24,26,23,,19,17,9,,11,27,27,25,23,19,,,,29,,26,12,,17,19,22,24,22,19,17,43,13,34,,9,,,14,,10,5,12,13,10,11,10,6,,6,4,4,3,7,5,4,9,8,4,9,10,12,8,,8,9,10,7,4,,3,23,24,,10,8,,12,7,7,6,6,,14,8,,,15,13,,4,,10,8,8,21,21,6,,10,12,,14,30,,25,,17,24,20,,20,18,36,33,21,,29,25,34,57,54,38,7,27,30,12,23,8,34,19,13,19,34,25,16,24,16,21,33,22,40,37,41,24,50,34,14,14,14,,10,29,47,32,20,24,13,20,14,21,15,16,19,,,24,23,24,,8,11,6,10,7,,10,15,4,,42,,27,36,27,,15,9,12,,,,9,,11,,16,17,17,,34,31,20,23,27,,26,,45,42,26,23,15,8,,18,16,12,14,11,14,,17,,,9,15,18,,10,11,14,9,13,6,9,7,10,6,8,6,7,13,10,2,4,3,11,8,5,17,18,16,22,10,,26,,24,8,16,20,28,24,,,,,8,11,,7,25,29,17,17,25,18,15,7,15,12,11,10,,19,20,16,,9,12,24,,12,14,,9,22,24,39,48,38,,38,36,14,14,13,18,,9,4,12,5,19,10,16,5,8,,12,6,7,8,3,12,17,24,24,,27,,25,29,29,8,15,9,13,13,11,,,38,24,18,20,26,27,27,22,14,16,32,,40,28,16,45,41,39,30,37,44,,16,28,35,26,37,21,41,43,10,12,17,13,20,,34,21,,18,28,14,26,,,15,17,14,18,15,13,9,14,7,,,27,23,23,23,21,,26,15,12,14,14,15,6,,9,11,14,,,19,19,,,19,17,,12,,36,12,,,17,14,,,7,,3,,,14,10,3,6,5,5,5,22,23,10,23,16,24,37,45,21,19,28,22,24,14,7,14,14,,17,16,20,,15,,5,15,12,6,7,27,25,19,20,26,,,26,9,14,14,7,14,17,16,10,18,10,9,22,13,27,30,17,,,17,19,10,6,17,24,,,15,13,,19,29,14,,24,19,14,10,11,10,9,4,19,14,18,37,14,12,6,10,,3,10,7,8,9,14,,13,,16,,,,6,10,15,10,8,9,,10,,11,16,12,12,10,10,13,6,8,11,14,5,1,7,5,6,8,11,6,10,11,,10,6,11,10,15,15,6,3,12,9,9,7,7,11,18,,7,4,8,10,9,4,8,9,9,14,8,11,8,6,9,,,13,11,,5,8,6,5,8,,4,,16,18,20,,,20,19,13,,11,8,14,,15,11,15,11,8,15,15,15,15,16,12,12,6,,14,16,15,29,39,,21,27,7,16,14,19,15,25,23,24,17,23,,21,31,22,,8,11,,5,5,,8,,22,10,18,28,37,11,10,13,6,10,8,8,13,13,10,16,5,18,16,14,17,11,14,8,5,6,8,2,10,6,16,3,7,12,5,4,5,7,12,9,10,2,9,8,8,19,11,4,10,8,9,13,10,13,20,8,13,,8,7,6,6,10,16,9,8,7,10,6,5,9,10,26,13,,20,11,10,7,11,24,16,11,16,6,13,15,10,11,16,,,15,22,16,,40,40,47,44,48,45,,17,,11,,,,,6,15,20,15,11,8,3,31,,3,5,4,5,5,10,10,8,9,15,12,,,,,16,22,11,8,10,11,8,,3,5,6,5,5,5,9,8,16,11,8,12,6,6,,7,10,8,10,14,18,7,6,19,,5,9,,7,2,,6,27,4,,4,,4,,6,5,,5,8,10,15,26,22,,12,10,11,23,,12,13,11,27,18,18,,10,12,32,31,7,7,,11,10,6,12,36,,14,23,9,,13,11,14,13,2,27,13,,11,14,,14,17,13,16,12,15,6,5,6,,8,3,10,8,15,1,5,2,2,,,,7,7,5,,6,16,18,4,10,7,9,,18,23,18,10,10,,18,42,14,,43,33,21,,11,,36,14,18,4,10,10,,26,13,27,12,34,21,4,,,6,14,32,20,,19,16,,8,,16,15,,,37,,27,21,18,14,33,24,34,31,26,30,13,39,,,23,11,,18,7,13,10,5,7,15,7,7,25,20,5,7,20,12,29,22,,16,10,16,10,20,14,5,5,4,5,9,14,21,18,39,18,15,15,25,21,9,,12,14,32,12,14,48,17,19,,7,4,30,,5,19,33,,,22,13,20,7,18,3,14,23,17,12,26,6,12,15,9,8,,13,,17,20,9,9,11,,16,57,15,42,,35,46,38,41,33,12,9,10,19,7,24,,16,,11,5,21,16,20,,31,23,18,33,25,17,27,30,,10,16,11,25,,8,20,17,9,14,16,15,23,15,23,21,9,17,7,11,13,28,,16,15,,26,28,8,7,43,22,27,14,,13,16,5,18,18,7,21,,23,23,26,8,7,25,27,9,13,32,,19,19,,14,12,7,7,7,36,13,,18,26,6,9,6,8,,8,14,12,13,29,36,32,33,21,11,,,24,7,9,13,7,26,,16,29,14,20,40,34,26,41,17,24,18,14,8,9,13,13,4,,26,6,13,20,18,6,13,4,16,8,2,10,19,21,20,5,18,9,,20,14,21,24,11,11,15,14,17,14,13,,17,15,9,12,14,,25,6,27,13,16,14,8,10,27,2,8,16,24,19,16,,12,,20,29,17,19,12,16,15,8,7,15,17,,13,7,,,2,12,10,12,10,9,10,8,9,7,6,8,4,17,4,7,8,,42,,8,14,,26,9,6,10,19,12,34,18,,24,6,10,2,,,13,17,13,10,28,21,,30,31,8,10,22,13,25,18,19,14,15,12,13,9,19,12,29,,19,12,27,32,18,26,79,14,14,16,16,20,5,,1,5,15,18,24,15,28,23,7,28,12,,17,24,5,14,25,,30,24,33,31,26,10,8,40,40,18,,16,12,14,19,24,15,29,9,4,37,27,18,,7,5,62,1,20,24,16,16,12,11,14,7,11,14,14,11,,15,33,19,18,10,16,19,11,9,11,10,17,9,12,7,10,20,33,16,38,50,27,13,3,1,12,20
20210423,17,NO2_24h,23,14,29,22,35,26,35,22,14,25,36,31,,,21,,21,19,20,,21,,28,24,,19,17,,23,21,25,20,19,23,,,19,25,,27,24,14,14,21,,18,,26,17,21,28,30,30,,26,31,29,,26,28,30,29,15,20,14,13,27,30,,30,23,18,23,23,26,,20,21,29,27,57,,17,35,34,46,44,37,,20,23,,,24,18,17,14,14,22,25,,21,36,24,29,30,,26,23,25,9,15,11,,12,8,14,11,49,46,48,46,43,19,20,44,39,50,26,35,30,,29,31,34,33,40,28,21,42,47,58,55,59,44,,51,33,37,39,34,31,14,33,24,25,16,24,25,36,,57,55,50,45,55,46,35,45,31,36,36,22,,,,25,18,,17,29,23,,,,29,,29,54,44,26,51,46,34,56,44,,,,44,40,,14,30,24,25,21,,28,18,27,26,20,27,19,27,,21,,16,16,,51,32,,62,26,53,,48,61,54,21,56,47,58,,,36,48,43,33,29,45,25,,43,,,56,,48,44,,19,18,20,17,13,16,,33,37,26,38,31,18,23,24,19,23,21,13,17,18,25,22,28,17,10,,25,21,22,23,15,16,20,20,35,12,,20,16,7,,14,23,20,17,,24,18,21,15,13,,,20,22,14,21,20,18,44,40,34,40,44,40,39,46,23,24,28,24,37,37,31,32,,16,20,31,21,26,19,18,24,23,19,26,11,50,43,,55,60,38,71,50,64,53,34,23,35,48,37,31,61,,24,32,54,34,27,29,13,16,37,36,32,29,,13,53,40,20,20,18,15,16,22,17,20,,,49,40,40,38,36,47,46,48,40,38,21,27,14,13,16,11,12,22,29,25,11,12,24,9,10,13,,47,40,49,55,58,52,32,,,45,58,57,46,56,,33,34,46,36,,,41,7,11,34,7,11,10,,24,22,7,,17,15,38,29,30,35,7,5,9,7,14,4,41,52,44,53,52,52,48,54,,30,39,50,40,,46,13,36,40,,,,20,11,,,,21,19,21,23,10,16,14,,11,17,30,21,20,23,26,26,21,27,27,5,16,31,7,30,,28,35,25,30,21,25,22,21,18,,34,44,31,15,12,11,21,25,28,23,32,30,30,30,19,15,17,14,,11,,26,29,31,25,25,,17,20,,,14,15,21,22,,19,23,21,,23,18,16,,10,22,17,18,15,16,,,,26,,24,13,,29,27,24,34,22,18,14,18,17,25,,15,,,26,,24,18,33,15,13,12,15,13,,13,12,16,12,14,8,12,16,15,13,23,27,31,11,11,12,29,26,20,7,,11,36,36,,15,16,,14,15,15,17,13,,29,19,,,32,25,,23,,24,21,26,32,21,14,,17,16,,26,30,,22,,29,30,29,,28,25,23,25,18,,22,17,32,22,26,13,7,24,29,22,24,16,41,14,15,21,21,22,12,27,18,23,34,23,30,34,29,27,31,21,12,14,13,,8,24,26,23,25,19,13,16,13,15,12,24,21,30,,28,26,28,,15,20,20,31,17,,27,28,4,,36,,32,36,25,34,25,20,27,,,,29,,26,,16,23,12,,39,38,26,15,19,,18,,36,30,24,27,27,25,,31,33,29,18,22,16,,20,,,8,14,14,14,8,11,24,11,22,9,10,8,9,19,25,21,28,33,27,4,6,17,35,35,35,24,39,33,32,22,,33,12,36,19,21,40,30,33,,,,,30,38,,33,16,25,22,19,19,18,12,6,14,9,14,17,12,35,36,33,,13,19,37,,36,35,,49,10,22,33,32,30,,28,30,30,38,37,39,,13,14,19,15,18,12,22,5,8,,15,6,7,11,5,13,17,19,19,,16,,16,22,22,21,18,8,7,15,11,,,12,17,14,15,18,18,15,13,11,11,45,,51,47,36,47,37,44,44,50,48,,23,33,49,47,46,39,40,33,26,24,23,21,24,,39,31,,33,37,14,34,,,24,19,18,16,22,21,13,19,15,,,28,16,17,16,17,,15,41,38,36,40,45,18,,24,26,10,,,14,13,,30,34,52,,41,,13,16,,,17,13,,,9,13,7,,,12,12,12,16,7,7,8,29,17,10,20,19,19,29,31,22,24,24,23,20,16,10,16,16,,19,24,27,,27,31,22,28,13,11,8,24,11,10,10,31,,,23,27,32,49,26,28,25,25,16,26,19,10,60,42,50,50,24,,,35,9,12,9,17,21,,9,18,34,,23,36,18,,18,13,15,15,23,8,12,10,30,22,25,36,31,17,8,11,,4,11,10,17,14,17,,15,,20,,,,9,18,19,16,15,14,,14,,19,18,26,24,15,24,11,13,25,25,27,11,2,12,10,12,21,26,29,24,12,,14,7,13,14,19,16,6,16,22,23,17,13,16,22,25,,12,9,13,13,13,5,15,12,11,12,10,10,9,8,14,,,16,15,6,8,10,10,6,18,17,23,,25,39,36,,32,24,27,24,,24,25,25,,28,19,21,17,16,16,15,16,16,15,26,23,23,,15,16,15,36,30,,38,32,8,14,13,16,18,24,20,22,28,27,,34,31,30,,11,17,,14,7,14,14,,18,15,21,15,27,14,11,17,6,12,12,9,12,13,10,15,5,17,19,14,21,13,15,11,10,11,10,8,12,8,15,4,3,13,7,4,5,10,11,11,12,3,9,9,31,35,31,30,24,10,19,17,16,22,24,20,26,28,11,10,12,10,14,22,23,12,14,24,18,15,10,15,26,34,,31,22,19,10,21,24,24,18,25,19,26,28,22,27,36,,,12,21,17,,33,43,41,42,55,51,,36,15,23,,,,,11,23,27,29,24,14,9,36,,32,6,9,8,10,12,7,9,7,8,9,,,,,6,10,17,19,10,14,24,,2,9,9,17,17,5,8,9,23,36,12,16,21,21,,6,9,10,10,32,39,13,9,35,,12,17,,10,7,,6,22,5,,6,,6,,7,6,6,8,8,20,37,45,36,28,6,8,11,18,,22,21,9,23,16,19,,13,13,29,35,8,7,,14,13,11,14,21,,28,36,21,,14,9,17,18,10,15,16,,15,19,,16,19,14,15,13,16,10,7,4,,10,4,9,14,20,5,8,5,4,,,,12,13,7,,10,14,20,6,23,23,17,56,22,19,17,22,22,,51,33,17,35,52,51,38,,14,,28,18,35,11,41,32,18,17,15,25,19,29,40,5,,,25,24,51,17,,20,20,17,16,,16,31,,,43,41,41,20,20,18,37,32,28,44,27,60,27,35,25,,24,18,,49,12,19,18,4,18,12,13,8,16,15,12,9,17,18,36,19,14,11,11,9,28,25,14,5,7,5,5,9,27,27,12,70,30,29,34,23,20,20,21,31,34,36,15,36,25,40,21,,24,6,27,,8,30,30,,,39,17,22,19,21,4,23,27,26,13,33,21,16,28,10,27,24,18,,26,40,26,17,26,,17,56,28,53,25,37,43,45,48,32,24,23,30,13,14,18,,24,,21,20,27,23,29,39,62,57,55,46,48,40,25,47,42,16,23,25,53,,13,26,48,19,20,22,22,23,20,29,15,13,16,13,15,15,30,20,29,27,,36,33,20,13,28,38,31,26,21,15,28,14,24,42,11,45,25,40,29,36,20,23,16,25,15,16,22,25,25,23,20,20,28,30,11,21,54,15,18,22,23,12,8,6,14,,16,18,27,17,49,36,57,44,43,26,15,,23,15,12,30,12,30,28,21,45,17,22,34,35,37,46,36,27,29,25,9,18,17,20,6,,37,13,17,47,38,10,23,10,12,26,6,17,36,46,17,20,21,15,25,17,18,22,34,18,12,14,24,43,32,29,,27,14,19,23,19,9,29,13,30,29,25,26,35,24,43,28,24,18,18,24,18,,15,,20,22,9,20,16,25,20,14,13,24,19,,15,10,,29,16,14,18,24,23,15,14,13,18,17,9,12,4,15,4,9,10,,39,,19,15,,21,18,12,24,25,26,40,26,,29,19,15,18,,,34,32,23,24,39,16,24,39,26,24,30,33,30,41,42,34,33,27,22,30,30,29,17,32,,24,21,20,40,31,26,30,32,30,37,36,26,5,7,5,14,32,31,44,35,14,16,18,39,15,30,40,47,26,20,42,,29,19,35,34,38,20,37,27,20,16,24,17,27,13,18,46,38,26,18,13,59,60,34,,9,7,46,2,11,32,24,11,22,22,29,13,30,30,23,14,20,33,40,23,34,16,14,19,24,13,30,23,24,27,12,16,29,14,33,13,33,48,29,27,5,4,27,14
20210423,17,O3,107,117,107,102,100,101,108,105,108,117,99,103,,,93,,96,96,103,,98,,70,101,,105,84,,135,131,132,,139,142,,,106,109,,108,101,108,105,109,,104,,132,132,133,116,103,111,,112,105,146,,140,148,,102,105,108,113,108,124,117,,117,105,103,105,91,88,,134,134,134,130,139,,134,136,143,146,144,140,,134,137,,,125,136,121,134,90,76,61,,61,58,72,58,75,,79,117,102,132,110,132,,120,113,118,119,77,62,74,67,80,95,102,81,63,45,129,115,113,,121,122,122,115,111,124,142,105,75,71,65,84,82,,83,78,81,80,137,143,143,147,133,130,168,150,146,69,,83,68,84,91,90,86,89,81,84,88,80,56,,,,102,107,,108,106,96,,,,122,,110,83,98,112,100,103,117,106,116,,,,130,101,,90,100,107,100,104,,98,94,101,93,,91,89,95,,93,,101,88,,104,125,,148,111,110,,118,148,102,109,37,100,49,,,66,71,,110,117,119,106,,124,,,141,,115,122,,87,102,95,78,73,76,,158,148,158,152,162,137,130,130,127,110,127,143,127,142,126,114,124,134,122,,92,99,100,106,152,115,122,123,114,126,,,,120,,139,62,72,71,,75,64,77,71,79,,,42,38,58,35,47,39,111,115,113,112,,,112,107,110,110,95,95,100,82,94,87,,102,121,123,121,136,123,163,,139,165,126,117,249,248,,253,245,274,262,253,253,228,266,136,158,85,118,156,147,,151,139,162,167,103,117,137,139,187,,206,230,,165,189,215,170,155,192,200,171,163,153,172,,,198,221,192,172,153,208,153,141,,159,158,168,91,87,89,84,86,84,72,77,74,56,88,80,76,100,,44,54,60,58,52,65,62,,,49,66,54,59,68,,202,192,210,189,,,225,153,118,101,124,125,116,,118,120,122,,152,148,148,137,138,134,127,133,122,96,126,132,72,59,71,60,42,,69,59,,,64,60,60,,76,96,67,71,,,,119,111,,,,108,99,89,75,90,88,85,,96,155,,160,160,137,127,136,116,121,139,121,94,160,91,145,,143,139,148,147,156,151,157,162,143,,62,66,75,86,81,82,74,92,76,78,99,87,91,100,111,109,104,95,,61,,100,93,102,90,109,,107,78,,,118,104,100,65,,62,64,64,,100,96,116,,82,115,108,109,118,121,,,,58,,59,58,,59,68,68,62,70,80,80,87,127,105,,96,,,186,,200,158,160,108,116,99,106,99,,63,63,69,68,61,68,60,83,82,75,103,108,106,170,147,169,123,130,139,86,,78,252,225,,116,119,,101,107,110,100,120,,115,150,,,93,94,,133,,137,131,142,122,99,122,,128,117,,118,92,,93,,140,138,132,,141,145,93,99,115,,57,60,55,38,41,50,50,67,68,88,71,98,66,85,77,80,66,80,72,83,94,76,78,86,59,56,63,66,52,62,70,68,73,,68,130,101,115,106,129,115,133,153,120,131,102,99,93,,115,119,126,,142,111,113,101,110,,117,57,97,,77,,91,82,94,,125,134,131,,,,104,,102,,97,100,86,,104,96,107,84,86,,83,,38,32,50,67,102,113,,116,125,127,125,159,127,,83,,,110,62,51,62,82,104,128,146,111,81,93,80,77,119,114,99,109,116,113,54,51,66,64,66,66,131,133,121,135,146,,121,142,131,141,94,98,88,97,,,,,114,119,,116,25,44,19,48,41,32,77,86,79,89,78,166,170,78,77,83,,99,95,89,,119,112,,122,48,56,31,27,35,,32,31,91,97,99,89,,84,84,81,127,116,129,123,86,98,,85,93,98,94,108,52,48,71,71,,43,,65,62,62,,81,104,89,78,79,,,39,64,63,62,102,88,111,113,118,102,127,,95,105,112,46,56,62,73,68,76,,117,98,94,103,91,119,98,98,128,108,96,96,92,,75,69,,139,118,80,96,,,112,104,98,96,101,,115,110,114,,,108,86,84,83,85,,79,150,139,115,,150,142,,136,139,113,,,104,95,,134,122,,,137,,99,129,,,97,82,,,158,167,138,,,91,,101,100,131,124,136,105,75,96,91,92,78,56,53,60,74,64,68,64,94,93,89,87,,88,90,107,,111,122,119,106,94,116,96,95,108,116,119,106,,,97,112,100,104,111,104,93,102,99,65,64,80,71,91,81,74,91,,,105,55,63,67,89,89,,,120,124,,133,136,137,,128,125,135,129,134,98,116,102,97,116,107,75,91,98,111,99,,102,104,98,77,146,142,,129,,128,,,,137,141,148,131,115,112,,96,,108,118,104,101,103,105,133,97,106,109,104,110,95,107,99,105,112,111,116,112,100,,107,89,73,,76,77,128,146,135,133,120,152,131,138,137,,114,106,112,114,107,104,,103,102,95,129,117,129,126,143,,,141,144,113,118,113,110,118,122,,139,,123,122,121,,94,102,108,107,,113,107,120,,130,127,123,114,126,91,93,92,86,94,90,97,98,,114,113,116,99,86,,90,96,79,85,91,77,72,69,,61,111,84,,66,60,70,,92,93,,111,112,119,126,,86,97,100,20,22,129,128,122,127,129,130,90,94,86,92,90,105,88,100,93,92,109,113,114,118,116,113,104,96,,90,94,95,86,90,96,87,65,82,82,90,50,82,76,113,99,102,111,47,63,53,71,86,74,107,119,116,116,,105,99,112,112,112,109,90,97,99,119,116,103,107,18,48,,44,69,71,77,71,96,110,111,109,140,147,139,134,155,159,,,38,57,40,,37,19,28,41,6,34,,118,,64,,,,,117,121,108,113,125,124,139,133,,105,125,144,125,136,141,138,118,138,103,169,,,,,46,34,172,180,156,150,112,,101,130,129,145,142,118,113,114,158,170,126,128,140,137,,147,143,149,133,158,168,109,121,146,,124,123,,109,145,,126,133,124,,120,,115,,106,,61,61,60,60,134,121,126,114,78,84,85,142,,71,77,57,59,66,74,,84,76,54,59,90,90,,80,70,88,94,60,,81,96,111,,124,,104,146,116,78,117,,122,89,,98,71,82,75,91,101,86,87,85,,93,83,73,109,111,97,87,98,102,,,,96,90,88,,65,79,,91,130,123,131,,107,101,100,133,139,,132,54,129,,78,124,145,,126,,55,84,214,107,144,150,,52,,72,80,36,167,53,,,121,114,120,94,,102,104,116,121,,92,105,,,62,109,114,83,103,114,71,91,52,121,59,68,92,69,98,,98,108,,206,120,150,125,87,,89,104,147,86,168,128,120,98,109,104,125,95,55,86,50,108,114,90,135,144,145,132,122,113,155,119,61,124,175,162,84,74,108,133,100,153,94,148,101,82,89,102,,93,97,46,,109,32,16,,,72,116,87,115,85,112,100,110,78,81,111,130,126,137,116,102,,,,100,74,88,104,98,,77,57,74,94,59,56,87,98,80,78,136,129,148,117,133,110,,109,,139,90,94,125,96,270,333,200,248,206,191,169,161,166,165,83,148,137,154,,88,,200,111,134,100,106,101,102,97,128,110,135,117,99,96,98,94,130,117,,99,86,59,65,59,97,26,58,,71,126,79,78,83,67,42,34,204,213,200,153,148,58,68,95,103,118,,101,106,115,113,87,146,161,158,65,119,112,67,68,115,134,84,95,,123,74,116,111,115,,124,110,100,137,121,,63,111,104,141,143,144,,116,100,135,118,97,106,127,75,95,76,109,94,96,93,83,85,87,,258,100,85,243,150,105,143,61,172,139,76,172,264,142,98,123,88,112,,100,114,128,96,109,137,123,118,113,101,124,,103,88,126,122,60,127,7,69,79,59,93,179,142,163,110,66,69,,77,104,,,51,,69,58,120,67,113,82,80,108,114,123,112,,,132,,77,117,129,124,109,107,125,103,94,111,117,109,177,105,61,52,77,76,,80,,110,61,,14,138,134,147,108,101,114,117,,91,134,126,124,,,126,151,110,128,162,101,104,105,104,127,137,115,103,99,,103,105,114,113,101,105,117,104,98,,130,122,95,33,81,47,36,81,73,82,84,96,88,,96,98,39,42,132,,80,111,174,131,93,,174,,117,118,117,,110,105,82,82,106,139,118,40,23,74,63,102,94,116,98,92,116,63,115,130,113,138,139,,72,88,51,101,95,102,128,105,102,119,100,115,108,131,149,62,74,138,95,119,99,132,108,107,132,112,102,100,133,137,139,120,137,91,95,92,85,78,79,129,146,123,132,91
20210423,17,O3_24h,107,127,107,102,103,101,113,106,114,129,103,110,,,95,,99,100,104,,100,,90,105,,105,85,,150,141,142,140,144,148,,,111,109,,113,101,114,106,114,,111,,136,135,135,125,112,131,,122,117,147,,146,157,148,102,110,111,113,111,124,118,,117,108,104,107,112,112,,139,135,136,134,142,,136,138,143,147,144,140,,140,142,,,132,140,128,139,108,101,106,,103,117,105,92,91,,115,118,122,139,121,135,,126,128,131,142,77,83,83,93,97,100,115,94,90,80,129,125,119,,142,136,144,132,112,135,148,118,91,93,84,90,101,,100,87,96,80,149,144,152,147,134,133,168,150,155,93,,93,82,89,94,103,105,89,81,88,88,86,61,,,,107,119,,114,118,110,,,,123,,123,100,105,124,117,123,117,125,129,,,,138,128,,109,109,117,100,104,,98,122,126,123,108,125,93,95,,93,,132,123,,104,125,,148,111,110,,118,152,102,109,54,100,53,,,84,75,84,114,117,124,106,,124,,,141,,115,122,,104,148,151,78,76,76,,158,150,158,152,162,137,130,130,127,116,128,143,127,142,135,123,137,134,125,,107,110,114,119,197,141,131,123,114,126,,120,117,120,,139,95,97,91,,91,100,96,94,120,,,104,96,112,112,96,94,132,133,130,133,114,131,125,125,137,127,112,100,123,93,103,104,,109,131,149,143,150,151,165,134,152,169,142,121,254,258,,253,246,274,266,253,253,228,266,154,187,110,154,165,257,,156,139,162,237,123,138,160,145,215,226,238,230,,174,189,215,204,193,199,202,198,163,155,176,,,264,288,267,219,195,268,235,206,115,159,158,168,113,105,113,113,111,106,99,108,88,83,109,121,99,114,,88,76,103,78,101,80,82,,,90,85,90,94,96,,220,210,210,189,,,225,153,123,106,124,129,120,,118,123,125,,166,149,151,145,138,138,127,133,123,124,129,135,103,82,88,60,89,70,105,59,,97,83,60,102,,125,102,69,76,,,,133,135,,,,121,111,90,75,93,88,86,,96,155,84,160,160,137,136,138,116,130,142,124,99,160,93,150,,145,148,156,149,156,151,157,162,143,,99,97,105,126,129,127,120,109,98,96,105,94,98,106,158,140,128,148,,86,,103,108,102,100,134,,107,100,,,118,104,100,78,,90,85,70,,114,126,119,,100,115,117,112,126,121,,,,64,,72,104,,88,100,102,100,86,88,87,125,127,123,,96,,,200,,200,158,196,123,126,125,125,117,,88,73,81,76,94,78,77,145,143,116,132,141,133,170,147,169,140,140,139,114,,116,304,278,,160,163,,189,183,181,161,120,,115,150,,,118,116,,137,,141,135,147,130,172,148,,169,177,,171,152,,167,,141,139,138,,142,145,109,105,116,,112,94,108,112,101,111,97,96,100,101,98,101,98,137,114,121,127,131,135,88,103,88,90,90,102,101,106,90,103,128,137,127,136,,134,158,145,155,136,164,121,144,158,131,146,102,101,98,,115,119,126,,142,119,119,106,113,,124,72,107,,139,,151,144,145,130,131,143,133,,,,123,,118,,129,131,117,,115,109,120,134,138,,136,,74,90,84,78,113,120,,131,128,140,125,166,139,,104,,,113,65,57,70,111,104,128,146,111,90,99,89,91,119,114,102,109,116,113,58,60,194,98,100,92,170,164,151,169,171,,141,147,141,145,132,129,120,132,,,,,117,121,,125,87,107,88,94,94,80,97,103,94,106,82,172,180,91,77,94,,117,106,109,,124,123,,126,94,82,88,86,132,,81,78,120,130,132,123,,137,141,121,133,142,138,132,88,99,,87,94,102,94,108,68,65,94,94,,92,,101,109,109,97,102,115,102,89,86,,,95,102,77,74,123,109,124,125,137,131,127,,96,145,139,77,87,91,82,70,120,,138,113,108,107,115,128,122,119,128,108,104,99,96,,75,71,,142,122,80,96,,,114,118,118,115,116,125,128,122,130,,,154,136,130,127,129,,123,163,153,144,162,161,142,,137,141,135,,,129,137,,144,141,131,,137,,140,141,,,130,84,,,158,167,140,,,119,122,119,125,133,127,137,142,115,119,115,112,114,106,111,103,120,113,106,116,110,120,105,108,,97,98,107,,124,122,145,134,96,116,123,110,126,124,128,135,,,111,203,179,144,154,190,181,194,208,131,179,146,106,182,143,130,190,,,130,111,128,120,165,161,,122,124,135,,133,139,137,,137,133,138,135,141,103,122,105,98,116,112,76,91,98,117,103,,107,113,106,79,149,142,,138,,135,,,,139,141,148,133,129,131,,104,,108,120,109,134,137,118,133,128,117,124,124,123,95,121,112,115,126,124,125,127,112,,113,89,84,98,88,91,128,146,135,133,120,152,131,138,141,,114,118,117,122,112,109,107,124,116,116,132,119,129,132,143,,,143,144,115,121,113,111,121,122,119,139,,138,145,138,,132,102,132,131,,140,131,124,,137,127,124,117,126,110,112,108,112,120,105,114,115,,116,121,119,99,86,,99,96,92,85,93,96,102,98,101,85,111,98,,112,105,113,,130,126,,113,112,119,126,,108,113,107,97,78,129,128,122,127,129,130,95,113,104,101,103,115,95,113,105,102,114,116,114,118,116,115,104,99,99,97,94,97,86,94,99,87,65,83,82,94,52,86,88,132,118,126,130,62,78,65,86,105,79,123,120,125,121,113,109,100,124,125,120,119,94,97,99,119,116,113,113,62,72,,69,126,120,129,120,129,131,132,134,146,156,148,145,162,163,,,127,108,109,,110,92,70,94,78,65,,133,31,103,,,,,122,133,129,125,136,126,139,134,,106,132,153,136,146,152,145,118,138,111,169,,,,,66,64,172,180,156,150,112,,106,150,152,147,144,140,135,138,160,170,135,155,143,139,,151,149,149,133,190,198,132,148,180,,144,147,,129,145,,130,137,128,,129,,115,,118,112,105,91,97,85,139,125,126,127,88,88,87,145,,72,83,112,102,93,137,,131,121,78,80,120,118,,109,94,88,94,112,,92,103,144,,136,130,108,146,116,105,129,,128,148,,133,89,104,93,93,101,87,94,92,,97,90,87,111,111,113,103,105,108,,,,96,90,88,,67,82,81,92,133,163,136,234,113,110,103,143,141,,132,89,137,119,80,124,153,,129,,64,106,214,107,144,150,123,85,133,108,111,118,167,93,,,121,170,120,98,,110,114,135,121,,129,105,,,70,128,118,95,112,119,71,91,67,135,104,89,101,103,162,,99,115,,249,170,159,167,94,156,123,104,152,136,168,128,120,106,140,113,132,99,80,86,76,112,114,110,135,144,145,132,125,123,155,119,75,130,175,166,110,109,113,139,119,157,99,148,103,110,89,138,,110,106,63,,127,91,93,,,88,132,110,118,122,112,118,112,99,146,121,130,132,141,125,120,171,95,,107,86,93,110,112,,122,89,89,114,104,70,113,112,88,85,136,133,151,143,135,118,,114,,139,95,98,128,98,270,333,205,248,206,223,231,185,199,165,114,163,137,248,,120,181,266,218,134,102,107,104,102,101,128,111,135,135,102,97,137,136,136,125,,136,140,155,173,164,135,83,66,107,93,130,138,108,118,76,62,88,207,213,201,162,166,118,72,121,103,130,64,105,110,115,113,103,158,168,168,97,121,146,118,79,115,134,90,115,,123,89,123,130,115,110,124,112,100,137,121,,70,111,114,147,143,144,136,129,100,136,120,118,122,127,102,95,76,109,105,96,93,83,88,88,,278,144,161,265,202,134,150,88,172,153,111,190,277,162,99,138,118,114,103,102,130,137,97,109,138,132,118,140,111,139,,133,123,129,125,163,138,16,70,110,64,100,179,143,170,121,107,103,96,95,111,103,,104,,102,88,132,72,113,101,100,108,114,126,135,,104,137,,84,117,179,162,143,173,125,112,97,111,117,112,177,105,95,58,88,85,,81,,125,108,,98,148,139,151,109,101,114,117,,104,140,132,124,,,134,157,118,148,162,101,109,113,113,132,146,124,116,108,106,113,109,118,116,102,116,136,111,143,,142,135,133,55,112,107,102,106,94,82,93,130,90,94,103,105,95,66,142,120,128,141,174,137,160,220,250,321,117,121,121,,110,125,136,138,165,145,124,112,73,74,74,103,114,132,144,122,121,92,115,130,113,138,147,,116,135,79,113,136,165,130,134,114,122,100,124,108,138,190,109,98,143,186,122,118,134,109,107,132,118,104,111,139,146,139,138,149,122,134,120,145,99,94,134,146,127,160,96
20210423,17,O3_8h,98,109,100,92,95,94,101,99,106,109,95,96,,,85,,92,92,94,,92,,80,98,,100,76,,126,125,123,119,128,130,,,102,102,,104,93,103,98,107,,104,,115,114,114,115,102,118,,112,106,122,,118,126,117,93,99,104,108,104,105,104,,101,93,89,90,101,96,,123,121,121,119,109,,103,102,111,121,113,112,,131,134,,,125,132,121,131,98,90,68,,70,61,77,69,75,,78,111,105,135,112,128,,122,116,119,119,59,53,64,49,60,84,103,61,64,48,120,111,98,,118,118,125,113,104,124,132,106,73,67,60,67,86,,76,66,81,65,98,108,110,106,95,92,126,108,108,74,,76,59,75,74,84,85,68,63,64,68,62,53,,,,93,101,,98,101,90,,,,111,,96,82,82,99,86,93,99,103,116,,,,121,114,,88,89,95,95,96,,93,103,107,105,91,105,77,78,,80,,114,108,,71,68,,88,64,67,,70,99,67,64,43,80,45,,,72,65,65,98,90,82,86,,79,,,95,,92,92,,85,113,107,57,65,60,,102,102,101,105,102,95,89,89,107,98,109,122,106,119,110,98,111,111,101,,92,96,102,102,153,116,96,98,90,102,,98,96,96,,109,61,70,64,,62,69,67,71,72,,,50,46,56,44,52,46,106,109,107,108,100,104,108,103,103,92,85,87,83,81,82,80,,95,96,95,94,101,100,100,95,102,105,91,91,169,168,,172,180,204,176,158,190,153,197,112,137,77,113,133,164,,118,109,109,176,92,108,129,118,140,123,159,151,,128,119,142,160,143,165,171,156,135,117,145,,,191,202,201,189,170,216,186,154,94,110,108,125,82,83,84,82,81,78,66,74,76,62,88,94,76,73,,30,42,61,52,40,65,62,,,45,54,38,42,61,,142,141,138,126,,,142,103,113,98,114,121,110,,111,112,116,,153,145,146,137,134,133,122,125,117,113,121,130,54,40,52,37,34,38,50,36,,51,51,34,43,,90,87,53,56,,,,98,106,,,,102,95,76,65,84,76,73,,85,98,60,106,104,92,91,98,90,88,96,116,77,99,83,130,,126,124,131,132,136,131,133,140,127,,85,80,88,100,96,89,87,88,82,79,88,83,84,93,128,119,117,118,,63,,78,82,78,77,91,,84,74,,,99,88,83,60,,59,59,61,,96,102,101,,90,98,104,98,113,103,,,,53,,58,68,,64,79,81,75,76,79,80,101,118,108,,70,,,139,,138,119,144,108,105,96,111,95,,72,63,70,66,73,68,60,108,105,89,95,104,107,146,130,146,120,121,122,94,,91,226,200,,135,134,,140,145,144,119,97,,90,138,,,95,96,,130,,133,128,137,120,92,94,,98,100,,114,107,,110,,125,120,120,,124,124,85,80,95,,64,65,68,68,67,73,67,76,79,86,77,94,65,90,81,94,76,86,85,78,86,78,75,80,74,72,79,76,73,81,97,92,91,,94,138,125,137,120,146,115,134,149,120,135,84,85,84,,86,107,96,,103,91,95,83,89,,93,44,91,,74,,82,78,83,70,110,112,109,,,,108,,104,,86,90,74,,107,98,85,107,107,,104,,40,47,45,58,101,108,,110,109,114,107,141,117,,91,,,103,60,52,59,91,78,92,106,86,74,83,77,78,97,94,82,86,105,92,55,55,94,74,74,57,133,125,122,129,129,,125,139,127,134,80,77,83,78,,,,,106,91,,96,26,42,27,42,40,36,78,84,71,87,71,158,162,61,60,66,,91,82,68,,90,90,,96,59,59,38,43,40,,44,34,67,70,75,68,,86,89,70,117,116,126,120,83,93,,74,84,92,89,103,55,51,68,68,,53,,70,69,69,54,59,74,68,67,65,,,53,58,64,62,111,101,116,116,123,118,86,,84,115,111,63,71,79,67,60,96,,103,89,92,93,97,108,102,100,112,97,89,91,87,,50,50,,95,88,55,62,,,88,106,96,101,100,113,117,111,117,,,126,96,97,92,92,,89,134,125,111,133,126,121,,114,117,121,,,114,110,,122,114,112,,117,,120,131,,,98,82,,,128,138,133,,,90,93,88,89,126,122,132,98,83,96,93,92,82,60,68,62,90,73,75,82,86,83,80,80,,86,84,78,,84,90,124,115,88,106,95,91,111,113,117,118,,,106,121,111,114,114,123,110,118,118,85,83,86,92,107,102,96,107,,,110,70,62,66,91,93,,81,118,124,,126,128,130,,127,126,133,128,130,95,114,96,76,82,86,58,68,73,103,93,,95,106,97,67,125,117,,125,,122,,,,128,128,133,124,118,117,,80,,82,90,83,106,111,102,115,104,106,113,110,113,84,106,99,103,108,110,110,110,89,,94,75,68,80,72,74,98,117,108,108,99,118,105,113,123,,89,99,98,99,89,102,94,108,102,100,118,103,116,115,120,,,122,120,91,90,86,84,89,101,102,116,,100,108,109,,88,92,92,101,,105,99,113,,124,121,120,112,121,101,104,99,99,105,97,104,105,,113,116,116,58,49,,54,54,79,71,79,74,68,66,67,59,72,61,,65,66,66,,89,89,,79,90,97,101,,86,96,94,24,25,96,98,105,92,99,97,82,92,87,86,85,96,84,91,88,86,74,80,77,78,72,86,83,76,86,76,74,78,70,76,82,80,62,80,76,86,41,59,66,102,91,91,95,53,64,58,68,84,73,91,101,99,96,99,98,92,100,99,95,96,82,84,86,95,93,90,88,20,34,,36,82,73,76,66,102,108,107,112,121,129,122,122,142,140,,,37,44,40,,40,22,25,43,24,23,,93,,68,,,,,109,113,104,106,115,105,113,110,,86,121,144,128,135,138,129,107,108,99,138,,,,,59,48,122,134,134,128,76,,95,132,129,132,125,126,120,124,144,153,115,122,134,133,,140,135,138,125,136,155,115,126,134,,119,116,,116,130,,117,123,118,,125,,107,,102,100,68,61,64,56,112,103,107,103,78,79,77,103,,68,75,50,74,71,90,,88,79,57,57,90,90,,75,64,76,77,64,,63,76,90,,110,92,98,112,103,90,107,,112,71,,79,68,75,68,75,82,79,83,83,,90,77,70,91,96,95,82,87,90,,,,83,80,66,,50,78,71,83,124,115,101,139,105,100,95,127,120,,112,74,121,80,65,99,114,,120,,52,77,140,96,129,136,83,53,123,71,89,34,117,60,,,107,123,81,91,,97,97,111,83,,111,100,,,56,117,108,78,96,103,51,60,52,121,62,50,77,67,111,,91,98,,191,143,130,125,80,128,87,76,137,107,113,104,83,96,97,83,123,91,57,83,54,90,88,97,124,132,132,119,122,89,130,112,39,116,132,142,92,94,102,109,103,132,66,124,81,95,68,92,,101,93,48,,116,24,14,,,64,117,96,93,101,108,101,97,74,94,112,102,109,126,102,105,135,71,,79,58,74,93,90,,73,64,63,87,71,54,86,83,70,58,117,126,132,127,128,95,,97,,83,74,80,111,90,178,206,140,161,142,171,159,138,147,134,95,130,98,192,,97,144,188,153,127,87,96,95,93,81,120,100,115,125,85,81,87,88,122,110,,83,77,65,84,77,105,26,46,46,65,80,64,88,72,63,24,36,133,126,147,130,134,59,62,98,80,115,48,79,82,92,90,88,149,154,151,81,113,93,72,68,79,104,79,88,,89,73,96,99,85,73,86,85,73,122,92,,58,104,106,128,131,101,104,95,70,118,97,89,109,110,79,73,61,102,87,89,82,74,78,79,,196,113,105,202,158,109,118,69,121,136,95,167,198,123,96,108,98,103,97,98,113,118,82,90,128,120,91,107,103,112,,90,79,123,119,85,126,6,57,73,45,91,137,121,128,94,78,75,76,69,86,83,,72,,68,75,125,67,90,77,76,89,92,109,110,,78,129,,64,83,137,128,125,137,89,99,88,93,95,93,132,90,77,54,74,74,,59,,78,68,,21,140,136,144,80,78,78,92,,85,131,123,117,,,96,132,107,129,123,95,101,105,103,113,110,113,106,98,94,101,100,110,106,95,102,104,102,88,,105,118,113,37,76,46,74,71,60,62,72,80,82,68,92,91,28,29,97,106,97,120,125,107,124,134,166,215,89,100,85,,87,111,69,77,116,123,94,42,40,59,60,79,92,109,82,78,92,60,75,104,69,86,96,,90,84,61,98,110,108,109,114,98,108,93,108,98,128,137,73,69,124,112,107,81,106,102,99,112,109,96,103,130,135,105,121,111,88,105,97,107,72,81,126,127,117,126,71
20210423,17,O3_8h_24h,98,109,100,92,95,94,101,99,106,109,95,96,,,85,,92,92,94,,92,,81,98,,100,76,,126,125,123,119,128,130,,,102,102,,104,93,103,106,108,,104,,115,114,114,115,102,118,,112,106,122,,118,126,117,93,99,104,108,104,105,104,,101,93,89,90,101,96,,123,121,121,119,109,,103,102,111,121,113,112,,131,134,,,125,132,121,131,98,90,68,,70,63,84,70,90,,78,111,118,135,117,130,,122,121,121,120,59,70,73,76,84,84,103,76,81,52,120,111,98,,118,118,125,113,104,124,132,106,73,67,60,67,86,,76,66,81,65,98,108,110,106,95,92,126,108,108,74,,76,59,75,74,84,85,68,63,64,68,62,53,,,,93,101,,98,101,90,,,,111,,96,82,82,99,86,93,99,103,116,,,,121,114,,88,89,95,95,96,,93,103,107,105,91,105,77,78,,80,,114,108,,71,68,,88,64,67,,70,99,67,64,43,80,45,,,72,65,65,98,90,82,86,,79,,,95,,92,92,,85,113,107,57,73,65,,102,102,101,105,102,95,89,89,107,98,109,122,106,119,110,98,111,111,101,,92,96,102,102,153,116,96,98,90,102,,98,96,96,,109,90,96,91,,90,97,95,83,107,,,80,75,97,94,82,68,106,109,107,108,100,104,108,103,103,92,85,87,83,81,82,80,,95,96,95,94,101,100,100,95,102,105,91,91,169,168,,172,180,204,176,158,190,153,197,112,137,77,113,133,164,,118,109,109,176,92,108,129,118,140,123,159,151,,128,119,142,160,143,165,171,156,135,117,145,,,191,202,201,189,170,216,186,154,94,110,108,125,82,83,84,82,81,78,66,74,76,62,88,94,76,87,,30,53,61,52,40,65,62,,,60,54,38,42,61,,142,141,138,126,,,142,108,113,98,114,121,110,,111,112,116,,153,145,146,137,134,133,122,125,117,113,121,130,54,40,52,37,34,38,50,36,,51,51,34,43,,90,87,53,56,,,,98,106,,,,102,95,76,70,84,76,73,,85,98,71,106,104,92,91,98,90,88,96,116,77,99,83,130,,126,124,131,132,136,131,133,140,127,,85,80,88,101,98,95,103,91,90,79,88,83,84,93,128,119,117,118,,78,,78,82,78,77,91,,87,74,,,99,88,83,78,,77,78,70,,96,102,101,,90,104,104,104,113,103,,,,63,,69,69,,65,83,82,76,76,79,80,120,118,113,,73,,,139,,138,119,144,108,110,101,111,96,,72,63,70,72,73,72,60,108,105,89,95,104,107,146,130,146,120,121,122,94,,91,226,200,,135,134,,140,145,144,119,97,,90,138,,,95,96,,130,,133,128,137,120,92,94,,98,100,,114,110,,110,,125,120,120,,124,124,101,100,100,,73,76,68,98,86,89,70,76,79,90,77,94,65,111,102,98,98,86,85,78,86,78,75,80,77,74,84,76,77,81,108,95,100,,101,138,129,137,120,146,115,134,149,120,135,84,85,84,,86,107,96,,103,91,95,83,89,,93,46,103,,74,,82,78,83,70,110,112,109,,,,108,,104,,87,90,88,,107,98,85,108,108,,106,,40,47,45,58,101,108,,110,109,114,107,141,117,,91,,,103,60,52,59,108,78,92,106,86,74,83,77,78,97,94,82,86,105,92,55,55,94,74,74,57,133,125,122,129,129,,125,139,127,134,80,77,83,80,,,,,106,91,,96,71,75,68,76,87,68,78,84,71,87,71,158,162,61,60,66,,91,82,68,,90,90,,96,65,59,38,43,40,,44,38,67,70,75,68,,121,111,70,117,116,126,120,86,96,,77,84,99,89,103,60,56,91,91,,89,,72,79,79,66,70,106,98,78,82,,,90,95,77,72,112,102,118,121,134,128,86,,84,115,111,63,71,79,67,60,96,,103,89,92,93,97,108,102,100,112,97,89,91,87,,50,50,,95,88,55,62,,,88,106,96,101,100,113,117,111,117,,,126,119,119,111,101,,102,134,125,111,133,126,121,,114,117,122,,,115,122,,122,114,112,,117,,124,134,,,107,82,,,128,138,133,,,93,93,88,89,133,127,137,98,83,97,112,92,82,78,68,62,92,76,76,84,86,88,90,80,,92,94,89,,107,91,124,115,88,106,95,91,111,113,117,119,,,108,142,128,119,118,124,113,121,122,112,119,91,94,107,102,96,107,,,110,84,71,81,91,96,,84,118,124,,126,128,130,,127,126,133,128,130,95,114,96,76,82,86,58,68,73,103,93,,95,106,97,67,125,117,,125,,122,,,,128,128,133,124,118,117,,80,,82,90,83,106,111,102,115,104,106,113,110,113,86,106,99,103,108,110,110,110,89,,94,75,68,80,72,74,98,117,108,108,99,118,105,113,123,,89,99,98,99,89,102,94,108,102,100,118,103,116,115,120,,,122,120,91,90,86,84,89,101,102,116,,100,108,109,,88,92,92,101,,105,99,113,,124,121,120,112,121,101,104,99,99,105,97,104,105,,113,116,116,58,49,,54,54,87,81,85,82,70,70,67,63,72,61,,65,76,66,,89,89,,79,90,97,101,,86,96,94,40,25,96,98,105,92,99,97,82,92,87,86,85,96,84,91,88,86,74,80,77,78,72,86,83,76,86,76,74,78,70,76,82,81,62,80,76,86,41,83,79,102,91,91,95,53,65,58,68,84,73,91,101,99,96,99,98,92,100,99,95,96,82,84,86,95,93,90,88,24,34,,36,89,98,108,107,102,108,107,112,121,129,122,122,142,140,,,90,73,77,,62,23,38,51,42,23,,93,27,68,,,,,109,113,104,106,115,105,113,110,,86,121,144,128,135,138,129,107,108,99,138,,,,,63,57,122,134,134,128,76,,95,132,129,132,125,134,128,133,144,153,115,124,134,133,,140,135,138,125,136,155,115,132,134,,119,116,,116,130,,117,123,118,,125,,107,,102,103,76,62,70,56,112,103,107,103,86,85,83,103,,68,75,74,74,93,99,,106,107,61,66,90,93,,82,68,76,77,88,,63,76,99,,110,92,98,112,103,94,107,,112,83,,79,77,75,72,75,82,82,83,84,,90,79,72,91,96,106,102,100,106,,,,83,80,69,,50,78,72,83,129,115,101,139,105,100,95,127,120,,112,76,121,80,65,99,114,,120,,62,77,140,96,129,136,83,83,123,75,89,78,117,72,,,107,123,81,91,,97,97,111,83,,111,100,,,56,117,108,78,96,103,51,60,52,121,62,50,77,67,111,,91,98,,191,143,130,125,90,128,94,76,137,109,113,104,83,96,97,83,123,91,72,83,69,90,94,97,124,132,132,119,122,89,130,112,39,116,132,142,92,94,102,109,103,132,66,124,81,95,68,92,,101,93,62,,118,24,36,,,64,117,96,93,101,108,101,97,74,106,112,102,109,126,102,105,135,71,,86,58,74,93,90,,78,64,63,87,71,54,86,83,70,58,117,126,132,128,128,97,,97,,83,74,80,111,90,178,206,140,161,142,171,159,138,147,134,95,130,98,192,,97,144,188,153,127,87,96,95,93,81,120,100,115,125,85,81,87,88,122,110,,83,77,106,114,116,105,26,46,90,70,80,90,88,72,63,24,57,133,126,147,130,134,99,71,98,84,115,61,79,82,92,90,88,149,154,151,81,117,93,72,68,79,104,79,88,,89,73,96,99,85,73,86,85,73,122,92,,68,104,106,128,131,101,104,95,70,118,97,89,109,110,79,73,61,102,87,92,82,74,78,79,,196,114,105,202,158,109,118,73,121,136,95,167,198,123,96,108,98,103,97,98,113,118,82,90,128,120,91,107,103,112,,90,87,123,119,113,126,6,57,73,45,91,137,121,128,94,78,75,82,90,86,83,,77,,73,79,127,67,90,77,76,89,92,109,110,,91,129,,64,83,137,128,125,137,89,99,88,93,95,93,132,90,77,54,74,74,,59,,78,75,,32,140,136,144,80,78,78,92,,85,131,123,117,,,96,132,107,129,123,95,101,105,103,113,110,113,106,98,94,101,100,110,106,95,102,104,106,88,,105,118,114,37,76,46,76,71,60,62,72,82,88,79,103,104,28,29,97,106,121,132,125,107,125,134,166,215,89,100,85,,87,111,69,77,122,123,94,91,68,69,74,79,92,109,82,78,92,60,75,104,69,86,96,,90,87,61,106,126,108,109,127,98,108,93,108,98,128,137,74,97,124,112,107,81,106,102,99,112,109,96,103,130,135,105,121,111,107,108,104,110,72,81,126,127,126,126,71
20210423,17,CO,0.4,0.3,0.4,0.3,0.4,0.4,0.3,0.5,0.3,0.5,0.2,0.4,,,0.7,,1,0.8,0.7,,0.7,,0.6,0.7,,0.6,0.5,,0.6,0.5,0.4,0.6,0.6,0.3,,,0.4,0.3,,0.3,0.3,0.4,0.2,0.3,,0.2,,0.5,0.4,0.5,0.3,0.4,0.4,,0.3,0.2,0.7,,1.1,1.1,0.5,0.7,0.6,0.6,0.5,0.4,0.3,0.4,,0.3,0.4,0.4,0.5,0.5,0.6,,0.4,0.4,0.4,0.1,0.5,,0.5,0.4,0.4,0.5,0.4,0.5,,0.4,0.4,,,0.5,0.4,0.5,0.6,0.6,0.9,0.7,,0.6,1.1,0.7,0.9,0.7,,0.7,0.4,0.6,1,0.8,0.5,,0.5,0.6,0.5,0.7,0.6,0.7,0.5,0.6,0.4,0.4,0.6,0.5,0.5,0.5,0.4,0.6,,,0.3,0.3,0.6,0.6,0.1,0.6,0.6,0.7,1,1.2,0.7,0.9,0.7,,1.2,0.8,0.7,0.9,1.1,0.7,0.4,1,0.9,0.7,0.8,0.7,0.8,0.9,,1.2,1.3,0.9,1,1.2,1.1,0.8,1,1.1,1,1.1,1.1,,,,0.7,0.6,,0.7,0.7,0.8,,,,0.7,,0.9,1,1.1,0.9,0.9,1.1,0.9,1,1.1,,,,0.8,1.1,,0.8,0.8,0.7,0.5,0.6,,,0.7,0.9,0.9,1,0.8,0.7,0.5,,0.7,,0.9,0.9,,0.9,0.6,,0.8,1,0.9,,0.9,1.1,0.9,0.2,0.6,1.1,0.6,,,0.8,0.9,1,0.5,0.5,0.5,0.5,,1,,,0.9,,1.2,1,,0.8,0.7,0.5,0.5,0.4,0.5,,1,0.9,0.8,0.6,0.6,0.5,0.7,0.7,0.5,0.6,0.6,0.6,0.5,0.5,0.4,0.5,0.5,0.6,0.4,,0.6,0.6,0.5,0.6,0.5,0.4,0.5,1.1,0.9,0.6,,,1.2,1,,0.9,0.5,0.5,0.5,,0.3,0.4,0.6,0.5,,,,0.5,0.9,0.9,0.7,0.8,0.8,0.8,0.9,0.8,0.9,,0.6,1.1,0.9,0.7,0.8,0.8,0.6,1,0.6,1,0.7,,0.7,0.7,1,1.1,0.9,0.7,0.8,0.9,0.8,0.8,1.1,0.8,0.9,0.8,,0.7,0.6,0.7,0.8,0.7,0.7,0.7,0.6,0.6,0.7,0.8,0.7,0.6,0.8,,0.5,0.7,0.6,0.7,0.4,0.6,0.2,0.8,0.6,0.6,0.5,0.7,,0.5,0.6,0.5,0.7,0.7,0.5,0.5,0.7,0.6,0.3,0.5,,,0.7,0.7,0.7,0.5,0.6,0.6,0.6,0.4,0.6,0.6,0.5,,0.6,0.7,0.5,0.6,0.3,0.3,0.6,0.5,0.4,0.6,0.5,0.5,0.5,0.6,,0.6,0.7,1,0.9,0.9,0.6,0.3,,,0.8,0.4,0.2,0.7,0.9,,0.7,0.6,0.8,0.7,,,0.6,0.6,0.6,0.5,0.8,0.7,0.7,,0.6,0.7,0.7,,0.4,0.4,0.5,0.3,0.4,0.6,0.5,0.5,0.5,,0.6,0.4,0.8,1.1,0.7,0.8,0.9,0.9,0.9,,,0.7,0.8,0.9,0.9,,0.6,1,0.6,0.5,,,,0.2,0.5,,,,0.2,0.6,0.4,0.4,0.4,0.5,0.3,,0.4,1,0.5,0.9,0.9,0.9,0.6,0.9,0.6,0.8,0.9,0.7,0.5,0.9,0.5,0.8,,0.6,0.6,0.7,0.6,0.7,0.6,0.7,0.6,0.4,,1.1,1.2,1,0.5,0.6,0.7,0.7,0.8,0.9,0.7,0.6,0.5,0.7,0.6,0.4,,0.4,0.2,,0.9,,0.5,0.9,0.8,0.8,0.5,,0.6,0.4,,,0.6,0.5,1.1,0.3,,0.8,0.6,0.6,,0.6,0.4,0.5,,0.6,0.6,0.4,0.4,0.6,0.3,,,,0.7,,0.3,1.1,,1.1,0.6,0.7,0.8,1.1,0.9,0.9,0.5,0.4,0.6,,0.6,,,0.8,,0.9,0.3,0.8,0.2,0.5,0.5,0.5,0.5,,0.6,0.5,0.6,0.6,0.5,0.5,0.4,0.6,0.5,0.3,0.5,0.5,0.5,0.7,,0.6,0.6,0.6,0.5,0.6,,0.5,0.7,0.7,,0.6,0.7,,0.8,0.6,0.8,0.6,0.5,,0.5,0.6,,,0.3,0.5,,0.5,,0.5,0.3,0.3,0.5,1.1,1.1,,0.7,1.1,,0.8,1.2,,1.4,,0.7,0.6,0.5,,0.7,0.6,0.9,0.4,0.4,,0.8,1,1,2,1.3,0.9,0.5,0.6,0.6,0.6,0.6,0.6,0.8,0.7,0.3,0.6,0.8,0.6,0.3,0.7,0.9,0.8,0.9,0.8,1,0.8,1,0.8,0.9,0.7,0.5,0.5,0.4,,0.3,0.6,0.7,0.5,0.5,0.6,0.5,0.5,0.3,0.3,0.2,0.7,0.6,,,1.2,1,0.8,,0.6,0.7,0.6,0.9,0.6,,0.6,0.4,0.8,,1,,1,0.8,0.6,,,0.3,0.7,,,,0.6,,0.6,,1.1,0.9,0.9,,0.6,0.8,0.7,0.9,0.9,,0.8,,0.8,1,0.7,0.7,0.6,0.7,,0.8,0.8,0.7,0.4,0.7,0.8,,1,,,0.8,0.5,0.8,0.8,0.5,0.9,0.7,0.8,,0.5,0.4,0.5,0.6,0.6,0.8,0.5,0.7,0.9,0.6,0.5,0.4,0.8,0.5,0.8,,0.7,0.7,0.9,0.7,0.7,,1.4,0.2,0.3,0.1,0.7,0.7,0.8,0.7,,,,,0.6,0.5,,0.5,1.1,0.9,0.7,0.6,0.7,0.7,0.7,0.5,0.6,,0.3,0.3,0.4,0.8,0.9,1,,0.8,0.9,0.9,,0.7,0.8,,0.8,0.8,0.8,0.9,1,0.9,,0.9,0.9,0.8,0.8,0.9,0.8,,0.5,0.6,0.4,0.4,0.4,0.5,0.4,0.2,0.4,,0.4,0.3,,0.2,0.3,0.4,0.7,0.3,0.3,,0.7,,1,0.9,0.9,0.6,0.6,0.5,0.3,0.3,0.5,,,0.8,0.7,0.5,0.6,0.4,0.5,0.6,0.6,0.4,0.5,0.8,,0.9,1,0.9,1.8,1.9,2.1,1,1.2,0.7,,0.9,1,1,0.8,0.9,1,0.8,1,1,1.2,1.2,1.1,0.7,,1.1,0.9,,0.8,0.8,1,1.2,,,0.7,0.3,0.3,0.4,0.2,0.8,0.6,0.8,0.8,,,0.4,0.9,1,1.1,0.8,,1.1,0.6,0.5,0.7,0.6,0.5,0.3,,0.3,0.4,0.7,,,0.7,0.7,,0.7,0.5,,,0.6,,0.8,0.7,,,0.1,0.5,,,0.7,0.6,0.3,,,0.4,,0.2,0.2,0.4,0.4,0.4,0.4,0.7,0.5,0.7,0.5,0.9,1,1,0.7,1,0.9,0.8,0.6,0.6,0.5,0.6,0.5,,0.5,0.5,0.8,,0.9,0.6,0.4,0.6,0.8,0.4,0.3,0.1,0.4,0.6,0.5,0.7,,,0.6,0.4,0.4,0.3,0.4,0.5,0.3,0.3,0.3,0.4,0.4,0.5,0.5,0.5,0.5,0.8,0.5,,,0.6,0.3,0.3,0.2,0.5,0.5,,0.3,0.3,,,0.5,0.6,0.4,,0.5,0.6,0.4,0.4,0.4,0.5,0.6,0.6,0.7,0.6,0.9,0.7,0.5,0.8,0.5,0.4,,0.5,,0.5,0.9,0.6,0.8,,0.5,,0.5,,,,0.6,0.4,0.5,0.7,0.5,0.6,,0.8,,0.8,0.9,0.7,0.5,0.5,0.4,0.6,0.6,0.5,0.4,0.4,0.4,0.3,0.4,0.5,0.5,0.4,0.4,0.3,0.4,0.4,,0.3,0.4,1.1,0.6,0.8,0.6,1,0.9,1.2,0.7,1,0.4,0.4,0.5,,,0.5,0.5,0.4,0.4,0.5,0.9,0.6,0.6,1.5,1.1,0.6,0.9,0.8,0.5,0.8,,,0.7,0.8,0.6,0.6,0.6,0.7,0.8,0.5,,0.6,,,0.5,0.3,,0.8,0.7,0.7,0.7,,0.7,0.6,0.8,,0.7,0.6,0.7,0.7,0.7,0.7,0.9,0.7,0.6,0.7,0.5,0.6,0.6,,0.5,0.4,0.5,1.3,1.4,,1.1,1.3,0.6,0.7,0.8,0.5,0.7,0.6,0.9,0.8,0.9,0.8,,0.4,0.5,0.6,,0.8,0.8,,0.8,0.8,0.7,0.8,,0.8,,0.4,1,1,0.9,0.8,1.1,0.7,1,0.9,0.7,0.7,0.6,0.5,0.7,1.4,0.9,1.4,1,0.9,0.8,1.1,0.8,0.5,0.7,0.9,0.9,0.9,,0.9,,,0.7,0.9,1,0.9,0.7,0.7,1,,0.5,0.8,0.6,0.7,0.6,0.6,0.6,0.7,0.4,0.5,0.8,1,0.6,0.5,0.5,0.7,0.7,0.5,0.7,0.6,0.8,0.8,0.5,0.5,0.6,0.5,0.6,0.6,0.6,0.6,0.6,0.3,0.6,,0.5,0.5,0.6,0.4,0.7,0.5,0.8,0.8,0.8,0.8,0.7,0.7,0.6,0.6,0.6,,,0.8,0.7,0.8,,0.8,0.3,0.7,0.9,0.8,1.2,,0.5,,0.5,,,,,0.5,0.6,0.6,0.5,0.5,0.4,0.4,0.4,,0.4,0.5,0.4,0.5,0.4,0.3,0.7,1,0.6,0.7,0.5,,,,,0.3,0.5,0.4,0.4,0.4,0.5,0.5,,0.9,0.3,0.4,0.3,0.1,0.4,0.4,0.4,0.4,0.3,0.7,0.8,0.5,0.6,,0.5,0.6,0.4,0.7,0.7,0.6,0.5,0.5,0.7,,1.2,0.8,,0.4,0.4,,0.4,0.3,0.5,,0.5,,0.3,,0.3,,0.6,0.7,0.7,0.7,0.9,0.8,0.9,0.8,0.6,0.6,0.7,1.2,,0.6,0.7,0.4,0.6,0.9,0.5,,,0.4,0.5,0.5,0.2,0.3,,1,0.8,0.1,,0.5,,0.5,0.4,0.3,,0.6,0.5,0.7,0.4,0.5,0.6,0.5,,0.4,0.7,,0.7,0.6,0.6,0.7,0.5,0.5,0.2,0.3,0.4,,0.2,0.2,0.3,0.2,,0.2,,0.5,0.3,,,,0.2,0.3,0.5,,0.7,0.4,0.5,0.4,0.2,0.3,0.8,,0.7,0.8,0.8,0.3,0.4,,0.6,0.7,0.6,,0.9,1,1,,0.5,,0.6,0.3,0.6,0.5,0.5,0.6,,0.5,0.6,0.7,0.8,0.8,0.8,0.5,,,0.4,0.2,0.9,0.6,,0.4,0.7,,0.6,,0.8,1,,,1.3,1,0.8,0.6,0.8,0.7,1.5,1.3,1.2,0.8,0.5,0.5,0.6,0.7,1.2,,0.9,0.5,,0.6,0.6,0.4,0.6,0.3,0.2,0.4,0.3,0.6,0.8,1.6,0.9,0.6,0.9,0.6,0.7,0.4,0.4,0.7,0.3,0.9,0.5,0.4,0.6,0.4,0.7,0.7,0.6,0.5,0.3,1.1,0.2,1,0.8,0.7,0.8,0.9,0.8,0.9,0.7,0.6,0.6,1.6,0.6,0.7,0.6,0.7,1.2,,0.6,0.8,0.5,,0.5,0.7,0.5,,,0.6,0.4,0.6,0.7,0.7,0.3,0.6,0.9,0.5,0.3,0.6,0.4,0.6,0.5,0.3,0.7,,0.7,,0.7,0.8,0.4,0.8,0.5,,0.3,0.7,0.8,0.7,0.8,,0.7,0.7,0.7,0.9,0.4,0.4,0.5,0.6,0.2,0.5,,,,1.1,0.9,0.8,0.8,0.9,0.8,0.8,0.8,0.6,0.7,0.8,0.6,0.6,0.6,0.5,,0.5,0.6,0.5,,0.4,0.7,0.7,0.6,0.3,0.2,0.3,0.8,0.5,0.7,0.4,0.6,0.6,0.5,0.7,0.7,0.9,1,0.8,0.7,,0.7,0.9,0.6,0.5,0.5,0.4,0.7,0.6,,0.7,0.7,0.5,0.6,0.6,0.4,0.4,0.3,0.7,0.9,0.8,0.6,0.6,0.5,0.4,0.3,0.4,0.3,,0.9,0.9,0.5,0.5,0.4,0.3,0.4,0.4,1.3,0.5,,0.7,0.7,0.7,0.9,0.5,0.5,,0.8,1,0.7,0.9,1.1,0.8,1,0.8,0.8,0.5,0.9,,0.4,0.3,0.3,0.5,0.3,0.7,1,0.7,1,0.5,0.7,0.9,1,0.9,,1,1.1,0.9,0.4,0.3,0.2,0.5,0.3,0.3,,0.7,0.3,0.7,0.7,0.5,0.6,0.6,0.4,0.4,0.6,0.6,0.6,0.8,0.6,,0.4,0.5,0.5,0.9,0.9,0.3,0.6,0.7,0.7,0.5,0.7,0.8,0.6,0.5,0.3,,0.3,1,0.7,0.6,0.5,0.6,0.8,0.4,0.8,0.5,0.4,0.8,0.6,0.8,1.1,0.4,0.6,0.5,0.5,0.6,0.4,,0.8,,0.5,0.2,0.3,0.9,0.6,0.3,0.3,0.8,0.3,0.6,0.6,,0.7,0.4,,0.8,0.4,0.5,0.5,0.4,0.4,0.6,0.6,0.6,0.6,0.6,0.4,0.3,1,0.5,0.6,0.5,0.5,,1.1,,0.7,0.6,,1.1,0.4,,0.4,,0.9,1.2,0.5,,0.6,0.4,0.4,0.4,,,0.8,0.5,0.4,0.4,0.3,0.5,,0.2,0.3,0.5,0.4,0.3,0.3,0.2,0.4,0.3,0.4,0.4,0.5,0.3,0.6,,0.5,0.9,,0.6,0.8,0.7,0.8,0.6,0.8,0.9,0.9,0.6,0.9,0.9,0.6,0.2,,0.4,0.5,0.7,0.6,,0.7,1,0.7,0.4,0.4,0.7,,0.6,0.5,0.6,1.9,0.6,,1.4,0.4,0.9,0.8,0.5,0.5,0.4,0.9,0.5,0.5,0.3,0.6,0.4,0.5,0.7,,0.5,0.7,0.7,0.6,0.8,0.8,0.9,,0.6,0.3,1.4,0.3,0.8,0.8,0.2,0.7,0.4,0.3,0.5,0.4,0.5,0.4,0.6,1,0.6,0.6,0.7,0.6,0.5,1,0.3,0.4,0.4,0.3,0.4,0.3,0.4,0.3,0.6,0.4,0.4,0.3,0.5,0.3,0.6,1,0.6,0.5,0.4,0.4,0.7,0.4
20210423,17,CO_24h,0.5,0.6,0.6,0.5,0.6,0.6,0.6,0.5,0.5,0.7,0.6,0.6,,,0.7,,0.8,0.7,0.7,,0.8,,0.8,1.3,,0.9,0.7,,0.6,0.7,0.5,0.7,0.6,0.5,,,0.7,0.7,,0.7,0.6,0.4,0.3,0.3,,0.2,,0.6,0.5,0.6,0.4,0.5,0.6,,0.5,0.4,0.6,,0.8,0.8,0.7,0.8,0.6,0.7,0.6,0.5,0.4,0.5,,0.4,0.6,0.6,0.8,0.5,0.6,,0.5,0.6,0.5,0.2,0.9,,0.7,0.8,0.7,1,0.8,0.7,,0.5,0.5,,,0.6,0.6,0.5,0.7,0.7,0.7,0.7,,1,1,0.6,0.7,0.7,,0.9,0.5,0.6,0.7,0.6,0.4,,0.4,0.4,0.4,0.5,0.6,0.7,0.6,0.7,0.5,0.5,0.6,0.5,0.5,0.5,0.5,0.6,0.8,,0.4,0.6,0.6,0.4,0.2,0.6,0.6,0.7,1,1,0.8,0.8,0.7,,1,0.7,0.7,0.9,1.1,0.8,0.5,1.1,1,0.8,1,0.9,1,0.7,,1.2,1.2,0.8,0.9,1.1,1,0.6,0.9,0.9,1,0.9,0.9,,,,0.8,0.7,,0.9,0.8,1,,,,0.8,,1,0.9,1,0.8,0.9,1,0.9,1,1.1,,,,0.8,1,,0.9,0.7,1,0.6,0.7,,1,0.7,0.9,0.9,0.8,0.8,0.8,0.7,,0.8,,1.1,1,,0.8,0.5,,0.8,0.9,0.8,,0.8,1,0.8,0.6,0.5,0.8,0.5,,,0.6,0.7,0.8,0.6,0.6,0.4,0.5,,0.9,,,0.9,,1,0.9,,0.6,0.5,0.3,0.5,0.4,0.4,,0.8,0.7,0.8,0.6,0.7,0.6,0.5,0.5,1,0.7,0.8,0.8,0.7,0.7,0.6,0.6,0.6,0.8,0.5,,0.7,0.7,0.7,0.7,0.5,0.4,0.5,1.1,1,0.8,,0.8,1.3,1.1,,0.9,0.5,0.5,0.6,,0.4,0.5,0.6,0.6,0.6,,,0.3,0.7,0.7,0.5,0.5,0.6,0.8,0.9,0.9,0.9,0.7,0.6,1.1,0.9,0.7,0.8,0.8,0.7,1,0.9,0.9,0.7,,0.7,0.7,1,1.1,0.8,0.8,0.8,0.8,0.8,0.8,1,0.9,1,0.9,,0.8,0.8,0.8,1,0.8,0.8,0.8,0.9,0.6,0.7,0.7,0.6,0.5,0.8,,0.6,0.7,0.6,0.7,0.5,0.7,0.3,0.7,0.7,0.8,0.6,0.7,,0.6,0.7,0.6,0.7,0.7,0.5,0.5,0.8,0.7,0.4,0.5,,,0.8,0.8,0.9,0.6,0.7,0.7,0.7,0.6,0.7,0.7,0.4,0.5,0.7,0.8,0.6,0.7,0.6,0.7,0.6,0.6,0.4,0.6,0.7,0.5,0.4,0.7,,0.7,0.8,1,1,0.9,0.6,0.3,,,0.9,0.7,0.4,0.8,1.1,,0.9,0.9,0.9,0.8,,,0.8,0.7,0.5,0.4,0.6,0.7,0.7,,0.6,0.6,0.7,,0.6,0.6,0.6,0.5,0.7,0.8,0.5,0.5,0.5,0.4,0.6,0.4,0.7,1.1,0.8,0.8,0.9,0.9,0.8,0.9,,0.7,0.7,0.9,0.9,,0.8,0.7,0.8,0.6,,,,0.6,0.7,,,,0.5,0.7,0.5,0.8,0.5,0.5,0.4,,0.4,0.9,0.6,0.9,0.9,0.9,0.7,0.8,0.7,0.7,0.8,0.6,0.6,0.8,0.5,1.1,,0.9,1,0.9,0.8,0.7,0.7,0.7,0.7,0.6,,0.9,1.3,1.1,0.5,0.6,0.6,0.6,0.9,0.9,0.9,0.7,0.6,0.7,0.6,0.5,0.5,0.5,0.4,,0.7,,0.7,1,1,0.9,0.7,,0.8,0.5,,,0.9,0.8,1.4,0.6,,0.7,0.8,0.9,,0.9,0.4,0.6,,0.7,0.6,0.3,0.7,0.6,0.2,,,,1,,0.6,1.1,,1,0.6,0.6,0.8,1,0.8,0.7,0.4,0.4,0.5,,0.8,,,0.7,,1,0.6,0.9,0.2,0.5,0.5,0.6,0.8,,0.7,0.5,0.6,0.7,0.6,0.5,0.4,0.6,0.6,0.4,0.7,0.7,0.6,0.7,0.6,0.6,0.7,0.8,0.6,0.6,,0.5,0.9,1,,0.6,0.8,,0.7,0.6,0.8,0.7,0.6,,0.6,1.1,,,0.5,0.7,,0.7,,0.9,0.6,0.9,0.8,1.1,1.5,,1.1,1.4,,1.1,0.7,,0.9,,0.9,0.8,0.8,,1,0.9,0.7,0.4,0.3,,0.6,0.6,0.9,0.7,0.7,0.5,0.4,0.7,0.6,0.7,0.7,0.6,1.8,0.6,0.4,0.8,0.6,0.5,0.3,0.8,0.9,0.8,1,1,0.8,0.8,0.7,0.8,0.7,0.6,0.6,0.6,0.4,,0.3,0.5,0.5,0.5,0.5,0.6,0.5,0.4,0.4,0.3,0.2,0.8,0.7,0.8,,1.4,0.9,1,,0.8,1,0.9,1,0.9,,0.6,0.6,0.7,,1,,1.1,1,0.6,1.1,0.6,0.4,0.8,,,,0.7,,0.6,,0.9,0.8,0.8,,0.6,0.9,0.8,0.9,0.8,,0.8,,0.9,1,0.6,0.8,0.7,0.8,,0.9,0.8,0.8,0.6,0.8,0.8,,1,,,0.8,0.5,0.8,0.9,0.5,0.9,1.5,0.8,1,0.6,0.5,0.5,0.6,0.7,0.9,0.7,0.9,1.1,0.7,0.5,0.4,0.9,0.7,1,0.7,0.8,0.8,0.9,0.8,0.7,,1.6,0.2,0.8,0.7,0.8,1,0.8,0.8,,,,,0.8,0.7,,0.6,1,0.9,0.7,0.6,0.6,0.8,0.7,0.5,0.5,0.7,0.4,0.5,0.5,0.7,0.9,1,,0.7,0.9,0.9,,0.7,0.9,,1.1,0.6,0.6,0.8,0.7,0.8,,0.7,0.6,0.8,0.8,0.8,0.7,,0.6,0.8,0.7,0.6,0.6,0.6,0.6,0.2,0.4,,0.4,0.4,0.1,0.2,0.3,0.7,0.9,0.5,0.5,,0.6,,0.8,0.6,0.6,0.7,0.7,0.5,0.3,0.4,0.5,,,0.5,0.5,0.5,0.6,0.4,0.5,0.5,0.4,0.7,0.6,0.7,,0.9,0.8,0.8,1,1,1.2,0.9,1.1,0.7,,0.9,1.1,1,0.9,1,1.1,1,1.1,1,1.3,1.3,1,0.7,,0.9,0.9,,0.7,0.6,0.7,1,,,0.8,0.4,0.3,0.4,0.3,0.8,0.6,0.8,0.9,,,0.4,1,1.1,1.2,1,,1.2,0.7,0.7,0.9,0.9,0.7,0.6,,0.6,0.7,0.7,,,0.7,0.7,,0.8,0.7,0.9,,0.7,,0.7,0.7,,,0.1,0.5,,,0.8,0.6,0.4,,,0.3,0.3,0.3,0.2,0.6,0.5,0.4,0.6,0.6,0.5,0.7,0.5,0.8,0.8,0.8,0.8,0.8,0.6,0.6,0.5,0.6,0.5,0.6,0.5,,0.5,0.5,0.7,,1,0.7,0.6,0.8,0.7,0.4,0.3,0.1,0.4,0.6,0.5,0.9,,,0.6,0.8,0.8,0.9,0.7,0.9,0.6,0.6,0.4,0.5,0.5,0.6,1.2,1.2,1.1,1.2,0.8,,,1,0.3,0.2,0.2,0.5,0.5,,0.3,0.5,0.7,,0.6,0.7,0.5,,0.6,0.8,0.6,0.6,0.6,0.6,0.7,0.7,0.9,0.7,0.8,0.8,0.6,0.9,0.7,0.5,,0.6,0.6,0.5,1,0.9,0.9,,0.6,,0.6,,,,0.7,0.6,0.7,0.8,0.6,0.6,,0.9,,0.8,1,0.8,0.8,0.7,0.7,0.6,0.8,0.6,0.5,0.7,0.5,0.3,0.5,0.5,0.5,0.6,0.6,0.5,0.5,0.5,,0.3,0.3,0.8,0.6,0.7,0.5,1,1.9,1.5,1.4,1.4,0.6,0.6,0.6,0.5,,0.5,0.5,0.4,0.4,0.6,1,0.9,0.6,1.4,1.1,0.7,0.8,0.8,0.6,1,,,0.8,1,0.7,0.6,0.7,0.8,0.8,0.5,0.7,0.7,,0.9,0.6,0.5,,0.7,0.7,0.7,0.8,,0.8,0.7,0.9,,0.8,0.7,0.7,0.7,0.8,0.8,0.9,0.8,0.6,0.8,0.7,0.7,0.7,,0.5,0.4,0.5,1.3,1.4,,1.4,1.2,0.8,0.7,0.8,0.6,0.8,0.7,0.9,0.8,1,1,,0.5,0.6,0.7,,0.9,0.9,,0.8,0.7,0.6,0.7,,0.8,0.6,0.5,0.7,1.1,0.9,0.9,1.1,0.8,1,1,0.8,0.8,0.6,0.6,0.8,1.3,0.9,1.5,1,0.7,1,0.8,0.9,0.7,0.8,0.9,0.8,0.9,1,1,0.8,0.5,0.7,0.9,0.8,0.8,0.6,0.6,1.1,0.6,0.5,0.8,0.5,1.3,0.8,0.8,0.8,0.7,0.5,0.5,0.7,1,1.3,0.5,0.5,0.9,0.8,0.5,0.7,0.6,0.9,0.9,0.5,0.7,0.6,0.6,0.6,0.8,0.6,0.5,0.5,0.4,0.9,,0.7,0.5,0.6,0.4,0.5,0.6,0.9,0.9,0.9,0.9,0.8,0.8,0.7,0.7,0.8,,,0.8,0.6,0.7,,0.8,0.4,0.8,0.9,1.1,1.2,,0.6,0.8,0.5,,,,,0.6,0.6,0.7,0.6,0.6,0.6,0.6,0.4,,0.4,0.6,0.5,0.7,0.7,0.6,0.6,0.6,0.5,0.6,0.4,,,,,0.2,0.4,0.6,0.5,0.4,0.5,0.7,,0.9,0.4,0.5,0.5,0.4,0.5,0.5,0.5,0.4,0.5,0.7,0.8,0.6,0.7,,0.6,0.6,0.5,0.7,1.1,0.7,0.7,0.5,0.8,,1.6,0.9,,0.6,0.5,,0.4,0.3,0.5,,0.6,,0.4,,0.4,0.4,0.6,0.7,0.6,0.6,0.7,0.7,0.8,0.7,0.6,0.6,0.6,0.7,,0.7,0.8,0.3,0.5,0.7,0.6,,0.4,0.4,0.4,0.6,0.3,0.3,,0.9,0.7,0.2,0.3,0.5,,0.8,0.7,0.5,,0.5,0.5,0.7,0.6,0.6,0.5,0.5,,0.5,0.6,,0.5,0.6,0.7,0.6,0.5,0.5,0.3,0.3,0.4,,0.3,0.2,0.3,0.3,0.2,1,0.5,0.5,0.4,,,,0.3,0.6,0.5,,0.7,0.4,0.5,0.5,1.2,0.3,1.2,0.9,0.8,0.8,0.7,0.5,0.6,,0.7,0.7,0.7,0.6,0.6,0.9,0.9,,0.6,,0.7,0.4,0.9,0.6,2.2,1.9,0.6,0.4,0.7,0.6,0.8,0.8,0.8,0.5,,,0.5,0.2,0.9,0.6,,0.7,0.9,0.8,0.7,,0.9,1.1,,,1.4,0.9,0.8,0.8,0.9,0.7,1.4,1.1,1.1,0.8,0.6,0.8,0.7,0.7,1,,0.9,0.8,,1,0.7,0.5,0.6,0.3,0.4,0.4,0.4,0.7,1,0.8,0.9,0.6,0.8,0.5,1.1,0.4,0.3,0.6,0.4,0.7,0.5,0.6,0.7,0.3,0.7,0.6,0.5,0.5,0.4,0.8,0.2,1.2,0.9,0.8,0.9,0.9,0.8,1,0.7,0.7,0.8,1.6,0.8,1.1,1.1,0.6,1.1,,0.7,0.9,0.7,,0.6,0.8,0.5,,,0.8,0.5,0.6,0.9,0.8,0.3,0.7,0.9,0.5,0.4,0.7,0.7,0.8,0.8,0.4,0.8,0.6,0.8,,0.8,0.7,0.6,0.8,0.7,,0.4,0.6,0.7,0.7,0.6,0.9,0.7,0.7,0.7,0.7,0.7,0.8,0.7,0.7,0.4,1,,1.3,,1,0.9,0.9,0.9,0.9,0.9,0.9,1,0.8,0.7,0.9,0.8,0.8,0.6,0.7,0.6,0.5,0.7,0.6,,0.5,0.9,0.9,0.6,0.3,0.6,0.4,0.7,0.7,0.8,0.5,0.7,0.8,0.5,0.8,0.8,0.8,0.9,0.9,0.7,,0.8,1,0.7,0.7,0.6,0.8,0.7,0.7,0.8,0.7,0.9,0.6,0.7,0.8,0.4,0.5,0.5,0.8,1,0.8,0.6,0.8,0.4,0.7,0.3,0.5,0.2,0.9,1.2,1.1,0.6,0.7,0.6,0.4,0.5,0.6,1.8,0.5,0.5,0.8,0.7,0.7,0.9,0.7,0.6,,0.9,0.7,0.9,1,0.9,0.7,0.9,0.7,0.8,0.7,1,,0.7,0.4,0.6,0.8,0.4,0.9,0.9,0.6,0.9,0.6,0.8,0.9,1,0.9,1,0.9,1.1,1,0.5,0.3,0.3,0.5,0.4,0.4,,0.8,0.4,0.7,0.8,0.5,0.6,0.6,0.4,0.5,0.5,0.6,0.7,0.8,0.8,,0.5,0.5,0.5,0.8,0.8,0.4,0.8,0.8,0.8,0.6,0.7,0.9,0.6,0.5,0.5,,0.4,0.8,0.8,0.8,0.6,0.6,0.9,0.8,0.8,0.7,0.5,0.9,0.8,0.9,1.2,0.6,0.8,0.8,0.6,0.9,0.5,,0.7,,0.5,0.3,0.2,0.8,0.8,0.5,0.6,1.2,0.7,0.8,0.6,,0.7,0.4,,0.7,0.7,0.5,0.5,0.5,0.3,0.6,0.7,0.6,0.7,0.7,0.4,0.4,1,0.5,0.5,0.6,0.6,,0.9,,0.8,0.7,,1.2,0.7,0.6,0.5,0.7,1,1.1,0.4,,0.4,0.7,0.6,0.6,,,1.5,0.6,0.6,0.6,0.7,0.6,0.4,0.5,0.6,0.5,0.7,0.5,0.5,0.4,0.6,0.5,0.5,0.5,0.6,0.5,0.7,0.9,0.7,0.9,,0.7,0.9,0.7,0.9,0.8,0.9,1,0.9,0.6,0.8,0.9,0.6,0.2,0.5,0.4,0.6,0.8,0.7,0.7,1,1.1,0.6,0.4,0.4,0.7,0.7,0.8,0.7,0.8,1.9,1.1,,1.4,0.5,0.9,0.8,0.9,0.5,0.7,0.7,0.3,0.9,0.7,0.8,0.6,0.5,0.6,0.9,0.7,0.8,0.8,0.4,0.9,0.8,0.8,,0.8,0.4,1.5,0.2,0.8,0.7,0.3,0.8,0.6,0.6,0.2,0.6,0.5,0.7,0.9,1,0.6,0.9,0.9,0.6,0.5,1,0.7,0.6,0.7,0.6,0.7,0.5,0.5,0.4,0.6,0.6,0.6,0.3,0.8,0.3,0.7,0.8,0.5,0.7,0.5,0.4,0.7,0.7
20210423,18,AQI,33,43,38,35,31,36,34,33,33,45,31,42,,,34,,30,36,39,,31,,27,31,,31,25,,52,53,50,52,51,60,,,43,39,,99,42,36,42,38,,32,,51,52,56,52,43,,,48,49,63,,68,,62,31,32,32,35,33,40,37,,37,32,31,32,34,32,,52,,54,55,51,,40,42,45,51,48,43,,46,44,,,,42,42,45,33,38,44,,32,40,43,40,32,,28,38,39,41,36,41,,35,39,37,44,54,49,60,49,43,45,70,38,42,50,48,,62,,67,62,57,53,60,60,74,48,84,73,74,73,79,,73,72,70,68,51,44,58,44,48,42,50,48,46,64,,67,,67,53,55,83,46,49,40,44,72,58,,,,69,58,,55,63,58,,,,68,,56,54,55,55,52,52,53,51,57,,,,58,53,,34,50,50,64,58,,46,109,104,109,80,108,67,52,,45,,64,55,,49,62,,44,42,42,,52,59,45,46,40,74,52,,,67,79,109,36,33,72,44,,59,,,54,,66,69,,60,35,48,26,26,34,,47,48,64,57,58,69,57,54,43,35,41,43,41,42,46,,41,41,40,,31,31,30,35,51,30,32,39,38,40,,,,32,,43,32,46,34,,48,34,35,32,,,,56,59,49,,68,44,53,58,47,59,76,,63,57,58,35,32,30,37,32,34,30,,32,44,,,53,54,54,,51,55,58,35,118,118,,127,123,140,130,121,119,105,136,55,59,56,54,56,62,,45,54,60,63,60,46,48,47,80,84,102,113,,62,83,107,63,53,68,75,49,44,56,68,,,80,70,59,57,54,83,67,52,52,50,54,,34,50,39,32,52,57,56,52,27,61,45,51,32,34,,51,56,55,60,70,54,54,,,75,47,60,47,55,,55,46,72,44,,,64,,58,68,65,58,60,,63,64,64,,48,48,53,55,51,62,40,41,38,33,40,41,45,35,38,43,40,,38,,,63,33,50,43,,50,32,38,38,,,,36,104,,,,102,88,32,35,28,39,26,,30,49,,57,59,58,38,44,45,52,53,62,38,,41,49,,58,44,51,58,50,56,54,56,60,,82,78,78,31,31,27,35,72,74,58,59,49,42,43,35,33,34,31,,20,,50,57,,32,34,,33,35,,,44,34,35,58,,67,64,44,,45,63,44,,46,48,46,39,46,41,,,,94,,100,48,,58,29,22,27,57,63,67,57,42,44,,42,,,57,,59,48,,34,35,35,33,32,,38,34,34,37,44,51,27,46,31,38,35,42,33,58,,65,42,37,52,40,,36,117,107,,44,46,,43,47,52,30,37,,43,52,,,64,41,,64,,44,52,59,49,,63,,52,55,,46,48,,49,,63,46,66,,63,62,56,60,48,,60,58,58,58,78,75,28,42,32,32,34,33,40,25,51,26,46,29,23,75,50,49,63,67,119,137,159,108,152,140,61,60,74,,74,92,76,94,94,73,40,40,46,37,40,34,38,40,,54,105,62,,42,37,37,34,35,,,33,30,,123,,120,137,128,115,,49,38,,,,60,,43,,104,109,,,103,94,105,62,60,,62,,58,64,57,58,40,33,,36,38,62,40,46,41,,38,,,35,54,27,,32,36,54,53,,39,,40,51,38,36,37,48,48,45,26,30,20,23,22,51,77,80,72,77,62,,53,,,,50,47,52,57,,,,,31,31,,49,54,60,55,58,62,52,36,43,44,,36,58,,26,29,28,,30,29,33,,40,45,,49,16,18,32,28,22,,31,33,73,77,74,85,,57,57,500,51,35,54,,27,31,,28,30,,31,35,70,57,51,51,,20,,87,94,94,,51,32,28,53,53,,,40,28,40,43,52,52,35,,35,51,58,,74,51,60,43,38,36,55,55,44,,59,55,50,51,49,37,36,53,41,35,38,30,33,,36,40,,51,36,39,54,,,46,,36,54,59,43,51,50,50,,,52,104,98,94,,,104,67,61,61,61,62,44,,44,45,80,,,,82,,54,48,,,44,,80,,,,48,32,,,98,,50,,,42,42,47,51,110,98,72,28,29,38,38,32,28,40,36,30,57,65,58,59,32,29,52,33,,44,36,48,,39,34,36,39,30,44,30,30,62,57,59,51,,,29,33,45,38,34,53,54,50,53,41,31,24,,42,52,53,51,,,55,17,17,24,72,63,,,53,,,52,,48,,59,50,44,53,51,49,57,59,39,40,38,39,43,36,33,29,,32,31,29,34,44,45,,74,,79,,,,,45,53,50,66,77,,32,,36,32,32,42,37,38,65,,31,34,41,40,30,27,,32,35,42,37,36,54,,36,53,25,25,33,39,39,44,42,41,47,50,44,,45,,35,31,33,33,30,34,40,32,40,51,49,,42,41,47,,,49,52,,35,38,45,36,42,51,46,,65,70,67,,77,77,82,34,,34,39,57,,54,72,77,68,66,39,62,54,50,51,41,38,40,,90,,75,53,62,,52,,55,39,29,40,43,52,53,45,38,36,,53,62,53,,28,29,,34,32,36,38,,33,33,32,52,56,56,,,46,52,,38,48,34,50,47,51,59,43,42,47,36,39,35,36,41,33,,29,,29,,,28,32,30,29,35,35,39,,25,26,,44,35,45,52,42,32,41,46,51,43,66,47,65,,45,49,42,65,56,35,36,39,49,53,48,50,60,55,11,18,,15,72,34,,57,33,37,49,43,48,58,51,52,49,50,,,51,36,46,,57,,56,54,71,81,,30,,20,,,,,35,37,33,37,38,38,41,39,,34,39,47,56,60,63,61,64,61,,61,,,,,28,28,65,73,48,,46,,48,68,57,46,51,36,42,36,68,63,70,75,51,51,,60,69,64,62,82,73,52,48,77,,63,62,,34,,,40,41,41,,,,37,,42,,,20,20,19,67,53,49,,25,26,26,39,,30,24,20,20,,74,,95,77,26,19,500,500,,26,23,29,,20,,49,52,33,,40,,31,46,36,,,,35,37,,30,25,26,24,88,87,111,106,28,,30,35,31,62,60,31,,31,33,,,,42,35,,,25,25,32,28,56,35,47,113,35,31,32,50,52,,52,89,74,48,70,44,57,,60,,108,33,63,45,51,58,500,23,57,27,25,52,54,17,,,51,41,55,34,,78,68,,38,,83,52,,,55,,57,67,63,59,63,64,70,58,53,52,46,53,58,,41,,,107,40,52,,,46,50,49,65,69,36,39,95,31,77,45,38,52,32,32,35,34,35,35,50,53,,55,37,45,68,46,53,56,47,49,35,36,35,,46,51,55,,31,68,29,112,,40,29,120,,34,15,19,,,45,72,36,36,64,36,37,64,30,99,113,42,44,48,38,51,,30,,46,35,,44,55,,449,72,57,64,,,72,67,74,62,54,55,51,85,53,56,,60,,,,50,50,57,140,148,99,121,101,73,61,52,57,,39,46,49,63,,40,101,82,55,47,31,60,46,,43,55,63,43,68,32,31,99,119,55,58,,115,138,27,38,20,39,38,40,,38,67,36,38,40,22,32,,58,94,79,61,47,29,48,58,54,39,,41,34,36,,44,60,55,50,39,33,,38,58,36,46,29,43,,48,,52,65,54,49,45,47,48,43,45,,90,34,34,58,48,47,,55,65,83,55,55,43,48,,49,43,45,62,34,29,29,40,27,,129,,49,112,60,42,50,27,83,47,28,60,109,66,,61,33,34,,38,60,51,36,36,74,60,37,55,,54,,74,115,82,79,32,,43,21,57,32,38,48,38,55,62,20,34,,32,51,,,48,,27,22,41,62,35,45,28,35,44,40,54,,,57,,29,57,33,50,33,32,41,51,62,47,46,50,62,52,36,25,62,47,,75,,50,55,,14,47,48,45,42,34,49,80,,44,53,52,48,,,60,67,48,60,63,46,,40,44,51,59,40,62,52,,,49,38,51,42,55,74,69,83,,69,,72,67,57,46,59,54,36,38,43,57,28,31,449,323,,16,,53,100,107,68,57,37,,50,101,35,58,56,,48,63,140,113,56,56,36,49,48,38,,55,39,48,37,,,65,45,39,54,53,44,,59,27,52,32,73,48,56,64,47,37,33,37,34,41,70,53,,43,120,39,72,40,40,40,47,34,37,31,55,44,48,65,55,45,68,35,51,68,52,51,42,40,78,54
20210423,18,PM2.5,7,5,8,8,6,10,5,6,6,7,6,7,,,21,,19,21,20,,13,,16,12,,15,10,,36,26,35,30,28,43,,,21,16,,16,28,25,29,26,,19,,24,28,38,25,20,18,,16,24,24,,22,35,22,16,5,12,17,15,11,22,,25,21,19,16,19,22,,36,,22,29,25,,22,18,22,27,27,19,,17,17,,,16,14,18,12,23,26,26,,22,26,30,25,17,,19,22,20,20,25,17,,13,27,20,27,38,34,43,34,30,31,51,26,29,35,33,29,44,,48,44,40,37,43,38,54,27,62,53,54,53,58,,53,52,51,49,24,22,41,17,29,29,14,24,27,46,,48,,48,37,39,61,32,34,26,25,52,41,,,,50,41,,34,32,33,,,,49,,39,34,36,39,34,36,36,34,40,,,,41,37,,18,35,35,46,41,,32,82,78,82,59,81,48,36,,31,,46,39,,29,44,,28,27,28,,32,30,31,32,24,54,36,,,48,58,82,25,18,43,15,,40,,,29,,37,50,,43,24,33,16,8,12,,23,27,34,40,40,50,40,38,17,14,24,19,19,14,24,22,22,27,16,,15,12,14,13,17,12,8,18,17,23,,,9,12,,28,22,15,19,,20,22,24,22,,,,30,39,34,,49,24,34,30,30,35,35,29,35,33,39,20,11,15,12,22,16,11,,13,18,35,32,34,38,29,,35,30,41,23,39,45,,39,46,49,45,38,33,40,44,35,35,32,28,35,35,,26,30,39,36,43,22,27,30,33,31,33,51,,44,45,36,29,33,28,33,27,29,34,49,,,28,25,42,24,26,34,32,20,32,27,34,33,19,23,20,19,17,22,22,21,17,19,20,18,15,17,,22,24,24,29,37,30,38,,,30,28,19,21,32,,38,25,39,28,,,36,,29,34,36,41,36,,39,36,36,,24,20,24,32,25,21,7,,4,6,9,1,21,24,26,21,25,21,26,32,,24,23,22,30,,35,19,22,26,,,,17,24,,,,76,25,19,12,14,16,11,,14,34,38,39,42,41,26,21,31,28,29,44,26,39,26,16,,16,17,14,19,13,19,29,29,22,,60,57,57,20,13,16,18,52,54,41,42,34,29,30,9,9,14,11,,10,,35,23,27,22,14,,5,14,,,20,22,16,41,,48,46,28,,24,36,19,,32,19,26,19,19,24,,,,70,,75,29,,41,4,8,8,40,45,48,39,29,19,,29,,,40,,32,30,49,10,15,24,20,16,,14,16,14,19,16,16,17,17,12,14,24,29,16,29,,40,22,23,36,28,,12,41,32,,23,32,,22,21,16,15,22,,30,25,,,29,22,,16,,17,15,24,16,44,29,,36,30,,32,33,,31,,39,30,31,,45,44,30,43,13,,43,41,41,41,57,55,19,29,22,22,23,23,28,16,20,16,32,18,14,55,35,34,45,48,90,104,121,81,116,107,18,20,21,,35,68,49,70,70,50,28,22,12,25,18,23,25,22,,22,79,34,,29,5,16,12,7,,,12,10,,93,,91,104,97,87,22,25,18,,,,30,,24,,78,82,,,77,70,79,44,43,,44,,41,46,39,41,21,23,,9,20,22,18,26,17,,18,,,15,38,13,35,11,25,35,26,30,17,15,15,17,19,22,21,28,26,26,13,17,3,1,15,7,56,59,52,56,44,,30,12,16,20,35,32,36,40,,,,,16,10,,10,38,43,29,37,29,36,17,20,18,,20,18,30,18,20,19,,12,14,23,,28,31,,34,4,7,17,16,14,,18,23,53,56,54,63,,18,20,153,23,18,22,32,9,8,,12,10,9,10,5,51,40,34,34,,4,,64,70,70,,32,8,9,37,37,,,17,15,28,30,25,22,24,,12,8,36,,42,31,34,25,25,25,33,30,29,,42,33,35,33,34,22,22,37,28,24,26,18,20,,22,22,,29,21,27,33,,,32,,23,38,42,29,29,27,27,,,20,78,73,70,,,78,31,26,31,24,19,22,,30,31,59,,,,60,,21,21,,,19,,32,34,,,33,16,,,40,31,18,,,29,29,14,32,36,32,28,19,20,26,26,22,19,28,25,21,40,34,41,42,16,19,36,23,,26,24,33,,18,15,8,10,15,14,14,11,30,25,28,26,,,18,23,31,22,11,37,32,35,37,16,19,,40,29,29,35,31,,,39,5,8,8,52,45,,,33,,,29,34,31,,42,28,24,34,29,33,40,42,22,21,26,12,26,16,11,11,,9,11,7,10,17,19,,54,,58,,,,29,12,30,23,44,56,,19,,24,22,22,10,14,14,28,,17,20,13,17,12,18,,20,21,18,19,17,25,,22,9,17,2,16,11,25,28,27,7,25,27,23,24,26,,12,17,17,19,14,19,22,22,28,22,22,24,19,24,31,,,32,30,19,22,26,20,22,19,14,9,,40,51,48,,56,56,60,20,,22,12,40,,35,52,56,44,41,26,44,38,35,32,21,25,22,,67,,55,34,42,,30,29,2,27,20,28,30,36,37,31,22,7,,37,44,34,,11,9,,18,14,24,19,,21,9,16,23,18,27,,,32,18,,26,26,23,24,27,19,42,26,26,10,25,27,24,22,23,16,11,8,16,18,,,19,22,16,14,24,24,17,,17,16,17,26,24,31,21,17,19,7,17,20,18,31,30,31,,31,33,29,30,39,14,17,27,28,30,27,30,33,39,7,3,,7,52,20,,5,15,15,28,30,30,41,28,36,23,24,,,34,21,29,,27,24,25,23,39,47,,19,3,13,,,,,16,18,15,24,10,5,13,5,,1,20,22,24,43,39,43,39,40,,43,,,,,12,8,34,34,33,29,32,,29,49,22,19,15,4,16,4,44,31,40,46,26,25,,38,50,46,44,58,41,23,12,33,,43,35,,17,,,6,8,5,,,,6,,12,,3,5,6,4,48,29,28,,2,4,4,18,,13,9,5,7,7,37,,37,36,15,12,150,154,,8,8,6,,13,,33,36,6,,21,2,14,8,4,,18,,14,14,,17,2,3,2,36,36,22,30,17,,18,15,10,29,12,8,,8,2,,,6,12,4,,,17,15,22,9,27,14,29,41,12,16,12,33,25,,29,66,54,33,51,28,22,,34,,81,12,37,31,29,29,173,11,26,13,17,29,28,7,,,13,10,34,16,,31,31,,16,,61,27,,,39,48,40,48,45,38,30,46,51,41,37,28,17,32,41,,23,,,28,18,34,36,,20,35,29,47,50,25,16,71,16,56,13,16,36,22,17,24,1,9,15,35,37,,39,9,30,27,16,28,33,24,30,15,18,16,20,26,27,38,32,12,49,20,84,,18,11,91,,19,9,11,,,13,52,17,13,46,8,20,46,18,33,85,21,12,26,24,26,,18,,32,24,,25,17,,108,52,40,46,73,,52,48,54,44,8,18,13,22,31,30,,43,,,,35,26,40,,36,34,34,41,35,28,28,34,36,12,32,30,41,,8,25,26,13,17,12,43,32,,30,39,45,23,35,20,17,74,90,30,30,,87,105,12,26,4,7,26,28,,26,42,25,16,28,12,10,17,31,44,41,39,32,4,33,41,22,17,63,20,22,17,,22,33,18,22,27,23,7,26,41,7,31,20,18,,19,16,6,34,38,34,27,32,33,13,25,,67,4,5,24,22,27,,28,47,52,39,39,29,33,42,34,30,28,44,22,9,12,11,8,,41,,32,32,36,29,20,12,46,21,13,29,29,45,25,37,14,11,12,20,42,17,20,25,54,33,23,32,,22,,49,87,60,58,22,28,22,13,27,20,26,19,13,25,44,2,13,24,20,29,22,,16,,8,10,25,44,8,24,19,24,23,28,23,,,35,,20,40,13,16,12,16,27,26,29,22,24,28,41,34,25,11,22,18,,55,,35,39,,,19,33,18,20,21,31,59,,26,18,20,18,,,35,30,22,26,33,13,33,21,19,30,16,16,24,12,19,,22,17,18,10,33,40,49,47,,50,48,50,48,33,32,42,38,25,21,30,27,11,7,82,80,,2,,29,75,44,34,34,15,,24,23,16,41,25,,28,45,107,85,31,32,13,33,33,26,37,27,22,29,13,,29,47,13,18,38,27,19,,7,6,36,4,53,28,28,46,7,6,5,7,5,16,47,29,17,17,91,22,43,20,17,27,7,4,7,4,22,15,33,47,15,21,49,24,34,49,36,28,8,2,57,24
20210423,18,PM2.5_24h,27,41,29,22,23,31,27,25,26,40,24,30,,,19,,21,21,18,,15,,21,20,,19,14,,52,43,57,52,45,54,,,22,20,,30,20,18,22,24,,12,,42,39,41,37,34,35,,33,35,33,,32,43,34,16,12,14,16,28,28,25,,29,33,30,32,33,40,,45,44,48,46,54,,42,60,63,50,48,44,,16,16,,,17,12,17,17,33,32,28,,31,31,30,30,28,,30,25,17,15,20,12,,11,17,20,21,43,34,37,33,31,30,41,32,32,32,30,29,41,,30,31,36,32,36,42,41,37,60,57,61,60,63,,60,54,58,60,36,31,43,32,36,34,33,44,38,92,,47,44,67,42,41,73,43,48,46,61,51,50,,,,52,50,,51,50,35,,,,43,,40,46,48,43,46,48,44,47,63,,,,68,55,,33,53,58,50,53,,43,73,64,70,43,54,56,31,,35,,36,34,,45,44,,46,36,42,,42,46,56,33,20,38,26,,,33,51,42,24,21,27,25,,54,,,37,,49,52,,15,22,25,11,8,10,,41,36,38,34,34,36,29,30,25,31,31,24,26,28,32,31,28,33,19,,23,13,20,22,16,24,14,23,22,15,,18,10,10,,35,26,24,28,,35,37,25,34,16,,,35,40,34,30,35,25,42,35,38,40,42,38,40,37,34,23,17,19,19,24,21,15,,18,21,31,27,25,32,22,24,30,21,28,15,44,42,,38,38,35,53,40,40,43,41,28,26,26,24,28,31,,20,27,29,38,31,22,23,25,32,35,38,34,,33,51,40,34,32,28,26,25,27,21,30,,,37,34,43,46,46,47,44,32,31,30,27,31,23,26,24,22,23,24,25,23,12,13,14,12,14,17,,28,29,27,30,29,29,28,,,28,32,22,27,34,,78,81,70,76,,,83,,26,30,30,36,30,,35,36,27,,32,28,44,40,35,33,7,5,7,6,8,3,35,36,39,32,39,40,38,37,,35,38,34,38,,32,19,19,25,,,,24,19,,,,33,26,9,11,13,12,9,,22,23,26,32,30,26,22,19,22,20,28,37,23,27,16,28,,39,34,27,30,15,23,23,27,21,,41,41,50,23,15,17,18,35,39,37,61,34,40,39,20,20,19,18,,18,,34,25,28,29,26,,24,38,,,31,32,32,56,,54,50,46,,52,43,48,,44,14,15,10,14,10,,,,65,,58,48,,56,24,28,33,39,41,39,24,20,19,,43,,,43,,37,38,42,31,26,27,24,26,,17,18,16,17,21,18,17,26,20,20,28,35,32,22,27,24,28,33,34,24,,18,52,44,,27,32,,34,31,30,31,23,,30,33,,,50,44,,25,,21,25,24,30,82,44,,77,63,,50,53,,51,,71,56,65,,54,56,17,21,10,,22,22,27,25,25,21,14,40,34,42,40,37,45,12,16,16,22,12,15,62,41,32,51,70,64,60,74,65,67,56,21,23,21,,29,45,45,61,46,46,30,23,21,30,20,28,29,28,,25,44,38,,35,31,32,25,26,,32,23,6,,80,,81,101,84,81,38,44,34,,,,37,,32,,72,73,80,,75,69,69,50,46,,47,,39,39,35,39,20,22,,26,23,23,21,23,20,,22,,,16,29,13,18,5,28,32,29,31,16,12,14,17,34,31,26,35,36,33,12,14,20,21,40,45,56,52,52,49,48,,37,22,28,30,38,44,45,39,,,,,45,37,,34,24,30,19,25,24,29,19,17,14,14,16,26,23,34,32,34,,29,32,40,,33,37,,44,22,24,35,31,29,,31,41,49,52,48,60,,35,36,89,29,32,27,54,13,13,,9,12,11,18,7,55,53,34,34,,19,,44,35,35,43,34,18,17,19,20,,,13,13,17,20,17,15,20,,10,11,38,,42,46,47,42,38,41,43,40,38,,42,36,43,43,46,37,40,38,34,35,35,25,25,,34,28,,28,29,32,40,,,29,34,30,35,32,31,30,29,29,,,24,59,58,57,77,,57,38,37,32,34,29,45,,47,51,55,,,52,55,,44,35,26,,25,,24,23,,,33,18,,,36,29,23,,,27,31,23,22,27,28,32,23,23,22,26,26,21,25,22,26,36,29,33,29,29,29,34,31,,26,27,36,,23,23,21,23,15,15,23,19,28,26,29,69,,,14,85,105,92,77,130,91,92,86,42,38,30,175,173,138,144,127,,,129,16,18,15,51,48,,21,38,36,,32,34,38,,50,47,34,43,29,40,40,52,28,36,26,21,40,24,23,19,,17,13,15,22,46,34,,40,,47,,,,28,24,33,39,48,50,,23,,39,42,35,22,23,32,28,24,31,23,36,17,12,17,22,17,27,34,29,25,17,,16,12,14,13,15,15,13,36,26,15,26,26,21,24,27,,12,16,14,18,19,21,25,22,32,26,23,27,24,24,24,,,26,25,27,22,26,24,20,27,35,20,,64,62,61,,64,67,63,47,,45,32,40,,36,35,38,37,34,33,43,39,35,35,38,43,38,,47,49,41,29,32,,40,29,11,31,27,29,39,47,49,48,24,18,,34,37,27,,19,20,,23,18,24,24,,24,13,17,21,17,23,,,21,26,,23,22,23,26,29,14,20,24,22,14,22,29,25,28,30,23,20,20,27,20,11,13,17,14,15,14,26,22,22,20,11,15,12,37,28,33,26,19,17,10,16,20,19,39,34,37,33,30,31,33,33,31,21,28,31,30,33,36,32,26,29,16,14,,12,19,20,15,17,19,25,29,24,48,49,45,43,37,46,,,23,28,25,,25,23,22,27,37,41,,34,32,31,,,,,21,19,23,29,21,14,18,15,,10,20,21,23,24,24,37,39,40,24,40,,,,,9,9,36,38,31,30,27,,24,52,40,30,30,11,20,10,53,35,49,41,30,31,,47,51,46,46,62,43,28,21,42,,42,38,,22,3,,7,9,5,,9,,4,,9,6,9,10,10,15,33,30,28,28,10,9,9,21,,18,12,9,14,16,51,,45,50,21,16,77,75,,23,24,12,11,12,,33,47,26,,21,24,21,15,7,,19,,22,22,,27,14,14,15,41,43,58,41,10,,15,11,11,29,23,8,7,9,12,,,18,20,17,15,,14,12,14,9,26,23,64,39,7,23,14,51,50,,30,69,47,72,40,52,35,,39,,66,33,89,27,41,43,96,9,39,26,27,23,37,11,,,27,21,48,21,,26,27,29,23,,54,39,,,40,61,58,47,47,46,36,41,47,62,30,34,21,31,62,,18,35,,53,23,40,34,9,23,29,45,51,43,19,18,30,18,64,25,10,32,24,15,28,8,24,21,35,35,32,37,7,31,39,12,33,35,62,47,21,23,23,36,32,51,39,22,21,29,33,75,,32,20,60,,14,19,14,,,20,56,39,28,35,8,21,43,32,52,66,25,30,46,20,36,25,25,,37,21,25,25,18,,72,56,25,53,54,61,58,56,60,43,41,23,30,22,29,23,,53,,38,37,34,30,33,53,57,46,41,34,37,36,25,30,29,17,30,27,53,,12,41,35,31,21,24,42,32,15,32,44,50,42,41,23,26,73,81,33,37,,80,91,46,57,47,95,21,43,20,25,45,24,24,31,15,24,17,52,54,57,42,43,14,41,50,33,11,66,35,33,31,35,48,35,26,35,33,13,15,32,47,20,25,14,25,,23,18,26,36,43,57,43,46,53,31,30,,64,20,26,28,20,42,32,33,51,37,37,45,35,35,44,40,31,34,42,21,7,10,13,11,,45,29,30,44,32,19,25,16,34,23,22,27,49,57,14,56,26,10,22,22,41,25,30,30,41,33,38,41,40,32,,65,77,43,46,38,23,21,15,35,32,28,47,36,54,49,21,40,28,32,33,22,,32,,21,17,16,31,23,39,36,33,35,30,30,,12,27,,31,30,22,20,19,13,25,28,26,24,26,30,39,24,14,12,19,19,,57,,33,22,,21,32,38,30,37,41,70,20,,16,28,28,23,,,84,35,38,40,52,9,28,11,13,48,55,28,43,39,38,37,35,35,27,33,40,41,50,44,,80,37,46,49,32,41,38,48,33,35,50,26,10,5,309,321,20,16,46,63,62,31,36,28,36,27,35,34,23,28,32,,33,43,92,78,105,35,40,27,25,45,55,36,49,31,23,44,35,38,29,21,50,33,32,,15,18,37,4,43,52,55,43,39,29,27,30,27,25,58,51,36,32,87,31,54,25,29,24,41,29,25,26,19,15,44,45,40,23,69,24,69,38,31,41,6,3,50,36
20210423,18,PM10,27,43,38,35,24,36,29,28,32,45,27,42,,,34,,19,36,39,,31,,27,21,,22,17,,47,55,47,54,51,57,,,43,39,,148,42,36,32,35,,32,,52,53,61,53,43,48,,48,49,75,,85,78,73,12,7,25,5,9,40,27,,31,23,27,27,24,17,,51,63,57,59,51,,36,38,36,51,48,34,,46,44,,,,39,42,45,28,30,44,,26,40,38,40,32,,18,32,39,24,33,26,,21,37,29,44,40,35,48,44,42,26,54,33,41,48,40,46,64,,67,58,53,44,43,70,69,48,75,48,39,47,46,,56,36,44,39,52,44,53,44,48,31,41,48,46,66,,62,90,64,53,55,57,36,35,40,44,48,61,,,,78,41,,59,75,66,,,,56,,61,57,60,56,53,53,56,51,58,,,,57,55,,34,38,30,63,44,,45,83,88,75,58,84,63,52,,44,,74,57,,49,59,,44,42,42,,54,68,44,36,40,84,52,,,68,74,120,30,32,94,44,,68,,,58,,81,76,,58,34,43,26,26,34,,39,48,78,63,65,53,64,39,36,34,36,33,31,41,46,36,41,41,17,,28,18,21,28,52,18,24,39,38,22,,,36,26,,32,31,46,34,,48,34,27,32,,,,61,68,44,,73,44,55,65,47,67,102,58,76,63,66,30,32,24,37,21,34,30,,23,44,57,40,56,48,58,,51,59,59,32,74,75,,69,87,78,80,74,87,66,68,59,67,62,58,61,73,,43,57,70,75,57,46,48,47,54,51,57,64,,49,68,66,69,56,56,65,49,40,61,34,,,53,46,55,60,57,60,84,54,53,47,57,49,34,50,39,32,53,63,62,54,27,71,45,52,32,34,,52,62,59,69,90,57,52,,,100,47,69,47,59,,52,39,65,41,,,55,,66,85,80,63,70,,75,78,78,,48,48,55,59,52,74,12,21,19,12,26,21,45,31,33,43,40,55,35,68,,75,30,50,41,,50,32,38,36,,,,34,158,,,,107,126,32,35,28,39,25,,30,48,49,63,58,53,34,44,42,53,56,68,27,,41,49,,65,38,52,66,35,61,58,61,70,,68,57,64,31,31,26,35,32,34,24,54,48,36,37,35,25,26,31,,19,,36,63,,27,23,,30,35,,,44,34,35,53,,20,66,44,,45,76,44,,39,48,46,39,46,41,,,,88,,90,48,,61,29,22,27,53,51,63,63,34,44,,41,,,55,,68,48,54,23,28,34,33,32,,38,34,34,37,44,52,27,46,31,38,30,33,31,66,62,80,42,34,47,34,,36,43,53,,44,39,,43,47,53,29,37,,38,53,,,77,41,,78,,44,53,67,49,,76,,50,60,,42,42,,49,,76,44,81,,55,51,61,57,48,,52,50,53,46,50,54,21,38,26,30,34,27,40,18,52,26,23,29,23,38,29,32,38,41,113,150,140,109,133,136,72,70,97,,97,96,101,115,87,95,29,31,28,25,33,34,38,40,,57,56,74,,29,19,21,18,21,,,23,2,,115,,126,161,128,116,76,49,38,,,,69,,43,,130,129,,,100,101,97,63,67,,70,,61,62,63,39,40,26,,22,27,73,25,33,27,,38,,,27,55,27,28,32,34,58,56,65,39,41,40,52,36,34,37,48,48,45,26,30,11,23,18,51,63,84,73,83,67,,55,58,33,43,43,47,44,36,,,,,31,31,,49,46,63,59,65,74,42,36,43,44,,36,56,56,24,28,26,,15,26,19,,35,36,,39,16,15,32,28,22,,31,31,63,63,63,67,,63,64,779,52,32,58,40,12,19,,27,28,18,8,18,67,56,51,51,,12,,81,83,83,,51,15,17,39,50,,,40,18,33,37,54,53,34,36,12,51,65,,98,51,69,43,38,36,60,59,44,,50,60,47,52,46,28,27,52,39,35,29,27,33,,36,40,,52,36,38,58,,,41,,36,50,42,43,51,50,50,,,54,145,144,135,,,143,84,72,72,72,74,41,,44,45,76,,,78,80,,58,48,51,,44,,110,,,,32,32,,,146,119,50,,,39,33,47,51,169,145,94,22,28,19,21,28,24,32,35,24,56,79,48,51,32,20,36,28,,44,36,45,,39,34,36,39,30,44,20,10,73,64,68,51,,,22,32,34,38,14,48,58,48,41,41,31,8,79,40,53,56,51,,,54,17,13,24,74,69,,,55,,,53,58,48,,48,50,44,55,52,49,50,40,39,40,37,39,43,36,16,23,,16,24,13,34,40,45,,65,,107,,,,42,34,55,50,81,78,,27,,36,30,31,42,37,38,79,,24,34,41,40,15,21,,32,34,42,31,36,58,,32,56,19,13,33,39,28,41,42,40,47,33,34,41,39,,27,28,25,25,26,34,40,32,34,52,49,36,32,39,47,,,49,53,,32,37,45,36,31,52,26,,79,73,70,,77,74,90,34,,33,39,61,,58,85,80,85,81,39,50,50,48,52,41,38,40,,109,76,92,55,73,,53,55,60,27,11,33,34,38,35,39,38,36,,53,56,55,,18,6,,20,22,31,31,,33,22,24,53,62,62,61,54,41,54,57,33,48,34,50,47,52,44,43,42,47,36,34,33,36,41,26,27,28,29,29,,,24,30,30,22,25,30,39,,20,26,,44,30,43,54,42,32,41,46,51,43,82,47,79,,41,49,40,79,61,35,36,39,49,56,48,50,69,51,11,18,,10,32,34,32,63,33,37,49,39,48,47,51,46,21,49,,,51,36,46,,64,57,62,57,91,112,,26,35,20,,,,,27,24,33,37,28,25,6,17,,22,32,47,61,69,75,71,78,72,64,71,,,,,28,28,60,57,37,,44,,48,59,63,42,51,13,42,36,86,66,89,100,51,51,,69,66,64,74,113,96,54,48,103,,75,73,,30,5,,14,40,21,,23,,16,,42,,4,10,6,9,55,56,49,,9,7,10,25,,30,22,7,14,11,97,,140,104,26,17,1045,984,,22,19,20,,20,,49,44,11,,33,,29,18,22,,64,,23,37,,27,8,10,6,125,124,171,162,5,,22,35,31,74,70,2,,26,4,,,11,42,35,43,,13,24,29,14,62,33,47,71,22,24,26,50,54,,54,93,49,35,67,44,64,,70,,100,33,66,42,51,66,906,23,64,27,24,53,53,9,,,51,41,59,34,,106,86,,33,,68,53,,,45,68,64,58,51,68,76,61,70,53,54,53,46,56,43,,41,48,,61,40,54,45,,46,38,49,74,58,30,31,70,30,72,45,34,49,30,32,24,23,33,35,50,55,,58,15,45,85,46,55,62,35,43,35,36,35,33,46,51,59,50,26,59,29,103,,40,25,110,,33,15,19,,,45,61,36,18,66,30,37,73,30,148,105,42,33,48,30,52,,24,,41,33,,44,59,,549,47,15,36,72,,55,55,59,16,58,59,52,119,55,61,,46,,,,36,50,46,73,81,66,62,78,73,71,53,64,92,39,45,49,75,,40,61,48,60,47,29,40,43,30,40,57,64,40,86,24,28,127,125,59,65,,138,130,27,33,20,39,34,32,,38,83,25,38,30,19,32,30,66,74,63,71,44,7,46,56,58,36,85,41,34,23,,44,70,60,48,28,32,,28,31,25,46,28,43,,48,,53,80,54,47,45,47,45,16,45,,85,21,34,66,48,47,,60,75,116,56,52,43,44,63,44,41,45,44,34,21,29,40,8,,71,,49,60,70,37,50,27,60,47,28,68,55,82,28,72,29,16,,38,69,52,36,36,89,70,37,60,48,57,,98,125,82,93,24,29,43,10,63,32,38,29,23,40,68,8,34,42,22,51,48,,48,,27,17,41,48,20,45,22,35,44,38,58,,,64,,10,48,29,50,26,23,41,51,74,47,46,50,66,53,28,25,74,47,,45,,31,36,,4,47,39,37,42,33,49,41,,44,56,53,48,,,70,83,48,69,75,46,36,40,44,51,68,40,74,54,,,49,38,51,42,59,98,88,116,,73,66,93,45,64,38,66,50,21,38,30,63,17,31,549,438,13,9,52,56,130,163,61,63,37,,46,50,28,45,61,,48,64,137,120,61,61,36,49,48,34,30,60,39,48,37,,34,67,45,30,54,55,38,,68,12,44,9,66,48,61,68,47,32,26,36,30,35,90,55,49,41,90,36,94,34,40,40,47,26,37,26,60,44,46,59,59,45,75,30,51,73,48,51,15,22,83,58
20210423,18,PM10_24h,37,41,40,32,36,36,41,34,34,47,41,50,,,25,,27,27,28,,28,,49,29,,22,21,,76,68,79,73,74,68,,,23,25,,24,31,28,25,32,,24,,67,60,82,60,62,64,,62,64,78,,72,77,73,14,12,24,13,14,52,45,,47,42,43,44,46,42,,65,70,64,68,90,,57,90,80,78,73,69,,36,33,,,35,32,31,32,53,47,46,,44,56,49,60,54,,38,42,48,27,28,26,,23,26,34,36,57,48,59,48,44,37,57,44,49,52,50,55,67,,50,48,52,46,45,53,57,57,67,57,59,61,60,,61,48,52,49,60,46,48,54,68,38,50,61,53,68,,63,65,60,59,65,62,46,43,46,45,49,54,,,,74,43,,64,78,72,,,,50,,65,73,76,60,67,67,55,66,93,,,,96,83,,48,50,60,56,63,,46,62,56,56,48,46,60,39,,44,,61,55,,75,60,,88,60,70,,92,96,83,42,42,62,39,,,49,62,81,37,40,62,57,,82,,,58,,118,84,,29,33,36,21,15,22,,60,60,70,64,61,52,59,36,43,47,33,39,45,49,55,45,43,44,22,,42,34,46,45,40,31,26,35,38,19,,40,35,29,,31,42,54,49,,50,49,48,54,26,,,51,53,44,50,49,41,72,77,70,89,90,79,85,76,65,34,35,34,34,31,32,30,,32,36,40,29,38,31,35,32,29,37,34,29,84,78,,75,91,71,103,80,101,80,74,57,58,58,58,53,81,,42,57,61,84,57,58,50,49,69,68,70,64,,50,93,79,59,63,55,50,52,52,51,54,,,79,68,74,103,95,104,93,84,56,58,48,56,43,45,42,38,43,48,55,51,27,30,38,32,32,32,,59,49,44,64,73,59,56,,,49,64,59,62,62,,99,108,91,106,,,118,,50,72,68,58,67,,66,68,64,,50,54,81,62,64,78,14,27,29,13,25,20,84,72,109,78,86,75,72,116,,90,74,98,81,,62,33,41,43,,,,44,69,,,,78,74,28,27,28,33,29,,33,34,32,37,40,36,31,29,37,41,39,55,29,34,26,53,,71,55,57,58,49,60,53,56,62,,59,62,74,41,35,37,44,37,38,32,58,54,37,34,38,33,39,33,,29,,51,58,56,46,40,,47,58,,,46,32,33,62,,49,70,56,,76,73,80,,50,24,19,15,24,20,,,,85,,71,70,,60,52,50,51,43,45,51,27,28,33,,39,,,63,,60,59,63,45,42,43,41,57,,36,33,34,33,44,39,34,54,49,54,44,50,51,51,51,56,58,56,58,40,,47,79,76,,51,52,,64,60,63,57,37,,57,56,,,73,82,,64,,43,56,76,60,78,83,,77,91,,59,58,,60,,99,77,97,,78,65,36,36,26,,41,46,47,52,49,39,23,56,51,60,51,50,81,24,44,37,24,25,29,38,33,36,38,55,88,103,94,96,90,78,74,64,73,,76,85,90,102,96,87,46,42,39,47,40,35,35,37,,47,38,50,,46,44,44,40,40,,49,41,6,,99,,96,145,112,109,66,62,62,,,,67,,60,,120,118,101,,103,92,94,82,73,,62,,54,48,51,52,43,46,,34,39,40,30,30,25,,30,,,24,38,30,29,18,36,51,46,53,33,38,31,43,48,50,48,60,59,51,27,28,32,57,57,65,71,77,81,70,69,,56,52,42,55,48,60,62,57,,,,,72,65,,78,32,43,42,53,39,34,31,35,35,37,39,60,54,63,65,57,,54,46,68,,57,61,,102,42,38,61,46,52,,60,66,74,75,78,83,,117,126,439,83,68,62,69,12,18,,18,34,29,27,35,70,59,54,54,,25,,54,43,43,43,38,20,19,21,26,,,30,16,48,27,34,33,19,23,14,18,66,,82,69,66,60,57,52,66,72,57,,62,80,63,70,66,54,55,50,45,58,55,37,39,,58,66,,60,57,44,66,,,30,48,39,41,48,50,43,49,49,,,76,92,103,103,94,,104,89,87,82,87,106,62,,60,68,74,,,80,76,,61,63,77,,76,,69,60,,,32,36,,,89,79,38,,,53,54,53,51,79,84,59,32,36,28,31,28,29,35,36,40,47,59,49,40,32,23,29,28,,50,41,49,,46,45,55,55,34,25,44,41,48,47,45,107,,,16,116,131,174,99,155,132,130,95,49,63,39,259,210,165,163,144,,,153,30,39,31,69,70,,29,53,55,,46,51,48,,53,56,47,56,43,49,52,52,52,63,50,55,55,47,29,26,,21,25,23,37,53,49,,55,,70,,,,52,47,49,53,72,73,,38,,47,50,44,49,38,43,48,32,45,39,63,25,11,24,29,31,48,49,63,43,30,,28,28,27,26,30,35,16,59,44,44,49,32,42,53,42,,29,28,28,29,28,34,44,40,39,49,47,40,38,46,40,,,46,42,38,38,38,37,36,44,56,57,,106,88,91,,98,75,84,58,,62,59,54,,64,60,61,64,59,56,53,54,52,54,58,56,60,,65,56,57,51,64,,74,61,53,38,28,39,39,43,45,45,45,45,,43,39,44,,32,29,,34,25,34,31,,35,31,32,37,50,37,40,37,34,38,39,35,39,34,49,38,30,25,33,28,26,36,31,37,38,37,34,35,34,33,37,18,25,21,35,29,20,30,28,38,30,16,25,19,79,65,75,73,45,34,42,40,38,53,72,68,76,72,50,52,48,70,61,50,54,42,50,84,55,49,55,45,25,28,,30,41,34,27,34,32,42,49,40,66,70,65,65,53,80,,,39,40,40,,48,58,55,51,79,78,,49,50,43,,,,,36,43,50,49,44,29,29,34,,30,30,42,52,50,59,52,55,61,59,70,,,,,34,23,60,63,52,41,42,,39,65,62,53,60,22,44,34,85,79,60,79,50,55,,70,73,64,68,114,91,59,50,103,,73,67,,29,4,,26,39,20,,27,,9,,21,14,17,25,19,28,67,61,49,52,15,18,18,21,,36,34,17,23,29,132,,159,160,34,35,499,467,,34,35,19,21,19,,65,73,41,,36,42,30,21,22,,57,,46,43,,48,23,19,20,116,109,334,287,20,,24,28,25,99,118,69,51,59,55,,,45,44,42,26,,14,25,28,29,56,33,74,76,17,28,23,77,68,,88,106,37,42,52,132,57,,48,,76,53,110,36,80,78,497,13,59,52,49,45,80,15,,,49,47,104,28,,76,73,78,43,,64,42,,,37,90,101,57,58,68,76,50,60,91,37,63,45,57,53,,29,50,,91,52,69,53,23,31,55,46,74,74,25,32,22,25,90,56,17,36,36,35,33,33,40,43,46,50,45,52,14,44,78,34,60,56,88,73,32,33,32,65,65,85,59,41,41,46,65,120,,53,28,74,,34,33,25,,,52,67,49,39,51,14,41,57,57,165,103,54,47,64,28,64,56,33,,54,48,52,54,53,,342,67,28,49,57,59,57,54,67,37,50,52,64,111,44,37,,77,,56,46,43,40,45,83,115,105,88,86,81,74,50,67,73,49,65,51,114,,46,80,78,75,54,40,25,23,23,38,60,64,56,82,31,35,109,113,53,60,,145,119,69,64,70,144,45,49,32,37,67,29,44,39,24,39,34,80,95,80,67,60,21,51,79,41,19,87,44,38,49,41,77,83,53,58,47,26,27,41,42,28,34,28,41,,52,40,61,69,69,79,79,73,79,45,52,,85,26,29,57,36,47,63,47,82,82,53,60,53,46,65,57,37,47,53,35,29,34,29,26,,82,54,46,89,80,42,51,43,48,62,42,63,79,77,15,76,41,18,29,23,67,43,43,39,54,44,49,98,61,70,,109,110,61,65,52,38,47,20,65,41,48,70,84,77,75,39,64,40,35,47,32,,46,,34,30,22,46,36,66,50,44,52,38,62,,19,82,,48,39,37,45,40,44,37,50,51,54,50,52,60,40,28,30,39,35,,58,,41,40,,29,63,49,57,73,73,111,38,,28,58,46,50,,,103,98,60,75,96,18,19,20,26,62,97,53,79,73,112,101,79,75,66,61,70,97,92,84,,91,59,96,59,56,49,50,74,56,62,73,61,13,26,885,713,44,27,81,108,97,97,64,64,53,60,73,84,49,37,60,,42,61,126,114,140,73,73,34,49,44,42,29,70,47,48,84,58,58,52,33,70,70,57,,60,24,46,27,67,59,88,68,48,45,31,40,39,44,92,57,55,54,108,55,111,31,29,22,47,34,44,38,39,36,63,56,75,45,107,34,119,66,44,53,9,16,72,51
20210423,18,SO2,3,3,1,1,3,2,3,3,1,4,2,3,,,5,,5,7,7,,5,,4,4,,6,2,,4,8,3,5,1,7,,,6,13,,6,16,9,9,3,,1,,4,1,7,5,7,3,,6,8,12,,13,,10,4,6,8,5,6,5,6,,6,4,4,3,11,7,,2,4,4,3,6,,7,6,4,6,5,5,,5,5,,,5,5,9,6,8,12,12,,12,11,9,9,3,,11,3,4,4,10,4,,9,6,5,3,9,6,6,12,7,5,7,8,14,7,17,,17,,16,14,11,14,9,27,22,14,5,6,4,10,6,,3,9,8,8,12,4,6,4,6,1,10,3,1,5,,4,7,4,6,6,8,1,3,9,11,8,8,,,,8,7,,6,10,6,,,,3,,6,6,5,6,9,8,8,6,7,,,,4,7,,5,2,4,3,4,,6,4,2,7,5,5,4,4,,5,,5,5,,5,5,,4,6,2,,5,4,5,6,7,5,5,,,6,8,9,5,4,8,6,,5,,,3,,16,9,,5,4,4,4,4,5,,5,3,4,5,5,6,5,6,5,5,6,4,6,5,10,10,4,5,2,,4,5,3,3,6,5,6,5,8,3,,7,4,5,,5,6,6,5,,5,4,6,8,5,,,5,4,5,,4,5,7,8,6,5,4,6,8,6,7,8,6,5,6,6,9,4,,5,7,10,5,5,7,5,8,6,8,6,9,6,8,,6,8,9,7,7,6,5,6,4,7,9,6,9,6,,8,6,6,10,7,7,7,7,6,7,5,7,,6,7,6,6,5,5,5,5,8,5,8,,,10,8,9,10,11,11,12,10,10,13,12,12,4,5,8,5,2,6,5,6,3,2,2,3,5,10,,23,11,19,9,10,11,7,,,11,6,5,6,7,,7,7,5,6,,,6,,5,8,8,10,7,,5,7,5,,6,9,8,5,6,8,3,4,3,4,4,5,8,5,3,7,6,7,4,,,6,6,5,4,,6,4,8,9,,,,8,3,,,,7,6,5,4,3,5,5,,3,6,2,6,5,5,5,6,7,6,12,4,5,5,3,6,,12,8,9,10,10,9,10,10,8,,4,5,8,8,10,7,6,9,10,10,97,11,10,9,4,5,3,5,,3,,5,5,5,5,3,,4,6,,,11,5,4,5,,2,5,7,,5,11,6,,5,7,6,5,8,10,,,,6,,5,7,,5,5,6,8,5,4,3,3,3,4,,4,,,7,,9,11,,5,7,7,9,8,,4,5,4,6,4,6,5,5,6,5,4,6,5,10,10,10,5,5,5,4,,5,6,7,,10,9,,5,5,5,3,7,,8,8,,,5,4,,4,,10,8,8,7,9,9,,9,9,,2,4,,3,,4,9,6,,7,9,25,55,22,,7,7,11,12,14,8,7,13,17,10,13,7,15,12,12,11,4,10,13,13,9,18,20,17,21,21,27,13,15,6,2,6,4,,5,8,10,7,9,7,2,4,8,12,5,6,4,4,,11,4,11,,6,5,4,1,5,,3,3,4,,2,,4,2,3,2,3,4,5,,,,6,,6,,7,5,,,14,8,8,3,2,,2,,6,6,5,7,5,5,,10,10,10,8,6,12,,7,,,5,3,2,,2,5,6,4,6,6,6,5,4,4,5,3,5,5,5,3,4,6,6,16,10,12,11,6,4,6,,34,5,4,7,8,10,7,11,,,,,4,3,,4,4,7,23,1,5,7,6,7,6,5,5,3,4,6,5,7,,4,10,5,,4,2,,5,3,4,5,4,4,,4,3,6,8,5,4,,5,3,10,12,7,6,,1,4,,5,4,,4,2,11,6,5,5,,5,,7,6,6,8,4,7,7,8,4,,,7,10,9,9,5,4,3,4,4,4,6,,8,6,5,17,17,19,6,5,6,,4,4,10,8,7,8,6,12,9,6,6,5,10,,4,4,,2,4,7,7,,,4,4,5,4,5,7,5,6,5,,,1,5,3,4,3,,4,5,4,8,6,6,6,,6,6,4,,,3,4,,8,8,9,,9,,24,26,,,5,5,,,9,11,19,,,2,3,6,8,5,6,5,12,11,21,20,13,12,14,14,14,4,3,4,5,7,8,5,9,,5,10,14,,12,13,9,11,4,4,10,8,7,9,10,9,,,8,5,5,3,6,6,7,8,3,8,4,6,5,5,8,11,7,,,9,4,3,3,8,9,,8,8,6,,5,6,6,,5,5,3,6,4,2,2,5,5,18,4,27,4,9,4,10,,5,3,3,6,5,6,,4,,6,,,,,4,6,6,5,4,,6,,6,10,9,4,4,5,6,4,1,5,2,3,3,4,,4,4,4,4,5,4,,3,4,6,8,28,4,14,11,12,9,7,5,4,7,6,,8,7,7,5,8,5,5,3,16,10,5,6,6,3,13,,,9,10,5,7,7,5,4,37,14,14,,11,6,5,,7,8,8,5,,3,5,8,,5,8,10,7,8,9,7,8,8,8,2,3,2,,5,6,5,16,17,,17,,5,3,4,5,6,7,5,8,5,6,,7,5,3,,4,3,,7,7,7,6,,5,4,5,8,8,9,7,5,6,7,13,12,10,8,12,10,2,2,2,2,1,5,4,5,3,5,6,,5,5,13,3,7,6,5,2,3,3,4,3,3,6,15,10,8,6,6,6,6,8,7,8,6,8,4,4,8,4,2,3,3,6,5,6,7,8,6,6,7,6,8,5,4,1,,3,7,9,10,7,4,10,6,9,4,6,4,6,8,9,,,12,15,12,,10,11,12,12,5,7,,5,13,8,,,,,5,5,7,6,6,14,13,11,,10,6,8,8,6,8,4,4,6,4,5,,,,,4,5,8,9,6,7,2,,3,6,5,6,5,5,6,7,6,6,9,10,9,8,,12,10,5,4,6,12,5,7,4,,12,9,,8,6,,7,4,3,,4,,8,,10,8,4,5,5,5,6,14,12,7,5,5,34,13,,12,10,6,7,13,6,,5,8,5,3,4,3,,4,5,3,5,20,,5,6,1,,23,4,9,10,10,,,,5,10,,14,2,3,5,4,5,2,2,5,,4,2,10,5,5,5,3,5,6,,,7,3,4,5,,3,4,4,2,4,5,9,7,7,4,4,5,5,,12,22,8,4,8,8,3,,6,,7,5,5,8,6,8,,13,17,6,10,11,5,3,,,4,4,6,4,,2,11,6,9,,3,5,,,10,10,5,6,8,6,5,8,8,7,5,7,12,8,10,,7,5,,6,6,4,7,2,11,3,3,6,3,22,4,3,5,10,12,7,19,4,2,3,8,3,7,4,5,3,4,5,10,13,6,11,5,5,7,6,8,6,1,6,10,12,,4,7,7,5,,4,4,3,,11,3,3,,,6,6,8,4,6,8,6,3,7,5,13,4,6,8,4,5,,4,,16,6,,18,46,,14,2,5,4,2,5,4,3,5,6,2,8,8,30,17,23,,11,,3,,4,4,4,7,7,6,7,8,8,7,7,5,5,8,8,8,9,,7,6,7,4,6,2,5,1,10,8,8,4,7,4,2,4,10,8,5,6,,5,1,4,4,16,11,21,10,,8,10,7,8,5,8,11,7,4,4,10,4,5,4,3,8,4,4,5,4,4,3,1,6,5,5,4,4,6,,7,6,9,5,6,6,,6,4,7,8,6,6,7,8,6,6,3,,4,3,1,9,17,3,,2,6,7,1,8,7,7,6,4,10,5,2,2,3,8,3,5,,8,6,6,10,5,5,7,6,10,8,4,7,5,8,10,10,2,4,,11,6,6,6,4,4,6,4,6,6,5,,4,7,6,3,3,,11,6,17,7,13,6,6,7,13,7,9,6,5,2,,,5,,7,5,5,5,5,6,6,9,11,4,10,,6,13,,7,6,9,6,6,5,6,12,2,7,6,9,12,6,2,6,3,2,,6,,6,1,,6,6,3,8,3,6,8,5,,8,7,5,6,,,6,5,1,15,1,10,7,4,6,7,3,6,2,3,5,8,3,5,6,7,5,6,4,8,,8,4,2,6,28,7,8,4,8,8,7,3,6,3,6,6,3,3,4,7,2,33,10,8,6,5,10,8,7,11,8,,15,5,2,2,15,8,6,5,7,9,1,7,4,6,12,1,4,6,4,8,4,8,6,,2,5,10,2,4,4,2,2,3,1,3,3,3,5,6,5,4,6,18,9,6,7,4,10,2,1,4,2,6,6,8,1,3,16,15,8,9,7,12,10,8,5,9,7
20210423,18,SO2_24h,3,3,2,2,3,3,3,2,2,4,2,3,,,5,,5,6,6,,4,,4,3,,6,2,,5,9,3,6,2,8,,,5,10,,5,13,6,10,3,,3,,9,4,8,8,10,5,,8,10,7,,9,10,7,4,6,8,5,6,5,6,,6,3,6,3,11,9,,3,5,5,4,9,,7,9,7,8,6,5,,8,5,,,6,7,8,7,9,13,14,,13,11,11,10,5,,12,4,4,4,10,4,,8,7,4,4,9,5,6,10,7,6,6,8,12,6,18,28,20,,16,14,12,17,13,26,19,15,5,6,4,9,6,,3,9,8,8,12,3,9,4,5,1,7,3,1,6,,3,6,4,6,5,7,2,5,11,12,9,8,,,,8,7,,7,12,6,,,,4,,6,4,3,5,6,6,8,4,6,,,,5,7,,5,3,4,3,4,,7,5,3,12,5,6,3,3,,5,,6,7,,4,5,,5,6,2,,5,4,5,6,10,5,7,,,5,9,10,5,4,6,6,,5,,,3,,9,8,,4,4,4,4,4,5,,6,4,5,5,5,7,5,5,5,5,5,3,5,5,8,9,3,5,2,,5,6,4,4,4,3,9,3,5,2,,6,2,4,,6,6,6,6,,5,4,6,7,5,,,5,4,5,6,5,4,8,8,6,5,5,6,9,7,7,9,6,5,6,6,8,5,,5,7,9,4,4,6,5,7,5,7,6,9,10,11,,8,10,10,9,10,7,7,7,4,7,10,7,8,6,,7,6,6,10,8,9,8,7,8,8,9,9,,9,17,14,7,6,5,5,6,9,7,8,,,13,9,8,12,12,13,14,16,14,15,9,11,5,5,8,6,3,7,5,8,4,3,4,3,4,10,,13,13,11,15,14,13,8,,,12,12,5,5,15,,9,10,7,6,,,14,,7,8,9,10,6,,5,7,6,,9,16,10,9,12,14,3,4,4,4,4,5,10,6,5,9,7,8,5,7,,8,7,5,6,,9,4,8,8,,,,10,6,,,,12,14,5,4,3,5,4,,4,6,2,6,6,6,5,6,6,6,8,4,5,5,3,9,,18,9,13,14,10,14,8,8,8,,4,8,7,9,11,8,7,10,11,9,56,10,11,12,5,5,4,5,,3,,5,5,5,5,3,,4,7,,,10,4,5,6,,2,7,6,,28,14,19,,5,7,6,5,8,11,,,,8,,8,8,,6,6,6,9,5,5,3,3,3,4,,5,,,8,,11,12,11,6,8,7,11,9,,5,5,6,6,5,6,7,5,14,12,5,6,11,9,8,9,6,7,7,6,,7,7,7,,13,12,,7,9,11,10,8,,20,11,,,6,5,,6,,16,13,12,14,9,9,,10,9,,2,6,,4,,6,8,8,,9,9,18,31,11,,7,7,10,8,8,6,7,16,17,12,13,9,19,12,14,15,4,10,12,12,8,18,19,12,22,20,19,16,16,7,3,7,5,,4,7,8,8,7,6,2,5,8,12,5,5,3,4,,12,6,12,,8,6,5,4,6,,5,4,4,,4,,5,3,5,2,8,9,10,,,,7,,6,,8,5,7,,13,8,9,4,3,,4,,6,7,5,7,7,6,,12,8,13,6,6,9,,7,,,6,2,2,1,2,5,5,4,6,9,6,5,4,6,5,5,6,6,5,3,4,6,10,15,18,12,11,8,6,8,,28,8,18,9,10,14,12,16,,,,,7,7,,7,3,7,7,3,2,14,8,6,6,7,5,4,4,6,6,6,,5,16,6,,4,3,,12,5,4,5,4,4,,4,3,9,12,8,6,,10,56,35,18,13,9,7,1,4,,5,3,3,4,2,17,9,4,4,,5,,8,6,6,7,4,8,6,8,4,,,6,10,9,10,6,4,4,3,4,4,6,,8,6,5,9,10,10,6,5,6,,4,4,9,8,8,9,7,9,8,8,6,5,8,,4,5,,2,5,6,7,,,5,4,6,4,5,7,7,7,7,,,6,6,3,4,4,,4,9,10,11,10,11,7,,7,6,4,,,3,4,,11,9,11,,11,,10,11,,,6,5,,,11,11,18,,,2,4,6,8,6,7,6,16,11,12,21,12,13,14,12,13,3,4,5,6,8,8,7,8,,8,11,10,,20,15,14,12,4,4,10,8,6,8,10,10,,,8,10,12,9,8,13,12,9,7,10,6,6,13,11,13,17,11,,,16,3,9,4,8,10,,9,9,7,,6,8,9,,6,5,4,6,4,2,2,7,8,15,5,18,8,8,5,9,,4,3,3,6,6,6,,4,,7,,,,5,4,6,6,5,5,,8,,9,9,6,6,5,6,4,4,4,6,6,4,3,5,3,7,5,6,7,3,4,,3,4,7,7,21,7,12,17,17,15,13,11,16,21,13,,7,11,10,7,9,4,8,8,13,16,7,9,9,8,13,,,13,12,5,6,6,5,4,11,17,22,,20,10,7,,11,8,8,5,,3,5,8,,5,9,11,6,12,8,8,8,8,8,4,5,4,,6,6,5,13,13,,20,13,6,3,4,6,6,7,5,9,5,7,,5,5,4,,5,3,,7,7,8,7,,7,5,5,6,8,8,10,7,7,8,12,10,10,8,12,9,2,2,2,2,1,5,4,4,4,4,7,11,5,7,10,4,7,6,5,2,3,3,4,3,3,6,12,8,18,10,10,8,8,8,9,7,7,8,5,5,12,7,3,12,9,19,16,7,7,9,6,7,26,12,11,8,6,4,,5,5,10,11,9,5,10,7,9,5,15,7,9,9,11,,,8,12,9,,7,16,14,12,6,6,,5,6,8,,,,,6,6,8,7,8,13,14,12,,8,7,15,13,13,11,3,3,5,4,5,,,,,4,5,8,10,6,10,3,,4,7,6,8,7,5,6,7,6,6,10,10,12,12,,11,9,8,4,9,11,5,8,5,,19,9,,12,8,,8,4,5,,4,,8,,11,8,5,6,5,6,6,14,12,8,5,8,21,12,,26,24,8,8,9,9,,4,7,5,7,4,3,,5,5,4,13,17,,6,6,6,,13,4,16,18,11,,8,,5,10,,11,4,3,5,4,5,3,3,5,,5,2,9,4,5,6,4,6,4,,,7,4,5,5,,2,4,6,3,21,5,9,10,5,3,4,6,7,,14,18,9,4,8,9,3,,8,,8,6,16,8,15,17,37,12,9,8,11,9,5,4,,,4,5,6,4,,6,11,13,9,,6,5,,,10,10,4,7,10,6,9,9,8,6,5,13,14,13,6,,6,5,,8,10,4,10,2,14,6,4,6,4,12,4,2,3,11,15,7,14,4,2,3,8,3,8,5,5,4,3,5,12,7,7,18,6,7,9,7,8,6,7,6,12,15,14,7,7,9,6,,5,4,4,,13,3,4,,,8,6,9,6,7,8,9,3,8,8,11,16,7,10,4,6,8,3,,13,8,11,20,21,,32,3,5,4,2,6,4,2,5,6,2,13,12,14,14,21,,12,,3,2,4,5,6,7,9,7,7,11,11,9,6,6,5,8,9,7,12,,9,7,9,13,6,2,5,2,10,8,7,3,7,5,2,4,8,7,6,7,,5,2,6,6,14,16,16,20,11,9,9,9,14,8,8,10,8,7,5,10,8,7,4,6,9,4,6,8,4,5,2,3,8,8,5,10,17,5,7,6,6,9,5,6,7,,7,4,5,18,7,5,6,8,6,16,2,,6,3,2,13,22,2,6,2,6,6,2,7,6,6,6,4,10,5,3,2,4,8,4,6,,9,8,6,9,5,7,7,11,7,7,6,7,6,8,10,15,3,2,5,8,5,6,6,4,4,6,5,6,7,7,,4,7,9,11,6,10,10,7,18,8,14,7,9,8,14,8,8,6,5,2,9,,7,,7,5,5,5,5,7,6,10,15,5,12,,8,16,,9,7,7,4,6,11,6,12,6,9,10,11,10,6,2,5,9,7,,6,,6,6,,6,9,7,13,3,6,7,4,,7,19,9,9,,,6,10,3,10,3,5,4,2,6,8,6,6,3,7,5,8,3,6,6,8,6,7,6,6,,14,5,2,7,23,13,5,5,9,8,8,4,6,6,6,10,3,5,6,12,3,19,7,9,8,7,10,9,10,11,12,,20,5,3,2,15,8,8,5,6,10,4,8,6,7,11,6,5,6,5,8,4,8,7,,4,5,11,3,5,4,7,3,3,3,3,2,3,13,5,7,5,11,17,21,7,6,4,7,3,2,4,3,7,6,8,4,7,6,9,10,8,8,13,10,8,6,9,8
20210423,18,NO2,11,9,12,11,21,15,17,12,10,15,17,15,,,25,,26,26,21,,29,,45,24,,22,18,,10,10,10,14,15,10,,,26,26,,33,29,15,23,28,,22,,9,3,8,17,17,16,,16,21,22,,22,20,22,16,14,19,9,11,13,13,,12,17,18,14,10,18,,8,11,12,17,18,,14,11,14,18,18,17,,9,9,,,12,11,13,9,6,28,38,,24,63,30,41,48,,29,14,30,15,23,12,,17,14,18,10,34,43,41,42,37,15,16,37,48,58,15,36,27,,36,29,47,26,31,31,18,30,54,42,40,61,43,,50,38,43,36,33,28,12,23,15,22,18,14,13,41,,62,57,53,50,47,41,19,21,11,17,20,28,,,,22,17,,13,20,21,,,,28,,28,55,52,30,57,49,34,31,36,,,,35,41,,20,29,15,16,11,,14,21,26,21,12,23,12,2,,15,,21,20,,36,25,,26,23,30,,28,27,36,21,60,56,44,,,65,48,42,21,12,91,14,,31,,,23,,32,32,,28,24,21,16,22,28,,23,24,18,24,30,17,21,12,18,27,18,11,16,18,22,32,31,15,5,,15,9,7,9,15,15,10,16,36,9,,,12,8,,10,25,20,17,,23,21,23,20,16,,,31,29,16,,29,31,25,16,15,21,26,20,18,24,17,16,20,16,28,26,25,20,,12,16,,,26,19,21,20,26,23,29,10,26,22,,24,38,27,28,,43,25,21,21,29,38,28,33,27,,19,26,29,30,31,11,10,14,22,21,16,22,,12,30,22,16,26,11,13,9,13,17,13,,,30,23,27,15,23,24,27,15,20,20,23,15,9,13,15,9,9,16,27,15,12,10,21,8,9,11,,28,46,47,58,66,53,27,,,63,41,55,40,44,,23,16,27,23,,,24,,11,29,8,10,9,,24,19,7,,9,5,11,23,23,14,5,3,9,6,12,8,21,24,23,28,35,29,22,,,19,19,31,21,,27,7,34,33,,,,12,9,,,,16,19,15,19,5,10,10,,6,15,40,23,15,23,21,13,16,22,22,5,8,,10,12,,12,13,12,17,16,14,20,14,16,,27,39,24,24,18,7,32,34,36,27,32,32,26,22,9,10,6,15,,17,,27,35,,27,21,,14,19,,,14,16,20,21,,31,27,25,,22,18,19,,14,29,32,29,26,20,,,,34,,34,14,,21,16,25,22,22,20,17,39,13,32,,11,,,14,,13,4,13,10,11,13,16,6,,6,5,5,6,10,5,7,13,13,4,9,12,10,8,12,10,13,12,7,5,,4,28,30,,10,11,,14,7,9,9,7,,20,12,,,16,15,,5,,14,10,10,26,19,9,,11,8,,18,16,,12,,18,25,21,,23,18,36,52,32,,30,20,34,44,69,35,7,30,30,11,22,9,38,22,13,22,36,26,27,32,17,25,45,25,56,41,56,33,59,37,14,14,14,,10,35,46,30,25,24,16,22,14,22,16,27,44,36,,31,27,58,,10,12,9,7,10,,10,17,6,,42,,28,36,26,56,12,10,13,,,,11,,15,,17,23,,,38,34,20,24,22,,21,,39,39,25,46,15,10,,20,19,20,16,10,15,,20,,,9,20,16,21,10,12,24,10,20,8,,7,14,6,11,8,8,14,10,4,5,3,10,9,6,20,26,22,30,12,,27,,34,,14,18,29,26,,,,,8,12,,8,15,24,18,19,18,15,12,7,12,13,10,11,8,19,21,18,,9,12,27,,16,13,,12,25,26,37,39,43,,32,40,12,14,15,20,,8,5,11,6,18,13,20,5,9,,13,6,,7,3,12,18,21,21,,22,,26,31,31,21,16,11,12,16,12,,,33,21,22,24,22,22,27,25,19,17,31,,40,25,16,41,46,43,38,45,51,,17,37,40,35,34,24,24,64,12,16,16,13,20,,25,22,,29,31,14,31,,,16,20,18,22,19,13,10,15,8,,,20,23,25,25,24,,24,16,14,16,17,16,8,,10,12,15,,,27,36,,9,26,16,,13,,34,23,,,18,14,,,9,,4,,,14,12,6,7,6,5,5,34,22,10,28,22,24,41,50,25,17,28,28,30,16,10,18,17,,22,20,27,,27,20,34,19,13,7,7,28,20,17,23,31,,,29,11,14,15,7,13,19,19,10,14,9,9,,9,32,33,23,,,20,22,17,9,22,25,,10,15,16,,20,,20,,26,16,14,12,12,12,10,5,22,16,21,37,12,10,8,10,,4,9,8,16,12,15,,16,,15,,,,,9,17,18,8,10,,11,,16,19,19,12,14,10,12,6,11,22,23,10,1,18,,20,10,15,8,12,10,,12,5,15,12,15,15,6,6,14,10,12,8,9,14,20,,8,4,9,9,9,6,8,9,11,11,8,11,8,7,10,,,13,12,,5,9,6,5,12,38,8,,14,20,23,,22,20,21,16,,13,10,15,,16,13,15,13,10,15,16,15,14,15,14,14,7,,16,16,16,33,45,,26,33,6,17,15,25,15,26,27,18,20,15,,23,31,22,,10,11,,5,2,9,7,,25,11,20,25,32,10,9,17,8,13,13,9,15,18,12,17,7,22,19,19,23,11,18,11,8,9,10,5,12,6,12,4,4,12,6,3,5,10,13,11,11,4,14,12,12,27,12,5,20,10,6,15,13,18,25,10,16,9,8,7,7,8,11,21,11,8,8,12,8,6,8,10,18,14,,19,10,14,10,15,35,18,12,20,9,16,16,11,10,19,,,13,19,12,,38,44,46,48,48,46,,23,,11,,,,,10,17,25,14,12,8,8,34,,2,5,5,5,5,11,9,16,9,13,14,,,,,18,22,10,9,11,11,13,,4,6,6,5,6,7,7,9,18,13,9,14,7,7,,6,8,8,11,14,18,8,5,24,,5,10,,8,1,,6,34,5,,6,,4,,7,5,5,5,8,9,14,31,21,28,10,13,12,29,,14,16,10,23,16,13,,8,11,25,36,7,8,,13,9,5,12,37,,19,36,14,,14,5,15,14,3,,15,,16,16,,17,12,15,16,12,22,9,6,5,,9,5,12,8,15,1,6,2,2,,,,6,8,6,,3,16,17,4,12,12,11,37,17,25,20,9,12,,16,36,14,19,44,27,22,,12,,37,16,22,4,12,10,,32,15,29,14,32,21,4,,,8,18,35,22,,23,17,16,9,,21,21,,,43,34,27,15,16,21,41,21,41,35,31,42,25,42,18,,32,15,,23,7,16,14,5,10,16,10,7,26,25,7,9,22,13,31,24,22,16,10,17,11,21,18,6,9,6,6,10,16,22,19,62,20,9,18,27,22,8,11,14,16,28,12,14,53,18,23,,8,6,30,,6,24,31,,,27,15,18,10,20,4,14,30,18,12,29,10,15,16,10,11,,13,,19,20,16,9,12,,9,46,14,39,,,47,48,54,16,14,11,11,32,9,24,,24,,10,7,21,19,19,,34,26,23,37,34,21,18,32,28,10,24,13,26,,7,25,24,12,11,17,19,27,17,27,21,10,20,8,12,14,33,22,18,16,,26,24,6,6,17,20,31,18,,15,23,7,17,19,7,25,26,26,24,31,15,8,11,28,12,14,24,32,30,26,11,13,14,8,7,8,47,28,12,21,32,6,8,14,11,,10,17,15,16,35,33,34,35,26,13,9,,27,9,10,14,9,36,,17,28,17,26,43,39,38,33,19,33,18,14,9,11,12,15,4,,29,6,20,22,19,7,18,4,19,12,2,12,21,22,21,8,13,12,,25,12,30,37,16,13,18,17,19,15,16,,24,17,9,12,14,,26,7,36,13,23,13,11,10,42,2,7,16,16,25,,,14,,16,25,17,21,13,20,15,10,10,20,20,,14,9,,15,3,19,13,14,10,12,13,8,10,9,6,9,5,19,4,6,10,,40,,11,9,,27,10,6,12,23,13,32,22,,22,8,11,2,,,15,17,18,13,26,20,21,22,29,9,12,23,15,28,21,23,15,16,14,17,10,23,28,31,,16,13,34,34,16,35,82,16,17,15,16,24,5,4,1,6,18,12,,17,28,37,10,28,13,26,23,,8,18,28,,28,11,33,32,39,14,10,39,45,13,,16,14,16,19,42,20,33,12,5,37,34,20,,6,5,38,1,19,15,17,19,14,12,13,8,11,17,17,14,,15,60,18,19,16,14,24,13,11,14,12,21,11,11,9,11,28,44,13,43,47,30,25,3,2,27,14
20210423,18,NO2_24h,23,13,28,22,34,25,35,21,13,25,36,31,,,21,,21,19,20,,21,,28,23,,18,17,,23,21,25,20,19,23,,,19,24,,27,24,13,14,21,,17,,26,17,21,28,30,30,,26,31,28,,26,28,30,28,14,19,14,13,26,30,,30,22,17,22,23,26,,19,22,29,26,56,,17,35,34,46,44,37,,20,22,,,24,18,16,14,13,21,25,,20,36,23,28,29,,26,22,24,9,15,11,,12,8,14,10,48,46,48,46,43,19,20,45,40,51,26,35,29,,29,31,34,33,39,28,20,42,48,58,55,60,43,,51,34,37,39,34,30,13,31,22,24,15,22,23,36,,57,54,49,45,53,45,34,43,30,35,34,23,,,,24,18,,16,28,23,,,,28,,29,55,44,27,52,46,35,55,43,,,,43,39,,14,29,24,24,20,,26,18,26,26,19,26,18,26,,20,,16,16,,51,32,,60,26,53,,46,58,53,21,55,47,57,,,38,48,43,33,28,47,24,,43,,,54,,47,44,,19,18,20,17,13,16,,33,37,26,37,31,18,23,24,19,23,21,12,17,18,24,22,27,17,10,,25,20,22,23,15,16,19,19,34,11,,20,16,7,,13,23,20,17,,24,18,21,15,13,,,21,22,14,22,21,19,44,40,34,40,44,40,39,46,23,23,28,23,36,36,31,32,,16,20,31,22,26,19,18,24,23,19,27,11,49,43,,54,60,38,71,51,63,53,34,23,34,46,36,31,61,,25,32,53,35,27,28,13,15,37,36,32,29,,13,54,40,20,21,18,15,16,22,16,20,,,49,40,40,37,36,47,46,48,40,38,21,27,14,14,16,11,12,22,29,25,11,12,24,9,10,13,,48,41,50,56,59,52,32,,,46,58,58,47,56,,32,33,46,36,,,39,,11,34,7,11,10,,24,21,7,,17,15,38,29,30,35,7,5,9,7,13,4,40,51,44,52,52,51,48,54,,30,39,49,40,,46,13,37,40,,,,20,11,,,,21,19,21,23,10,15,14,,11,17,30,21,20,23,26,26,20,27,27,5,16,32,7,30,,28,34,25,30,21,25,22,21,19,,33,43,31,14,11,10,20,25,28,22,31,30,29,29,19,14,17,15,,11,,25,29,31,25,25,,16,20,,,14,15,21,21,,19,23,21,,23,19,16,,10,22,17,18,15,16,,,,27,,23,13,,28,27,24,34,21,17,14,18,16,25,,15,,,26,,24,18,33,14,13,12,14,13,,13,12,16,11,14,8,11,15,15,13,23,27,31,11,11,12,29,26,20,7,,11,36,36,,14,15,,14,14,15,17,12,,29,19,,,32,25,,23,,23,21,26,31,21,14,,17,16,,26,30,,22,,29,30,29,,28,25,24,27,18,,22,17,32,22,28,14,6,23,27,20,23,15,40,14,14,19,22,22,13,27,18,22,32,23,32,35,30,27,33,22,12,14,13,,8,24,26,23,24,19,13,16,13,15,12,23,21,29,,27,25,29,,14,19,19,29,16,,26,27,4,,38,,33,37,26,36,25,20,27,,,,29,,27,,16,24,12,,39,38,26,15,20,,19,,36,31,24,27,27,25,,31,33,30,18,22,16,,21,,,8,15,14,14,8,11,25,11,23,9,9,8,10,19,25,21,28,32,27,4,6,16,34,34,34,24,39,33,32,22,,33,12,37,19,20,40,31,33,,,,,29,37,,32,16,25,22,20,20,18,12,6,14,10,14,17,12,35,35,33,,13,18,38,,36,35,,49,10,22,34,33,30,,28,31,31,38,38,39,,13,14,19,15,19,12,22,5,8,,15,6,7,11,5,12,17,19,19,,16,,17,22,22,21,18,8,7,15,10,,,13,17,14,15,18,18,15,14,11,11,44,,50,46,35,47,37,44,43,50,48,,22,32,48,46,44,38,39,34,24,23,23,21,23,,39,31,,32,37,14,34,,,23,19,18,16,22,21,13,19,15,,,28,16,17,17,17,,16,41,38,36,40,45,18,,24,26,10,,,15,14,,29,34,52,,41,,14,17,,,17,12,,,9,13,7,,,12,12,12,16,7,7,8,30,17,9,20,20,18,29,31,22,23,24,22,20,16,10,16,16,,19,23,28,,27,31,23,28,13,11,7,24,12,10,11,32,,,24,25,29,46,25,23,24,23,16,26,19,10,57,40,47,47,23,,,30,9,12,9,15,19,,9,17,33,,23,36,18,,18,13,15,14,23,8,12,9,29,22,25,36,30,16,8,11,,4,11,10,17,14,17,,15,,20,,,,9,17,18,16,15,13,,14,,19,18,25,24,15,24,11,12,24,25,27,11,2,13,10,12,20,25,28,23,12,,14,7,13,14,19,16,6,16,22,23,17,13,16,21,24,,12,9,13,13,12,5,15,12,11,12,9,10,9,8,14,,,16,15,6,7,10,9,6,18,19,23,,25,39,36,,32,25,27,24,,24,24,25,,29,20,21,17,16,16,15,16,16,15,26,23,22,,15,16,15,37,31,,38,32,8,14,13,16,18,24,20,22,28,26,,34,31,30,,11,16,,13,7,14,14,,18,14,21,16,28,14,11,17,7,12,12,9,12,13,10,15,5,17,20,15,22,13,16,11,10,11,10,8,12,8,14,4,3,13,7,4,5,10,11,11,12,3,10,10,31,35,31,30,24,10,18,17,16,23,24,20,26,28,11,10,12,10,13,23,23,12,14,24,18,15,10,15,25,34,,31,22,19,10,21,25,24,18,25,19,25,27,21,27,35,,,12,21,17,,33,43,42,43,55,53,,35,15,23,,,,,12,24,27,29,24,14,9,36,,32,6,9,8,10,12,7,9,7,8,9,,,,,6,10,17,19,10,14,24,,3,9,10,17,17,5,8,9,24,36,12,16,21,21,,7,9,10,10,31,39,13,9,35,,11,17,,10,6,,6,22,5,,6,,6,,7,6,6,8,8,20,37,45,37,29,6,9,11,18,,22,21,9,24,16,19,,13,13,29,35,8,7,,14,12,11,14,22,,28,36,21,,14,9,16,18,10,,15,,15,18,,16,19,14,15,13,17,10,7,4,,10,4,9,14,20,5,8,5,4,,,18,11,13,7,,10,14,20,6,23,22,17,57,22,19,17,22,22,,51,33,16,34,52,49,36,,14,,28,18,34,11,41,32,18,18,15,25,18,29,38,5,,,25,23,50,17,,21,20,17,16,,16,29,,,43,41,40,20,20,18,36,30,29,43,27,61,27,36,26,,24,19,,49,12,20,18,4,18,12,13,8,17,16,12,9,17,19,35,19,14,12,11,9,28,24,14,5,7,5,5,9,27,27,12,71,30,28,34,24,20,20,21,31,34,36,15,36,26,38,21,,24,5,26,,8,31,31,,,39,17,22,18,21,4,23,27,26,13,33,21,15,28,11,27,24,17,,26,40,26,17,26,,17,56,28,53,25,37,44,45,48,32,24,22,30,14,14,18,,24,,21,19,26,22,28,40,62,57,54,46,48,40,24,48,41,16,23,25,52,,13,26,48,19,20,21,22,22,19,28,15,13,16,13,14,15,31,21,30,27,,36,33,19,13,28,34,31,26,21,15,28,14,24,42,11,45,25,39,29,37,19,23,16,25,15,16,22,25,26,23,20,19,28,30,11,21,54,14,18,22,24,12,8,6,14,,16,18,27,18,48,37,56,44,43,26,14,,22,15,11,30,12,29,27,21,43,17,21,34,35,36,45,35,27,28,25,9,17,17,19,6,,37,13,17,47,38,10,23,10,12,26,6,17,36,45,17,20,20,15,25,17,18,23,33,17,12,14,24,42,32,29,,28,15,19,24,18,9,28,13,31,29,25,26,35,24,43,28,24,17,18,24,18,,15,,20,22,9,20,15,25,20,14,13,24,19,,15,10,,29,16,14,18,23,22,15,14,13,18,17,9,12,4,15,4,9,10,,40,,19,15,,21,18,12,24,25,26,40,26,,28,18,15,18,,,34,33,23,24,39,16,24,37,25,24,29,33,30,41,41,34,33,27,22,30,30,29,19,32,,24,21,21,41,31,27,32,32,30,36,36,27,5,7,5,14,33,31,45,34,15,17,18,39,15,31,40,48,26,20,41,,29,18,35,34,36,20,36,28,21,16,24,17,27,13,18,47,38,26,18,13,58,59,33,,9,6,44,2,12,32,24,11,22,22,29,13,30,30,23,14,20,33,38,23,34,16,14,19,23,12,30,23,24,26,11,15,28,15,34,13,34,48,28,26,5,4,28,15
20210423,18,O3,105,111,105,101,97,100,106,104,104,113,99,101,,,88,,94,95,99,,88,,68,99,,98,80,,121,122,118,108,124,128,,,107,108,,111,99,111,94,94,,100,,131,130,130,112,104,,,110,102,140,,132,135,136,98,100,102,111,104,121,116,,117,102,99,102,106,98,,126,119,123,121,139,,128,134,141,140,142,136,,132,135,,,120,132,116,132,84,65,48,,48,34,64,49,52,,66,120,103,130,111,131,,112,110,118,122,62,52,66,60,72,77,86,66,49,40,117,92,100,,102,95,102,115,97,101,132,106,56,75,61,59,65,,69,58,60,59,117,129,129,134,128,114,160,146,134,71,,63,54,68,71,71,63,69,68,73,73,76,54,,,,91,100,,99,95,84,,,,113,,101,81,77,98,76,81,108,107,106,,,,115,92,,90,90,103,91,94,,93,,80,83,77,82,88,98,,96,,79,77,,121,122,,138,106,127,,122,143,123,98,43,76,68,,,60,66,81,99,104,73,95,,125,,,132,,108,108,,89,94,96,81,79,70,,148,139,145,138,142,138,135,134,136,112,130,137,129,134,126,,120,128,128,,99,99,94,112,140,94,101,119,112,125,,119,,102,,135,82,96,97,,95,93,96,83,92,,,43,46,70,,47,37,104,108,108,103,97,,106,104,103,112,91,94,98,80,90,91,,102,117,98,114,111,106,139,117,110,135,114,109,236,235,,254,246,279,259,242,238,210,271,126,151,90,104,146,160,,142,137,159,155,82,102,128,121,184,187,204,225,,156,186,213,170,153,174,180,153,140,127,148,,,184,176,160,165,145,186,140,138,138,159,162,,82,81,83,78,76,78,60,66,68,46,69,63,59,97,,52,39,42,43,38,58,56,,,33,56,35,56,65,,164,147,177,139,,,171,,114,100,119,122,115,,106,113,118,,150,147,145,134,130,133,127,131,120,105,126,131,73,59,65,59,47,,72,,,70,64,52,60,,69,102,61,67,,,,115,106,,,,105,94,83,74,88,80,81,,94,156,,146,160,144,120,124,109,107,126,112,100,165,100,144,,143,138,147,146,159,151,153,161,141,,60,63,67,81,85,86,74,78,71,67,87,81,88,94,103,103,106,92,,63,,82,78,71,75,107,,103,80,,,112,101,96,77,,55,63,70,,87,87,91,,72,106,99,103,110,117,,,,42,,41,54,,49,78,68,75,66,74,74,87,119,103,,93,,,163,,166,138,169,106,110,90,105,95,,64,60,67,63,59,64,55,70,66,60,100,105,105,164,142,167,107,117,128,77,,71,234,213,,108,110,,97,105,103,93,114,,105,148,,,91,91,,133,,135,131,142,118,113,146,,128,136,,118,113,,115,,154,145,147,,150,152,95,77,102,,53,64,59,55,26,51,57,64,71,92,73,99,58,80,77,76,64,69,46,69,88,69,66,82,41,47,41,52,37,54,67,64,70,,65,102,81,101,88,109,114,128,147,118,126,90,76,81,,101,110,85,,113,117,117,107,112,,119,105,94,,74,,81,76,90,67,,125,121,,,,102,,97,,94,92,87,,103,98,113,82,89,,85,,28,23,36,33,97,105,,113,119,114,126,146,129,,80,,,111,56,55,50,86,90,108,127,100,72,85,70,62,120,113,100,109,117,112,54,54,61,59,58,60,126,125,114,121,131,,116,134,,137,81,94,83,87,,,,,93,95,,100,28,48,22,38,44,38,72,78,70,,72,166,,78,77,80,,94,91,82,,112,109,,115,50,55,44,40,36,,43,37,91,94,94,82,,85,83,80,123,110,122,115,86,97,,88,95,100,98,111,59,54,92,92,,61,,59,52,52,70,72,100,88,79,74,,,64,88,58,56,103,93,105,105,112,106,150,,116,96,100,61,63,69,59,47,63,,108,88,81,84,84,117,113,86,131,105,100,96,92,,86,70,,102,107,81,88,,,111,99,90,89,93,103,110,107,110,,,101,87,87,86,84,,75,147,137,119,152,148,140,,135,139,112,,,91,69,,132,109,,,139,,97,117,,,94,82,,,154,165,139,,,90,92,94,96,128,126,135,78,72,94,84,79,73,47,40,52,74,58,55,54,91,91,83,82,,75,81,97,,94,105,84,98,93,111,95,93,102,101,104,93,,,92,103,98,95,106,102,75,94,90,63,62,75,68,89,75,70,73,,,100,48,54,64,81,82,,,114,116,,120,124,125,,112,113,125,116,120,91,108,94,93,112,105,75,91,101,104,91,,100,98,92,74,138,142,,117,,121,,,,,141,145,127,106,106,,101,,91,99,93,103,100,113,134,98,97,90,90,104,95,86,,81,109,106,116,112,111,,114,88,70,80,78,78,123,139,134,131,118,158,138,,142,,110,99,104,104,94,99,93,95,90,93,132,120,132,130,139,,,140,138,105,112,107,106,114,133,116,145,,119,121,117,,95,99,100,98,,107,101,108,,120,113,113,101,112,94,94,94,90,94,77,82,84,,105,108,109,90,83,,94,88,90,83,88,68,69,67,68,65,110,92,,63,60,67,,88,91,,106,100,115,120,,88,103,102,17,22,122,127,115,121,125,132,83,85,76,81,81,107,86,98,88,88,98,98,98,103,104,105,104,90,101,92,89,93,84,90,93,90,65,82,75,88,34,73,63,112,92,94,104,37,57,56,66,78,67,90,108,108,,95,102,97,106,106,100,105,92,93,99,113,108,90,97,23,49,,47,68,63,70,60,80,98,102,95,142,148,137,136,156,157,,,43,43,43,,38,22,26,42,5,32,,96,68,54,,,,,112,118,104,109,120,121,131,124,,106,124,138,119,131,132,142,113,137,104,156,,,,,45,30,172,178,153,,107,,92,128,131,146,142,114,111,112,156,170,126,119,138,136,,148,144,152,132,149,159,108,120,134,,126,123,,106,144,,127,131,129,,115,,118,,103,98,75,62,61,60,142,122,132,,79,82,83,124,,70,74,64,63,,75,,84,76,66,58,89,90,,81,72,92,,60,,78,76,103,,128,123,99,145,113,,111,,110,88,,96,78,81,75,89,94,84,85,88,,93,80,74,108,110,98,,99,104,,,88,96,90,84,,65,77,77,88,124,109,130,226,109,98,100,121,138,,138,56,128,104,75,117,136,,117,,42,83,170,108,145,151,,42,105,66,73,41,163,54,,,121,103,123,94,,93,99,,119,,74,98,,,61,104,100,91,99,98,69,102,45,112,54,51,70,62,104,,90,96,,214,112,141,,88,132,86,102,147,80,115,123,146,98,104,99,121,89,61,87,52,107,109,79,137,142,143,133,116,108,142,112,35,110,148,156,81,76,101,123,97,148,106,,98,73,86,96,,82,90,37,,108,27,19,,,66,111,100,115,74,113,94,100,78,77,111,131,140,136,120,100,,94,,90,78,83,96,93,,84,59,70,80,63,,79,87,58,74,124,128,145,102,132,108,,88,,142,,91,116,95,280,296,199,241,202,178,152,144,145,,77,114,134,155,,78,202,185,101,136,98,101,97,102,96,116,101,136,110,101,98,93,93,113,100,,94,90,58,66,64,98,23,55,,72,133,75,74,81,70,38,30,159,195,183,146,150,91,74,83,101,122,40,75,92,114,112,83,143,162,157,49,93,,62,59,113,129,72,82,,112,61,104,104,102,124,132,106,88,137,118,,50,108,102,141,144,117,119,116,122,112,108,91,94,118,68,79,65,106,102,96,91,85,80,84,,257,110,72,223,151,86,90,60,186,129,74,168,217,128,103,113,104,108,,98,110,121,80,100,126,109,106,105,99,122,,91,85,118,109,59,122,7,65,59,57,79,153,121,164,88,62,60,,100,91,96,,55,,78,68,117,62,110,78,79,103,108,113,102,,84,125,,81,131,105,115,103,102,118,101,94,105,115,82,169,92,54,46,82,73,,85,,96,65,,9,134,137,143,103,106,121,106,,98,133,125,123,,,127,146,93,115,143,104,,116,107,123,124,109,105,94,94,,106,115,111,98,98,106,85,86,,122,,83,26,80,35,28,80,71,84,84,78,89,92,94,95,35,49,132,145,86,93,174,111,101,,160,202,110,109,114,,103,108,78,74,94,129,94,47,22,87,79,103,90,107,100,79,106,45,105,124,124,136,138,,71,86,76,101,94,116,120,93,98,116,103,116,108,130,142,58,99,137,53,124,92,126,112,104,119,108,98,98,127,135,102,115,124,80,76,95,71,73,76,119,134,128,118,96
20210423,18,O3_24h,107,127,107,102,103,101,113,106,114,129,103,110,,,95,,99,100,104,,100,,90,105,,105,85,,150,141,142,140,144,148,,,111,109,,113,101,114,106,114,,111,,136,135,135,125,112,131,,122,117,147,,142,152,143,102,110,111,113,111,124,118,,117,108,104,107,112,108,,139,135,135,134,142,,136,138,143,147,144,140,,140,142,,,132,140,128,139,104,101,91,,103,102,98,89,91,,103,120,122,139,121,135,,126,128,131,142,77,83,83,93,97,100,115,94,90,80,129,122,119,,128,125,127,117,112,135,144,118,91,93,84,90,101,,100,87,96,80,149,144,152,147,134,133,168,150,155,93,,93,82,89,94,103,105,89,81,88,88,86,61,,,,107,119,,114,118,110,,,,123,,123,100,105,124,117,123,117,125,129,,,,138,128,,109,109,117,100,104,,98,122,126,123,108,125,93,98,,96,,132,123,,121,125,,148,111,127,,122,152,123,109,54,100,68,,,84,75,84,114,117,124,106,,125,,,141,,115,122,,104,148,151,81,79,76,,158,150,158,152,162,138,135,134,136,116,130,143,129,142,135,123,137,134,128,,107,110,114,119,197,141,131,123,114,126,,120,117,120,,139,95,97,97,,95,100,96,92,119,,,97,92,112,107,94,93,123,128,124,125,114,116,123,119,126,127,104,100,123,93,103,104,,109,130,149,143,150,151,165,134,152,169,142,121,254,258,,254,246,279,266,253,253,228,271,154,187,110,154,165,223,,156,139,162,220,123,138,160,145,215,222,238,230,,174,189,215,204,193,199,202,198,163,155,176,,,264,288,267,218,195,268,235,206,138,159,162,168,111,105,113,113,111,101,91,96,88,83,109,121,99,114,,77,72,88,72,81,80,77,,,90,66,76,64,90,,220,210,210,189,,,225,,123,106,124,129,120,,118,123,125,,166,149,151,145,138,138,127,133,123,124,129,135,73,71,71,60,82,45,100,59,,97,83,60,78,,125,102,69,76,,,,127,125,,,,116,108,90,75,93,88,86,,96,156,84,160,160,144,136,138,116,130,142,124,100,165,100,146,,145,143,150,149,159,151,157,162,143,,99,97,105,126,129,126,120,105,98,96,105,94,98,106,158,140,128,148,,84,,103,108,102,100,134,,107,96,,,118,104,100,78,,90,85,70,,114,126,119,,100,115,117,112,126,121,,,,64,,72,97,,88,100,99,90,86,88,87,125,127,123,,96,,,200,,200,158,196,122,124,125,125,114,,88,72,78,76,94,78,75,145,143,116,114,141,129,170,147,169,140,140,139,114,,116,304,278,,160,163,,189,183,181,161,120,,115,150,,,104,107,,137,,141,135,147,130,123,146,,128,139,,163,142,,150,,154,145,147,,150,152,109,105,116,,112,85,108,112,92,111,97,96,100,101,98,99,98,136,112,121,127,131,132,87,103,88,90,90,88,89,105,83,98,107,137,127,136,,134,158,145,155,136,164,121,144,158,131,146,102,101,98,,115,119,126,,142,119,119,107,113,,124,105,107,,136,,137,131,145,126,131,136,133,,,,114,,112,,129,128,117,,115,109,113,134,138,,136,,51,66,83,78,113,118,,131,128,140,126,166,139,,103,,,113,65,57,70,111,104,128,146,111,90,99,89,91,120,114,102,109,117,113,58,60,194,98,100,92,170,164,151,169,171,,141,147,141,145,123,126,120,132,,,,,117,121,,125,80,86,81,77,87,77,97,103,94,106,82,172,180,86,77,94,,115,102,109,,124,123,,126,84,72,85,82,132,,78,78,99,118,125,106,,137,141,117,133,130,138,132,88,99,,88,95,102,98,111,68,65,94,94,,92,,98,103,103,96,102,115,102,89,86,,,95,102,77,74,123,109,124,125,137,131,150,,116,145,139,77,87,91,82,70,120,,138,113,108,107,115,128,122,119,131,108,104,99,96,,86,71,,142,122,81,96,,,114,110,108,106,105,125,128,122,130,,,154,126,126,118,121,,113,163,153,144,162,161,142,,137,141,134,,,129,126,,144,141,131,,139,,140,141,,,130,84,,,158,167,140,,,117,116,101,122,133,127,137,140,111,118,115,112,114,106,111,103,106,104,98,105,105,105,105,100,,97,98,107,,124,122,145,134,96,116,111,96,120,123,127,129,,,111,203,179,144,153,190,175,194,176,131,154,109,106,133,118,111,179,,,117,100,108,97,165,161,,122,124,135,,133,139,137,,137,133,138,135,141,103,122,105,98,116,112,76,91,101,117,103,,107,113,106,79,149,142,,138,,135,,,,139,141,148,133,129,131,,104,,108,120,109,134,137,118,134,128,117,124,124,123,95,121,112,115,126,124,125,127,112,,114,89,84,98,88,91,128,146,135,133,120,158,138,138,142,,114,118,117,119,112,109,107,124,116,116,132,120,132,132,143,,,143,144,115,118,113,111,118,133,119,145,,127,128,127,,126,102,125,120,,134,118,124,,137,127,124,117,126,110,112,105,110,116,105,114,115,,116,121,119,99,86,,94,96,92,85,93,96,89,88,92,81,111,98,,100,86,106,,112,106,,113,112,119,126,,101,113,107,88,72,129,128,122,127,129,132,95,113,104,101,103,109,91,108,100,94,114,116,114,118,116,115,104,99,101,97,94,97,86,94,99,90,65,82,82,91,51,86,88,132,118,126,130,62,72,65,86,105,79,123,120,125,121,113,109,100,120,123,120,119,92,97,99,119,116,113,113,62,68,,60,98,104,122,107,129,131,132,134,142,156,148,145,162,163,,,120,106,106,,97,65,55,67,50,37,,133,68,103,,,,,122,133,129,125,136,126,139,134,,106,132,151,132,142,149,145,118,138,111,169,,,,,66,64,172,180,156,150,112,,106,149,150,147,144,140,135,138,160,170,135,155,143,139,,151,149,152,133,190,198,132,148,180,,144,144,,129,145,,130,137,129,,129,,118,,118,112,94,84,97,60,142,125,132,127,87,88,87,145,,72,83,99,87,93,137,,128,121,75,73,116,114,,99,88,92,94,112,,81,103,133,,134,130,108,146,116,,129,,127,119,,119,89,104,93,93,101,86,88,92,,97,88,87,111,111,111,103,105,108,,,99,96,90,88,,67,82,78,92,133,163,131,234,113,110,103,143,141,,138,86,137,119,80,124,153,,129,,64,102,214,108,145,151,111,85,133,100,111,111,167,93,,,121,170,123,98,,110,109,124,121,,129,105,,,70,128,118,95,112,119,71,102,67,135,90,74,97,92,151,,99,111,,249,170,159,167,92,156,120,104,152,136,168,128,146,106,130,113,132,99,80,87,76,112,114,110,137,144,145,133,125,123,155,119,75,130,175,166,108,109,113,135,112,157,106,148,103,110,89,138,,110,106,63,,127,71,69,,,88,132,108,118,122,113,115,112,86,146,121,131,140,141,125,112,171,95,,100,85,93,110,112,,114,89,81,114,104,70,113,112,88,85,136,133,150,143,135,118,,114,,142,95,98,128,98,280,333,205,248,206,223,231,185,194,165,114,163,137,248,,120,202,266,218,136,102,107,104,102,101,128,111,136,135,102,98,137,136,136,125,,122,130,113,153,136,114,36,66,100,89,133,127,108,103,76,57,78,207,213,201,162,166,111,74,121,103,130,64,105,110,115,113,100,158,166,165,97,121,142,118,79,115,134,90,110,,123,80,123,122,115,124,132,112,100,137,121,,70,111,114,144,144,144,136,129,122,136,120,118,122,127,102,95,76,109,105,96,93,85,88,88,,278,142,152,265,202,134,150,88,186,153,111,190,277,162,103,124,111,114,103,102,130,137,97,109,138,132,118,124,110,129,,118,114,129,125,138,138,10,70,99,64,100,179,143,170,121,107,103,96,100,111,103,,102,,101,88,132,72,113,93,91,108,114,126,125,,104,136,,82,131,179,162,143,173,125,112,97,111,117,112,177,105,95,58,83,85,,85,,125,93,,39,148,139,151,109,106,121,117,,104,140,132,124,,,134,157,118,148,162,104,109,116,113,132,146,124,116,108,106,113,109,118,116,102,116,125,111,130,,131,135,133,55,97,84,102,96,89,84,93,122,90,94,103,105,58,62,133,145,128,141,174,137,160,220,250,321,117,121,121,,110,125,132,130,134,144,124,105,73,87,79,103,100,132,130,101,121,70,115,130,124,138,147,,116,134,79,113,134,150,130,134,114,122,103,124,108,138,190,101,99,142,124,124,109,134,112,107,132,118,104,111,139,146,139,138,138,122,116,120,118,99,94,134,146,128,160,96
20210423,18,O3_8h,101,113,103,96,98,98,105,100,108,114,98,101,,,87,,94,94,96,,93,,79,99,,101,78,,130,128,127,122,132,134,,,106,105,,108,95,104,98,108,,103,,121,119,120,116,103,120,,113,107,129,,125,132,124,97,104,107,110,107,109,107,,105,97,92,94,102,97,,127,124,125,122,121,,112,115,124,129,122,122,,134,136,,,126,134,122,133,96,88,67,,68,59,77,68,73,,79,113,105,134,112,128,,121,115,119,119,62,54,68,53,65,87,104,69,66,48,123,111,103,,118,117,122,114,105,123,135,108,73,72,64,70,88,,78,70,82,69,108,118,120,118,105,102,140,122,120,74,,76,60,75,75,84,84,70,64,66,71,64,54,,,,95,103,,102,104,93,,,,116,,101,84,85,105,90,96,106,104,118,,,,123,114,,93,94,102,96,97,,93,110,109,108,95,108,82,86,,85,,115,108,,82,80,,101,75,80,,81,111,79,77,43,81,48,,,72,66,71,99,95,87,90,,90,,,106,,98,98,,89,115,112,61,68,63,,117,116,115,116,116,109,101,100,115,104,117,128,115,127,118,102,117,117,110,,96,100,104,108,158,120,103,106,98,109,,106,101,101,,118,64,75,69,,68,73,71,73,75,,,50,46,58,44,52,44,109,112,110,111,104,108,110,106,106,99,89,91,90,83,86,85,,99,103,104,103,110,108,113,105,110,116,100,98,193,190,,202,204,228,203,185,211,174,223,122,150,85,118,142,172,,130,118,124,185,96,112,135,124,156,145,176,178,,139,138,163,168,154,175,184,164,144,124,156,,,206,216,212,193,173,222,189,159,107,126,123,136,86,86,88,86,85,82,69,77,77,63,89,94,79,77,,35,45,58,53,44,67,64,,,47,58,41,47,67,,155,153,154,139,,,157,,116,101,117,124,113,,113,116,118,,155,148,147,139,134,135,124,128,119,114,124,131,56,42,54,42,35,38,53,40,,53,53,40,44,,92,93,58,62,,,,107,109,,,,108,99,80,68,87,80,77,,90,111,63,118,118,104,102,109,100,97,108,118,86,113,88,136,,136,132,139,140,144,138,140,146,133,,83,82,88,97,95,89,86,88,82,80,92,87,90,98,128,120,119,117,,63,,80,82,78,80,95,,88,75,,,102,91,86,64,,58,60,63,,97,104,102,,89,101,106,100,114,107,,,,54,,58,66,,62,78,79,75,77,81,81,96,119,108,,75,,,152,,150,129,158,106,104,93,111,93,,74,66,72,67,75,70,60,108,105,90,99,111,112,154,136,154,123,124,128,93,,92,246,214,,135,134,,138,143,141,118,103,,98,145,,,96,96,,132,,136,131,142,123,98,105,,106,109,,117,108,,112,,132,127,127,,131,131,91,82,100,,64,64,67,66,62,69,65,77,79,88,77,95,65,90,80,91,76,85,80,79,90,78,77,82,68,68,72,72,66,79,93,88,87,,90,136,120,135,118,144,117,136,151,123,136,89,88,87,,94,108,100,,111,99,104,93,97,,103,53,92,,78,,85,81,88,75,114,117,114,,,,108,,104,,88,92,78,,108,99,95,104,105,,102,,40,45,46,58,103,110,,116,115,120,113,148,123,,91,,,106,60,53,60,90,82,100,116,96,78,87,79,79,106,101,88,95,107,99,55,55,96,78,79,63,138,134,128,135,138,,127,142,133,140,85,84,89,85,,,,,105,101,,107,27,44,26,43,41,35,83,86,77,94,75,162,166,64,62,68,,92,84,73,,102,102,,107,58,61,39,43,40,,45,34,72,74,80,70,,88,90,72,123,119,129,123,84,95,,77,87,92,90,104,56,52,72,72,,53,,69,66,66,62,62,79,72,70,67,,,54,61,63,62,109,99,114,115,121,116,95,,87,116,115,64,72,80,69,61,96,,109,93,95,97,100,110,105,98,117,100,93,94,88,,57,55,,105,97,62,70,,,97,107,98,102,100,116,120,114,120,,,129,96,97,92,91,,88,144,135,119,144,139,128,,122,126,119,,,110,104,,128,119,122,,127,,118,132,,,99,82,,,136,146,137,,,91,94,92,94,127,124,133,99,82,98,92,92,82,60,66,62,88,71,74,79,88,86,83,81,,86,86,86,,86,96,125,119,90,108,95,92,111,113,117,115,,,104,119,111,112,115,120,105,115,114,82,81,82,86,105,97,91,102,,,108,67,62,65,92,95,,82,118,125,,127,130,131,,127,126,134,128,132,96,115,98,83,93,94,64,75,81,106,94,,98,107,99,72,135,129,,128,,125,,,,131,132,138,126,119,118,,87,,89,98,91,110,113,107,121,107,109,114,111,114,87,107,104,104,113,113,116,116,98,,103,80,72,84,76,78,105,128,119,118,110,128,114,118,137,,98,109,105,106,96,104,98,109,103,103,123,110,122,121,127,,,129,128,100,98,94,92,97,110,110,126,,107,113,113,,90,94,94,103,,108,102,116,,127,122,121,113,122,101,104,100,99,104,97,104,105,,113,116,116,66,53,,64,63,81,73,81,74,68,66,66,58,81,70,,66,66,68,,90,91,,87,96,105,108,,87,98,96,23,24,103,106,107,100,107,105,85,96,89,89,88,100,86,95,90,89,82,87,84,86,80,91,90,80,91,81,78,82,74,80,86,81,63,81,77,88,43,67,71,110,97,100,104,52,63,59,72,88,74,98,108,108,105,102,102,95,105,104,103,106,87,90,92,102,99,96,97,21,39,,38,80,77,80,72,106,114,114,117,131,140,131,128,151,149,,,39,46,42,,40,22,24,42,19,25,,102,68,72,,,,,114,120,110,113,122,114,124,118,,95,124,145,127,137,141,135,111,117,102,145,,,,,57,44,139,149,141,133,88,,96,135,134,140,134,123,118,121,153,162,123,127,137,136,,143,138,143,128,150,167,115,127,144,,124,122,,114,133,,121,127,120,,125,,111,,106,104,69,62,64,58,123,110,113,107,79,81,79,106,,70,78,54,72,73,91,,87,79,59,58,90,90,,78,67,80,79,68,,68,81,98,,115,99,101,123,106,,111,,115,76,,83,69,76,69,80,88,80,84,84,,93,78,72,98,101,97,89,92,94,,,88,88,84,70,,56,79,72,87,128,122,110,166,108,101,97,130,127,,123,70,126,95,68,106,123,,122,,53,78,154,101,142,146,83,53,122,72,88,36,130,57,,,110,128,90,93,,101,102,115,93,,111,100,,,60,118,110,84,98,106,56,68,51,122,62,53,79,71,112,,92,101,,212,143,140,135,82,135,88,82,140,104,117,111,95,98,99,92,124,93,57,84,53,98,92,95,128,136,137,124,122,99,136,112,41,120,142,152,93,93,104,114,104,142,74,129,88,94,72,95,,101,95,49,,114,27,16,,,69,119,98,102,102,109,104,102,74,95,115,110,120,132,111,106,144,79,,85,66,79,98,96,,75,68,66,92,74,58,90,88,72,65,122,128,139,125,132,101,,99,,92,74,86,116,91,208,241,161,184,163,183,172,147,156,146,96,135,110,194,,97,172,203,151,134,90,98,97,96,89,121,102,124,125,91,87,89,91,125,114,,89,84,63,83,75,106,26,50,46,67,93,68,91,79,64,28,37,147,144,163,141,144,64,66,102,86,118,49,80,84,97,95,88,148,158,154,80,111,99,71,66,88,112,81,92,,96,71,105,104,90,85,96,94,80,129,101,,60,106,106,135,136,110,113,106,76,123,104,93,110,114,80,75,63,103,93,91,86,78,80,83,,221,112,104,223,167,110,121,68,140,133,94,178,217,131,97,112,100,104,98,98,116,124,89,96,131,122,98,110,104,116,,91,82,125,120,83,128,6,59,76,51,91,147,127,142,98,82,81,81,75,88,90,,68,,68,73,124,68,96,77,76,92,96,113,113,,79,131,,67,94,139,131,126,139,98,102,92,100,102,98,146,90,77,53,77,76,,66,,84,68,,20,141,137,147,87,84,88,98,,90,134,126,120,,,105,141,108,132,134,97,103,108,106,118,117,114,107,100,97,104,103,113,109,96,106,112,103,91,,111,122,110,37,82,48,70,73,61,66,74,83,84,92,95,96,32,34,112,114,97,120,140,114,121,151,180,236,97,109,97,,94,113,75,79,115,131,103,43,38,64,65,85,93,112,86,81,104,58,83,112,81,97,110,,88,85,67,100,107,111,114,110,100,113,96,113,102,132,148,70,74,130,106,115,84,114,105,102,117,112,99,104,132,137,107,124,116,86,101,97,103,73,83,127,129,121,132,76
20210423,18,O3_8h_24h,101,113,103,96,98,98,105,100,108,114,98,101,,,87,,94,94,96,,93,,81,99,,101,78,,130,128,127,122,132,134,,,106,105,,108,95,104,106,108,,104,,121,119,120,116,103,120,,113,107,129,,125,132,124,97,104,107,110,107,109,107,,105,97,92,94,102,97,,127,124,125,122,121,,112,115,124,129,122,122,,134,136,,,126,134,122,133,98,90,68,,70,63,84,70,90,,79,113,118,135,117,130,,122,121,121,120,62,70,73,76,84,87,104,76,81,52,123,111,103,,118,118,125,114,105,124,135,108,73,72,64,70,88,,78,70,82,69,108,118,120,118,105,102,140,122,120,74,,76,60,75,75,84,85,70,64,66,71,64,54,,,,95,103,,102,104,93,,,,116,,101,84,85,105,90,96,106,104,118,,,,123,114,,93,94,102,96,97,,93,110,109,108,95,108,82,86,,85,,115,108,,82,80,,101,75,80,,81,111,79,77,43,81,48,,,72,66,71,99,95,87,90,,90,,,106,,98,98,,89,115,112,61,73,65,,117,116,115,116,116,109,101,100,115,104,117,128,115,127,118,102,117,117,110,,96,100,104,108,158,120,103,106,98,109,,106,101,101,,118,90,96,91,,90,97,95,83,107,,,80,75,97,94,82,68,109,112,110,111,104,108,110,106,106,99,89,91,90,83,86,85,,99,103,104,103,110,108,113,105,110,116,100,98,193,190,,202,204,228,203,185,211,174,223,122,150,85,118,142,172,,130,118,124,185,96,112,135,124,156,145,176,178,,139,138,163,168,154,175,184,164,144,124,156,,,206,216,212,193,173,222,189,159,107,126,123,136,86,86,88,86,85,82,69,77,77,63,89,94,79,87,,35,53,61,53,44,67,64,,,60,58,41,47,67,,155,153,154,139,,,157,,116,101,117,124,113,,113,116,118,,155,148,147,139,134,135,124,128,119,114,124,131,56,42,54,42,35,38,53,40,,53,53,40,44,,92,93,58,62,,,,107,109,,,,108,99,80,70,87,80,77,,90,111,71,118,118,104,102,109,100,97,108,118,86,113,88,136,,136,132,139,140,144,138,140,146,133,,85,82,88,101,98,95,103,91,90,80,92,87,90,98,128,120,119,118,,78,,80,82,78,80,95,,88,75,,,102,91,86,78,,77,78,70,,97,104,102,,90,104,106,104,114,107,,,,63,,69,69,,65,83,82,76,77,81,81,120,119,113,,75,,,152,,150,129,158,108,110,101,111,96,,74,66,72,72,75,72,60,108,105,90,99,111,112,154,136,154,123,124,128,94,,92,246,214,,135,134,,140,145,144,119,103,,98,145,,,96,96,,132,,136,131,142,123,98,105,,106,109,,117,110,,112,,132,127,127,,131,131,101,100,100,,73,76,68,98,86,89,70,77,79,90,77,95,65,111,102,98,98,86,85,79,90,78,77,82,77,74,84,76,77,81,108,95,100,,101,138,129,137,120,146,117,136,151,123,136,89,88,87,,94,108,100,,111,99,104,93,97,,103,53,103,,78,,85,81,88,75,114,117,114,,,,108,,104,,88,92,88,,108,99,95,108,108,,106,,40,47,46,58,103,110,,116,115,120,113,148,123,,91,,,106,60,53,60,108,82,100,116,96,78,87,79,79,106,101,88,95,107,99,55,55,96,78,79,63,138,134,128,135,138,,127,142,133,140,85,84,89,85,,,,,106,101,,107,71,75,68,76,87,68,83,86,77,94,75,162,166,64,62,68,,92,84,73,,102,102,,107,65,61,39,43,40,,45,38,72,74,80,70,,121,111,72,123,119,129,123,86,96,,77,87,99,90,104,60,56,91,91,,89,,72,79,79,66,70,106,98,78,82,,,90,95,77,72,112,102,118,121,134,128,95,,87,116,115,64,72,80,69,61,96,,109,93,95,97,100,110,105,100,117,100,93,94,88,,57,55,,105,97,62,70,,,97,107,98,102,100,116,120,114,120,,,129,119,119,111,101,,102,144,135,119,144,139,128,,122,126,122,,,115,122,,128,119,122,,127,,124,134,,,107,82,,,136,146,137,,,93,94,92,94,133,127,137,99,83,98,112,92,82,78,68,62,92,76,76,84,88,88,90,81,,92,94,89,,107,96,125,119,90,108,95,92,111,113,117,119,,,108,142,128,119,118,124,113,121,122,112,119,91,94,107,102,96,107,,,110,84,71,81,92,96,,84,118,125,,127,130,131,,127,126,134,128,132,96,115,98,83,93,94,64,75,81,106,94,,98,107,99,72,135,129,,128,,125,,,,131,132,138,126,119,118,,87,,89,98,91,110,113,107,121,107,109,114,111,114,87,107,104,104,113,113,116,116,98,,103,80,72,84,76,78,105,128,119,118,110,128,114,118,137,,98,109,105,106,96,104,98,109,103,103,123,110,122,121,127,,,129,128,100,98,94,92,97,110,110,126,,107,113,113,,90,94,94,103,,108,102,116,,127,122,121,113,122,101,104,100,99,105,97,104,105,,113,116,116,66,53,,64,63,87,81,85,82,70,70,67,63,81,70,,66,76,68,,90,91,,87,96,105,108,,87,98,96,40,25,103,106,107,100,107,105,85,96,89,89,88,100,86,95,90,89,82,87,84,86,80,91,90,80,91,81,78,82,74,80,86,81,63,81,77,88,43,83,79,110,97,100,104,53,65,59,72,88,74,98,108,108,105,102,102,95,105,104,103,106,87,90,92,102,99,96,97,24,39,,38,89,98,108,107,106,114,114,117,131,140,131,128,151,149,,,90,73,77,,62,23,38,51,42,25,,102,68,72,,,,,114,120,110,113,122,114,124,118,,95,124,145,128,137,141,135,111,117,102,145,,,,,63,57,139,149,141,133,88,,96,135,134,140,134,134,128,133,153,162,123,127,137,136,,143,138,143,128,150,167,115,132,144,,124,122,,116,133,,121,127,120,,125,,111,,106,104,76,62,70,58,123,110,113,107,86,85,83,106,,70,78,74,74,93,99,,106,107,61,66,90,93,,82,68,80,79,88,,68,81,99,,115,99,101,123,106,,111,,115,83,,83,77,76,72,80,88,82,84,84,,93,79,72,98,101,106,102,100,106,,,88,88,84,70,,56,79,72,87,129,122,110,166,108,101,97,130,127,,123,76,126,95,68,106,123,,122,,62,78,154,101,142,146,83,83,123,75,89,78,130,72,,,110,128,90,93,,101,102,115,93,,111,100,,,60,118,110,84,98,106,56,68,52,122,62,53,79,71,112,,92,101,,212,143,140,135,90,135,94,82,140,109,117,111,95,98,99,92,124,93,72,84,69,98,94,97,128,136,137,124,122,99,136,112,41,120,142,152,93,94,104,114,104,142,74,129,88,95,72,95,,101,95,62,,118,27,36,,,69,119,98,102,102,109,104,102,74,106,115,110,120,132,111,106,144,79,,86,66,79,98,96,,78,68,66,92,74,58,90,88,72,65,122,128,139,128,132,101,,99,,92,74,86,116,91,208,241,161,184,163,183,172,147,156,146,96,135,110,194,,97,172,203,153,134,90,98,97,96,89,121,102,124,125,91,87,89,91,125,114,,89,84,106,114,116,106,26,50,90,70,93,90,91,79,64,28,57,147,144,163,141,144,99,71,102,86,118,61,80,84,97,95,88,149,158,154,81,117,99,72,68,88,112,81,92,,96,73,105,104,90,85,96,94,80,129,101,,68,106,106,135,136,110,113,106,76,123,104,93,110,114,80,75,63,103,93,92,86,78,80,83,,221,114,105,223,167,110,121,73,140,136,95,178,217,131,97,112,100,104,98,98,116,124,89,96,131,122,98,110,104,116,,91,87,125,120,113,128,6,59,76,51,91,147,127,142,98,82,81,82,90,88,90,,77,,73,79,127,68,96,77,76,92,96,113,113,,91,131,,67,94,139,131,126,139,98,102,92,100,102,98,146,90,77,54,77,76,,66,,84,75,,32,141,137,147,87,84,88,98,,90,134,126,120,,,105,141,108,132,134,97,103,108,106,118,117,114,107,100,97,104,103,113,109,96,106,112,106,91,,111,122,114,37,82,48,76,73,61,66,74,83,88,92,103,104,32,34,112,114,121,132,140,114,125,151,180,236,97,109,97,,94,113,75,79,122,131,103,91,68,69,74,85,93,112,86,81,104,60,83,112,81,97,110,,90,87,67,106,126,111,114,127,100,113,96,113,102,132,148,74,97,130,112,115,84,114,105,102,117,112,99,104,132,137,107,124,116,107,108,104,110,73,83,127,129,126,132,76
20210423,18,CO,0.4,0.4,0.5,0.3,0.4,0.4,0.4,0.4,0.4,0.4,0.3,0.4,,,0.8,,1,0.8,0.8,,0.7,,0.7,0.7,,0.7,0.5,,0.6,0.5,0.4,0.5,0.6,0.3,,,0.5,1.5,,0.4,0.6,0.5,0.3,0.4,,0.3,,0.5,0.4,0.5,0.3,0.4,0.5,,0.4,0.3,0.8,,0.9,0.7,0.6,0.7,0.6,0.6,0.5,0.5,0.3,0.4,,0.3,0.4,0.4,0.5,0.3,0.4,,0.4,0.5,0.4,0.1,0.5,,0.5,0.4,0.4,0.6,0.5,0.5,,0.3,0.4,,,0.5,0.5,0.5,0.6,0.7,0.9,0.9,,0.7,1.2,0.8,0.9,0.9,,0.8,0.4,0.6,0.9,0.7,0.5,,0.6,0.8,0.4,0.6,0.6,0.8,0.6,0.7,0.4,0.5,0.6,0.5,0.6,0.5,0.4,0.7,0.7,,0.4,0.4,0.6,0.6,0.1,0.7,0.7,0.7,1.2,1,0.7,1.2,0.7,,1.1,0.7,0.7,0.9,1.2,0.7,0.6,1.1,0.9,0.9,0.8,0.7,0.8,0.8,,1.3,1.4,1,1.1,1.3,1.4,0.7,0.9,1,1.1,1,1.1,,,,0.8,0.6,,0.7,0.8,0.9,,,,0.7,,1,0.9,1.1,0.9,1,1.1,1,1,1.2,,,,0.9,1.1,,0.8,0.8,0.7,0.6,0.6,,1,0.8,1,1.1,0.8,1,0.6,0.5,,0.7,,0.9,1,,0.9,0.6,,0.9,1,0.9,,0.9,1.1,0.9,0.2,0.8,1.1,0.8,,,0.8,0.9,1,0.6,0.6,0.6,0.6,,1.1,,,0.9,,1.2,1,,0.9,0.7,0.6,0.6,0.5,0.6,,1,0.9,0.9,0.7,0.7,0.6,0.7,0.7,0.5,0.6,0.6,0.6,0.5,0.5,0.4,0.6,0.5,0.6,0.5,,0.6,0.6,0.6,0.6,0.5,0.4,0.4,1.1,0.9,0.7,,,1.3,1,,0.9,0.4,0.4,0.5,,0.2,0.4,0.5,0.5,,,,0.4,0.7,0.6,,0.6,0.8,0.8,0.9,0.9,0.9,0.7,0.6,1.1,0.9,0.7,0.7,0.8,0.6,0.8,0.7,0.9,0.7,,0.7,0.7,1,1.1,0.9,0.7,0.9,1,0.8,0.8,1,0.8,0.9,0.8,,0.7,0.6,0.8,0.8,0.7,0.7,0.7,0.6,0.6,0.7,0.7,0.6,0.6,0.8,,0.5,0.7,0.6,0.7,0.4,0.6,0.2,0.7,0.7,0.7,0.5,0.7,,0.5,0.6,0.6,0.8,0.7,0.5,0.5,0.7,0.6,0.4,0.6,,,0.7,0.7,0.8,0.5,0.6,0.5,0.7,0.4,0.6,0.6,0.5,0.4,0.6,0.7,0.5,0.6,0.2,0.3,0.5,0.5,0.4,0.6,0.5,0.5,0.5,0.7,,0.6,0.8,1,1,0.9,0.6,0.3,,,1,0.5,0.3,0.8,0.9,,0.7,0.6,0.7,0.7,,,0.6,,0.6,0.5,0.8,0.7,0.7,,0.6,0.7,0.7,,0.5,0.4,0.5,0.3,0.5,0.6,0.5,0.5,0.5,0.4,0.7,0.4,0.8,1.1,0.7,0.8,0.9,0.8,0.9,,,0.8,0.8,1,0.9,,0.6,0.8,0.7,0.6,,,,0.2,0.5,,,,0.2,0.4,0.4,0.4,0.4,0.5,0.3,,0.4,1,0.6,0.9,0.9,0.9,0.7,0.8,0.7,0.8,0.9,0.6,0.5,,0.5,0.8,,0.6,0.6,0.7,0.6,0.7,0.6,0.7,0.7,1.2,,1,1.1,1,0.5,0.6,0.6,0.7,1,1,0.8,0.7,0.6,0.8,0.6,0.4,0.4,0.4,0.3,,0.8,,0.7,1,1,0.9,0.5,,0.6,0.3,,,0.6,0.6,1,0.2,,0.8,0.7,0.6,,0.7,0.4,0.5,,0.7,0.7,0.5,0.4,0.7,0.3,,,,0.8,,0.3,1,,1.1,0.5,0.6,0.7,1,0.8,0.7,0.5,0.4,0.6,,0.6,,,0.8,,0.9,0.2,1,0.2,0.5,0.5,0.6,0.5,,0.6,0.5,0.6,0.6,0.6,0.5,0.4,0.7,0.6,0.3,0.6,0.6,0.6,0.7,,0.6,0.6,0.6,0.5,0.6,,0.6,0.7,0.8,,0.6,0.7,,0.7,0.6,0.9,0.6,0.5,,0.6,0.6,,,0.3,0.5,,0.5,,0.6,0.4,0.4,0.5,0.9,1.1,,0.7,1,,0.8,0.4,,0.6,,0.7,0.6,0.6,,0.8,0.7,0.9,0.6,0.6,,0.8,0.8,1.2,1.3,1.8,0.8,0.5,0.6,0.6,0.5,0.6,0.6,0.7,0.8,0.3,0.7,0.8,0.6,0.4,0.8,0.9,0.9,1,0.9,1,0.9,1,0.9,1,0.7,0.5,0.5,0.4,,0.3,0.7,0.8,0.5,0.5,0.7,0.5,0.5,0.3,0.3,0.2,0.8,0.7,0.8,,1.2,0.7,0.9,,0.7,0.8,0.7,0.8,0.7,,0.7,0.4,0.8,,0.9,,1,0.9,0.6,1.1,0.4,0.3,0.7,,,,0.6,,0.6,,1,0.9,0.9,,0.6,0.8,0.8,1,0.9,,0.9,,0.9,1,0.7,0.8,0.6,0.8,,0.8,0.8,0.7,0.5,0.7,0.8,,1,,,0.8,0.6,0.9,,0.5,0.9,0.8,0.8,,0.5,0.4,0.5,0.6,0.6,0.8,0.5,0.8,0.9,0.6,0.5,0.4,0.8,0.5,0.8,0.6,0.8,0.8,0.9,0.8,0.7,,1.2,0.1,0.3,0.1,0.6,0.7,0.8,0.6,,,,,0.6,0.5,,0.5,1.1,0.9,0.7,0.6,0.7,0.7,0.7,0.5,0.6,0.7,0.4,0.3,0.3,0.8,0.9,1,,0.7,0.9,1,,0.6,0.7,,0.7,0.8,0.8,1,1,1,,0.9,0.9,0.8,0.8,0.8,0.8,,0.5,0.6,0.4,0.4,0.4,0.5,,0.2,0.4,,0.4,0.3,0.2,0.2,0.3,0.4,0.6,0.3,0.3,,0.7,,0.8,0.8,0.8,0.7,0.5,0.5,0.3,0.4,0.5,,,0.6,0.5,0.6,0.8,0.5,0.6,0.6,0.7,0.5,0.5,0.9,,0.9,0.9,0.9,1.8,2,2.1,1.2,1.3,0.8,,0.9,1,1,0.9,1,1,0.8,1,1,1.2,1.5,1.1,0.8,,1,0.9,,0.8,0.8,1,1.1,,,0.7,0.4,0.3,0.4,0.3,0.8,0.6,0.8,0.8,,,0.4,1,1,1.2,0.9,,1.2,0.6,0.5,0.7,0.6,0.6,0.4,,0.3,0.5,0.7,,,0.8,0.8,,0.7,0.5,,,0.6,,0.9,0.8,,,0.1,0.5,,,0.8,0.6,0.3,,,0.4,0.4,0.2,0.2,0.4,0.4,0.4,0.5,0.7,0.6,0.8,0.5,1,1,1,0.8,1.1,1,0.9,0.7,0.6,0.6,0.7,0.5,,0.5,0.6,1,,1,0.6,0.5,0.6,0.5,0.4,0.4,0.1,0.5,0.6,0.5,0.8,,,0.6,0.5,0.4,0.3,0.4,0.4,0.2,0.4,0.3,0.4,0.4,0.5,0.6,0.5,0.6,0.8,0.5,,,0.6,0.3,0.4,0.2,0.5,0.5,,0.3,0.3,0.5,,0.5,0.6,0.4,,0.5,0.6,0.5,0.5,0.4,0.6,0.6,0.6,0.8,0.6,0.9,0.7,0.5,0.8,0.5,0.4,,0.5,0.7,0.5,0.9,0.6,0.8,,0.5,,0.5,,,,0.5,0.4,0.6,0.7,0.5,0.6,,0.8,,0.7,0.7,0.7,0.5,0.5,0.4,0.6,0.6,0.5,0.6,0.5,0.5,0.3,0.7,,0.7,0.4,0.5,0.4,0.4,0.4,,0.3,0.3,1.1,0.7,0.8,0.6,1,0.9,1.3,0.8,1.3,0.5,0.6,0.5,,,0.5,0.5,0.4,0.4,0.5,0.9,0.6,0.6,1.6,1.2,0.6,,0.8,0.6,0.8,,,0.7,0.8,0.6,0.5,0.6,0.6,0.8,0.5,0.7,0.6,,0.6,0.5,0.3,,0.7,0.8,0.7,0.7,,0.7,0.6,0.8,,0.7,0.7,0.7,0.7,0.7,0.8,0.9,0.8,0.6,0.7,0.5,0.5,0.5,,0.5,0.4,0.5,1.2,1.6,,1.4,1.2,0.6,0.7,0.8,0.6,0.7,0.6,0.9,0.8,0.9,0.8,,0.4,0.5,0.6,,0.8,0.9,,0.7,0.7,0.6,0.7,,0.8,0.6,0.4,0.9,1.1,0.9,0.8,1.1,0.7,1,1.1,0.7,0.8,0.6,0.6,0.7,1.5,1,1.5,1.1,1.1,0.8,1,0.8,0.6,0.8,0.9,0.9,1,,1,,,0.6,0.9,1.1,0.9,0.7,0.7,1.4,,0.5,0.9,0.7,0.8,0.7,0.7,0.6,0.7,0.5,0.5,0.7,1,0.6,0.6,0.5,0.7,,0.5,0.7,0.6,0.8,0.8,0.6,0.5,0.5,0.5,0.6,0.7,0.6,0.6,0.6,0.3,0.6,,0.6,0.5,0.6,0.4,1.1,0.5,0.9,0.8,0.9,0.8,0.7,0.7,0.6,0.6,0.6,,,0.8,0.6,0.8,,0.8,,0.7,1,0.8,1.2,,0.6,0.6,0.5,,,,,0.5,0.5,0.7,0.5,0.5,0.5,0.5,0.4,,0.4,0.5,0.4,0.5,0.4,0.4,0.8,1,0.6,0.7,0.5,,,,,0.4,0.6,0.5,0.4,0.4,0.5,0.5,,0.9,0.3,0.4,0.3,0.2,0.4,0.4,0.5,0.4,0.2,0.6,0.8,0.5,0.6,,0.5,0.6,0.4,0.7,0.7,0.5,0.5,0.4,0.8,,1.3,0.8,,0.5,0.4,,0.4,0.3,0.5,,0.6,,0.3,,0.3,0.1,,0.7,0.7,0.7,0.9,0.9,0.8,,0.6,0.7,0.7,1.3,,0.6,0.6,0.4,0.7,,0.5,,0.2,0.4,0.4,0.6,0.3,0.3,,1,0.8,0.1,0.3,0.6,,0.6,0.5,0.3,,0.7,,0.8,0.4,0.5,,0.5,,0.5,0.7,,0.7,0.6,0.7,0.7,0.5,0.5,0.2,0.3,0.4,,0.2,0.2,0.2,0.2,,0.2,0.5,0.5,0.3,,,0.4,0.2,0.3,0.6,,0.6,0.4,0.5,0.4,0.3,0.3,0.8,0.6,0.7,0.7,0.8,0.2,0.4,,0.5,0.8,0.7,0.5,0.9,1,1,,0.5,,0.6,0.2,0.6,0.5,0.5,0.6,,0.6,0.6,0.7,0.8,0.8,0.8,0.5,,,0.4,0.2,1,0.7,,0.5,0.7,0.6,0.6,,0.8,1,,,1.2,,0.8,0.6,0.8,0.7,1.5,1.3,1.1,0.9,0.5,0.6,0.6,0.8,0.6,,1,0.6,,0.5,0.7,0.4,0.6,0.4,0.3,0.4,0.3,0.6,0.9,1.3,1,0.7,1,0.5,0.6,0.4,0.4,0.7,0.3,0.8,0.5,0.4,0.6,0.4,0.8,0.6,0.6,0.6,0.3,1,0.3,1.1,0.8,0.7,0.8,0.9,0.8,0.9,,0.6,0.7,1.4,0.6,0.7,0.6,0.7,1.2,,0.5,0.8,0.5,,0.5,0.8,0.6,,,0.7,0.4,0.4,0.7,0.7,0.3,0.6,0.9,0.4,0.3,0.7,0.4,0.6,0.6,0.4,0.7,,0.6,,0.7,0.9,0.4,0.8,0.5,,0.3,0.6,0.8,0.7,0.9,0.9,0.7,0.9,1,0.7,0.4,0.4,0.5,0.7,0.3,0.5,,1.1,,1.2,1,0.8,0.8,0.9,0.8,0.8,0.8,0.6,0.7,0.8,0.7,0.6,0.6,0.5,0.6,0.5,0.6,0.5,,0.4,0.8,0.7,0.6,0.3,0.3,0.4,0.8,0.5,0.8,0.4,0.6,0.6,0.5,0.7,0.8,0.9,1,0.8,0.6,,0.7,0.9,0.6,0.5,0.5,0.4,0.8,0.7,,0.7,0.8,0.5,0.6,0.6,0.4,0.4,,0.6,0.9,0.8,0.7,0.6,0.3,0.3,0.3,0.4,0.3,,1,1,0.4,0.5,0.5,0.3,0.4,0.4,1.6,0.6,0.4,0.7,0.7,0.7,0.9,0.5,0.6,,0.7,1,0.9,0.9,1.1,0.8,1,0.9,0.9,0.5,0.9,,0.5,0.4,0.3,0.5,0.3,0.8,1,0.7,1.1,0.6,0.8,1,1.1,0.9,,0.9,1.2,0.9,0.4,0.3,0.2,0.5,0.3,0.3,,0.7,0.3,0.8,0.7,0.5,0.5,0.5,0.4,0.5,0.6,0.6,0.7,0.8,0.6,,0.5,0.3,0.5,1,0.9,0.3,0.6,0.8,0.8,0.5,0.7,0.7,0.6,0.5,0.4,,0.3,1,0.7,0.6,0.5,0.6,0.9,0.4,0.8,0.6,0.4,0.8,0.6,0.8,1.2,0.5,0.6,0.5,0.4,0.8,0.5,,0.6,,0.5,0.1,0.4,0.8,0.6,0.3,0.3,0.8,0.3,0.7,0.6,,0.7,0.6,,0.8,0.4,0.5,0.5,0.4,0.4,0.6,0.6,0.6,0.6,0.6,0.5,0.3,1,0.5,0.6,0.5,0.5,,1,,0.7,0.6,,1.1,0.4,0.2,0.4,0.9,0.9,1.2,0.5,,0.7,0.4,0.4,0.4,,,1.1,0.5,0.4,0.4,0.3,0.6,0.7,0.4,0.4,0.5,0.4,0.4,0.3,0.2,0.5,0.3,0.4,0.4,0.6,0.4,0.6,0.9,0.6,0.8,,0.5,0.7,0.7,0.8,0.7,0.9,1,1,0.7,0.9,0.9,0.5,0.2,0.5,0.4,0.5,0.7,0.6,0.4,0.7,1.1,0.8,0.6,0.4,0.7,0.6,0.7,,0.7,1.9,0.6,,1,0.4,0.9,0.8,0.6,0.6,0.5,0.8,0.4,0.4,0.2,0.7,0.4,0.5,0.7,,,0.8,0.7,0.5,0.8,0.9,0.9,,0.6,0.3,1.5,0.3,0.8,0.3,0.2,0.7,0.4,0.4,0.4,0.4,0.4,0.4,0.7,1,0.4,0.6,1,0.6,0.5,1,0.4,0.5,0.4,0.4,0.5,0.3,0.5,0.3,0.6,0.4,0.3,0.4,0.6,0.3,0.6,1,0.6,0.5,0.4,0.4,0.8,0.5
20210423,18,CO_24h,0.5,0.6,0.6,0.5,0.5,0.6,0.5,0.5,0.5,0.7,0.5,0.6,,,0.7,,0.9,0.7,0.7,,0.8,,0.8,1.2,,0.8,0.7,,0.6,0.7,0.5,0.7,0.6,0.5,,,0.6,0.7,,0.6,0.6,0.4,0.3,0.3,,0.2,,0.6,0.5,0.6,0.4,0.5,0.6,,0.5,0.4,0.6,,0.8,0.8,0.7,0.7,0.6,0.7,0.6,0.5,0.4,0.5,,0.4,0.5,0.6,0.7,0.5,0.6,,0.5,0.6,0.5,0.2,0.9,,0.7,0.8,0.7,1,0.8,0.7,,0.5,0.5,,,0.6,0.6,0.5,0.7,0.7,0.7,0.7,,1,1,0.6,0.7,0.7,,0.9,0.4,0.6,0.7,0.6,0.4,,0.4,0.4,0.4,0.6,0.6,0.7,0.6,0.7,0.5,0.5,0.6,0.5,0.5,0.5,0.5,0.6,0.8,,0.4,0.6,0.6,0.4,0.2,0.6,0.6,0.7,1,1,0.9,0.9,0.7,,1,0.7,0.7,0.9,1.1,0.8,0.5,1,1,0.8,1,0.8,0.9,0.7,,1.2,1.2,0.8,0.9,1.1,1,0.7,0.9,0.9,1,0.9,1,,,,0.8,0.7,,0.9,0.8,1,,,,0.8,,1,0.9,1.1,0.8,0.9,1,0.9,1,1.1,,,,0.8,1.1,,0.9,0.7,1,0.6,0.7,,1,0.7,0.9,0.9,0.8,0.8,0.8,0.7,,0.8,,1.1,1,,0.8,0.5,,0.8,0.9,0.9,,0.8,1,0.9,0.6,0.6,0.8,0.5,,,0.6,0.7,0.8,0.6,0.6,0.4,0.5,,0.9,,,0.9,,1,0.9,,0.6,0.5,0.3,0.5,0.4,0.4,,0.8,0.7,0.8,0.6,0.7,0.6,0.6,0.6,1,0.7,0.7,0.8,0.7,0.7,0.6,0.6,0.6,0.8,0.5,,0.7,0.7,0.7,0.7,0.5,0.4,0.5,1.1,1,0.8,,0.8,1.3,1.1,,0.9,0.5,0.5,0.6,,0.4,0.5,0.6,0.6,0.6,,,0.3,0.7,0.7,0.5,0.5,0.6,0.8,0.9,0.8,0.9,0.7,0.6,1.1,0.9,0.6,0.8,0.8,0.7,1,0.9,0.9,0.7,,0.7,0.7,1,1.1,0.8,0.8,0.8,0.8,0.8,0.8,1,0.8,1,0.9,,0.8,0.8,0.8,1,0.8,0.8,0.8,0.9,0.6,0.7,0.7,0.7,0.5,0.8,,0.6,0.7,0.6,0.7,0.5,0.7,0.3,0.7,0.7,0.8,0.6,0.7,,0.6,0.7,0.6,0.7,0.7,0.5,0.5,0.8,0.7,0.4,0.6,,,0.8,0.8,0.9,0.6,0.7,0.7,0.7,0.6,0.7,0.7,0.5,0.5,0.7,0.8,0.6,0.7,0.6,0.7,0.6,0.6,0.4,0.6,0.7,0.5,0.4,0.7,,0.7,0.8,1,1,0.9,0.6,0.3,,,0.9,0.7,0.4,0.8,1.1,,0.8,0.8,0.9,0.8,,,0.8,,0.5,0.5,0.6,0.7,0.7,,0.6,0.6,0.7,,0.6,0.6,0.6,0.5,0.6,0.8,0.5,0.5,0.5,0.4,0.6,0.4,0.8,1.1,0.8,0.8,0.9,0.9,0.8,0.9,,0.7,0.7,0.9,0.9,,0.8,0.7,0.8,0.6,,,,0.6,0.7,,,,0.5,0.7,0.5,0.8,0.5,0.5,0.4,,0.4,0.9,0.6,0.9,0.9,0.9,0.7,0.8,0.7,0.7,0.8,0.6,0.6,0.8,0.5,1.1,,0.9,1,0.9,0.8,0.8,0.7,0.7,0.7,0.6,,1,1.3,1.1,0.5,0.6,0.6,0.6,0.9,1,0.9,0.7,0.6,0.7,0.6,0.5,0.5,0.5,0.4,,0.7,,0.7,1,1,0.9,0.7,,0.8,0.5,,,0.8,0.8,1.3,0.6,,0.7,0.8,0.9,,0.9,0.4,0.6,,0.7,0.6,0.3,0.7,0.6,0.3,,,,0.9,,0.6,1.1,,1,0.6,0.7,0.8,1,0.8,0.7,0.4,0.4,0.5,,0.8,,,0.7,,1,0.6,0.8,0.2,0.5,0.5,0.6,0.8,,0.7,0.5,0.6,0.6,0.6,0.5,0.4,0.6,0.6,0.4,0.7,0.7,0.6,0.7,0.6,0.6,0.7,0.8,0.6,0.6,,0.5,0.9,1,,0.6,0.7,,0.7,0.6,0.8,0.7,0.6,,0.6,1.1,,,0.5,0.7,,0.7,,0.9,0.6,0.8,0.8,1,1.5,,1.1,1.3,,1.1,0.7,,0.9,,0.9,0.8,0.8,,1,0.9,0.7,0.4,0.4,,0.6,0.6,0.9,0.7,0.7,0.5,0.4,0.7,0.6,0.7,0.6,0.6,1.8,0.6,0.4,0.7,0.6,0.5,0.3,0.8,0.9,0.8,1,1,0.8,0.8,0.7,0.8,0.8,0.6,0.6,0.5,0.4,,0.3,0.5,0.6,0.5,0.5,0.6,0.5,0.4,0.4,0.3,0.2,0.8,0.7,0.8,,1.3,0.9,1,,0.7,1,0.8,0.9,0.9,,0.6,0.6,0.7,,1,,1.1,1,0.6,1.1,0.6,0.4,0.8,,,,0.7,,0.6,,0.9,0.8,0.8,,0.6,0.9,0.8,0.9,0.9,,0.8,,0.9,1,0.6,0.8,0.7,0.8,,0.9,0.8,0.8,0.6,0.8,0.8,,1,,,0.8,0.5,0.8,0.9,0.5,0.9,1.5,0.8,1,0.6,0.5,0.5,0.6,0.7,0.9,0.7,0.9,1.1,0.7,0.5,0.4,0.9,0.7,1,0.7,0.8,0.9,0.9,0.8,0.7,,1.5,0.2,0.8,0.7,0.8,1,0.8,0.8,,,,,0.8,0.7,,0.6,1,0.9,0.7,0.6,0.7,0.8,0.7,0.5,0.5,0.7,0.4,0.5,0.5,0.7,0.9,1,,0.8,0.9,0.9,,0.7,0.9,,1.1,0.6,0.6,0.8,0.7,0.8,,0.7,0.7,0.8,0.8,0.8,0.8,,0.6,0.8,0.7,0.6,0.6,0.6,0.6,0.2,0.4,,0.4,0.4,0.1,0.2,0.3,0.6,0.8,0.5,0.5,,0.6,,0.8,0.6,0.6,0.7,0.7,0.5,0.3,0.4,0.5,,,0.5,0.5,0.5,0.6,0.4,0.5,0.5,0.4,0.7,0.6,0.7,,0.9,0.8,0.8,1,1,1.3,1,1.1,0.7,,0.9,1,1,0.9,1,1.1,1,1.1,1,1.3,1.3,1,0.7,,1,0.9,,0.7,0.6,0.8,1,,,0.8,0.4,0.3,0.4,0.3,0.8,0.6,0.8,0.9,,,0.4,1,1.1,1.2,1,,1.2,0.7,0.7,0.9,0.9,0.7,0.6,,0.6,0.7,0.7,,,0.7,0.7,,0.9,0.7,0.9,,0.7,,0.7,0.7,,,0.1,0.5,,,0.8,0.6,0.4,,,0.3,0.3,0.3,0.2,0.6,0.5,0.4,0.6,0.6,0.5,0.7,0.5,0.8,0.9,0.8,0.8,0.8,0.6,0.6,0.5,0.6,0.5,0.6,0.5,,0.5,0.6,0.7,,1,0.7,0.6,0.8,0.7,0.4,0.3,0.1,0.4,0.6,0.5,0.9,,,0.6,0.7,0.8,0.9,0.7,0.8,0.6,0.6,0.4,0.5,0.5,0.6,1.2,1.2,1,1.2,0.8,,,1,0.3,0.3,0.2,0.5,0.5,,0.3,0.4,0.7,,0.6,0.7,0.5,,0.6,0.8,0.6,0.6,0.5,0.6,0.7,0.7,0.9,0.7,0.8,0.8,0.6,0.9,0.6,0.5,,0.6,0.7,0.5,1,0.8,0.9,,0.6,,0.6,,,,0.7,0.6,0.7,0.8,0.6,0.6,,0.9,,0.8,1,0.8,0.8,0.7,0.7,0.6,0.8,0.6,0.5,0.7,0.5,0.3,0.5,0.5,0.5,0.6,0.6,0.5,0.5,0.5,,0.3,0.3,0.8,0.6,0.7,0.5,1,1.9,1.5,1.4,1.4,0.6,0.6,0.6,0.4,,0.6,0.5,0.4,0.4,0.6,1,0.9,0.6,1.5,1.1,0.7,0.8,0.8,0.6,1,,,0.8,1,0.7,0.6,0.7,0.8,0.8,0.6,0.7,0.7,,0.9,0.6,0.5,,0.7,0.7,0.7,0.8,,0.8,0.7,0.9,,0.8,0.7,0.7,0.7,0.8,0.8,0.9,0.8,0.6,0.8,0.7,0.7,0.7,,0.5,0.4,0.5,1.3,1.4,,1.5,1.2,0.7,0.7,0.8,0.6,0.8,0.7,0.9,0.8,0.9,1,,0.5,0.5,0.7,,0.9,0.8,,0.8,0.7,0.6,0.7,,0.8,0.6,0.5,0.7,1.1,0.9,0.9,1.1,0.8,1,1,0.7,0.8,0.6,0.6,0.8,1.3,0.9,1.5,1,0.8,0.9,0.8,0.9,0.7,0.8,0.9,0.8,0.9,1,1,0.8,0.5,0.7,0.9,0.8,0.8,0.6,0.6,1.1,0.6,0.5,0.8,0.5,1.3,0.8,0.8,0.8,0.7,0.5,0.5,0.7,1,1.3,0.5,0.5,0.9,0.8,0.5,0.7,0.6,0.9,0.9,0.5,0.7,0.6,0.6,0.6,0.8,0.6,0.5,0.5,0.4,0.8,,0.7,0.5,0.6,0.4,0.5,0.6,0.9,0.9,0.9,0.9,0.8,0.8,0.7,0.7,0.8,,,0.8,0.6,0.7,,0.8,0.4,0.8,1,1.1,1.2,,0.6,0.7,0.5,,,,,0.6,0.6,0.7,0.6,0.6,0.6,0.6,0.4,,0.4,0.6,0.5,0.7,0.7,0.6,0.6,0.7,0.5,0.6,0.4,,,,,0.2,0.4,0.6,0.5,0.4,0.5,0.7,,0.9,0.4,0.5,0.5,0.4,0.5,0.5,0.5,0.4,0.5,0.7,0.8,0.6,0.7,,0.6,0.6,0.5,0.7,1.1,0.7,0.7,0.5,0.8,,1.5,0.9,,0.6,0.5,,0.4,0.3,0.5,,0.6,,0.4,,0.4,0.4,0.6,0.7,0.6,0.6,0.8,0.7,0.8,0.7,0.6,0.6,0.6,0.7,,0.7,0.8,0.3,0.5,0.7,0.6,,0.4,0.4,0.4,0.6,0.3,0.3,,0.9,0.7,0.2,0.3,0.5,,0.8,0.7,0.5,,0.5,0.5,0.7,0.6,0.6,,0.5,,0.5,0.6,,0.5,0.6,0.7,0.6,0.5,0.5,0.3,0.3,0.4,,0.3,0.2,0.3,0.3,0.2,1,0.5,0.5,0.4,,,0.4,0.3,0.6,0.5,,0.7,0.4,0.5,0.5,1.1,0.3,1.2,0.9,0.7,0.8,0.7,0.5,0.6,,0.7,0.7,0.7,0.6,0.6,0.9,0.9,,0.6,,0.7,0.4,0.8,0.6,2.1,1.9,0.6,0.4,0.7,0.6,0.8,0.8,0.8,0.5,,,0.5,0.2,0.9,0.6,,0.7,0.9,0.8,0.7,,0.9,1,,,1.4,0.9,0.8,0.8,0.9,0.7,1.4,1.2,1.1,0.8,0.6,0.8,0.7,0.7,1,,0.9,0.8,,1,0.7,0.5,0.6,0.3,0.4,0.4,0.4,0.7,1,0.8,0.9,0.6,0.8,0.5,1.1,0.4,0.4,0.6,0.4,0.8,0.5,0.6,0.7,0.4,0.7,0.6,0.5,0.5,0.4,0.8,0.2,1.2,0.9,0.8,0.9,0.9,0.8,1,0.7,0.7,0.8,1.6,0.8,1.1,1,0.7,1.1,,0.7,0.8,0.7,,0.6,0.8,0.5,,,0.8,0.5,0.6,0.9,0.8,0.3,0.7,0.9,0.5,0.4,0.7,0.7,0.8,0.8,0.4,0.8,0.6,0.7,,0.8,0.7,0.6,0.8,0.7,,0.4,0.6,0.7,0.7,0.7,0.9,0.7,0.7,0.8,0.7,0.6,0.7,0.7,0.7,0.4,0.9,,1.3,,1.1,0.9,0.9,0.9,0.9,0.9,1,1,0.8,0.7,0.9,0.8,0.8,0.6,0.7,0.6,0.5,0.7,0.6,,0.5,0.9,0.9,0.6,0.3,0.5,0.4,0.7,0.6,0.8,0.5,0.7,0.8,0.5,0.8,0.8,0.8,0.9,0.9,0.7,,0.8,1,0.7,0.7,0.6,0.7,0.7,0.7,0.8,0.7,0.9,0.6,0.7,0.8,0.4,0.5,0.5,0.8,1,0.8,0.6,0.8,0.4,0.7,0.3,0.5,0.2,0.9,1.2,1.1,0.6,0.6,0.6,0.4,0.5,0.6,1.8,0.5,0.5,0.8,0.7,0.7,0.9,0.7,0.6,,0.9,0.7,0.9,1,1,0.7,0.9,0.7,0.8,0.7,1,,0.7,0.4,0.5,0.8,0.4,0.9,0.9,0.7,0.9,0.6,0.8,0.9,1,0.9,1,0.9,1.1,1,0.5,0.3,0.2,0.5,0.4,0.4,,0.8,0.4,0.7,0.8,0.5,0.6,0.6,0.4,0.5,0.5,0.6,0.7,0.8,0.8,,0.5,0.5,0.5,0.8,0.8,0.4,0.8,0.8,0.8,0.6,0.7,0.9,0.6,0.5,0.5,,0.4,0.8,0.8,0.8,0.6,0.6,0.9,0.8,0.8,0.7,0.5,0.9,0.8,0.9,1.2,0.6,0.8,0.7,0.6,0.9,0.5,,0.7,,0.5,0.3,0.2,0.8,0.8,0.5,0.6,1.1,0.7,0.8,0.6,,0.7,0.4,,0.7,0.7,0.5,0.5,0.5,0.3,0.7,0.7,0.6,0.7,0.7,0.4,0.4,1,0.5,0.5,0.6,0.6,,0.9,,0.8,0.7,,1.2,0.7,0.6,0.5,0.7,1,1.1,0.5,,0.5,0.7,0.6,0.6,,,1.5,0.6,0.6,0.6,0.7,0.6,0.4,0.5,0.6,0.5,0.7,0.5,0.5,0.4,0.6,0.5,0.5,0.5,0.6,0.5,0.7,0.9,0.7,0.9,,0.7,0.9,0.7,0.9,0.8,0.9,1,0.9,0.6,0.8,0.9,0.6,0.2,0.5,0.4,0.6,0.8,0.7,0.7,1,1.1,0.7,0.4,0.4,0.7,0.7,0.8,0.7,0.8,1.9,1.1,,1.5,0.5,1,0.8,0.8,0.5,0.7,0.7,0.3,0.9,0.7,0.8,0.6,0.6,0.6,0.9,0.7,0.8,0.8,0.4,0.9,0.8,0.8,,0.8,0.3,1.5,0.2,0.8,0.7,0.3,0.8,0.6,0.6,0.2,0.6,0.5,0.7,0.9,1,0.6,0.9,0.9,0.6,0.5,1,0.6,0.6,0.6,0.5,0.7,0.5,0.5,0.4,0.6,0.5,0.6,0.3,0.8,0.3,0.7,0.8,0.6,0.7,0.5,0.4,0.7,0.6
20210423,19,AQI,32,39,33,31,30,31,33,33,32,42,31,41,,,38,,30,65,41,,37,,27,33,,25,24,,52,53,53,52,52,47,,,41,43,,52,45,49,45,40,,37,,42,51,64,41,42,,,49,48,75,,62,71,73,33,30,30,36,28,43,36,,49,38,34,36,34,40,,44,,47,52,53,,40,41,42,54,51,42,,,44,,,46,44,46,57,40,36,36,,33,36,38,39,31,,28,34,35,43,36,41,,35,45,35,49,62,63,69,57,55,53,83,48,46,59,58,50,,,77,75,70,69,69,74,77,52,79,74,58,79,74,,70,59,70,72,52,44,62,44,49,43,44,48,52,64,,64,,79,55,62,59,36,42,31,40,54,67,,,,72,58,,59,59,59,,,,82,,60,59,58,59,56,54,53,52,68,,,,64,74,,45,50,49,62,52,,62,108,103,109,79,107,69,50,,46,,60,57,,52,77,,52,47,49,,59,,52,39,49,69,48,,,58,72,102,40,34,89,43,,67,,,53,,68,72,,62,49,54,24,30,25,,52,52,57,51,52,57,54,50,42,39,44,41,41,54,54,44,41,41,41,,48,33,34,38,46,26,25,37,36,37,,,,38,,46,29,34,31,,34,37,29,39,,,,48,67,53,41,64,35,54,56,56,59,60,,69,55,51,31,34,26,36,29,29,30,,29,38,,,52,48,51,42,46,53,52,35,109,122,,120,74,128,124,115,113,80,119,54,59,53,55,55,65,,40,52,56,63,51,42,37,48,80,77,95,68,,60,64,69,59,54,52,54,45,45,49,62,,,49,45,52,58,60,55,58,51,49,46,58,47,36,51,48,34,53,,66,53,32,50,37,50,41,39,,51,63,54,75,82,64,50,,,68,53,59,66,52,,40,39,44,36,,,43,,56,60,69,62,69,,59,62,65,,47,45,51,55,56,53,42,44,75,35,58,46,37,30,32,36,26,,36,,,60,35,43,40,,48,41,47,36,,,,34,61,,,,67,,28,26,30,32,26,,,57,,61,65,62,41,45,50,52,52,64,43,,38,45,,52,43,45,50,49,56,60,54,57,,72,74,70,34,35,26,40,80,85,79,62,58,46,55,33,32,34,38,,22,,64,62,,39,34,,33,33,,,62,52,51,42,,83,58,63,,54,57,64,,44,52,46,45,51,37,,,,58,,71,36,,43,23,27,22,59,60,65,51,42,49,,44,,,54,,53,41,,34,35,50,41,29,,28,36,31,32,43,31,24,44,41,48,38,43,30,58,,68,54,42,60,40,,36,111,103,,34,43,,48,36,53,30,37,,48,56,,,52,53,,62,,40,57,62,54,,63,,50,56,,49,75,,59,,73,52,65,,58,70,58,64,51,,49,55,57,50,52,65,26,42,38,40,40,40,48,29,53,36,49,35,31,89,62,55,75,77,112,138,178,118,159,135,62,56,68,,69,67,72,56,65,99,43,35,42,34,37,43,44,38,,57,69,78,,40,35,35,33,37,,,33,33,,124,,114,134,134,127,,52,45,,,,62,,49,,104,94,113,,109,104,125,59,62,,67,,64,57,62,52,50,33,,32,36,60,38,46,37,,34,,,34,58,33,,31,36,51,46,52,35,,34,51,39,38,41,48,52,44,27,25,18,25,,53,97,80,78,79,80,,51,,,,45,45,43,45,,,,,32,30,,52,55,70,58,62,55,64,38,46,40,,29,58,,30,26,29,,31,28,30,,63,67,,69,26,27,25,24,23,,25,26,70,77,64,117,,42,49,500,48,41,41,,27,30,,28,40,,32,36,48,41,49,49,,24,,103,100,100,,52,30,28,52,50,,,35,30,30,39,39,40,40,,37,36,59,,68,39,44,42,46,33,54,51,37,,58,53,49,51,54,38,38,48,38,42,46,31,31,,49,39,,56,47,35,40,,,54,,51,,52,45,52,53,53,,,43,110,100,113,,,104,59,59,61,58,58,46,,52,50,80,,,99,90,,53,59,59,,52,,61,69,,,48,43,,,79,,45,,,52,40,57,52,81,58,53,35,26,40,30,33,42,43,40,28,58,63,64,63,36,38,53,49,,49,36,46,,32,35,46,42,31,33,28,28,59,57,74,54,,,36,39,52,52,30,55,48,54,52,34,28,24,,52,55,62,53,,,54,20,19,20,87,69,,,61,61,,51,59,52,,58,51,54,53,50,51,53,65,46,52,47,52,38,40,31,28,,34,,34,26,46,46,,68,,85,,,,50,40,48,59,63,67,,29,,30,35,35,44,44,40,56,30,39,40,46,43,31,45,57,46,40,33,37,41,38,,40,40,39,26,31,34,31,53,40,41,52,44,40,,43,,30,31,32,31,25,35,34,39,43,52,45,,40,39,51,,,51,50,,38,38,45,34,39,55,38,,61,62,62,,71,73,78,44,,43,45,58,,53,69,64,68,62,57,64,59,56,54,35,36,32,,85,99,83,51,62,,50,52,51,38,32,45,48,54,55,49,40,27,,50,60,55,,25,26,,31,31,36,36,,33,32,30,57,60,55,,,53,58,,38,46,38,51,42,47,67,57,70,57,40,49,37,42,43,32,,32,,37,,,42,39,33,32,39,41,45,,22,29,22,44,38,53,43,39,29,34,46,45,48,66,51,52,108,48,49,57,63,60,40,34,39,43,55,53,49,56,55,13,20,,15,23,39,39,57,46,43,60,43,48,57,52,48,50,53,,,52,54,48,,56,69,49,55,65,78,,27,33,19,,,,,36,38,39,59,37,42,35,,,34,38,49,55,59,65,65,62,64,,69,,,,,30,34,59,57,53,,46,,48,69,56,53,52,35,44,35,79,59,74,70,50,51,,63,68,68,74,83,64,53,52,84,,61,,,34,,,40,43,40,,,,61,,68,38,,20,20,20,53,63,49,59,26,26,27,49,,33,32,20,20,,49,,95,99,20,23,500,498,,26,24,28,24,22,,58,77,37,,37,34,38,46,35,,,,44,41,,40,24,25,22,86,88,97,89,29,,30,32,25,57,62,32,,31,32,,,31,37,44,,,20,24,24,29,56,31,47,107,34,32,31,54,58,,59,99,90,58,64,47,55,,74,,93,33,45,48,45,59,500,17,74,36,28,52,53,19,,,45,36,,38,,55,55,,34,,79,43,,,45,,70,57,51,63,60,48,70,62,50,64,43,53,,,43,,,107,34,54,51,27,46,52,53,68,64,31,37,49,30,85,38,38,55,30,41,33,33,35,34,55,58,62,60,45,46,76,51,60,53,42,48,38,33,36,,58,53,55,53,29,62,27,97,,37,28,99,,34,19,17,,,49,55,42,35,56,55,39,75,62,59,85,45,40,49,39,65,47,29,,49,43,,48,55,,202,63,45,62,105,,69,84,77,43,49,52,50,76,52,58,,65,,54,,52,55,46,126,123,66,97,66,69,56,46,58,,46,54,51,58,,43,59,46,51,52,31,46,43,,49,57,70,44,67,31,31,109,118,53,54,,114,134,24,30,20,52,48,53,45,38,110,36,37,,22,31,32,46,49,45,67,43,30,31,55,54,37,,56,52,36,35,46,69,54,53,45,50,,34,54,32,65,30,57,,52,,52,75,,63,47,50,49,42,41,,56,33,33,55,47,52,,44,67,88,58,57,44,43,,39,35,52,62,37,27,30,31,26,,98,,52,72,60,36,40,24,67,52,42,53,98,56,44,,33,33,,41,63,55,47,40,79,59,31,57,51,46,,78,137,68,73,30,,48,22,57,36,42,44,32,46,64,20,33,34,32,56,39,,38,,24,22,48,62,33,41,48,63,62,37,43,,,53,,33,54,23,36,32,31,46,49,49,49,53,49,63,51,38,28,51,34,,69,,63,54,,,50,45,47,48,50,52,79,,51,58,57,50,,,63,70,51,39,62,43,,38,47,37,58,40,53,50,63,,51,54,49,46,55,74,71,84,,,,72,78,57,69,69,59,39,27,52,62,28,29,500,457,20,15,,63,104,80,56,55,32,,45,48,32,49,40,,50,67,133,110,,58,35,48,43,29,36,47,51,63,44,,,80,42,37,58,57,49,,56,25,46,33,64,82,56,59,44,37,35,35,34,40,80,46,46,44,137,43,73,41,41,49,43,33,32,40,55,41,40,75,54,47,72,39,57,74,45,52,43,40,73,57
20210423,19,PM2.5,7,5,7,7,5,8,4,5,6,7,5,6,,,23,,21,23,20,,16,,16,14,,16,13,,36,30,35,32,28,28,,,23,27,,23,28,29,30,28,,20,,13,26,34,28,22,21,,23,26,32,,24,37,31,23,8,19,25,18,17,25,,34,26,19,17,18,28,,29,27,12,19,28,,24,21,23,32,29,18,,9,17,,,18,12,19,20,28,25,24,,23,23,26,25,16,,18,21,17,14,18,14,,14,31,22,31,44,45,50,40,39,37,61,33,30,42,41,30,56,,56,55,51,50,50,54,56,29,58,54,41,58,54,,51,42,51,52,36,27,44,24,34,30,17,31,29,46,,46,,58,39,44,42,25,29,19,26,38,48,,,,52,41,,41,35,31,,,,60,,31,41,41,36,39,36,31,36,49,,,,46,54,,25,35,34,44,36,,44,81,77,82,58,80,50,35,,32,,40,40,,32,56,,34,31,33,,37,,36,27,30,50,33,,,41,52,76,28,19,54,17,,48,,,28,,38,52,,44,34,38,15,10,11,,34,34,27,32,33,40,32,35,22,19,24,17,19,12,29,27,14,24,18,,23,16,18,22,10,8,6,21,18,20,,,,12,,32,12,10,13,,20,24,7,20,,,,27,48,37,27,46,24,35,28,29,30,34,30,33,31,32,16,15,15,14,19,18,14,,12,18,,28,32,33,24,28,32,29,34,24,44,56,,46,46,52,43,46,36,43,41,33,37,30,30,36,39,,24,27,35,36,35,21,24,32,36,36,38,34,,43,46,39,28,28,26,31,26,26,29,44,,,26,24,34,24,24,30,24,19,28,27,38,31,18,21,17,18,17,19,22,18,15,21,22,18,17,18,,22,31,30,27,40,31,29,,,30,32,30,28,32,,27,23,20,22,,,24,,34,31,29,44,34,,39,44,34,,29,23,26,35,28,25,10,,18,6,24,,16,21,22,18,17,19,25,26,,20,24,18,28,,31,20,28,15,,,,16,22,,,,48,24,11,12,9,17,13,,8,38,39,36,47,44,28,31,35,32,29,46,30,45,25,20,,18,22,18,20,11,19,29,29,24,,52,54,51,23,15,18,24,59,63,58,44,41,32,39,12,10,18,16,,12,,46,26,32,26,11,,16,19,,,25,25,20,29,,61,41,45,,29,36,31,44,27,22,28,31,23,17,,,,41,,47,24,,29,7,9,9,42,43,47,34,20,24,,29,,,38,,37,28,,14,17,24,20,14,,13,13,13,16,15,12,12,19,13,9,24,30,14,28,,41,32,29,43,28,,7,55,42,,20,30,,21,20,16,11,22,,28,28,,,23,24,,24,,13,20,24,20,44,27,,31,26,,34,55,,39,,53,36,41,,41,51,32,46,18,,34,39,40,35,36,47,18,29,26,28,28,28,33,20,22,25,34,22,14,66,44,39,55,56,84,105,134,89,121,103,15,22,25,,36,40,51,32,40,74,30,17,16,23,15,24,26,26,,20,50,34,,28,13,11,9,7,,,13,10,,94,,86,102,102,96,20,24,17,,,,31,,26,,78,70,85,,82,78,95,40,43,,48,,46,39,44,36,22,23,,13,19,20,17,32,20,,14,,,14,41,20,39,6,25,33,26,28,19,15,12,17,27,23,23,33,26,26,13,17,3,2,11,8,72,59,57,58,59,,35,10,25,22,31,29,28,31,,,,,12,6,,9,39,51,41,44,39,46,18,20,21,,18,21,,21,18,20,,10,14,21,,45,48,,50,6,5,17,14,16,,14,18,51,56,46,88,,21,17,139,22,27,24,34,15,11,,9,3,,8,13,23,27,24,24,,,,77,75,75,,36,12,16,36,35,,,20,21,21,27,19,23,28,,14,21,34,,38,27,29,24,32,23,32,26,25,,41,30,34,35,38,23,24,32,26,29,32,16,20,,32,24,,32,29,21,19,,,38,,33,,34,31,33,30,28,,,15,83,75,85,,,75,32,31,31,19,24,22,,25,28,59,,,74,67,,20,24,23,,28,,34,29,,,33,20,,,32,26,21,,,36,28,17,19,29,26,27,24,16,28,21,23,29,30,28,19,41,35,46,45,20,26,37,34,,23,24,32,,18,23,14,21,15,23,13,11,33,33,54,29,,,23,27,36,26,16,38,24,38,36,10,14,1,47,34,34,44,36,,,38,9,13,6,64,50,,,39,41,,24,36,34,,41,23,28,37,18,33,36,47,18,31,23,26,23,8,13,13,,11,11,8,18,24,21,,49,,63,,,,33,12,33,27,38,48,,19,,21,23,24,13,16,15,32,18,22,23,25,26,13,31,40,24,28,20,21,19,26,,28,16,27,15,13,11,21,26,27,10,34,27,22,26,28,,10,14,12,14,17,17,23,17,30,18,20,24,22,27,32,,,31,28,22,26,24,21,21,9,22,12,,37,40,32,,51,53,57,20,,21,11,38,,33,35,40,37,37,40,46,42,39,37,21,25,20,,62,74,61,32,40,,34,28,11,26,22,31,33,38,39,34,23,8,,35,43,39,,16,5,,15,16,24,19,,22,13,16,24,18,27,,,31,25,,26,26,24,24,28,22,48,37,51,19,25,34,25,29,28,21,20,19,16,24,13,15,29,17,17,22,27,20,18,,15,20,15,24,22,29,21,16,20,9,17,22,19,31,30,34,36,31,33,40,34,43,16,19,27,29,29,29,29,27,33,5,7,,8,12,20,27,7,15,22,37,30,31,40,27,33,29,30,,,31,38,32,,27,31,20,37,36,43,,18,2,13,,,,,22,26,21,20,13,8,9,13,,5,20,23,28,28,32,46,39,45,,46,,,,,14,19,40,39,37,,32,,27,50,28,19,15,10,16,10,58,34,40,45,26,28,,41,49,49,54,54,40,19,18,38,,43,,,18,,,9,10,4,,,,9,,14,9,2,6,5,4,37,25,24,41,2,7,5,18,,15,7,7,6,7,34,,39,38,11,16,81,84,,9,8,11,5,8,,34,56,14,,22,7,21,5,6,,24,,19,19,,21,,2,1,35,34,26,26,18,,14,12,8,25,12,10,,3,4,,,14,16,2,,,9,15,15,9,27,9,31,44,12,19,14,32,20,,42,74,67,41,46,31,24,,54,,69,18,23,33,31,32,149,7,42,20,19,34,30,10,,,16,18,,17,,30,24,,17,,58,29,,,31,57,51,40,33,42,27,31,51,44,35,30,15,28,56,,24,,,40,23,33,33,12,12,31,27,49,46,20,16,34,17,63,14,20,38,13,17,23,8,14,16,39,41,44,43,3,31,24,22,31,32,22,29,15,13,15,19,27,29,39,31,14,44,17,72,,16,13,74,,22,12,6,,,22,39,27,17,39,12,26,55,44,26,63,20,11,26,27,30,18,18,,34,30,22,28,15,,58,45,31,44,79,,50,62,56,30,8,17,14,22,26,34,,44,,38,24,36,32,32,51,36,40,36,41,30,28,24,34,40,18,23,29,34,,5,27,26,22,18,18,32,30,,32,40,48,24,36,17,17,82,89,28,28,,86,102,11,21,10,17,33,37,31,24,83,25,20,22,10,17,22,24,27,31,45,28,5,20,39,24,22,,23,36,11,18,24,34,20,28,31,32,4,21,38,4,47,21,18,,19,17,19,35,,45,28,33,34,13,21,,36,5,5,24,24,36,38,23,41,54,41,40,28,30,,22,24,36,44,24,8,15,12,8,,45,,36,36,39,20,18,9,48,22,14,19,40,39,28,,20,9,17,23,45,18,21,27,58,40,19,31,35,17,,54,104,49,53,21,20,23,14,23,25,29,17,9,22,46,2,7,17,20,36,22,,12,,12,12,27,44,8,12,16,45,38,16,20,,,37,,23,38,7,11,13,18,27,28,28,25,23,28,45,31,25,11,19,16,,50,,45,38,,,21,31,20,23,30,34,58,,31,20,21,20,,,45,28,18,17,36,26,39,26,22,20,35,19,19,14,45,35,34,11,27,29,31,34,48,48,,,41,46,57,26,50,44,42,27,18,36,30,10,7,131,117,14,2,,39,78,30,33,31,18,,24,20,17,34,25,,28,48,101,83,43,26,14,30,30,20,25,27,29,29,26,40,37,59,13,17,41,29,28,,13,5,32,5,46,60,25,41,8,5,8,6,7,14,59,22,20,16,104,28,42,20,21,34,8,4,6,4,21,16,28,55,16,26,52,27,37,54,29,36,8,1,53,24
20210423,19,PM2.5_24h,26,39,28,21,22,31,26,24,24,38,23,30,,,18,,20,21,18,,14,,20,19,,18,14,,51,43,57,51,44,53,,,21,20,,29,20,18,22,24,,12,,41,39,40,36,34,34,,33,35,33,,31,43,34,16,12,14,16,28,27,25,,29,33,29,31,32,39,,45,43,45,45,53,,41,59,62,50,48,44,,16,16,,,17,11,17,17,30,29,26,,29,29,27,28,26,,28,24,17,15,20,12,,11,17,20,21,44,34,38,33,32,31,42,33,32,33,30,29,41,,31,32,36,32,37,43,42,36,62,59,62,62,64,,61,55,60,62,35,30,43,30,35,34,33,42,37,92,,48,45,67,42,41,72,41,47,45,60,48,52,,,,51,49,,50,49,35,,,,44,,40,47,48,43,46,48,44,48,62,,,,67,55,,32,50,55,49,53,,43,73,65,72,44,56,57,31,,35,,37,34,,45,45,,45,36,42,,41,46,56,33,20,39,26,,,34,52,45,24,21,29,25,,53,,,37,,49,52,,16,23,26,11,8,10,,40,35,37,35,34,36,29,29,25,31,31,24,27,28,33,31,28,33,19,,23,14,20,23,16,23,13,23,22,16,,18,10,10,,35,25,23,27,,33,36,23,33,16,,,35,42,35,31,37,26,42,35,38,40,42,38,41,38,34,23,17,18,18,24,21,15,,18,21,31,27,25,32,23,24,30,21,28,15,43,42,,38,38,35,53,40,39,44,41,28,27,26,24,29,31,,21,27,30,37,31,22,23,24,32,35,38,33,,33,51,41,34,32,28,26,25,27,21,31,,,37,33,43,46,45,47,44,32,32,31,28,31,23,25,23,21,22,24,25,22,12,13,15,12,14,18,,28,29,27,30,30,29,28,,,28,32,23,27,35,,74,78,68,73,,,79,,27,30,30,37,30,32,35,37,28,,32,28,44,40,35,33,7,5,7,5,9,3,34,36,38,31,39,39,38,37,,35,39,33,38,,33,19,20,24,,,,24,19,,,,34,26,9,11,13,13,9,,21,24,27,32,31,26,23,20,23,21,28,38,23,28,16,27,,38,33,26,30,15,23,23,26,21,,40,41,49,21,15,16,18,36,39,38,61,34,40,39,19,20,19,17,,17,,36,25,28,29,25,,24,36,,,31,33,32,55,,54,50,46,,52,43,48,46,43,15,16,11,15,10,,,,64,,59,47,,55,23,27,32,40,42,40,25,20,19,,43,,,43,,37,38,42,30,26,27,23,26,,16,17,16,17,21,18,17,26,20,20,27,34,31,23,27,26,28,33,35,24,,17,52,45,,26,31,,33,31,29,29,23,,30,34,,,49,43,,24,,20,24,24,29,81,43,,76,61,,50,55,,52,,72,56,65,,53,56,18,22,11,,22,22,27,25,24,21,13,38,32,41,38,37,43,13,17,16,23,12,15,62,41,31,51,70,66,63,79,68,71,59,21,23,22,,29,45,45,61,46,47,30,23,20,29,20,27,28,27,,25,45,38,,34,29,30,24,24,,31,22,6,,83,,82,103,87,83,38,44,34,,,,37,,32,,73,73,82,,76,70,70,50,46,,47,,39,38,35,39,21,22,,26,24,23,21,24,20,,22,,,16,30,13,19,5,27,32,28,31,16,12,14,17,34,31,27,35,36,33,12,15,19,20,38,42,57,53,53,51,49,,37,22,28,30,38,43,45,40,,,,,43,36,,33,25,32,20,26,24,30,19,18,14,14,17,26,23,34,32,34,,29,31,40,,34,38,,45,21,23,34,30,29,,31,40,50,53,50,63,,35,35,94,29,31,27,53,13,12,,9,11,11,17,7,54,52,33,33,,19,,47,38,38,45,35,18,17,20,21,,,13,13,18,20,17,16,21,,10,11,38,,42,45,47,42,38,40,43,40,37,,41,35,43,43,46,37,39,38,34,34,35,25,25,,34,28,,28,29,32,39,,,30,34,31,35,32,32,31,29,29,,,24,59,59,58,76,,57,38,38,33,34,30,45,,47,51,56,,,54,57,,45,35,26,,25,,24,23,,,33,17,,,36,29,23,,,27,31,21,22,28,28,32,23,22,23,25,25,22,25,23,26,35,28,32,28,29,29,34,31,,26,28,37,,23,24,20,24,15,15,22,19,29,26,30,65,,,17,78,100,85,70,118,89,88,82,40,36,29,170,171,134,138,122,,,111,16,17,15,48,44,,20,38,35,,32,33,37,,50,45,34,42,29,40,41,52,28,36,27,22,40,23,22,19,,17,13,15,22,47,34,,41,,48,,,,28,24,33,38,48,51,,23,,38,40,34,22,23,32,29,23,31,23,36,17,12,18,22,17,27,33,29,25,18,,17,13,14,13,15,14,13,36,26,15,27,26,21,24,27,,12,16,14,18,20,21,25,22,32,26,23,27,24,24,24,,,27,26,27,23,26,24,20,27,34,20,,63,62,59,,64,67,63,46,,44,31,41,,36,35,38,37,34,34,44,39,35,35,38,43,37,,48,51,42,29,32,,40,29,11,31,27,30,40,47,49,48,24,18,,34,38,28,,19,20,,23,18,24,24,,24,14,17,22,17,23,,,22,27,,23,22,24,26,29,14,21,24,22,13,22,29,25,28,29,23,20,19,26,20,11,13,18,14,15,14,26,22,22,21,11,15,13,37,28,34,26,19,17,10,16,20,19,39,34,37,34,30,31,33,33,31,21,28,31,30,33,35,32,25,28,16,13,,11,19,20,16,16,18,25,29,25,48,48,45,43,37,46,,,23,28,25,,25,24,22,28,38,42,,32,29,29,,,,,21,20,23,29,21,14,18,15,,10,20,21,23,24,24,38,39,41,24,41,,,,,10,10,37,38,30,31,27,,24,52,40,30,31,11,20,11,55,36,49,41,30,31,,47,51,46,46,61,43,28,21,42,,42,,,22,3,,6,9,5,,9,,5,,9,6,9,10,10,14,34,30,28,29,9,8,8,21,,18,12,9,14,15,51,,45,49,21,17,80,78,,22,23,12,11,12,,34,48,26,,21,23,20,14,7,,20,,22,21,,26,13,14,14,41,44,57,40,11,,16,12,11,29,23,8,7,9,11,,,19,20,17,15,,14,12,14,9,26,22,64,39,8,22,13,50,49,,31,70,48,69,41,51,34,,39,,67,32,85,28,42,44,101,8,39,25,25,24,37,11,,,26,21,48,20,,26,27,29,23,,55,38,,,41,61,58,47,47,46,35,41,48,62,30,34,21,31,63,,18,35,,53,22,40,34,9,23,29,45,52,44,19,18,31,17,64,24,10,33,24,15,27,8,24,21,36,36,33,38,7,32,39,12,33,35,60,46,21,22,23,36,33,50,39,23,21,30,33,76,,31,20,61,,14,19,13,,,20,57,38,27,36,8,22,44,32,52,66,25,30,45,20,36,24,25,,39,21,25,26,18,,74,57,26,53,57,62,59,57,61,44,39,22,29,22,30,23,,53,,38,37,35,30,33,54,57,46,41,34,38,36,25,30,29,17,30,27,53,,12,41,34,30,21,24,41,32,14,32,44,50,42,41,23,26,74,82,33,37,,82,93,44,56,45,77,22,43,21,26,47,24,24,31,14,24,18,50,51,56,42,43,14,40,50,34,11,67,35,34,31,35,47,35,27,35,33,13,14,32,47,20,26,15,24,,23,18,26,36,43,56,42,45,51,31,29,,64,19,25,28,21,41,32,31,51,38,37,45,34,34,44,39,32,35,43,22,7,10,14,11,,46,29,31,45,33,19,24,16,35,23,22,26,48,57,14,56,26,9,22,21,42,25,29,29,43,34,37,41,40,32,,64,80,44,46,36,22,21,15,35,33,29,46,34,53,50,19,38,27,30,34,22,,31,,20,17,16,32,22,38,34,33,35,29,30,,12,28,,31,31,21,20,19,13,25,28,26,25,26,30,40,24,14,12,19,19,,58,,33,24,,21,32,38,30,37,40,69,22,,17,27,28,23,,,85,35,37,39,52,10,29,11,13,46,54,27,42,38,39,37,35,34,27,32,40,41,49,45,,79,38,47,50,32,41,38,48,33,35,50,26,10,5,300,308,20,15,46,63,62,31,36,28,36,27,34,33,23,28,31,,33,44,94,80,88,36,38,28,24,44,53,37,48,31,23,44,36,39,29,21,49,32,31,,15,16,38,4,44,53,54,44,37,28,26,29,26,24,60,50,34,31,70,31,54,26,28,25,39,27,24,24,19,14,43,47,40,23,68,24,67,40,32,40,6,3,50,37
20210423,19,PM10,30,39,32,29,29,26,26,30,30,42,21,41,,,38,,19,80,41,,37,,27,26,,24,21,,45,56,55,53,53,47,,,41,43,,54,45,49,45,39,,37,,42,51,77,41,42,45,,49,48,100,,73,92,95,9,9,27,7,9,43,36,,37,31,34,36,28,30,,44,,47,53,56,,38,41,42,57,52,36,,,44,,,46,44,46,63,28,31,36,,23,36,35,39,31,,28,32,35,22,36,24,,22,40,31,49,43,40,50,50,46,33,62,40,46,50,39,50,63,,72,76,68,59,52,60,64,53,52,47,38,48,48,,39,25,38,30,51,44,61,44,48,39,44,48,53,61,,61,65,70,58,55,61,30,31,31,40,39,61,,,,58,47,,68,68,68,,,,58,,70,67,63,68,61,58,56,48,70,,,,62,79,,45,46,30,58,46,,50,80,85,78,70,74,68,50,,45,,70,56,,53,73,,53,47,49,,68,85,53,35,49,77,48,,,58,65,112,36,34,128,43,,79,,,56,,86,80,,56,45,52,23,27,25,,53,53,64,51,53,50,57,34,37,39,44,36,41,58,58,44,41,41,21,,48,32,31,31,46,15,23,37,34,24,,39,,38,,32,24,34,29,,34,37,27,39,,,,48,68,56,41,70,24,57,61,61,68,70,55,87,59,52,28,34,26,36,29,29,30,,29,38,,36,54,36,52,42,43,55,53,32,84,90,,78,98,85,77,86,92,66,64,58,68,56,59,60,80,,40,53,61,75,52,42,37,48,64,58,75,84,,50,75,75,67,58,53,57,45,45,49,36,,,49,45,53,65,69,60,66,51,49,46,66,47,36,52,48,34,56,,81,56,32,50,37,50,41,39,,52,76,58,100,113,77,50,,,86,55,67,81,54,,39,38,38,36,,,40,,61,70,88,66,88,,68,73,80,,45,41,52,59,61,56,13,19,99,8,66,26,37,30,26,36,26,34,23,66,,69,29,43,36,,48,41,47,36,,,,32,71,,,,37,67,28,26,30,32,26,,,63,54,72,76,58,41,36,47,53,53,66,34,74,38,45,,54,43,45,50,48,61,70,58,63,,58,59,59,34,35,26,40,39,39,31,52,64,38,38,32,23,28,38,,17,,56,73,,39,20,,19,33,,,73,54,52,41,,44,58,52,,58,63,78,63,44,53,46,41,51,34,,,,66,,92,36,,43,17,27,22,53,46,66,51,42,49,,44,,,54,,52,41,,28,30,50,41,22,,28,36,31,32,43,31,24,44,41,48,38,34,30,65,,85,57,38,48,35,,36,59,70,,34,35,,48,36,56,30,37,,48,61,,,54,55,,73,,38,64,74,58,,76,,50,62,,40,61,,67,,76,48,79,,58,56,65,63,51,,44,50,50,42,44,49,22,40,38,33,32,29,32,25,55,32,24,35,31,37,27,36,38,53,106,150,154,119,138,131,73,61,85,,88,83,93,62,79,110,32,28,31,29,31,43,44,33,,63,47,106,,31,17,12,25,37,,,25,2,,115,,121,162,118,113,57,54,45,,,,73,,49,,127,113,116,,119,107,113,68,74,,56,,68,63,56,48,50,32,,25,36,69,25,32,32,,34,,,32,50,33,35,31,30,51,46,54,35,32,34,51,37,38,41,48,54,44,27,25,12,25,13,56,82,82,82,81,86,,52,57,51,44,30,45,43,40,,,,,32,30,,53,43,63,44,74,31,42,38,46,40,,29,66,,26,23,26,,14,18,17,,43,46,,42,12,12,22,24,23,,25,15,66,61,53,61,,42,49,669,48,41,41,46,16,25,,27,40,,15,30,48,41,49,49,,8,,91,92,92,,52,16,14,41,45,,,35,29,27,32,39,40,34,36,17,36,67,,86,32,44,42,45,33,57,52,37,,47,56,47,52,52,31,30,48,38,40,36,24,31,,49,39,,61,47,35,40,,,41,,52,,53,45,53,56,55,,,43,157,149,133,,,158,68,68,71,66,65,46,,53,50,77,,,83,78,,55,67,68,,53,,72,88,,,30,43,,,107,116,45,,,50,33,63,54,111,65,55,26,26,33,26,33,31,38,39,25,60,76,49,52,36,28,39,32,,49,36,43,,32,32,46,42,31,19,24,15,67,64,86,57,,,36,33,39,53,14,60,48,42,44,34,28,9,82,54,60,63,56,,,53,20,14,20,90,75,,,72,72,,51,68,53,,57,51,58,47,50,52,55,52,46,54,47,54,38,40,17,22,,22,25,34,22,46,46,,78,,98,,,,50,37,46,68,75,65,,26,,28,35,35,44,44,40,62,13,39,40,46,43,17,42,56,46,22,31,37,41,30,,33,40,32,20,31,34,29,55,39,41,54,31,34,43,42,,27,29,23,26,25,35,34,39,41,53,45,39,37,36,52,,,52,50,,34,38,45,34,30,60,28,,72,73,73,,91,83,81,44,,43,45,66,,56,88,78,85,73,53,53,63,62,58,35,33,32,,120,80,88,52,74,,50,53,51,20,18,38,33,40,42,36,40,24,,47,60,52,,19,16,,17,31,30,26,,33,29,26,63,70,60,62,54,56,66,65,34,46,38,52,42,47,64,63,55,63,40,41,37,40,43,32,34,32,30,37,19,,25,39,33,27,34,41,45,,21,28,21,44,38,55,43,39,28,34,46,45,48,81,51,54,166,48,49,47,75,59,40,34,39,43,59,56,49,61,59,10,20,,14,23,39,30,64,46,43,70,41,48,47,53,43,37,55,,,53,54,48,,62,88,49,60,80,105,,27,33,19,,,,,28,34,39,68,35,31,15,22,,18,33,49,60,67,80,80,74,78,72,88,,,,,30,34,67,64,46,,44,,48,58,61,55,53,12,44,34,93,62,97,89,50,51,,76,79,70,77,116,77,56,54,118,,72,,,32,3,,18,43,9,,25,,71,,85,38,3,9,6,8,37,75,49,68,4,9,14,22,,33,32,6,15,17,48,,139,147,15,19,679,598,,14,16,21,22,16,,65,81,29,,37,28,34,18,17,,131,,44,41,,40,9,12,4,121,125,143,127,11,,24,32,25,64,73,12,,22,21,,,30,37,44,71,,14,18,18,29,62,31,47,77,24,28,31,58,65,,66,104,54,42,60,47,59,,64,,83,33,45,42,44,67,715,17,97,36,26,53,56,13,,,45,36,,38,,60,60,,31,,63,43,,,42,80,74,56,51,75,69,48,73,56,48,78,43,56,46,,43,50,,82,33,57,52,27,46,53,55,66,58,31,32,40,30,70,38,29,59,30,41,23,20,24,34,55,59,55,57,17,46,102,51,70,55,32,48,38,33,36,46,65,56,59,55,27,65,20,131,,37,18,92,,23,19,10,,,49,57,42,21,62,60,39,75,38,68,87,45,40,49,32,79,47,24,,46,37,41,48,60,,351,49,13,40,78,,48,63,52,14,49,54,50,102,53,66,,80,,54,,38,59,44,76,81,81,73,81,87,62,46,66,88,46,57,52,66,,43,68,46,51,54,31,35,42,36,49,63,90,44,84,21,28,124,137,55,58,,129,128,24,26,9,53,43,38,38,38,94,33,37,32,20,31,29,46,49,44,83,43,9,31,56,58,24,,61,51,24,18,46,87,58,56,38,50,,34,45,22,50,26,64,,53,,53,100,,59,47,50,47,33,41,,61,28,33,59,47,47,,44,84,126,53,56,44,42,,39,30,51,48,37,23,30,31,11,,78,,53,67,70,36,40,24,64,54,42,56,75,61,44,,30,23,,41,65,59,47,40,92,68,29,64,52,46,,106,128,85,81,23,30,48,12,63,31,41,29,17,37,76,7,33,34,24,61,39,,38,,17,14,48,56,22,41,48,69,74,30,43,,,49,,14,45,21,36,28,29,46,49,49,49,55,49,71,51,38,28,51,34,,48,,45,36,,,50,40,47,48,50,53,32,,51,66,63,50,,,70,89,51,39,74,43,45,38,47,37,66,40,55,50,76,136,52,57,49,46,60,98,92,117,,71,79,93,55,64,42,88,46,28,9,36,73,14,27,705,557,18,9,50,76,120,109,62,60,27,,45,44,28,47,40,,50,69,134,118,88,66,35,48,36,28,24,47,52,75,44,40,40,82,42,27,61,63,49,,62,12,36,26,70,66,61,68,44,37,35,35,30,38,100,46,46,44,165,43,95,30,41,44,43,27,32,40,60,39,38,61,57,47,87,37,64,81,45,54,13,12,75,63
20210423,19,PM10_24h,36,41,39,32,36,35,41,34,33,46,40,50,,,25,,26,29,28,,27,,48,28,,21,21,,74,67,79,72,73,67,,,23,25,,25,31,29,26,32,,24,,65,59,81,60,62,63,,62,64,80,,72,78,74,14,12,23,13,13,51,44,,47,42,42,44,45,42,,64,71,63,66,90,,57,89,79,78,74,68,,36,34,,,36,32,31,34,51,42,42,,40,52,45,57,50,,35,40,46,27,28,26,,22,26,34,36,57,48,59,49,44,37,57,45,49,52,45,49,56,,46,43,45,40,42,49,51,52,67,57,59,61,60,,60,48,52,49,58,45,48,53,66,37,50,59,52,68,,63,65,60,60,65,62,45,43,45,46,49,56,,,,73,44,,64,77,72,,,,50,,66,74,74,61,68,67,56,67,91,,,,94,82,,48,48,56,56,62,,45,63,58,57,49,48,60,40,,45,,62,56,,75,61,,86,60,69,,91,97,81,41,41,63,40,,,49,63,84,38,41,66,57,,82,,,58,,117,84,,30,34,37,21,15,21,,60,59,70,64,61,52,59,36,43,47,34,39,46,50,56,46,43,45,22,,42,34,45,44,40,30,26,34,38,19,,40,35,29,,31,40,51,47,,48,47,46,53,27,,,52,55,45,51,51,41,72,77,70,89,90,78,86,76,65,34,35,34,34,31,32,30,,32,37,40,29,39,32,36,32,30,38,35,30,84,78,,75,92,71,103,80,99,80,74,56,57,57,58,54,80,,42,57,61,83,57,58,49,48,69,67,70,65,,49,93,79,58,62,54,49,51,51,50,52,,,78,67,73,101,94,104,92,83,56,58,49,56,43,45,42,38,44,47,56,51,27,30,38,32,32,33,,60,51,45,66,75,60,56,,,51,65,60,63,63,,94,103,89,103,,,112,,51,72,69,58,68,66,66,68,64,,50,54,81,62,64,78,13,24,29,11,26,18,83,71,106,76,84,73,71,115,,90,74,95,81,,63,34,41,43,,,,43,69,,,,78,74,28,27,27,32,29,,32,36,33,39,42,37,31,30,38,42,40,56,29,36,27,52,,71,55,57,59,49,59,54,56,62,,56,60,72,38,34,36,42,37,38,32,58,55,36,34,38,33,38,33,,28,,52,59,57,47,39,,47,56,,,48,33,34,61,,48,69,56,,76,73,82,73,51,25,20,16,25,20,,,,85,,74,69,,59,51,49,50,45,46,52,29,29,34,,40,,,62,,59,58,63,43,41,41,39,54,,35,33,33,33,44,38,34,53,48,55,43,49,50,52,52,57,58,56,58,39,,47,79,77,,49,49,,62,58,61,55,36,,56,57,,,73,81,,64,,43,56,76,60,78,83,,76,90,,59,59,,62,,99,77,97,,79,65,37,36,27,,40,44,46,49,48,37,22,53,48,56,48,48,77,23,45,35,23,25,29,38,33,36,38,55,90,106,98,98,94,82,71,61,71,,74,84,90,100,95,88,43,38,38,43,38,34,35,36,,49,39,53,,44,41,41,39,38,,48,39,6,,102,,99,149,114,111,66,62,62,,,,68,,60,,121,119,103,,104,93,95,81,74,,63,,54,48,51,52,43,46,,34,40,41,30,31,26,,30,,,24,39,31,30,19,35,51,46,54,33,36,31,43,48,50,48,60,58,50,27,28,30,55,54,64,73,78,82,72,71,,56,52,42,56,48,59,62,56,,,,,69,64,,77,33,44,42,54,39,35,31,36,35,37,38,60,54,62,63,56,,54,45,67,,57,61,,102,40,36,60,45,51,,59,63,76,76,78,83,,112,120,464,83,68,62,68,12,18,,19,35,30,27,36,69,59,53,53,,24,,58,47,47,45,39,19,19,22,27,,,30,16,48,28,34,34,19,24,14,18,66,,83,68,66,60,57,52,67,72,57,,59,77,62,70,65,53,53,50,44,55,53,38,39,,57,64,,60,56,43,66,,,30,48,40,41,48,51,44,50,50,,,73,94,104,103,93,,105,90,89,84,88,104,62,,61,69,75,,,82,77,,62,64,78,,77,,70,62,,,31,36,,,91,82,39,,,52,52,54,52,81,82,59,32,35,28,30,28,28,34,35,36,46,58,46,38,33,23,30,28,,50,41,50,,46,45,55,55,33,24,40,37,48,46,46,104,,,23,108,124,165,89,138,126,116,92,48,60,38,245,204,159,157,138,,,134,29,37,31,64,65,,27,54,57,,46,51,48,,54,56,47,56,44,50,52,53,52,63,50,55,55,47,28,25,,21,26,23,36,54,49,,56,,72,,,,52,47,49,53,74,74,,37,,46,50,43,49,38,43,49,32,44,39,63,24,11,24,30,32,47,48,63,42,30,,28,28,26,25,30,35,17,59,43,44,49,33,42,53,42,,29,28,28,29,29,34,44,39,39,49,47,40,38,46,41,,,46,42,38,38,38,37,35,44,57,56,,105,89,91,,98,76,84,57,,62,58,55,,64,61,62,65,60,57,53,55,52,54,58,55,60,,67,57,58,52,65,,74,62,53,38,28,40,39,43,44,45,45,44,,44,40,44,,32,29,,34,25,33,31,,35,32,33,39,52,38,40,37,34,38,40,35,39,34,49,38,30,26,34,28,27,36,32,36,38,36,35,35,34,33,38,18,26,21,36,29,20,31,29,38,31,16,25,20,79,65,74,72,45,33,40,40,38,52,72,68,73,73,51,52,49,70,61,50,54,42,50,83,55,50,55,45,24,28,,30,41,35,28,35,33,41,50,40,66,70,64,64,53,79,,,40,40,41,,49,61,56,52,80,81,,48,48,41,,,,,36,43,50,50,44,30,29,33,,30,30,42,52,51,60,53,56,62,59,70,,,,,32,24,61,64,52,41,42,,39,65,61,53,60,22,44,34,86,80,60,80,51,55,,70,73,65,69,114,92,59,50,104,,73,,,29,4,,22,35,16,,27,,11,,24,15,16,24,18,27,67,62,50,54,14,17,18,21,,36,34,16,22,27,126,,153,159,34,34,519,483,,33,34,19,20,20,,65,74,39,,36,41,30,21,22,,59,,45,40,,44,22,19,19,119,112,329,283,20,,24,28,24,98,117,45,45,52,49,,,45,44,43,29,,14,24,28,29,56,33,73,76,17,27,22,77,68,,88,105,37,41,53,127,56,,49,,77,51,104,37,80,78,523,13,61,48,44,45,78,15,,,49,46,102,27,,77,75,78,43,,66,42,,,38,89,100,58,58,69,76,51,62,90,38,64,45,57,54,,29,50,,92,49,69,53,24,32,54,47,74,73,24,32,23,24,90,55,17,37,35,34,32,33,39,43,46,51,46,52,15,44,79,35,62,56,86,73,32,34,33,65,66,85,60,42,40,47,63,121,,53,28,76,,33,33,25,,,53,67,49,37,53,15,41,57,55,159,103,53,48,63,28,65,55,33,,56,48,52,54,54,,352,67,27,49,58,60,57,55,67,36,50,51,64,114,45,38,,78,,57,47,43,40,45,83,115,105,88,85,81,73,49,66,72,49,64,51,113,,46,81,77,73,55,40,25,23,23,37,59,66,56,84,32,35,110,115,53,61,,147,122,65,62,65,123,46,49,32,37,68,29,45,39,23,39,34,76,91,79,67,60,20,51,79,43,19,88,46,40,49,41,75,84,54,58,47,25,25,41,42,28,34,28,42,,51,40,62,70,69,79,78,72,77,46,52,,86,26,30,58,37,46,62,46,83,83,53,60,52,45,65,57,37,47,53,36,28,35,29,26,,82,54,46,89,81,41,50,42,49,63,42,62,79,76,16,76,40,18,29,24,68,44,43,38,56,46,48,96,61,70,,110,112,62,66,48,36,46,19,65,40,48,68,81,76,76,37,62,40,34,48,32,,45,,33,29,24,48,36,64,49,45,53,37,62,,19,82,,47,40,37,45,39,44,37,50,51,55,50,52,61,40,28,30,39,35,,59,,42,40,,29,63,50,58,72,72,109,38,,28,58,47,50,,,104,100,60,72,96,19,20,21,27,62,96,53,80,73,111,103,78,76,66,61,71,97,92,87,,90,61,96,59,57,49,51,75,55,59,72,60,13,26,869,698,43,26,81,109,98,98,64,64,51,60,72,82,48,37,59,,42,62,129,116,124,73,71,35,50,43,42,30,70,48,45,83,59,59,52,33,70,72,56,,59,21,46,23,68,60,87,70,48,44,32,39,39,44,92,56,53,54,111,55,111,31,29,22,46,33,44,37,39,36,62,57,75,44,105,33,115,68,44,53,9,15,72,52
20210423,19,SO2,3,3,1,1,3,3,3,3,1,4,1,3,,,6,,6,8,8,,7,,4,22,,7,2,,4,7,2,5,3,6,,,8,14,,11,14,10,10,3,,1,,6,2,8,5,6,3,,6,8,13,,13,10,12,4,6,8,5,6,4,5,,6,5,5,3,10,8,,1,4,4,2,7,,7,6,4,6,5,5,,3,5,,,5,6,9,6,7,11,12,,11,10,8,9,3,,10,3,5,4,10,4,,9,8,5,3,8,6,6,10,7,5,6,7,13,7,18,16,18,,14,15,12,16,9,40,21,14,4,5,3,8,6,,2,9,8,8,12,5,7,4,6,2,8,3,3,5,,4,5,5,7,6,8,2,4,10,10,7,7,,,,8,7,,7,11,6,,,,3,,7,6,4,5,7,7,7,5,8,,,,5,8,,5,2,3,4,4,,6,4,2,6,4,6,3,3,,5,,4,5,,5,5,,5,6,3,,5,,5,6,7,5,5,,,5,7,9,5,4,8,6,,5,,,3,,16,10,,5,4,4,4,4,5,,5,4,4,5,5,6,5,6,5,5,6,4,6,5,10,10,5,5,2,,4,6,2,3,5,4,7,4,6,3,,9,4,5,,5,5,6,5,,5,4,6,5,5,,,4,4,5,6,4,4,7,8,6,5,3,5,9,6,7,7,7,5,5,6,8,4,,5,6,,4,5,7,5,7,5,8,6,8,8,10,,7,8,9,6,,5,5,5,4,7,8,7,9,6,,8,6,6,10,5,5,7,5,6,7,5,6,,5,9,7,7,5,5,6,6,8,6,8,,,9,8,7,12,11,11,14,10,9,14,10,10,5,5,7,5,2,6,5,7,4,3,2,3,4,11,,16,13,15,10,12,12,7,,,12,7,5,6,7,,7,7,5,6,,,6,,6,8,8,8,6,,5,6,6,,6,10,8,5,8,9,3,4,2,4,4,5,8,4,3,7,6,6,4,4,,6,7,5,4,,7,3,8,7,,,,8,3,,,,8,,4,4,3,5,5,,,6,2,6,6,7,6,5,4,6,12,3,5,5,3,6,,12,10,9,11,11,9,9,10,8,,3,6,7,8,11,8,6,9,11,8,80,12,9,15,4,5,4,6,,2,,6,7,5,5,2,,4,6,,,12,6,6,4,,2,5,5,,25,9,19,,5,7,6,5,8,10,,,,5,,4,7,,5,5,6,9,5,4,2,4,2,4,,4,,,6,,8,7,10,4,7,7,9,8,,4,5,5,6,4,6,5,6,7,4,5,6,6,8,9,10,5,5,5,4,,5,6,8,,11,9,,4,4,7,4,7,,7,8,,,5,4,,5,,11,8,10,8,9,9,,10,9,,3,13,,13,,3,7,5,,6,8,27,63,25,,6,6,10,9,9,7,7,12,16,10,13,7,14,11,10,10,4,10,12,12,11,18,17,27,17,21,25,13,13,5,2,5,4,,4,6,10,7,10,12,1,5,8,12,6,6,3,4,,7,3,9,,6,5,4,2,5,,2,3,4,,2,,4,2,3,2,5,4,5,,,,6,,5,,7,5,6,,8,6,9,3,2,,3,,6,7,5,7,5,5,,11,10,10,7,6,12,,6,,,6,3,2,1,2,5,5,4,6,6,6,5,5,4,4,4,5,6,5,3,5,7,6,,9,19,13,9,5,8,,39,5,2,7,9,7,8,10,,,,,4,4,,5,1,6,7,2,4,9,7,6,6,5,5,4,4,6,5,6,,5,9,4,,4,3,,5,4,4,5,4,3,,4,3,6,7,4,4,,5,3,3,13,9,7,4,2,4,,4,3,4,4,2,10,6,4,4,,5,,8,6,6,3,3,7,7,8,5,,,9,10,9,9,6,4,3,3,4,4,6,,9,6,6,14,15,16,7,5,5,,4,5,8,7,8,9,7,10,8,5,6,5,8,,4,5,,1,4,7,7,,,5,4,5,4,5,7,5,6,5,,,1,6,3,4,3,,4,3,6,8,5,6,6,,6,6,4,,,2,4,,9,8,10,,10,,15,17,,,5,5,,,8,13,17,,,3,4,7,7,5,6,5,17,13,23,27,16,15,14,15,12,4,3,3,5,8,8,5,8,,5,8,13,,15,16,9,9,5,4,11,8,8,10,10,9,,,8,5,5,3,7,8,9,9,3,9,4,5,5,5,8,12,6,,,8,10,3,4,10,9,,10,8,6,,5,6,5,,6,5,10,6,4,1,1,6,6,17,3,21,4,10,4,8,,5,,3,6,7,6,,4,,8,,,,6,5,6,6,5,4,,5,,10,16,12,4,4,5,6,4,2,5,4,3,3,4,7,4,3,4,4,5,5,,3,4,6,8,33,8,13,8,7,8,13,7,5,9,7,,10,8,6,5,7,6,4,4,12,4,5,7,9,2,11,,,9,10,3,6,6,5,3,43,22,14,,7,6,4,,7,7,7,4,,2,4,8,,5,5,8,6,10,8,8,8,8,8,2,2,2,,5,6,5,16,15,,16,16,4,3,4,5,6,7,5,9,5,4,,5,5,3,,4,3,,6,7,7,6,,5,6,5,7,7,8,8,5,6,6,13,25,9,6,9,9,2,3,2,2,1,6,5,5,4,4,6,12,4,,13,2,7,6,5,2,3,4,4,1,3,6,16,9,9,9,6,7,6,9,6,8,6,9,3,3,8,5,1,6,24,8,7,6,7,8,6,7,11,6,8,5,4,1,,2,7,10,11,7,4,10,6,9,3,6,4,6,8,10,,,14,18,14,,9,15,11,11,6,8,,5,8,8,,,,,5,5,7,5,6,13,13,12,,9,5,9,7,5,8,4,3,7,3,5,,,,,4,5,8,8,5,7,2,,4,6,5,7,5,5,6,7,6,6,10,8,9,9,,11,9,5,4,7,12,5,7,3,,12,,,9,7,,7,4,5,,4,,8,,10,8,4,5,5,4,5,14,12,6,5,5,14,15,,12,12,8,9,7,6,,5,8,5,3,4,3,,5,4,3,4,20,,9,13,1,,29,5,15,10,12,,7,,5,12,,14,2,3,5,3,5,2,3,5,,4,2,9,6,5,5,3,5,5,,,5,4,4,5,,3,4,4,2,4,5,9,8,6,5,5,5,6,,13,19,9,4,8,7,4,,4,,7,5,5,8,6,9,4,12,15,5,10,10,5,3,,,4,5,,5,,2,11,7,8,,3,5,,,9,10,3,6,8,6,5,7,9,7,5,8,12,8,,,8,4,,7,6,4,8,2,11,3,3,6,2,15,4,2,5,10,11,7,26,4,2,3,8,3,6,5,5,3,4,5,10,12,7,12,5,5,7,7,8,5,2,6,10,10,15,4,6,7,6,,4,4,3,,11,3,4,,,8,6,7,4,5,8,6,3,6,5,8,5,6,9,4,5,1,3,,11,6,10,11,39,,15,2,5,4,2,5,5,3,4,6,2,8,8,20,17,27,,12,,4,2,4,5,8,7,6,6,7,9,8,7,6,6,6,8,8,8,9,,7,6,6,3,5,2,5,2,11,8,8,4,7,4,2,4,7,7,6,6,,4,2,4,4,9,20,19,11,7,8,11,7,8,5,8,11,7,4,4,9,5,5,4,2,7,4,5,5,5,5,3,1,6,5,5,5,4,6,,7,7,9,5,6,7,,6,6,3,8,6,6,6,8,7,11,4,,4,3,1,9,16,3,6,3,6,6,1,9,7,6,6,4,10,5,2,2,3,8,3,4,,8,6,6,8,5,5,6,6,10,7,4,6,6,8,10,13,1,4,,10,6,6,6,4,4,6,3,6,6,4,,3,7,6,2,3,,10,6,17,7,12,6,7,7,13,6,8,6,5,2,8,,6,,7,5,5,5,5,6,6,10,11,4,14,,6,13,,7,6,8,10,6,5,7,10,2,8,8,9,12,6,2,6,2,2,,5,,6,1,,6,6,3,8,2,6,8,5,,8,8,7,7,,,7,9,2,14,1,11,6,2,7,6,2,5,2,3,5,8,3,5,7,6,4,7,3,36,,7,7,2,7,28,6,8,4,8,6,7,3,6,5,4,6,2,3,4,7,2,24,10,9,6,,10,6,7,10,7,,8,5,2,1,32,8,6,5,6,8,3,7,4,6,13,2,4,6,4,8,4,8,6,,2,5,8,2,4,9,2,2,3,1,3,3,3,5,6,5,4,6,16,15,5,7,8,8,2,3,4,2,6,6,7,1,3,12,15,9,9,7,10,9,8,6,10,7
20210423,19,SO2_24h,3,3,2,2,3,3,3,3,2,4,2,3,,,5,,5,6,6,,5,,4,4,,6,2,,5,9,3,6,2,8,,,5,10,,6,13,6,10,3,,3,,9,4,8,8,10,5,,8,10,7,,9,10,7,4,6,8,5,6,5,6,,6,3,5,3,11,9,,3,5,5,4,9,,7,9,7,8,6,5,,7,5,,,6,6,8,7,8,13,14,,13,11,10,10,5,,12,4,4,4,10,4,,8,7,4,4,9,5,6,10,7,6,6,8,12,6,19,28,20,,16,14,12,17,13,26,19,15,5,6,4,9,6,,3,9,8,8,12,3,9,4,5,1,7,3,1,6,,3,6,4,6,5,7,2,5,11,12,8,8,,,,8,7,,7,12,6,,,,4,,6,4,3,5,6,6,8,5,6,,,,4,7,,5,3,4,3,4,,7,5,3,11,5,7,3,3,,5,,7,7,,4,5,,5,6,2,,5,4,5,6,10,5,7,,,5,9,10,5,4,6,6,,5,,,3,,10,8,,4,4,4,4,4,5,,6,4,5,5,5,7,5,5,5,5,5,4,6,5,9,9,3,5,2,,5,6,4,4,4,4,9,3,5,2,,6,2,4,,6,6,6,6,,5,4,6,7,5,,,5,4,5,6,5,4,8,8,6,5,5,6,9,7,7,9,6,5,6,6,8,5,,5,7,9,4,4,6,5,7,5,8,6,9,10,11,,8,10,10,9,10,7,7,7,4,7,10,7,8,6,,7,6,6,10,8,9,8,6,8,8,9,9,,9,17,15,7,6,5,5,6,9,7,8,,,12,9,8,12,12,13,14,16,14,15,9,11,5,5,8,6,3,7,5,8,4,3,4,3,4,10,,13,13,11,15,14,13,8,,,12,13,5,5,15,,9,10,7,6,,,14,,7,8,9,9,6,6,5,7,6,,9,16,10,9,12,14,3,4,3,4,4,5,10,6,5,9,6,8,5,7,,8,7,5,6,,9,4,8,8,,,,10,6,,,,12,14,5,4,3,5,4,,4,6,2,6,6,6,5,6,6,6,8,4,5,5,3,9,,18,9,13,15,10,14,9,8,8,,4,8,7,9,11,8,7,10,11,9,58,10,11,12,5,5,4,5,,3,,5,5,5,5,2,,4,7,,,10,5,5,6,,2,7,6,,29,14,18,9,5,7,6,5,8,11,,,,8,,7,8,,6,6,6,9,5,5,3,3,3,4,,5,,,8,,11,12,11,5,8,7,11,9,,5,5,6,6,5,6,7,5,14,12,5,6,11,9,8,9,6,7,6,6,,7,7,7,,13,11,,7,9,11,10,7,,20,11,,,6,5,,6,,16,13,12,14,9,9,,10,9,,2,6,,4,,6,8,8,,9,9,18,33,12,,7,7,9,8,8,6,7,16,17,12,13,9,19,12,13,14,4,10,12,12,8,18,20,13,22,20,20,16,16,7,3,7,5,,4,7,8,8,7,6,2,5,8,12,5,5,3,4,,12,6,12,,8,6,5,4,6,,5,4,4,,4,,5,3,5,3,8,9,10,,,,7,,6,,8,5,7,,12,8,9,4,3,,4,,6,7,5,7,7,6,,12,9,13,6,6,9,,7,,,6,2,2,1,2,5,5,4,6,9,6,5,4,6,5,5,6,6,5,3,4,6,9,15,18,12,11,8,6,8,,28,8,18,9,10,14,12,16,,,,,7,7,,7,3,7,7,3,2,13,8,6,6,7,5,4,4,6,6,6,,5,16,6,,4,3,,12,5,4,5,4,4,,4,3,9,12,8,6,,10,52,35,18,13,9,7,1,4,,5,3,3,4,2,16,9,4,4,,5,,8,6,6,7,4,8,7,8,4,,,6,10,9,10,6,4,4,3,4,4,6,,8,6,5,9,10,11,6,5,6,,4,4,9,8,8,9,7,9,8,8,6,5,8,,4,5,,2,5,6,7,,,5,4,6,4,5,7,7,7,7,,,6,6,3,4,4,,4,9,10,11,10,11,7,,7,6,4,,,3,4,,11,9,11,,11,,10,12,,,6,5,,,11,11,18,,,2,4,6,8,6,6,5,16,11,13,21,13,13,14,13,13,3,4,4,6,8,8,7,8,,8,11,10,,20,15,14,12,4,4,10,8,7,8,10,10,,,8,10,12,8,8,13,12,9,7,10,6,6,13,10,12,16,10,,,15,3,9,4,8,10,,9,9,7,,6,8,9,,6,5,4,6,4,2,2,7,7,15,5,18,7,8,5,8,,4,3,3,7,6,6,,5,,7,,,,5,5,6,6,6,5,,8,,9,9,7,6,4,6,4,4,3,6,6,4,3,5,3,6,5,6,7,4,4,,3,4,7,7,21,7,12,17,17,15,13,12,16,21,13,,7,11,10,7,9,4,8,8,13,15,7,9,9,8,13,,,12,12,5,6,6,5,4,13,18,23,,20,9,7,,11,8,8,5,,3,5,8,,5,9,11,6,12,8,8,8,8,8,4,5,4,,6,6,5,13,13,,20,13,6,3,4,6,6,7,5,9,5,7,,5,5,4,,5,3,,7,7,8,7,,7,5,5,6,8,8,10,7,7,8,12,10,10,7,12,9,2,2,2,2,1,5,4,4,4,4,7,11,5,7,10,4,7,6,5,2,3,3,4,3,3,6,12,8,18,10,10,8,8,8,9,7,7,8,5,5,12,7,3,12,9,19,16,7,7,9,6,7,23,12,11,8,5,4,,4,5,10,10,9,5,10,7,9,5,15,7,9,9,11,,,8,12,9,,7,16,14,12,6,7,,5,6,8,,,,,6,6,8,7,8,13,14,12,,8,7,15,13,13,11,3,3,5,4,5,,,,,4,5,8,10,6,10,3,,4,7,6,8,7,5,6,7,6,6,11,10,12,12,,11,9,8,4,9,11,5,8,5,,17,,,12,8,,8,4,5,,4,,8,,11,8,5,6,5,6,6,14,12,9,5,6,22,12,,26,24,8,8,9,9,,4,7,6,7,4,3,,5,5,4,13,17,,6,6,6,,13,4,16,17,11,,8,,5,10,,10,4,3,5,4,5,3,3,5,,5,2,9,4,5,6,4,6,4,,,7,4,5,5,,2,4,6,3,21,5,9,10,5,3,4,6,7,,14,18,9,4,8,9,3,,7,,8,6,16,8,15,17,36,12,10,7,11,9,5,4,,,4,5,6,4,,6,11,13,9,,6,5,,,10,10,4,7,10,6,9,8,9,6,5,13,14,13,6,,6,5,,8,9,4,10,2,14,6,4,6,4,12,4,2,4,11,15,7,15,4,2,3,8,3,8,5,5,4,3,5,12,8,7,18,6,7,9,7,8,6,7,6,12,15,14,7,7,9,6,,5,4,4,,13,3,4,,,8,6,9,5,7,8,9,3,8,8,11,16,7,10,4,6,8,3,,13,8,11,20,22,,32,3,5,4,2,6,4,2,5,6,2,13,12,14,14,21,,12,,3,2,4,5,6,7,8,7,7,11,11,9,6,6,5,8,9,8,12,,9,7,9,12,6,2,5,2,10,8,7,3,7,5,2,4,8,7,6,7,,5,2,6,6,14,15,17,20,10,9,9,9,14,8,8,10,8,7,5,10,8,7,4,6,9,4,6,8,4,5,2,3,8,8,5,10,16,5,7,6,6,9,5,6,7,,7,4,5,18,7,5,6,8,7,16,2,,6,3,2,13,21,2,6,2,6,6,2,7,6,6,6,4,11,5,3,2,4,8,4,6,,9,8,6,9,5,7,7,11,7,7,6,7,6,8,10,15,3,2,6,9,5,6,6,4,4,6,5,6,7,7,,4,7,9,11,6,10,10,7,18,8,14,7,9,8,14,8,8,6,5,2,9,,7,,7,5,5,5,5,7,6,10,15,5,12,,7,16,,8,7,7,4,6,11,6,12,6,8,10,11,10,6,2,5,9,7,,6,,6,6,,6,9,7,13,3,6,7,5,,7,18,9,9,,,6,10,3,10,3,5,4,2,6,8,5,6,3,7,5,8,3,6,6,8,6,7,5,7,,14,5,2,7,24,13,5,5,9,8,8,4,6,6,6,10,3,5,6,12,3,19,7,9,8,7,10,9,9,11,12,,19,5,3,2,15,8,7,5,6,10,4,8,6,7,11,6,5,6,5,8,4,8,7,,4,5,11,3,4,4,7,3,3,3,3,2,3,12,5,7,5,11,16,21,7,6,4,7,3,2,4,3,6,6,8,3,7,7,9,10,8,8,13,10,8,6,9,8
20210423,19,NO2,13,13,13,12,24,15,18,12,13,19,17,17,,,34,,30,32,25,,28,,43,22,,40,22,,12,14,11,18,16,15,,,31,30,,36,31,23,38,35,,24,,13,7,12,19,19,18,,17,24,27,,27,22,22,18,17,22,9,14,15,16,,13,24,19,14,10,17,,10,7,13,19,19,,14,11,16,19,19,16,,10,13,,,17,14,14,12,7,41,42,,18,63,37,44,47,,28,24,30,11,21,10,,16,17,21,10,36,53,46,54,46,15,20,41,53,61,24,22,27,,39,30,64,47,41,40,27,39,40,45,36,47,39,,40,28,34,41,48,43,23,38,36,48,20,23,21,53,,66,62,52,57,46,41,18,21,10,18,20,27,,,,23,16,,17,26,22,,,,29,,43,55,38,39,62,56,52,36,45,,,,46,40,,19,37,17,27,17,,22,23,24,25,12,25,14,8,,16,,25,22,,29,28,,37,31,36,,43,39,53,21,73,53,45,,,53,45,41,25,13,108,16,,33,,,34,,30,38,,29,19,22,17,12,26,,30,31,20,34,29,17,23,13,20,28,23,13,22,22,22,36,41,19,5,,21,10,7,8,12,17,13,19,26,10,,19,,8,,12,22,17,16,,23,16,27,11,11,,,30,36,21,38,38,25,26,17,16,18,25,,19,29,16,22,19,21,38,40,31,20,,15,20,36,22,30,15,21,21,25,23,27,10,36,32,,31,66,34,37,39,50,26,24,25,35,52,50,37,29,,17,28,19,34,34,8,7,16,29,27,24,27,,14,49,36,18,14,15,13,14,21,22,22,,,24,20,22,23,32,31,28,18,22,20,41,18,12,13,15,9,8,20,31,14,11,11,18,8,12,14,,30,52,43,76,85,69,32,,,64,55,59,66,55,,23,17,25,29,,,24,,14,32,7,12,11,,28,20,9,,10,6,12,25,16,15,7,6,11,8,11,8,22,24,21,29,35,28,22,36,,18,18,28,18,,31,9,42,38,,,,14,8,,,,22,21,17,21,5,10,11,,5,30,46,27,30,29,26,28,16,28,30,5,9,38,10,14,,16,19,13,18,22,17,28,16,17,,26,38,26,23,26,10,32,35,38,28,35,33,32,29,12,12,9,20,,15,,32,41,38,37,20,,12,19,,,16,18,24,24,,23,21,25,,28,23,24,,13,36,36,32,28,18,,,,28,,32,14,,17,18,26,28,21,23,17,39,16,30,,12,,,16,,18,10,,14,16,21,15,13,,8,7,10,7,11,3,8,14,15,7,14,27,17,7,10,8,38,27,15,4,,4,38,39,,10,10,,14,6,12,10,9,,22,13,,,18,19,,7,,20,11,13,32,14,8,,10,7,,20,36,,31,,21,26,21,,25,22,41,65,40,,23,22,36,38,54,34,6,36,32,15,26,11,31,19,15,31,37,28,33,35,18,27,47,29,54,64,60,32,62,27,12,13,11,,8,26,30,18,16,32,18,26,17,27,16,67,67,72,,36,39,103,,9,15,14,7,10,,7,14,3,,55,,35,38,31,,14,13,14,,,,13,,16,,20,22,,,30,30,18,24,22,,20,,43,54,25,49,16,11,,24,34,35,16,11,18,,22,,,9,16,16,18,9,12,25,11,19,12,,11,19,8,18,11,15,20,15,6,7,5,17,,6,24,26,25,24,18,,38,,44,,18,26,39,34,,,,,8,13,,14,15,27,19,18,24,19,10,6,11,12,13,14,9,20,21,18,,8,12,42,,23,22,,20,12,16,26,26,30,,19,32,11,13,14,17,,9,5,7,7,25,13,21,6,11,,15,6,12,6,4,10,15,22,22,,21,,28,34,34,17,14,11,12,17,12,,,26,21,22,24,19,20,21,19,16,15,42,,52,27,27,36,42,39,39,40,41,,26,40,41,38,30,23,20,37,20,18,20,12,19,,42,16,,30,34,19,29,,,34,26,24,19,25,15,12,16,10,,,24,24,25,26,26,,27,17,16,19,19,16,10,,11,14,12,,,25,39,,19,21,25,,22,,21,26,,,19,22,,,9,,8,,,18,16,5,8,5,6,5,32,20,11,22,17,33,44,45,25,23,30,30,34,22,11,19,21,,27,20,38,,28,15,14,22,21,11,11,28,22,24,44,27,,,31,10,14,14,9,15,17,15,10,12,8,9,,8,32,21,22,,,20,12,14,9,24,24,,11,16,16,,24,20,16,,23,14,17,11,13,12,12,5,29,27,19,42,16,12,10,14,,4,,10,8,19,20,,13,,15,,,,9,13,30,48,10,12,,15,,18,21,23,13,15,14,11,7,34,30,59,15,2,26,24,23,8,15,12,15,13,,12,8,16,12,25,20,6,7,11,12,14,10,12,19,27,,14,6,9,10,17,6,8,10,11,10,11,12,11,9,11,,,21,13,5,7,10,8,5,15,13,16,,15,22,25,,28,21,26,18,,16,12,15,,15,11,15,14,10,17,16,16,14,14,17,16,10,,16,17,16,46,65,,29,40,6,16,15,26,26,36,35,34,22,21,,25,33,22,,12,14,,7,8,7,8,,19,15,28,18,33,10,12,21,12,20,22,10,15,14,8,16,11,28,25,21,26,32,22,19,16,17,10,10,14,6,17,4,4,14,6,4,6,15,18,16,16,4,14,14,15,24,20,11,17,8,7,19,18,21,24,13,17,14,9,8,10,8,10,20,13,8,11,11,14,9,8,10,12,12,,17,12,17,8,15,34,18,12,20,8,19,23,11,11,21,,,12,19,13,,36,43,49,52,53,42,,28,18,12,,,,,6,16,28,20,14,4,24,,,2,5,8,6,5,13,10,22,9,9,15,,,,,10,20,13,13,13,,12,,3,6,6,5,9,7,8,10,20,14,12,11,7,8,,7,8,11,12,23,22,10,7,26,,5,,,8,3,,8,34,4,,5,,4,,8,6,5,5,7,9,16,30,22,31,9,12,11,33,,16,21,11,26,,12,,9,11,28,40,8,8,,13,9,6,12,23,,30,37,14,,16,8,9,17,5,,,,16,17,,18,15,13,17,14,21,11,7,5,,9,5,10,9,15,2,8,2,2,,,8,6,9,7,,4,16,18,5,9,17,12,44,18,27,25,15,14,,18,34,22,18,45,29,30,,10,,36,16,20,4,14,11,6,24,24,39,15,29,24,5,,,13,21,38,26,,24,23,19,7,,26,23,,,28,36,33,15,16,19,33,31,30,38,27,55,30,54,32,,39,16,,28,10,24,14,5,14,19,12,8,24,24,10,8,27,16,31,25,32,14,13,14,11,19,8,5,9,5,8,9,12,25,26,84,19,9,20,28,10,12,13,16,16,30,15,21,50,18,23,,10,9,26,,5,36,33,,,36,15,17,11,26,3,14,32,16,8,26,15,25,18,13,12,19,17,,26,36,22,9,14,,9,56,12,37,,37,48,51,42,16,16,12,12,26,13,28,,34,,39,7,22,24,22,40,42,41,45,44,31,17,30,38,29,15,30,17,29,,6,23,22,10,17,18,20,28,20,33,19,16,23,10,12,14,35,26,21,16,,29,26,6,5,12,32,34,20,21,13,51,8,19,23,6,26,20,23,22,28,16,21,10,28,14,15,25,26,40,31,9,11,17,8,8,10,48,23,13,35,39,13,8,15,12,,15,18,16,19,50,32,38,38,30,24,9,,25,11,12,16,14,37,47,26,40,23,37,64,52,47,32,17,27,24,15,9,13,12,17,4,,44,9,20,25,15,8,16,4,31,9,1,13,29,22,26,10,13,15,21,24,12,34,68,24,13,15,23,20,20,17,,32,20,9,11,14,,27,6,38,11,34,13,10,10,77,3,8,18,17,38,17,,15,,16,27,16,21,15,16,16,12,12,18,19,,14,11,,18,4,26,17,17,12,15,19,11,16,16,7,10,5,20,4,9,11,,38,,26,10,,23,10,6,10,34,13,36,28,,23,10,13,2,,,21,15,21,17,27,26,23,20,35,8,15,26,18,28,30,27,13,16,15,17,10,24,24,35,,15,14,36,38,21,28,86,15,18,14,16,29,5,5,4,7,23,13,,18,26,28,17,32,11,,18,27,10,17,30,,28,21,44,44,59,19,10,41,38,11,22,16,17,13,23,46,24,56,27,5,36,44,30,,6,5,29,2,27,39,18,23,16,12,18,9,11,18,21,14,23,20,51,20,19,10,21,27,15,14,15,14,25,14,10,11,15,26,50,19,39,50,27,26,3,2,21,14
20210423,19,NO2_24h,22,13,28,22,34,25,35,21,12,24,36,30,,,21,,21,19,20,,21,,28,22,,19,16,,23,21,24,20,19,23,,,19,24,,26,23,13,15,21,,17,,26,17,21,28,30,30,,25,31,29,,26,27,30,27,14,19,13,13,26,30,,30,21,17,21,23,26,,19,21,29,26,54,,16,34,34,46,44,36,,19,22,,,24,18,16,14,12,20,24,,19,37,22,27,29,,25,21,24,9,15,10,,12,8,13,10,48,46,48,46,43,19,20,44,40,52,27,35,28,,30,31,36,34,40,29,21,42,48,57,54,60,42,,51,34,37,39,34,30,13,29,21,25,15,21,21,36,,56,53,48,45,51,44,33,42,29,33,32,23,,,,24,18,,16,28,22,,,,28,,30,54,43,28,51,46,36,52,42,,,,43,38,,15,29,22,23,19,,25,18,26,26,18,26,17,24,,20,,17,16,,50,32,,57,26,53,,45,56,53,21,55,47,56,,,40,48,43,32,28,49,23,,42,,,52,,46,42,,19,18,19,16,13,16,,32,36,26,37,31,18,23,24,18,23,20,12,17,18,24,22,28,17,10,,24,20,21,23,15,16,19,19,33,11,,19,16,7,,13,23,20,17,,24,18,21,15,13,,,21,23,14,23,22,19,44,41,34,40,44,40,39,46,23,23,28,23,35,35,31,31,,15,20,31,22,26,19,18,24,23,20,27,11,49,42,,54,61,38,72,51,63,53,34,22,34,44,36,30,60,,25,33,53,35,28,28,13,15,36,35,31,29,,13,54,40,19,21,18,15,15,22,16,20,,,48,39,38,37,36,47,46,47,40,38,22,27,14,13,16,11,12,22,30,25,11,12,24,9,10,13,,48,42,51,57,60,53,32,,,48,58,59,48,57,,31,32,45,35,,,37,,11,34,7,11,9,20,24,21,7,,17,15,38,29,30,35,7,5,9,7,13,5,40,51,42,51,52,50,48,54,,30,39,48,40,,46,13,37,40,,,,19,11,,,,21,19,20,23,9,15,14,,11,17,30,22,20,23,26,26,20,27,27,4,15,32,7,30,,28,34,25,30,21,25,22,21,19,,32,42,30,14,11,10,20,25,27,22,31,29,29,28,18,14,16,15,,11,,26,29,31,26,25,,16,20,,,14,15,21,21,,19,22,21,,23,18,16,23,10,23,18,19,15,16,,,,26,,23,13,,28,27,24,34,21,17,14,19,16,25,,15,,,25,,24,17,33,14,13,12,14,13,,13,11,16,11,15,8,11,15,15,13,22,27,31,11,11,12,30,26,20,7,,11,37,37,,14,14,,14,14,15,16,12,,29,19,,,32,25,,22,,23,20,25,31,20,13,,16,15,,27,31,,22,,28,29,28,,28,24,24,29,19,,21,16,31,22,29,13,6,23,27,18,22,14,39,15,14,18,22,21,14,26,18,22,32,22,33,37,32,27,35,22,12,14,13,,8,23,26,22,23,19,14,17,13,15,12,23,21,29,,26,25,31,,14,18,18,27,15,,24,26,4,,39,,33,38,27,36,25,20,26,,,,29,,27,,16,24,12,,39,38,26,16,19,,19,,35,32,24,27,27,25,,30,33,30,18,22,16,,21,,,8,15,14,15,8,11,25,11,23,10,9,8,10,19,25,21,28,32,27,4,6,15,33,34,32,24,39,33,32,22,,33,12,37,19,20,40,31,33,,,,,27,37,,32,16,26,22,20,20,18,12,6,14,10,14,17,12,35,34,33,,13,18,38,,36,35,,48,10,22,34,33,30,,28,32,30,38,38,38,,13,13,19,15,19,12,22,5,9,,15,6,7,10,5,12,17,19,19,,16,,17,23,23,20,18,8,8,15,10,,,14,18,14,15,18,18,15,14,11,11,43,,48,45,34,46,37,44,42,50,48,,20,31,46,45,42,37,39,33,23,22,23,21,23,,38,29,,32,36,14,34,,,23,20,19,16,22,21,13,19,15,,,28,16,17,17,18,,16,41,38,36,40,44,18,,24,26,10,,,15,15,,29,34,51,,40,,14,17,,,17,12,,,9,13,7,,,12,12,12,15,7,7,7,30,17,9,19,20,20,30,32,22,23,24,22,20,16,10,16,16,,18,22,29,,27,30,23,28,13,11,8,24,12,11,12,31,,,24,23,28,43,22,22,24,22,16,24,18,9,51,36,42,42,23,,,27,9,12,9,15,18,,9,17,32,,23,35,18,,18,13,15,14,22,8,11,9,28,21,25,37,30,16,8,11,,4,11,9,17,14,16,,14,,19,,,,9,17,19,17,15,13,,14,,19,18,25,23,15,23,11,12,25,25,29,10,2,13,11,13,19,24,27,23,12,,13,7,13,14,19,16,6,15,21,22,17,13,16,21,25,,12,9,13,12,13,5,15,12,11,11,10,10,9,8,14,,,16,15,6,7,9,9,6,18,19,22,,24,39,36,,32,25,27,24,,24,24,25,,29,19,21,17,16,16,15,16,15,15,26,23,22,,15,16,15,38,33,,37,33,7,14,13,17,18,25,21,22,28,25,,34,31,30,,11,16,,13,7,13,13,,18,14,21,16,29,14,11,17,7,13,12,9,12,13,9,14,5,17,20,15,22,14,16,12,11,11,10,8,12,8,14,4,4,13,7,4,5,10,12,11,12,3,10,9,31,35,31,30,24,9,17,17,17,23,24,20,26,28,11,10,12,10,13,23,23,12,14,23,17,14,11,15,25,33,,30,21,19,10,21,25,24,18,24,19,25,26,21,27,35,,,12,21,16,,33,44,42,42,53,52,,34,15,22,,,,,11,24,27,28,23,14,9,36,,32,6,9,8,10,13,7,10,7,7,10,,,,,6,11,17,19,10,13,22,,3,9,10,16,17,5,8,9,24,36,12,16,21,21,,7,9,10,10,31,39,12,9,35,,11,,,10,7,,6,23,5,,6,,6,,7,6,6,8,8,19,37,44,37,29,6,9,11,19,,22,22,9,24,16,19,,12,13,29,35,8,7,,14,12,11,14,23,,28,36,20,,14,9,16,18,9,,15,,15,18,,15,19,14,15,13,17,10,6,4,,10,4,9,14,19,5,8,5,4,,,18,11,13,7,,10,14,20,6,23,22,16,57,22,19,17,22,22,,50,33,16,32,51,48,34,,13,,27,18,32,11,41,32,18,18,15,25,17,29,36,5,,,25,23,48,17,,21,20,17,15,,16,27,,,42,40,39,19,20,18,35,29,29,42,27,61,27,37,27,,24,19,,49,11,20,18,4,18,13,13,8,17,16,12,10,17,19,34,19,15,12,11,9,28,24,14,5,7,4,5,9,27,27,13,73,30,27,34,25,20,20,21,31,34,37,15,34,26,37,22,,24,5,25,,8,32,31,,,39,17,22,17,21,3,23,27,25,13,33,21,15,27,11,27,24,17,,26,40,26,17,26,,17,56,27,52,25,38,44,46,48,32,24,21,30,15,14,18,,24,,21,18,26,21,27,40,62,57,55,47,47,39,24,48,40,16,23,25,52,,13,26,47,18,20,21,22,23,18,27,15,13,16,13,14,15,31,21,30,27,,37,34,18,12,27,30,30,26,21,15,30,14,24,42,10,45,25,38,28,37,19,23,16,25,15,16,22,24,26,24,19,19,27,30,11,21,53,13,18,23,24,12,8,7,14,,16,18,27,18,48,36,53,43,42,26,13,,22,15,11,30,12,28,28,20,42,17,22,36,35,36,43,34,27,26,25,9,17,17,19,6,,38,13,17,47,38,10,23,10,13,26,6,17,37,45,16,19,20,15,25,17,18,23,34,17,12,14,24,42,32,29,,28,15,18,24,17,8,27,13,31,29,24,25,33,24,44,26,23,17,18,25,18,,15,,20,22,9,20,15,25,20,14,12,23,19,,15,10,,28,16,14,17,22,22,15,14,13,19,17,9,12,4,15,4,9,10,,41,,20,15,,20,17,12,24,24,25,40,26,,27,18,15,18,,,34,32,23,24,39,16,23,35,25,24,29,33,30,41,41,34,33,27,22,30,30,30,19,33,,24,21,22,40,31,27,33,32,30,35,36,27,5,7,5,13,32,30,46,34,15,17,18,38,15,32,40,47,25,19,40,,29,18,36,35,35,20,35,29,22,16,24,17,26,13,18,48,38,27,18,12,57,58,33,,9,6,43,2,12,33,24,11,22,22,29,12,30,30,23,15,20,33,36,23,34,16,13,19,23,12,29,22,24,26,11,15,28,15,34,13,34,48,27,26,5,4,28,15
20210423,19,O3,101,103,105,99,95,97,103,103,100,104,99,95,,,79,,89,86,96,,88,,70,103,,80,76,,114,109,109,100,116,118,,,102,101,,103,96,98,70,80,,94,,108,111,113,108,98,,,107,98,119,,114,122,124,92,95,93,106,88,117,112,,115,96,97,104,106,102,,106,106,103,102,137,,127,131,134,138,137,134,,106,130,,,116,128,114,126,83,49,42,,51,30,59,42,52,,67,108,102,136,115,131,,111,102,111,116,57,38,52,40,55,50,67,52,40,32,102,95,,,90,88,82,86,88,84,115,87,59,64,54,64,56,,69,50,61,45,89,106,112,112,97,83,123,130,105,58,,40,36,45,44,59,56,82,77,87,75,80,59,,,,81,92,,83,76,70,,,,116,,76,68,79,78,54,56,77,85,84,,,,94,74,,80,77,94,70,77,,74,80,83,75,77,77,93,98,,104,,72,72,,126,96,,123,95,115,,101,131,106,69,27,75,63,,,56,75,74,90,99,51,85,,118,,,113,,118,99,,86,102,94,75,93,63,,129,120,121,111,118,114,108,120,134,108,119,129,115,121,118,83,111,120,130,,97,104,106,119,114,82,80,111,114,117,,122,117,83,,128,91,106,98,,99,106,92,104,98,,,43,38,58,37,42,66,96,101,99,103,90,91,99,92,101,99,89,83,81,57,76,86,,90,105,92,104,96,97,102,104,96,103,98,110,218,243,,240,158,256,247,229,225,184,238,102,131,69,67,128,157,,117,118,143,139,63,90,101,100,184,181,196,174,,146,136,175,149,151,153,155,112,84,82,91,,,130,140,145,140,120,158,112,117,107,126,130,120,68,66,69,69,75,59,47,58,65,49,56,64,54,91,,47,34,41,20,10,36,47,,,35,36,29,27,50,,127,124,140,113,,,135,,107,92,114,110,109,,93,106,114,,149,144,141,127,132,128,132,138,128,112,143,145,70,58,66,56,46,56,71,,,69,65,53,63,,67,94,49,61,,,,108,105,,,,96,87,79,71,85,79,79,,92,131,,137,131,120,98,119,98,89,94,112,77,,94,140,,135,131,144,138,154,148,144,158,140,,59,61,63,82,71,80,70,71,66,61,78,77,76,81,104,101,107,96,,68,,67,62,64,52,107,,105,88,,,101,90,85,73,,69,81,70,,73,71,79,,72,95,91,97,101,117,,,,66,,67,57,,61,71,71,68,69,69,71,82,109,100,,96,,,127,,123,94,140,108,109,81,107,91,,56,57,61,61,51,65,49,67,53,54,93,82,94,154,131,151,67,92,99,81,,76,222,206,,105,108,,89,102,89,80,91,,94,147,,,78,78,,126,,126,125,136,110,123,127,,126,132,,109,83,,83,,146,145,143,,148,157,83,59,92,,55,64,54,59,40,51,34,56,64,87,65,91,62,71,74,65,62,59,39,64,82,63,56,71,39,19,28,46,28,56,67,63,68,,63,92,78,98,84,88,106,112,134,106,116,50,52,43,,80,86,30,,98,112,110,105,107,,119,105,103,,53,,71,72,73,55,,121,117,,,,100,,98,,85,86,84,,103,92,106,82,89,,87,,21,10,30,27,94,99,,102,97,88,121,137,118,,79,,,108,59,57,,86,78,80,98,74,57,75,63,55,115,102,92,98,105,103,53,51,57,49,61,60,109,107,98,108,115,,96,128,,129,52,84,55,77,,,,,70,66,,64,24,37,27,36,33,36,66,72,64,,62,159,167,77,76,80,,97,88,57,,96,94,,101,82,85,62,67,61,,68,53,92,95,97,89,,82,83,83,122,106,116,110,85,95,,88,95,101,100,113,75,68,91,91,,76,,51,48,48,80,79,96,88,76,76,,,80,93,54,53,100,91,111,110,118,110,129,,72,89,78,69,63,76,57,50,67,,92,69,69,74,87,121,119,98,112,103,95,98,95,,68,82,,102,95,66,78,,,114,88,82,91,84,95,100,99,101,,,92,86,89,83,81,,73,136,124,110,140,140,136,,132,134,121,,,99,59,,123,114,131,,132,,113,116,,,91,72,,,149,158,133,,,75,76,90,88,131,122,136,77,81,94,92,83,52,40,41,49,63,51,49,40,76,72,78,74,,68,75,78,,83,110,100,88,82,103,88,89,89,88,62,97,,,88,82,78,70,93,93,79,96,89,64,63,75,64,82,71,73,77,,,90,61,57,63,74,83,,76,105,113,,111,112,125,,110,99,110,108,108,76,93,78,90,99,102,71,95,100,99,88,,106,,87,75,124,119,,109,,106,,,,129,128,120,94,92,92,,92,,84,84,84,104,98,108,130,94,56,68,37,78,97,62,61,63,110,103,107,105,111,,120,75,66,81,66,70,99,137,127,125,110,140,128,,137,,94,97,101,99,78,101,93,92,88,91,126,117,126,123,131,,,127,131,97,107,102,103,108,123,114,119,,112,114,113,,88,95,92,87,,92,87,94,,105,107,106,94,103,94,97,96,93,97,70,75,78,,102,102,104,76,49,,91,78,90,85,92,64,60,55,60,50,98,84,,62,60,61,,79,81,,99,97,113,115,,89,100,93,16,22,104,116,106,108,110,100,76,77,71,76,73,98,75,90,85,87,57,79,84,73,87,96,92,83,83,78,84,,77,78,88,85,58,76,77,84,17,74,67,100,83,86,92,38,53,54,57,68,64,81,95,94,86,96,99,92,103,105,96,100,87,83,95,100,101,82,86,41,50,,47,56,53,59,57,68,85,88,83,145,142,128,137,159,140,,,41,44,44,,40,61,27,51,12,32,,76,53,58,,,,,114,118,100,102,118,132,109,117,,107,121,128,113,125,124,134,107,129,104,138,,,,,43,24,162,164,138,135,109,,90,130,133,142,136,112,107,110,154,167,124,130,135,131,,146,141,147,129,134,148,105,117,130,,125,,,106,137,,126,132,126,,142,,114,,102,101,70,64,63,62,133,113,126,108,82,83,84,154,,65,67,61,64,61,74,,86,80,63,54,86,88,,83,74,88,75,69,,64,73,116,,117,107,120,146,109,,105,,108,90,,95,74,80,69,86,93,81,85,91,,93,82,80,110,109,100,90,99,102,,,97,94,87,84,,64,76,76,86,120,82,128,214,108,100,95,110,134,,139,49,119,103,77,120,122,,104,,46,90,133,110,140,149,90,44,91,50,60,42,156,58,,,113,96,123,90,,90,91,90,108,,69,90,,,72,82,82,98,87,92,80,89,64,101,58,34,59,47,83,,81,88,,214,106,109,103,85,122,70,105,147,80,98,116,122,92,99,92,120,71,68,79,60,105,110,85,112,122,125,121,141,105,125,101,12,96,134,145,80,92,96,116,94,143,94,131,90,74,85,89,,78,89,60,,108,15,14,,,60,106,101,110,71,108,92,98,93,80,108,131,99,132,121,97,83,91,,72,59,,91,85,,84,39,71,68,45,53,62,68,58,66,113,122,140,115,122,94,,67,,63,98,99,107,75,252,246,171,197,158,131,134,126,118,,64,79,101,130,,75,166,130,92,114,97,100,98,97,91,105,81,123,99,97,99,83,83,95,87,,85,86,59,67,64,80,20,51,40,65,97,75,72,75,69,37,26,123,145,138,109,121,93,76,72,103,118,54,54,72,113,111,72,146,156,155,45,88,39,43,47,100,122,64,75,,102,56,92,92,84,120,136,94,78,132,109,,68,104,99,137,132,108,96,100,77,80,90,54,76,98,63,95,76,86,104,97,85,84,77,82,,198,102,98,177,156,76,81,53,172,127,78,139,198,113,93,92,103,105,78,99,106,109,39,87,112,101,99,97,90,119,,80,80,111,103,58,111,6,68,46,55,60,138,100,147,43,62,59,100,102,58,98,,58,,76,68,112,60,105,97,89,95,100,118,110,,80,120,,77,131,73,90,102,98,102,92,91,91,99,71,155,77,42,45,72,70,,72,,51,69,,12,131,141,142,96,106,122,88,,106,130,120,118,,,121,147,81,96,126,96,,117,99,104,116,101,95,92,80,86,103,111,106,95,91,97,85,72,,119,,80,22,67,39,21,78,70,86,83,64,87,91,90,94,31,48,129,135,89,105,131,70,101,139,131,152,102,100,102,,89,99,56,58,,99,66,40,30,92,75,102,78,106,97,,97,12,77,116,120,121,118,,63,80,71,104,82,77,112,88,93,111,98,111,108,127,134,62,103,131,39,117,93,129,102,100,107,103,96,94,119,131,106,111,118,82,66,91,77,68,75,114,135,125,106,97
20210423,19,O3_24h,107,127,107,102,103,101,113,106,114,129,103,110,,,95,,99,100,104,,100,,90,105,,105,85,,150,141,142,140,144,148,,,111,109,,113,101,114,106,114,,111,,136,135,135,125,112,131,,122,117,147,,142,152,143,102,110,111,113,111,124,118,,117,108,104,107,112,108,,139,135,135,134,142,,136,138,143,147,144,140,,140,142,,,132,140,128,139,104,101,91,,88,97,98,89,91,,103,120,122,139,121,135,,126,128,131,142,77,83,83,93,97,100,115,94,90,80,129,122,119,,128,125,127,117,112,135,144,118,91,93,84,90,101,,100,87,96,80,149,144,152,147,134,133,168,150,155,93,,93,82,89,94,103,105,89,81,88,88,86,61,,,,107,119,,114,118,110,,,,123,,123,100,105,124,117,123,117,125,129,,,,138,128,,109,109,117,100,104,,98,122,126,123,108,125,93,98,,104,,132,123,,126,125,,148,111,127,,122,152,123,109,54,100,68,,,84,75,84,114,117,124,106,,125,,,141,,118,122,,104,148,151,81,93,76,,158,150,158,152,162,138,135,134,136,116,130,143,129,142,135,123,137,134,130,,107,110,114,119,197,141,131,123,114,126,,122,117,120,,139,95,106,98,,99,106,96,104,119,,,97,90,101,106,92,93,118,120,118,121,114,116,122,116,118,127,104,100,123,93,103,104,,109,121,149,143,150,151,165,134,152,169,142,121,254,258,,254,246,279,266,253,253,228,271,154,187,110,154,165,223,,156,139,162,220,123,138,160,145,215,211,238,230,,174,189,215,204,193,199,202,198,163,155,176,,,264,288,267,218,195,268,235,206,138,159,162,168,102,105,112,103,102,97,80,87,88,83,109,121,99,114,,56,62,77,67,70,80,77,,,82,66,68,59,90,,220,210,210,189,,,225,,123,106,124,129,120,97,118,123,125,,166,149,151,145,138,138,132,138,128,124,143,145,73,59,71,60,47,56,72,59,,74,65,60,63,,125,102,69,76,,,,127,119,,,,116,108,90,75,93,88,86,,96,156,84,160,160,144,136,138,116,130,142,124,100,165,100,146,,145,143,150,149,159,151,157,162,143,,99,97,105,126,129,122,120,95,98,96,105,94,98,106,158,140,128,148,,84,,103,108,102,100,134,,107,90,,,118,104,100,78,,90,85,70,,114,126,119,104,100,115,117,112,126,121,,,,66,,72,87,,85,100,93,90,86,88,87,125,127,123,,96,,,200,,200,158,196,122,124,119,125,114,,88,72,78,76,94,78,72,145,143,116,114,141,129,170,147,169,140,140,139,114,,116,304,278,,160,163,,189,183,181,161,120,,115,150,,,104,106,,137,,141,135,147,130,123,146,,128,136,,125,122,,125,,154,145,147,,150,157,109,105,116,,112,85,108,112,92,111,97,96,100,101,98,99,90,136,112,121,127,131,132,87,97,88,90,90,88,86,101,83,90,96,137,127,136,,134,158,145,155,136,164,121,144,158,131,146,102,101,98,,115,119,126,,142,119,119,107,113,,124,105,107,,120,,113,111,136,84,131,136,133,,,,114,,112,,124,114,117,,115,109,113,134,138,,136,,51,66,63,78,113,118,,131,128,140,126,166,139,,103,,,113,65,57,70,111,104,128,146,111,90,99,89,91,120,114,102,109,117,113,58,60,194,98,100,92,170,164,151,169,171,,141,147,141,145,102,110,117,114,,,,,117,121,,125,78,75,74,77,87,73,97,103,94,106,82,172,179,79,77,83,,105,96,98,,124,123,,126,82,85,76,70,132,,69,70,93,99,99,89,,137,141,114,133,130,138,132,88,99,,88,95,102,100,113,75,68,94,94,,92,,97,100,100,87,86,113,102,89,86,,,95,102,77,74,123,109,124,125,137,131,150,,116,145,139,77,87,91,82,70,120,,138,113,108,107,115,128,122,119,131,108,104,99,96,,86,82,,142,122,81,96,,,114,110,103,106,103,125,128,122,130,,,154,123,126,116,116,,113,163,153,144,162,161,142,,137,141,134,,,129,126,,144,141,131,,139,,140,141,,,127,84,,,158,167,140,,,112,110,101,122,133,127,137,136,99,110,115,105,97,106,101,100,101,100,98,105,94,97,94,90,,97,98,107,,124,122,145,134,96,116,106,96,120,123,127,129,,,111,162,154,144,153,190,175,193,154,120,129,109,106,133,118,111,179,,,117,94,96,88,105,109,,93,124,135,,133,139,137,,137,133,138,135,141,103,122,105,98,116,112,76,95,101,117,103,,107,113,106,79,149,142,,138,,135,,,,139,141,148,133,129,131,,104,,108,120,109,134,137,118,134,128,117,124,124,123,97,121,112,115,126,124,125,127,112,,120,89,84,98,88,91,128,146,135,133,120,158,138,138,142,,114,118,117,119,112,109,107,124,116,116,132,120,132,132,143,,,143,144,115,118,113,111,118,133,119,145,,127,128,127,,118,102,112,120,,121,116,124,,137,127,124,117,126,110,112,105,110,114,105,114,115,,116,121,119,99,86,,94,96,92,85,93,89,77,81,82,78,111,98,,78,79,77,,101,102,,113,112,119,126,,101,113,107,58,58,129,128,122,127,129,132,95,113,104,101,103,107,89,102,93,94,114,116,114,118,116,115,104,99,101,97,94,97,86,94,99,90,65,82,82,91,51,86,88,132,118,126,130,62,68,65,86,105,79,123,120,125,121,113,109,100,114,114,120,119,92,97,99,119,116,113,113,62,50,,50,96,104,108,107,129,131,132,134,145,156,148,145,162,163,,,109,102,96,,88,61,55,67,50,34,,133,68,103,,,,,122,133,129,125,136,132,139,134,,107,129,151,132,142,149,145,118,138,111,169,,,,,66,64,172,180,156,150,112,,106,147,147,147,144,140,135,138,160,170,134,154,141,139,,151,149,152,133,190,198,130,148,180,,140,,,129,145,,130,137,129,,142,,118,,118,112,76,72,77,62,142,125,132,127,87,88,87,154,,72,83,82,85,93,137,,121,114,69,66,111,113,,84,75,92,94,112,,81,103,120,,128,130,120,146,116,,129,,127,107,,98,89,104,93,93,101,86,87,91,,97,87,82,111,111,111,103,103,108,,,99,96,90,88,,67,82,77,92,133,163,131,234,113,110,103,143,141,,139,86,137,119,80,124,153,,129,,64,90,214,110,145,151,111,85,133,99,97,102,167,93,,,121,170,123,98,,110,109,124,121,,129,105,,,72,128,118,98,112,119,80,102,67,135,82,68,97,92,130,,99,111,,249,170,159,167,92,156,108,105,152,136,168,128,146,106,109,113,132,99,77,87,76,112,114,110,137,144,145,133,141,123,155,119,61,130,175,166,106,109,113,135,112,157,106,148,103,110,89,126,,110,106,63,,127,42,36,,,88,132,108,118,122,113,115,112,93,146,121,131,140,141,125,112,171,95,,100,85,93,110,112,,111,89,81,114,104,70,113,112,88,85,136,133,150,143,135,118,,114,,142,98,99,128,98,280,333,205,248,206,223,231,185,194,165,114,163,137,248,,120,202,266,218,136,102,107,104,102,101,128,111,136,135,102,99,121,129,136,125,,110,116,106,136,119,114,36,65,91,77,133,115,108,86,76,42,75,207,213,201,162,166,111,76,121,103,130,64,105,110,115,113,100,158,166,165,97,121,118,118,79,115,134,90,109,,123,80,123,113,115,124,136,112,100,137,121,,70,111,114,144,144,144,136,129,122,136,120,118,122,127,102,95,76,109,105,97,93,85,88,88,,278,142,133,265,202,134,150,88,186,153,111,190,277,162,103,123,111,114,103,102,130,137,97,109,138,132,118,122,110,129,,103,114,129,125,122,138,7,70,99,64,100,179,143,170,121,107,103,100,102,111,103,,94,,85,88,132,72,113,97,89,108,114,126,125,,104,136,,81,131,179,162,143,173,125,112,97,111,117,112,177,105,95,58,83,85,,85,,125,88,,36,148,141,151,109,106,122,117,,106,140,132,124,,,134,157,118,148,162,104,109,117,113,132,146,124,116,108,106,113,109,118,116,102,116,125,111,120,,131,135,133,50,89,74,102,82,74,86,85,112,90,92,103,105,44,49,133,145,128,141,174,137,160,220,250,321,117,121,121,,110,125,111,108,134,144,124,99,72,92,79,103,100,132,102,99,121,66,115,130,124,138,147,,114,88,79,111,134,127,130,134,114,122,103,124,108,138,190,92,103,142,124,124,99,134,112,107,132,118,104,111,139,146,139,138,138,120,116,119,118,99,94,134,146,128,160,97
20210423,19,O3_8h,103,115,105,98,99,99,107,101,108,116,100,102,,,86,,94,94,97,,93,,78,101,,99,80,,132,128,128,122,132,135,,,106,105,,108,96,104,95,104,,102,,122,121,122,116,104,121,,114,107,133,,128,136,129,98,104,105,111,106,112,109,,109,98,95,97,102,98,,127,125,125,122,130,,121,126,133,135,132,131,,132,136,,,126,135,122,133,94,83,65,,66,56,76,64,71,,80,113,105,134,112,129,,120,114,119,119,65,54,69,56,68,86,101,70,64,47,121,110,107,,114,114,116,110,103,119,133,105,74,74,68,72,84,,80,70,81,68,113,123,126,123,110,106,146,130,124,72,,71,59,73,74,83,82,70,65,69,70,66,53,,,,95,104,,102,103,92,,,,118,,102,84,88,105,89,94,105,106,115,,,,122,109,,95,95,105,93,95,,91,109,108,105,95,105,85,89,,89,,111,104,,91,88,,111,83,90,,91,122,88,83,40,81,52,,,70,66,72,102,100,85,94,,98,,,110,,103,100,,92,116,113,65,74,65,,128,123,123,122,124,110,108,109,120,108,121,132,119,130,122,104,120,120,118,,97,102,105,111,157,117,104,110,104,114,,112,109,102,,124,70,81,76,,75,79,76,78,79,,,48,45,59,42,51,45,110,112,110,112,104,108,111,106,107,102,93,93,93,81,88,89,,100,107,110,109,117,114,120,111,116,123,107,105,212,211,,224,211,244,227,208,222,190,236,128,155,90,116,144,171,,136,124,134,184,96,114,135,125,170,166,190,193,,148,149,178,171,160,175,186,163,142,122,148,,,207,219,214,189,168,216,177,152,112,134,132,142,87,87,90,87,87,82,69,76,77,60,86,91,75,82,,38,46,54,49,41,64,63,,,47,56,42,46,69,,162,158,163,144,,,164,,116,102,119,124,115,97,112,117,119,,155,147,147,139,135,134,126,130,121,114,128,133,59,44,58,44,37,40,56,44,,56,55,45,47,,90,97,60,66,,,,113,111,,,,108,99,82,70,88,81,79,,92,121,71,127,127,114,110,118,107,104,114,118,92,122,90,139,,140,134,143,143,149,143,144,152,136,,80,80,85,96,91,88,85,87,81,78,93,88,91,99,125,117,117,116,,63,,81,82,78,82,99,,92,76,,,104,93,88,66,,59,64,64,,97,103,102,100,88,103,104,103,114,112,,,,57,,60,64,,60,76,76,72,76,80,81,91,118,107,,81,,,157,,154,130,164,105,105,92,109,90,,73,65,70,66,74,69,58,105,101,88,102,112,111,158,138,158,118,123,125,94,,92,251,223,,131,130,,132,137,134,111,104,,101,147,,,95,95,,133,,136,131,143,123,105,112,,112,117,,118,107,,110,,136,134,132,,136,139,91,79,102,,63,65,65,65,59,64,59,75,77,88,76,95,65,87,79,86,73,82,74,79,91,78,76,82,63,60,64,67,60,76,87,83,82,,85,133,116,131,115,138,115,135,150,123,135,87,86,84,,97,105,95,,114,106,109,99,103,,110,59,93,,76,,84,82,88,73,118,121,118,,,,108,,104,,90,91,81,,107,98,102,100,102,,99,,39,41,46,56,104,110,,118,116,120,117,152,127,,90,,,108,61,54,62,88,84,103,120,101,78,89,78,78,111,104,92,100,106,102,55,54,78,77,80,63,140,136,130,138,140,,123,140,135,140,84,89,90,89,,,,,100,103,,102,26,44,26,43,41,34,84,87,80,99,75,164,168,67,65,71,,95,87,73,,109,107,,112,60,64,42,46,44,,47,37,76,79,85,75,,88,90,75,126,120,129,122,85,96,,80,88,93,91,106,58,54,76,76,,54,,66,63,63,75,66,83,76,72,70,,,57,66,61,61,107,97,113,114,119,114,102,,87,115,114,64,71,79,68,60,95,,112,92,94,96,100,112,108,101,120,102,95,95,90,,60,61,,112,103,66,76,,,105,104,96,100,98,111,118,113,118,,,127,96,97,92,91,,88,149,139,121,150,148,134,,130,133,119,,,107,96,,132,123,128,,131,,118,131,,,98,81,,,141,152,137,,,89,92,94,95,129,124,135,99,83,98,93,92,79,59,64,62,85,68,71,75,87,85,84,82,,86,86,89,,88,101,119,113,89,109,95,92,109,110,112,112,,,102,115,107,106,112,115,100,111,109,80,79,79,79,100,91,86,97,,,104,65,62,64,92,95,,82,116,124,,126,128,131,,126,123,131,126,130,94,113,96,88,98,98,68,81,87,105,95,,101,109,99,75,139,131,,126,,124,,,,132,133,138,124,117,114,,92,,94,103,96,112,114,110,124,108,103,109,103,111,90,103,100,100,115,114,117,116,103,,108,82,74,86,76,80,109,135,125,124,110,135,120,123,137,,103,107,109,109,98,105,100,109,103,104,126,114,125,124,132,,,133,132,107,104,99,98,104,115,114,129,,113,116,116,,91,96,96,103,,107,101,115,,126,121,119,111,120,100,102,100,97,102,94,101,102,,112,114,114,73,57,,73,68,82,74,82,73,66,64,65,57,89,77,,66,64,68,,90,92,,94,99,108,111,,87,99,96,22,23,108,112,106,108,112,110,86,96,88,91,90,101,86,96,91,90,84,91,89,90,86,94,94,84,93,84,82,85,77,83,89,81,63,81,77,89,42,75,75,114,101,104,110,50,62,58,74,88,74,102,110,111,109,103,103,96,108,108,107,109,89,92,94,105,103,99,102,24,42,,40,77,78,82,73,104,114,115,116,138,146,137,134,156,152,,,39,46,42,,40,27,25,43,16,26,,106,60,74,,,,,116,123,112,115,125,122,122,123,,100,124,144,125,136,140,138,113,122,103,148,,,,,54,40,153,161,145,137,98,,97,134,135,144,140,121,116,118,154,164,125,130,138,136,,145,140,145,130,158,173,113,125,150,,126,,,112,135,,123,129,121,,127,,113,,109,107,69,63,64,60,131,114,119,111,79,83,82,115,,70,77,56,70,70,90,,87,78,61,58,89,90,,80,69,82,81,71,,70,84,106,,117,106,105,131,107,,113,,117,81,,88,70,77,69,84,92,81,84,85,,94,79,74,103,105,98,91,95,98,,,92,91,86,75,,60,79,72,88,128,124,116,187,109,103,98,130,133,,128,65,128,104,68,112,128,,121,,54,79,160,103,142,148,86,52,119,69,84,36,139,56,,,112,125,98,93,,101,102,114,101,,107,99,,,64,115,108,87,98,106,62,73,51,121,63,53,78,70,110,,92,102,,222,138,141,133,83,134,86,88,143,99,121,116,103,98,101,99,125,91,58,84,54,104,96,96,128,136,138,126,125,106,140,111,40,118,146,156,92,93,105,118,103,147,80,134,92,92,74,96,,98,96,52,,112,28,16,,,71,119,98,107,98,109,104,104,76,95,114,117,122,135,116,106,140,86,,88,70,82,100,99,,78,68,70,92,73,60,90,90,72,69,124,128,143,125,131,104,,97,,91,79,90,118,91,224,259,174,198,174,185,177,150,156,151,93,133,114,184,,95,182,206,144,131,93,99,97,97,93,120,100,127,122,95,92,90,90,123,111,,93,87,60,81,73,104,26,52,44,67,100,70,89,82,69,32,37,153,155,170,141,146,69,67,102,92,120,51,81,86,101,99,88,149,159,156,77,107,96,67,64,95,118,81,94,,102,70,109,106,90,95,106,100,85,132,106,,62,106,106,138,137,116,116,112,76,123,106,94,107,113,78,77,66,101,97,92,88,81,82,84,,228,107,104,226,168,107,120,65,154,131,93,171,224,135,98,112,100,105,94,99,117,126,85,98,130,121,103,110,102,119,,91,84,124,118,81,129,6,64,76,56,88,151,128,150,97,83,82,88,81,89,94,,65,,69,70,123,66,99,79,77,95,98,117,115,,79,131,,69,104,131,128,122,137,105,102,93,103,104,99,156,93,72,52,78,77,,70,,84,67,,19,140,138,147,92,89,97,102,,95,135,126,120,,,113,146,107,129,138,97,105,109,106,120,122,114,106,99,97,103,104,114,110,97,107,113,100,90,,117,125,105,34,81,48,64,76,63,69,77,82,85,92,96,98,35,38,123,120,96,119,146,114,115,164,185,237,103,113,104,,97,113,74,76,115,131,104,43,35,70,66,90,92,114,91,83,107,51,87,115,92,105,117,,84,85,70,100,101,111,117,106,101,116,97,115,104,133,155,68,80,133,96,118,87,120,105,102,118,112,100,103,131,138,113,124,120,86,96,97,99,73,82,125,130,123,134,82
20210423,19,O3_8h_24h,103,115,105,98,99,99,107,101,108,116,100,102,,,87,,94,94,97,,93,,81,101,,101,80,,132,128,128,122,132,135,,,106,105,,108,96,104,106,108,,104,,122,121,122,116,104,121,,114,107,133,,128,136,129,98,104,107,111,107,112,109,,109,98,95,97,102,98,,127,125,125,122,130,,121,126,133,135,132,131,,134,136,,,126,135,122,133,98,90,68,,70,63,84,70,90,,80,113,118,135,117,130,,122,121,121,120,65,70,73,76,84,87,104,76,81,52,123,111,107,,118,118,125,114,105,124,135,108,74,74,68,72,88,,80,70,82,69,113,123,126,123,110,106,146,130,124,74,,76,60,75,75,84,85,70,65,69,71,66,54,,,,95,104,,102,104,93,,,,118,,102,84,88,105,90,96,106,106,118,,,,123,114,,95,95,105,96,97,,93,110,109,108,95,108,85,89,,89,,115,108,,91,88,,111,83,90,,91,122,88,83,43,81,52,,,72,66,72,102,100,87,94,,98,,,110,,103,100,,92,116,113,65,74,65,,128,123,123,122,124,110,108,109,120,108,121,132,119,130,122,104,120,120,118,,97,102,105,111,158,120,104,110,104,114,,112,109,102,,124,90,96,91,,90,97,95,83,107,,,80,75,97,94,82,68,110,112,110,112,104,108,111,106,107,102,93,93,93,83,88,89,,100,107,110,109,117,114,120,111,116,123,107,105,212,211,,224,211,244,227,208,222,190,236,128,155,90,118,144,172,,136,124,134,185,96,114,135,125,170,166,190,193,,148,149,178,171,160,175,186,164,144,124,156,,,207,219,214,193,173,222,189,159,112,134,132,142,87,87,90,87,87,82,69,77,77,63,89,94,79,87,,38,53,61,53,44,67,64,,,60,58,42,47,69,,162,158,163,144,,,164,,116,102,119,124,115,97,113,117,119,,155,148,147,139,135,135,126,130,121,114,128,133,59,44,58,44,37,40,56,44,,56,55,45,47,,92,97,60,66,,,,113,111,,,,108,99,82,70,88,81,79,,92,121,71,127,127,114,110,118,107,104,114,118,92,122,90,139,,140,134,143,143,149,143,144,152,136,,85,82,88,101,98,95,103,91,90,80,93,88,91,99,128,120,119,118,,78,,81,82,78,82,99,,92,76,,,104,93,88,78,,77,78,70,,97,104,102,100,90,104,106,104,114,112,,,,63,,69,69,,65,83,82,76,77,81,81,120,119,113,,81,,,157,,154,130,164,108,110,101,111,96,,74,66,72,72,75,72,60,108,105,90,102,112,112,158,138,158,123,124,128,94,,92,251,223,,135,134,,140,145,144,119,104,,101,147,,,96,96,,133,,136,131,143,123,105,112,,112,117,,118,110,,112,,136,134,132,,136,139,101,100,102,,73,76,68,98,86,89,70,77,79,90,77,95,65,111,102,98,98,86,85,79,91,78,77,82,77,74,84,76,77,81,108,95,100,,101,138,129,137,120,146,117,136,151,123,136,89,88,87,,97,108,100,,114,106,109,99,103,,110,59,103,,78,,85,82,88,75,118,121,118,,,,108,,104,,90,92,88,,108,99,102,108,108,,106,,40,47,46,58,104,110,,118,116,120,117,152,127,,91,,,108,61,54,62,108,84,103,120,101,78,89,79,79,111,104,92,100,107,102,55,55,96,78,80,63,140,136,130,138,140,,127,142,135,140,85,89,90,89,,,,,106,103,,107,71,75,68,76,87,68,84,87,80,99,75,164,168,67,65,71,,95,87,73,,109,107,,112,65,64,42,46,44,,47,38,76,79,85,75,,121,111,75,126,120,129,123,86,96,,80,88,99,91,106,60,56,91,91,,89,,72,79,79,75,70,106,98,78,82,,,90,95,77,72,112,102,118,121,134,128,102,,87,116,115,64,72,80,69,61,96,,112,93,95,97,100,112,108,101,120,102,95,95,90,,60,61,,112,103,66,76,,,105,107,98,102,100,116,120,114,120,,,129,119,119,111,101,,102,149,139,121,150,148,134,,130,133,122,,,115,122,,132,123,128,,131,,124,134,,,107,82,,,141,152,137,,,93,94,94,95,133,127,137,99,83,98,112,92,82,78,68,62,92,76,76,84,88,88,90,82,,92,94,89,,107,101,125,119,90,109,95,92,111,113,117,119,,,108,142,128,119,118,124,113,121,122,112,119,91,94,107,102,96,107,,,110,84,71,81,92,96,,84,118,125,,127,130,131,,127,126,134,128,132,96,115,98,88,98,98,68,81,87,106,95,,101,109,99,75,139,131,,128,,125,,,,132,133,138,126,119,118,,92,,94,103,96,112,114,110,124,108,109,114,111,114,90,107,104,104,115,114,117,116,103,,108,82,74,86,76,80,109,135,125,124,110,135,120,123,137,,103,109,109,109,98,105,100,109,103,104,126,114,125,124,132,,,133,132,107,104,99,98,104,115,114,129,,113,116,116,,91,96,96,103,,108,102,116,,127,122,121,113,122,101,104,100,99,105,97,104,105,,113,116,116,73,57,,73,68,87,81,85,82,70,70,67,63,89,77,,66,76,68,,90,92,,94,99,108,111,,87,99,96,40,25,108,112,107,108,112,110,86,96,89,91,90,101,86,96,91,90,84,91,89,90,86,94,94,84,93,84,82,85,77,83,89,81,63,81,77,89,43,83,79,114,101,104,110,53,65,59,74,88,74,102,110,111,109,103,103,96,108,108,107,109,89,92,94,105,103,99,102,24,42,,40,89,98,108,107,106,114,115,117,138,146,137,134,156,152,,,90,73,77,,62,27,38,51,42,26,,106,68,74,,,,,116,123,112,115,125,122,124,123,,100,124,145,128,137,141,138,113,122,103,148,,,,,63,57,153,161,145,137,98,,97,135,135,144,140,134,128,133,154,164,125,130,138,136,,145,140,145,130,158,173,115,132,150,,126,,,116,135,,123,129,121,,127,,113,,109,107,76,63,70,60,131,114,119,111,86,85,83,115,,70,78,74,74,93,99,,106,107,61,66,90,93,,82,69,82,81,88,,70,84,106,,117,106,105,131,107,,113,,117,83,,88,77,77,72,84,92,82,84,85,,94,79,74,103,105,106,102,100,106,,,92,91,86,75,,60,79,72,88,129,124,116,187,109,103,98,130,133,,128,76,128,104,68,112,128,,122,,62,79,160,103,142,148,86,83,123,75,89,78,139,72,,,112,128,98,93,,101,102,115,101,,111,100,,,64,118,110,87,98,106,62,73,52,122,63,53,79,71,112,,92,102,,222,143,141,135,90,135,94,88,143,109,121,116,103,98,101,99,125,93,72,84,69,104,96,97,128,136,138,126,125,106,140,112,41,120,146,156,93,94,105,118,104,147,80,134,92,95,74,96,,101,96,62,,118,28,36,,,71,119,98,107,102,109,104,104,76,106,115,117,122,135,116,106,144,86,,88,70,82,100,99,,78,68,70,92,74,60,90,90,72,69,124,128,143,128,132,104,,99,,92,79,90,118,91,224,259,174,198,174,185,177,150,156,151,96,135,114,194,,97,182,206,153,134,93,99,97,97,93,121,102,127,125,95,92,90,91,125,114,,93,87,106,114,116,106,26,52,90,70,100,90,91,82,69,32,57,153,155,170,141,146,99,71,102,92,120,61,81,86,101,99,88,149,159,156,81,117,99,72,68,95,118,81,94,,102,73,109,106,90,95,106,100,85,132,106,,68,106,106,138,137,116,116,112,76,123,106,94,110,114,80,77,66,103,97,92,88,81,82,84,,228,114,105,226,168,110,121,73,154,136,95,178,224,135,98,112,100,105,98,99,117,126,89,98,131,122,103,110,104,119,,91,87,125,120,113,129,6,64,76,56,91,151,128,150,98,83,82,88,90,89,94,,77,,73,79,127,68,99,79,77,95,98,117,115,,91,131,,69,104,139,131,126,139,105,102,93,103,104,99,156,93,77,54,78,77,,70,,84,75,,32,141,138,147,92,89,97,102,,95,135,126,120,,,113,146,108,132,138,97,105,109,106,120,122,114,107,100,97,104,104,114,110,97,107,113,106,91,,117,125,114,37,82,48,76,76,63,69,77,83,88,92,103,104,35,38,123,120,121,132,146,114,125,164,185,237,103,113,104,,97,113,75,79,122,131,104,91,68,70,74,90,93,114,91,83,107,60,87,115,92,105,117,,90,87,70,106,126,111,117,127,101,116,97,115,104,133,155,74,97,133,112,118,87,120,105,102,118,112,100,104,132,138,113,124,120,107,108,104,110,73,83,127,130,126,134,82
20210423,19,CO,0.4,0.4,0.4,0.3,0.4,0.4,0.4,0.4,0.3,0.4,0.3,0.4,,,0.9,,1,0.9,0.8,,0.8,,0.5,0.8,,0.7,0.6,,0.5,0.5,0.4,0.5,0.6,0.4,,,0.9,0.8,,0.7,0.5,0.6,0.4,0.4,,0.3,,0.5,0.3,0.5,0.3,0.4,0.5,,0.4,0.4,0.8,,0.9,0.8,0.6,0.7,0.6,0.7,0.5,0.5,0.3,0.4,,0.3,0.4,0.4,0.5,0.3,0.4,,0.4,0.4,0.3,0.1,0.5,,0.5,0.5,0.5,0.6,0.5,0.5,,0.7,0.4,,,0.5,0.5,0.5,0.6,0.7,0.9,0.9,,0.6,1,0.8,1.1,0.9,,1,0.4,0.6,0.8,1,0.4,,0.5,0.8,0.5,0.6,0.7,0.8,0.6,0.7,0.5,0.5,0.7,0.6,0.6,0.6,0.5,0.7,0.4,,0.3,0.6,0.7,0.7,0.1,0.7,0.7,0.7,1,1,0.7,1.1,0.7,,1,0.7,0.7,0.9,1.1,1,0.8,1.2,1.3,1,0.8,0.7,0.9,1,,1.6,1.7,1.2,1.2,1.6,1.5,0.7,0.8,0.9,1,0.9,1,,,,0.8,0.7,,0.8,0.9,1,,,,0.8,,1.1,1,1.1,0.9,1.1,1.2,1,1,1.3,,,,1,1.1,,0.8,0.7,0.7,0.7,0.6,,1.1,0.9,1.1,1,0.8,1,0.6,0.5,,0.7,,1,0.9,,0.9,0.7,,0.9,1.1,0.9,,0.9,1.2,1,0.8,0.8,1.1,0.7,,,0.8,0.9,1,0.6,0.6,0.6,0.6,,1.1,,,1,,1.2,1,,1,0.8,0.6,0.6,0.5,0.6,,1,0.9,0.9,0.7,0.7,0.6,0.7,0.8,0.5,0.6,0.6,0.6,0.5,0.5,0.4,0.5,0.5,0.6,0.5,,0.7,0.7,0.6,0.7,0.4,0.4,0.5,1.1,1,0.7,,0.8,1.3,1,,0.9,0.3,0.3,0.4,,0.2,0.3,0.5,0.4,0.3,,,0.4,0.7,0.6,0.5,0.6,0.6,0.8,0.8,0.8,0.8,0.7,0.6,1,0.9,0.6,0.9,0.8,0.7,0.9,0.7,0.9,0.7,,0.7,0.7,1.1,,0.9,0.7,0.9,0.9,0.8,0.9,1.1,0.8,1,0.9,,0.7,0.6,0.8,0.8,0.8,0.7,0.7,0.6,0.6,0.7,0.7,0.7,0.6,0.8,,0.5,0.7,0.6,0.8,0.4,0.6,0.2,0.7,0.7,0.7,0.6,0.7,,0.6,0.7,0.7,0.9,0.8,0.6,0.5,0.8,0.7,0.4,0.7,,,0.7,0.7,0.7,0.5,0.6,0.5,0.7,0.4,0.7,0.6,0.5,0.5,0.6,0.7,0.5,0.6,0.2,0.5,0.6,0.4,0.4,0.6,0.5,0.5,0.5,0.7,,0.6,0.9,1,1.1,1,0.7,0.3,,,1.1,0.6,0.3,0.8,1,,0.7,0.6,0.7,0.7,,,0.5,,0.6,0.5,0.7,0.7,0.7,,0.7,0.6,0.7,,0.5,0.4,0.6,0.3,0.4,0.6,0.5,0.5,0.5,0.4,0.6,0.4,0.8,1.1,0.7,0.9,0.9,,0.9,1.1,,0.7,0.8,1,0.9,,0.7,1,0.7,0.5,,,,0.2,0.5,,,,0.3,0.5,0.4,0.4,0.4,0.5,0.3,,0.4,1,0.6,0.9,1,0.9,0.7,0.9,0.7,0.9,1,0.7,0.6,0.9,0.5,0.8,,0.6,0.6,0.7,0.6,0.8,0.7,0.8,0.8,0.8,,0.9,1.1,0.9,0.5,0.7,0.6,0.7,1,0.9,0.9,0.7,0.6,0.8,0.7,0.4,0.4,0.4,0.3,,0.7,,0.8,1.2,1.1,1.1,0.5,,0.6,0.3,,,0.7,0.6,1.1,0.2,,0.7,0.4,0.6,,0.9,0.4,0.7,,0.7,0.7,0.5,0.4,0.7,0.3,,,,0.7,,0.5,1,,1,0.6,0.6,0.8,0.9,0.8,0.7,0.5,0.4,0.5,,0.7,,,0.7,,0.9,0.2,1,0.2,0.5,0.5,0.6,0.5,,0.6,0.5,0.6,0.6,0.5,0.5,0.4,0.7,0.6,0.4,0.6,0.9,0.6,0.7,,0.6,0.8,0.8,0.6,0.6,,0.6,0.9,0.9,,0.6,0.6,,0.8,0.5,1,0.8,0.6,,0.6,0.6,,,0.4,0.6,,0.6,,0.6,0.4,0.4,0.6,0.9,1.2,,0.7,1.1,,0.8,0.8,,1,,0.7,0.7,0.6,,0.8,0.7,1,0.9,0.6,,0.8,0.8,1.1,0.9,1,0.8,0.5,0.7,0.7,0.6,0.6,0.6,0.7,0.8,0.3,0.8,0.9,0.6,0.4,0.9,0.9,1,1,0.9,1,1.1,1.1,0.9,1,0.7,0.5,0.5,0.4,,0.2,0.6,0.6,0.4,0.4,0.8,0.5,0.5,0.4,0.4,0.2,0.8,0.7,0.9,,1,0.7,1,,0.7,0.8,0.7,0.5,0.5,,0.8,0.4,0.7,,1,,1.1,0.9,0.7,1.2,0.4,0.2,0.7,,,,0.6,,0.6,,1,0.8,,,0.6,0.8,0.9,1,1,,0.9,,0.9,1.1,0.8,0.9,0.7,0.8,,0.9,0.9,0.8,0.6,0.7,0.9,,1,,,0.8,0.5,0.9,0.9,0.5,1,0.9,1,1.1,0.5,0.5,0.5,0.6,0.6,0.9,0.6,0.9,1,0.7,0.5,0.4,0.8,0.5,,0.6,0.8,0.8,1,0.8,0.7,,1.9,0.1,0.2,0.1,0.7,0.7,0.8,0.7,,,,,0.6,0.5,,0.5,1.1,1,0.7,0.7,0.7,0.7,0.7,0.5,0.6,0.7,0.4,0.4,0.4,0.8,1,1,,0.7,0.9,1,,0.8,0.9,,0.9,0.8,0.8,0.9,0.9,0.9,,0.8,0.9,0.8,0.8,0.8,0.7,,0.5,0.6,0.3,0.5,0.5,0.5,,0.3,0.4,,0.4,0.3,0.2,0.2,0.3,0.3,0.5,0.3,0.3,,0.6,,0.8,0.8,0.8,0.6,0.5,0.5,0.3,0.4,0.4,,,0.5,0.4,0.7,0.9,0.5,0.6,0.6,0.7,0.5,0.5,0.9,,1,0.8,1,1.1,1.1,1.3,1.5,1.4,0.7,,0.9,1,1.1,1,1.1,1,0.9,1.1,1,1.2,1.4,1.1,0.7,,1,1,,0.9,0.8,0.9,1.1,,,0.8,0.4,0.3,0.5,0.3,0.9,0.7,0.8,0.8,,,0.4,1,1.1,1.2,0.9,,1.2,0.6,0.6,0.8,0.6,0.6,0.4,,0.3,0.5,0.7,,,0.7,0.8,,0.8,0.6,0.7,,0.6,,0.8,0.7,,,0.1,0.5,,,0.8,0.7,0.4,,,0.4,0.4,0.2,0.2,0.4,0.4,0.4,0.5,0.6,0.5,0.7,0.5,1.2,1,0.7,0.7,1.2,1,0.9,0.7,0.7,0.6,0.7,0.6,,0.5,0.5,1.3,,1,0.7,0.4,0.6,0.7,0.4,0.4,0.1,0.5,0.7,0.7,0.8,,,0.7,0.4,0.5,0.3,0.4,0.5,0.2,0.4,0.3,0.3,0.4,0.5,,0.6,0.7,0.8,0.5,,,0.6,0.3,0.4,0.2,0.5,0.5,,0.3,0.4,0.6,,0.6,0.7,0.5,,0.4,0.6,0.6,0.5,0.4,0.7,0.7,0.7,0.7,0.6,0.8,0.7,0.5,0.8,0.5,0.5,,0.5,,0.5,0.9,0.6,0.8,,0.6,,0.5,,,,0.6,0.5,0.6,0.7,0.5,0.6,,0.8,,0.6,0.8,0.7,0.6,0.5,0.4,0.7,0.6,0.8,0.9,0.7,0.5,0.3,1.1,0.7,0.8,0.4,0.6,0.5,0.5,0.5,,0.3,0.4,1.1,0.7,0.8,0.6,1,1,0.9,0.8,2.2,0.5,0.6,0.5,1.1,,0.5,0.5,0.4,0.4,0.5,1,0.6,0.6,1.6,1.2,0.6,,0.8,0.6,0.8,,,0.7,0.8,0.5,0.6,0.7,0.7,0.8,0.5,0.7,0.6,,0.7,0.6,0.4,,0.7,0.6,0.7,0.7,,0.7,0.6,0.8,,0.7,0.6,0.6,0.7,0.7,0.8,0.9,0.8,0.8,0.8,0.5,0.6,0.6,,0.5,0.4,0.5,1.3,1.6,,1.3,1.3,0.6,0.7,0.8,0.6,0.8,0.7,1,0.9,0.9,0.8,,0.5,0.5,0.6,,0.9,0.9,,0.8,0.7,0.6,0.6,,0.8,0.6,0.4,0.7,1.1,0.9,0.8,1.1,0.8,1.1,1.2,0.7,0.8,0.6,0.6,0.8,1.5,1.2,1.6,1.2,1.2,1,1.1,0.9,0.7,0.9,1,,1,1,1,,,0.7,0.9,1.1,0.9,0.7,0.7,1.8,,0.5,0.8,0.8,1.1,0.7,0.8,0.7,0.7,0.5,0.5,0.8,1.1,0.7,0.7,0.5,0.7,0.7,0.5,0.8,0.6,0.8,0.8,0.8,0.6,0.5,0.6,0.6,0.7,0.6,0.6,0.6,0.3,0.7,,0.6,0.5,0.6,0.4,0.5,0.6,0.9,0.8,0.9,0.8,0.7,0.8,0.6,0.6,0.6,,,0.8,0.7,0.8,,0.8,0.3,0.8,1.3,0.9,0.8,,0.6,0.8,0.5,,,,,0.5,0.5,0.7,0.6,0.6,0.4,0.6,0.4,,0.4,0.5,0.4,0.5,0.4,0.7,0.8,1,0.6,0.8,0.5,,,,,0.2,0.6,0.6,0.5,0.5,,0.5,,0.9,0.3,0.4,0.3,0.2,0.4,0.4,0.5,0.5,0.3,0.8,0.8,0.5,0.6,,0.6,0.6,0.5,0.8,0.9,0.6,0.5,0.5,0.8,,1.2,,,0.5,0.5,,0.4,0.3,0.5,,0.6,,0.4,,0.3,0.2,,0.8,0.7,0.7,0.8,0.7,0.8,0.7,0.6,0.7,0.6,1.4,,0.7,0.7,0.4,0.7,1,0.5,,0.3,0.3,0.5,0.6,0.3,0.4,,1,0.8,0.1,0.3,0.5,,0.7,0.6,0.3,,0.6,0.7,0.7,0.4,0.5,,0.7,,0.5,0.7,,0.7,0.5,0.6,0.7,0.5,0.5,0.2,0.3,0.4,,0.2,0.2,0.3,0.2,,0.2,0.5,0.5,0.3,,,0.3,0.2,0.3,0.5,,0.6,0.4,0.5,0.4,0.2,0.3,0.8,0.7,0.5,0.7,0.8,0.3,0.4,,0.5,0.8,0.7,0.5,0.9,1,1,,0.5,,0.5,0.3,0.5,0.5,0.6,0.7,0.5,0.5,0.9,0.8,0.9,0.8,0.8,0.5,,,0.4,0.2,1,0.7,,0.6,0.7,0.7,0.6,,0.9,1,,,1.2,,0.8,0.6,0.9,0.7,1.4,1.2,1,0.9,0.6,0.6,0.7,0.8,0.8,,1,0.6,,0.6,0.7,0.4,0.6,0.4,0.4,0.4,0.4,0.7,1,1.1,1,0.7,0.8,0.5,0.6,0.4,0.6,0.6,0.4,0.7,0.5,0.4,0.7,0.4,0.8,0.6,0.6,0.5,0.3,0.9,0.3,1.3,0.8,0.7,0.8,0.9,0.8,1,,0.6,0.7,1.3,0.7,0.7,0.7,0.7,1.1,,0.6,0.8,0.4,,0.5,1,0.5,,,0.9,0.4,0.3,0.7,0.8,0.3,0.7,0.9,0.4,0.2,0.7,0.5,0.6,0.6,0.4,0.7,0.4,0.6,,0.8,1.1,,0.7,0.5,,0.3,0.6,0.8,0.8,0.9,0.8,0.8,0.8,0.9,0.7,0.4,0.4,0.5,0.6,0.3,0.5,,1.3,,1.4,,0.8,1,0.8,0.9,0.9,0.9,0.7,0.7,0.8,0.7,0.6,0.6,0.5,0.6,0.6,0.7,0.5,,0.5,0.8,0.8,0.5,0.3,0.3,0.4,0.8,0.5,0.8,0.4,0.7,0.6,0.5,0.7,0.7,0.9,1,0.8,0.6,,0.7,0.9,0.5,0.5,0.4,0.5,0.8,0.7,0.8,0.8,1,0.5,0.6,,0.3,0.5,0.3,0.6,0.8,0.7,0.7,0.7,0.3,0.3,0.4,0.5,0.3,0.6,1.1,1.2,0.4,0.5,0.5,0.3,0.4,0.4,1.8,0.7,0.4,0.8,0.8,0.7,0.9,0.6,0.6,,0.8,1.1,0.7,0.9,,0.9,1,0.9,0.9,0.6,0.8,,0.5,0.3,0.3,0.5,0.3,0.9,1,0.8,1.1,0.8,0.9,1,1.1,1,1.6,0.8,1.1,1,0.3,0.3,0.2,0.5,0.3,0.3,,0.8,0.4,0.8,0.7,0.5,0.5,0.5,0.4,0.6,0.6,0.6,0.7,0.8,0.6,0.1,0.4,0.3,0.4,0.9,0.7,0.3,0.6,0.9,0.8,0.6,0.7,0.6,0.5,0.5,0.4,,0.3,1,0.7,0.6,0.5,0.6,1,0.4,0.8,0.6,0.5,0.8,0.6,0.8,1.5,0.4,0.6,0.5,0.4,1,0.5,,0.6,,0.5,0.1,0.4,0.7,0.7,0.3,0.3,0.9,0.3,0.7,1,,0.7,0.6,,0.8,0.4,0.5,0.5,0.5,0.4,0.7,0.7,0.6,0.6,0.7,0.5,0.4,1,0.5,0.5,0.6,0.5,,0.9,,0.8,0.6,,0.9,0.4,0.2,0.4,0.9,0.9,1.2,0.6,,0.7,0.5,0.4,0.4,,,1.1,0.6,0.5,0.5,0.3,0.9,0.8,0.3,0.6,0.4,0.3,0.4,0.4,0.2,0.5,,0.4,0.4,0.7,0.4,0.6,0.9,0.5,0.9,,0.4,0.7,0.7,0.9,0.8,0.9,1,0.9,0.7,0.9,0.9,0.5,0.2,0.5,0.5,0.6,0.8,0.6,0.4,0.7,1.1,0.7,0.5,0.5,0.6,0.7,0.7,0.6,0.8,1.9,0.7,,0.8,0.4,1,0.9,0.9,0.6,0.5,0.8,0.4,0.3,0.1,0.7,0.5,0.6,0.7,0.8,,0.9,0.7,0.5,0.7,0.9,0.9,,0.6,0.3,1.3,0.2,0.8,0.9,0.2,0.8,0.4,0.4,0.5,0.4,0.5,0.4,0.8,0.9,0.4,0.6,1,0.6,0.4,1,0.6,0.6,0.4,0.4,0.5,0.3,0.5,0.3,0.5,0.4,0.4,0.4,0.7,0.3,0.6,1,0.6,0.6,0.4,0.4,0.8,0.5
20210423,19,CO_24h,0.5,0.6,0.6,0.5,0.5,0.5,0.5,0.5,0.5,0.7,0.5,0.6,,,0.7,,0.9,0.7,0.7,,0.7,,0.8,1.2,,0.8,0.7,,0.6,0.7,0.5,0.7,0.7,0.5,,,0.6,0.7,,0.6,0.6,0.4,0.3,0.3,,0.2,,0.6,0.5,0.6,0.4,0.5,0.6,,0.5,0.4,0.6,,0.8,0.8,0.7,0.7,0.6,0.6,0.6,0.5,0.4,0.5,,0.4,0.5,0.5,0.7,0.5,0.6,,0.5,0.6,0.5,0.2,0.9,,0.7,0.8,0.7,1,0.8,0.7,,0.5,0.5,,,0.6,0.6,0.5,0.7,0.7,0.7,0.7,,1,1,0.6,0.7,0.7,,0.9,0.4,0.6,0.7,0.7,0.4,,0.4,0.4,0.4,0.6,0.6,0.7,0.6,0.7,0.5,0.5,0.6,0.5,0.5,0.5,0.5,0.6,0.8,,0.4,0.6,0.6,0.4,0.2,0.6,0.6,0.7,1,1,0.9,0.9,0.7,,1,0.7,0.7,0.9,1.1,0.8,0.5,1,1,0.8,0.9,0.8,0.9,0.8,,1.2,1.2,0.9,0.9,1.1,1,0.7,0.9,0.9,1,0.9,1,,,,0.8,0.7,,0.9,0.8,1,,,,0.8,,1,0.9,1.1,0.9,1,1.1,1,1,1.1,,,,0.8,1.1,,0.9,0.7,1,0.6,0.7,,1,0.7,0.9,0.9,0.8,0.8,0.8,0.7,,0.8,,1.1,1,,0.8,0.5,,0.8,1,0.9,,0.9,1,0.9,0.6,0.6,0.8,0.5,,,0.6,0.7,0.9,0.6,0.6,0.5,0.6,,0.9,,,0.9,,1,0.9,,0.6,0.5,0.4,0.5,0.4,0.4,,0.8,0.7,0.8,0.6,0.7,0.6,0.6,0.6,0.9,0.7,0.7,0.8,0.7,0.7,0.6,0.6,0.6,0.8,0.5,,0.7,0.7,0.7,0.7,0.5,0.4,0.5,1.1,1,0.8,,0.8,1.3,1.1,,0.9,0.5,0.5,0.6,,0.4,0.5,0.6,0.6,0.6,,,0.3,0.7,0.7,0.5,0.5,0.6,0.8,0.9,0.8,0.9,0.7,0.6,1.1,0.9,0.6,0.8,0.8,0.6,1,0.8,0.9,0.7,,0.7,0.7,1,1.1,0.8,0.8,0.8,0.8,0.8,0.8,1,0.8,1,0.9,,0.8,0.8,0.8,1,0.8,0.8,0.8,0.9,0.6,0.7,0.7,0.7,0.5,0.8,,0.6,0.7,0.6,0.7,0.5,0.7,0.3,0.7,0.7,0.8,0.6,0.7,,0.6,0.7,0.6,0.7,0.7,0.5,0.5,0.8,0.7,0.4,0.6,,,0.8,0.8,0.9,0.6,0.7,0.7,0.7,0.6,0.7,0.7,0.5,0.5,0.7,0.8,0.6,0.7,0.6,0.7,0.6,0.6,0.4,0.6,0.7,0.5,0.4,0.7,,0.7,0.8,1,1,0.9,0.6,0.3,,,0.9,0.7,0.4,0.8,1.1,,0.8,0.8,0.9,0.8,,,0.8,,0.5,0.5,0.6,0.7,0.7,0.6,0.6,0.6,0.7,,0.6,0.6,0.6,0.5,0.6,0.8,0.5,0.5,0.5,0.4,0.6,0.4,0.8,1.1,0.8,0.8,0.9,0.9,0.8,0.9,,0.7,0.8,0.9,0.9,,0.8,0.7,0.8,0.6,,,,0.6,0.6,,,,0.5,0.7,0.5,0.8,0.5,0.5,0.4,,0.4,0.9,0.6,0.9,0.9,0.9,0.6,0.8,0.7,0.7,0.8,0.6,0.6,0.8,0.4,1.1,,0.9,1,0.9,0.8,0.8,0.7,0.7,0.7,0.6,,1,1.3,1.1,0.5,0.6,0.6,0.6,0.9,1,0.9,0.7,0.6,0.7,0.6,0.5,0.5,0.5,0.4,,0.7,,0.7,1,1,0.9,0.7,,0.8,0.5,,,0.8,0.8,1.3,0.6,,0.7,0.8,0.9,,0.9,0.4,0.6,0.7,0.7,0.6,0.3,0.7,0.6,0.2,,,,0.9,,0.6,1.1,,1,0.6,0.7,0.8,1,0.8,0.7,0.4,0.4,0.5,,0.8,,,0.7,,1,0.5,0.8,0.2,0.5,0.5,0.6,0.8,,0.7,0.5,0.6,0.7,0.6,0.5,0.4,0.6,0.6,0.4,0.6,0.7,0.6,0.7,0.6,0.6,0.7,0.8,0.6,0.6,,0.5,0.9,1,,0.6,0.7,,0.7,0.6,0.8,0.7,0.6,,0.6,1.1,,,0.5,0.7,,0.7,,0.9,0.6,0.8,0.8,1,1.4,,1.1,1.3,,1.1,0.7,,0.9,,0.9,0.8,0.8,,1,0.8,0.7,0.4,0.4,,0.6,0.6,0.9,0.8,0.7,0.5,0.4,0.6,0.6,0.6,0.6,0.6,1.7,0.6,0.4,0.7,0.6,0.5,0.3,0.8,0.9,0.9,1,1,0.9,0.8,0.8,0.8,0.8,0.6,0.6,0.5,0.4,,0.3,0.5,0.6,0.5,0.5,0.6,0.5,0.4,0.3,0.3,0.2,0.8,0.7,0.8,,1.3,0.9,1,,0.7,1,0.8,0.9,0.9,,0.5,0.6,0.7,,1,,1.1,1,0.6,1.1,0.6,0.4,0.8,,,,0.7,,0.6,,0.9,0.8,0.8,,0.6,0.9,0.8,0.9,0.9,,0.8,,0.9,1,0.6,0.8,0.7,0.8,,0.9,0.8,0.8,0.6,0.8,0.8,,1,,,0.8,0.5,0.8,0.9,0.5,0.9,1.4,0.8,1,0.6,0.5,0.5,0.6,0.7,0.9,0.7,0.9,1.1,0.7,0.5,0.4,0.9,0.7,1,0.7,0.8,0.9,0.9,0.8,0.7,,1.5,0.2,0.8,0.7,0.8,1,0.8,0.8,,,,,0.8,0.7,,0.6,1,0.9,0.7,0.6,0.7,0.8,0.7,0.5,0.5,0.7,0.4,0.5,0.5,0.7,0.9,1,,0.8,0.9,0.9,,0.8,0.9,,1.1,0.6,0.6,0.8,0.7,0.8,,0.7,0.7,0.8,0.8,0.8,0.8,,0.6,0.8,0.7,0.6,0.6,0.6,0.6,0.2,0.4,,0.4,0.4,0.1,0.1,0.3,0.6,0.8,0.5,0.5,,0.6,,0.8,0.7,0.7,0.7,0.7,0.5,0.3,0.4,0.5,,,0.5,0.5,0.5,0.6,0.4,0.5,0.5,0.4,0.6,0.6,0.8,,0.9,0.8,0.8,1.1,1,1.3,1,1.1,0.7,,0.9,1,1,0.9,1,1.1,1,1.1,1,1.3,1.3,1,0.7,,1,0.9,,0.7,0.6,0.8,1,,,0.8,0.4,0.3,0.4,0.3,0.8,0.6,0.8,0.9,,,0.4,1,1.1,1.2,1,,1.2,0.7,0.7,0.9,0.9,0.7,0.6,,0.6,0.7,0.7,,,0.7,0.7,,0.9,0.7,0.9,,0.7,,0.8,0.7,,,0.1,0.5,,,0.8,0.6,0.4,,,0.3,0.3,0.3,0.2,0.6,0.5,0.4,0.6,0.6,0.5,0.7,0.5,0.8,0.9,0.8,0.8,0.8,0.6,0.6,0.5,0.6,0.5,0.7,0.5,,0.5,0.6,0.7,,1,0.7,0.6,0.8,0.7,0.4,0.3,0.1,0.4,0.6,0.5,0.9,,,0.6,0.7,0.8,0.8,0.7,0.8,0.5,0.6,0.4,0.5,0.5,0.6,1.1,1.2,1,1.1,0.8,,,0.9,0.3,0.3,0.2,0.5,0.4,,0.3,0.4,0.7,,0.6,0.7,0.5,,0.6,0.7,0.6,0.6,0.5,0.6,0.7,0.6,0.9,0.7,0.8,0.8,0.6,0.9,0.6,0.5,,0.6,0.7,0.5,1,0.8,0.9,,0.6,,0.6,,,,0.7,0.6,0.7,0.8,0.6,0.6,,0.9,,0.8,1,0.8,0.8,0.7,0.7,0.6,0.8,0.6,0.5,0.7,0.5,0.3,0.5,0.5,0.5,0.5,0.6,0.5,0.5,0.5,,0.3,0.4,0.8,0.6,0.7,0.5,1,1.9,1.4,1.4,1.4,0.6,0.6,0.6,0.5,,0.6,0.5,0.4,0.4,0.6,1,0.8,0.6,1.5,1.1,0.7,0.8,0.8,0.6,1,,,0.8,1,0.7,0.6,0.7,0.8,0.8,0.6,0.7,0.7,,0.9,0.6,0.5,,0.7,0.7,0.7,0.8,,0.8,0.7,0.9,,0.8,0.7,0.7,0.7,0.8,0.8,0.9,0.8,0.6,0.8,0.7,0.7,0.7,,0.5,0.4,0.5,1.3,1.4,,1.5,1.2,0.7,0.7,0.8,0.6,0.8,0.7,0.9,0.8,0.9,0.9,,0.5,0.5,0.7,,0.9,0.8,,0.8,0.7,0.6,0.7,,0.8,0.6,0.5,0.7,1.1,0.9,0.9,1.1,0.8,1,1,0.7,0.8,0.6,0.6,0.8,1.4,0.9,1.5,1,0.8,1,0.9,0.9,0.7,0.8,1,0.8,0.9,1,1,0.7,0.5,0.7,0.9,0.8,0.8,0.6,0.6,1.1,0.6,0.5,0.8,0.5,1.3,0.8,0.8,0.8,0.7,0.5,0.5,0.7,1,1.3,0.5,0.5,0.9,0.8,0.5,0.7,0.6,0.9,0.9,0.6,0.7,0.6,0.6,0.6,0.8,0.7,0.5,0.5,0.3,0.8,,0.7,0.5,0.6,0.4,0.5,0.6,0.9,0.9,0.9,0.9,0.8,0.8,0.7,0.7,0.8,,,0.8,0.6,0.7,,0.8,0.4,0.8,0.9,1,1.2,,0.6,0.7,0.5,,,,,0.6,0.6,0.7,0.6,0.6,0.6,0.6,0.4,,0.4,0.6,0.5,0.7,0.7,0.6,0.6,0.7,0.5,0.6,0.4,,,,,0.2,0.5,0.6,0.5,0.4,0.5,0.7,,0.9,0.4,0.5,0.5,0.4,0.5,0.5,0.5,0.5,0.5,0.7,0.8,0.6,0.7,,0.6,0.6,0.5,0.7,1.1,0.7,0.7,0.5,0.8,,1.4,,,0.6,0.5,,0.4,0.3,0.5,,0.6,,0.4,,0.4,0.4,0.6,0.7,0.6,0.7,0.8,0.7,0.8,0.7,0.6,0.6,0.6,0.8,,0.7,0.8,0.3,0.5,0.7,0.6,,0.4,0.4,0.4,0.6,0.3,0.3,,0.9,0.7,0.2,0.3,0.5,,0.8,0.7,0.5,,0.5,0.5,0.7,0.6,0.6,,0.5,,0.5,0.6,,0.5,0.6,0.7,0.6,0.6,0.5,0.3,0.3,0.4,,0.3,0.2,0.3,0.3,0.1,1,0.5,0.5,0.4,,,0.4,0.3,0.6,0.5,,0.7,0.4,0.5,0.5,1.1,0.3,1.2,0.9,0.7,0.7,0.7,0.5,0.6,,0.7,0.7,0.7,0.6,0.7,0.9,0.9,,0.5,,0.7,0.4,0.8,0.6,2.1,1.9,0.6,0.5,0.7,0.6,0.8,0.8,0.8,0.5,,,0.5,0.2,0.9,0.6,,0.7,0.9,0.8,0.7,,0.9,1,,,1.4,0.9,0.8,0.8,0.9,0.7,1.4,1.2,1.1,0.8,0.6,0.8,0.7,0.8,1,,0.9,0.8,,1,0.7,0.5,0.6,0.3,0.4,0.4,0.4,0.7,1,0.8,1,0.6,0.8,0.5,1.1,0.4,0.4,0.6,0.4,0.7,0.5,0.6,0.7,0.4,0.7,0.6,0.5,0.5,0.4,0.8,0.2,1.2,0.9,0.8,0.9,0.9,0.8,1,0.8,0.7,0.8,1.7,0.8,1.1,1,0.7,1.1,,0.7,0.8,0.7,,0.6,0.8,0.5,,,0.8,0.5,0.5,0.9,0.8,0.3,0.7,0.9,0.5,0.4,0.7,0.7,0.8,0.8,0.4,0.8,0.6,0.7,,0.8,0.7,0.6,0.8,0.6,,0.4,0.6,0.7,0.7,0.7,1,0.7,0.8,0.8,0.7,0.6,0.7,0.7,0.7,0.4,0.9,,1.3,,1.1,0.9,0.9,0.9,0.9,0.9,1,1,0.8,0.7,0.9,0.8,0.8,0.6,0.7,0.6,0.5,0.7,0.6,,0.5,0.9,0.9,0.6,0.3,0.5,0.4,0.7,0.6,0.8,0.5,0.7,0.8,0.5,0.8,0.8,0.8,0.9,0.9,0.7,,0.8,1,0.7,0.7,0.6,0.6,0.7,0.7,0.8,0.7,0.9,0.6,0.7,0.8,0.4,0.5,0.4,0.8,1,0.8,0.7,0.8,0.4,0.7,0.3,0.5,0.2,0.9,1.1,1.1,0.6,0.6,0.6,0.4,0.5,0.6,1.8,0.5,0.5,0.7,0.7,0.7,0.9,0.7,0.6,,0.9,0.8,0.9,1,1,0.7,1,0.8,0.8,0.7,1,,0.7,0.4,0.5,0.8,0.4,0.9,0.9,0.7,0.9,0.6,0.8,0.9,1.1,1,1.1,0.9,1.2,1,0.5,0.3,0.2,0.5,0.4,0.4,,0.8,0.4,0.7,0.8,0.5,0.6,0.6,0.4,0.5,0.5,0.6,0.7,0.8,0.7,,0.5,0.5,0.5,0.8,0.8,0.4,0.7,0.8,0.8,0.6,0.7,0.8,0.6,0.5,0.5,,0.4,0.8,0.8,0.8,0.5,0.6,0.9,0.8,0.8,0.7,0.5,0.9,0.8,0.9,1.2,0.6,0.8,0.7,0.6,0.9,0.5,,0.7,,0.5,0.2,0.2,0.8,0.8,0.5,0.6,1.1,0.7,0.8,0.6,,0.7,0.5,,0.7,0.7,0.5,0.5,0.5,0.3,0.7,0.7,0.6,0.7,0.7,0.4,0.4,1,0.5,0.5,0.6,0.5,,1,,0.8,0.7,,1.2,0.7,0.6,0.5,0.7,1,1.1,0.5,,0.5,0.6,0.6,0.5,,,1.5,0.6,0.6,0.6,0.7,0.6,0.4,0.5,0.6,0.5,0.6,0.5,0.5,0.4,0.6,0.5,0.5,0.5,0.6,0.5,0.7,0.9,0.7,0.9,,0.7,0.9,0.7,0.9,0.8,0.9,0.9,0.9,0.6,0.8,0.9,0.6,0.2,0.5,0.5,0.6,0.8,0.7,0.6,1,1.1,0.7,0.4,0.4,0.7,0.7,0.8,0.7,0.8,1.9,1.1,,1.4,0.5,1,0.8,0.7,0.5,0.7,0.7,0.4,0.8,0.6,0.8,0.6,0.6,0.6,0.9,0.7,0.8,0.8,0.4,0.9,0.8,0.8,,0.8,0.3,1.6,0.2,0.8,0.7,0.3,0.8,0.6,0.6,0.3,0.6,0.5,0.7,0.9,1,0.6,0.9,0.8,0.6,0.6,1,0.6,0.6,0.6,0.5,0.7,0.5,0.5,0.4,0.6,0.5,0.6,0.3,0.8,0.3,0.7,0.8,0.6,0.6,0.5,0.4,0.7,0.6
20210423,20,AQI,38,42,41,38,40,42,35,38,31,32,36,39,,,38,,32,86,46,,41,,28,33,,28,26,,53,52,52,56,56,53,,,54,54,,,51,48,57,52,,48,,47,51,55,49,44,,,45,49,69,,53,63,62,32,30,30,38,29,46,46,,42,42,31,38,34,33,,44,,43,52,58,,44,50,53,58,58,49,,52,44,,,47,49,46,53,35,51,50,,36,38,64,50,39,,32,35,34,41,35,41,,35,48,35,42,69,64,69,62,64,54,107,53,52,68,63,57,,,88,87,79,79,75,114,83,62,73,74,57,73,75,,63,57,67,65,58,53,67,56,62,43,46,51,54,63,,70,64,73,57,62,56,35,36,29,33,46,83,,,,56,52,,58,57,58,,,,94,,62,60,62,65,58,67,55,54,77,,,,75,82,,47,54,59,83,70,,67,107,103,109,79,110,68,46,,50,,47,50,,60,70,,56,44,57,,63,,60,39,47,64,40,,,52,72,95,49,74,80,66,,68,,,53,,74,73,,67,73,78,28,24,23,,52,55,54,48,40,53,43,43,41,41,46,38,46,59,52,,51,46,41,,58,35,34,37,32,26,24,37,32,32,,36,,34,,45,30,33,37,,39,39,39,33,32,,,52,62,59,35,59,25,57,53,58,70,59,53,60,54,55,34,35,32,34,38,30,29,,30,35,,49,,53,46,50,52,50,48,40,101,103,,60,66,62,93,107,77,73,88,59,65,54,58,42,67,,31,51,44,62,,36,30,46,59,64,66,62,,59,67,64,52,43,53,45,50,49,35,54,,,51,55,52,60,60,55,54,46,52,44,58,48,30,45,46,29,40,30,47,45,24,40,32,38,33,45,,50,58,55,,91,76,54,,,55,59,64,59,65,,29,29,33,27,,,30,,54,57,67,59,62,65,60,62,62,,47,45,55,58,51,57,45,47,,40,40,48,26,26,29,28,22,,38,52,,54,40,25,39,,50,39,47,34,,,,37,34,,,,52,,40,40,41,46,30,,,66,,59,74,60,53,55,70,57,55,62,60,69,40,42,,54,46,46,53,55,58,60,52,58,,62,84,55,39,40,28,40,92,87,93,79,78,53,70,38,33,36,31,,26,,64,68,68,55,33,,33,40,,,58,58,69,48,,72,49,62,,58,58,60,,39,48,51,44,46,34,,,,39,,58,36,,30,25,22,24,62,64,72,45,37,46,,51,,,57,,53,44,,33,35,38,35,30,,22,20,27,20,37,32,19,44,39,44,49,,33,53,,58,56,58,67,40,,35,83,72,,42,53,,35,32,41,35,34,,59,60,,,49,46,,61,,50,58,65,59,,63,,70,58,,78,92,,67,,63,71,60,,55,59,62,63,57,,64,68,85,64,63,72,28,52,46,35,49,53,54,24,48,43,49,30,34,108,70,58,85,73,108,122,162,183,150,129,59,55,67,,70,52,58,65,52,62,44,32,32,41,28,51,52,52,,58,52,93,,40,35,32,31,37,,34,29,33,,132,,123,127,129,114,49,51,49,,,,55,,51,,90,87,134,,110,80,104,59,62,,72,,67,64,63,73,51,37,,35,44,69,37,49,34,,32,,,35,59,34,39,29,36,48,43,36,27,34,27,48,37,43,43,55,59,47,28,27,17,23,,40,79,68,69,65,72,,66,,43,52,48,43,38,45,,,,,28,31,,48,55,64,47,60,57,57,40,48,36,36,34,59,57,30,,32,,32,29,23,,64,67,,79,29,30,21,24,21,,25,24,70,73,74,113,,27,40,337,44,52,39,42,28,31,,29,32,48,31,36,66,52,46,46,,28,,108,79,79,,42,30,26,49,43,,,53,56,29,36,39,33,43,,36,38,62,,67,42,44,48,50,42,53,52,30,,55,56,49,51,59,42,43,51,40,50,50,31,31,,53,46,,57,48,32,43,,,70,,64,,59,51,53,51,52,,,43,110,104,103,137,,110,58,59,60,51,56,43,,53,51,82,,,67,89,,55,62,62,,59,,54,53,,,45,43,,,75,75,47,,,65,53,56,59,62,56,47,32,30,43,38,30,43,45,52,30,54,66,59,67,49,42,54,57,,56,36,55,,39,35,53,45,38,29,24,23,58,68,85,56,,,46,38,39,51,29,55,51,58,65,34,28,24,,57,57,67,57,,,59,20,21,21,93,82,,19,68,74,,64,67,64,,74,53,41,52,52,53,57,62,40,62,41,51,44,29,34,29,,38,,30,33,49,52,,70,,90,,,,46,45,53,63,61,64,,29,,33,36,39,40,35,36,51,27,55,36,76,43,30,52,54,48,45,42,55,41,40,,50,36,26,28,28,29,33,53,42,43,49,39,,,48,,26,29,30,30,32,41,43,42,45,52,47,44,38,41,52,,,55,52,53,39,38,32,35,38,58,39,,62,59,70,,77,73,95,34,,35,41,54,,52,64,63,76,69,62,70,72,72,59,39,42,36,,83,74,78,51,67,,55,56,51,39,35,42,50,63,64,58,46,28,,48,59,62,,29,23,,25,39,38,35,,38,39,34,54,65,51,,,52,62,,38,43,36,39,43,48,70,62,79,63,49,67,39,50,51,36,,41,,43,,,40,42,33,34,41,44,47,,22,33,38,48,52,54,52,43,42,29,44,49,51,64,55,54,64,58,52,64,63,63,52,45,39,51,56,58,49,52,50,14,15,,16,23,34,25,15,58,52,58,51,54,67,57,60,46,46,,,,63,52,,56,55,59,61,70,64,,37,30,20,,,,,36,43,52,64,46,37,29,39,,32,37,50,56,56,69,57,59,73,63,68,,,,,37,46,70,67,55,,48,,41,78,82,53,53,36,46,35,74,89,94,69,52,63,,65,72,,79,94,64,52,51,88,,57,,,33,,,40,42,39,,,,46,,48,33,20,20,21,20,57,49,40,54,28,29,30,29,,33,36,19,19,,51,,280,382,21,22,129,136,,27,24,26,23,17,,61,62,34,,40,37,37,46,33,,,,72,44,,33,21,27,25,78,79,97,76,29,,29,29,26,84,61,34,53,36,53,,,42,37,38,35,,20,25,24,29,55,27,64,68,35,33,35,55,54,,60,149,99,69,55,57,55,,63,,75,45,30,50,50,58,312,14,92,40,32,49,59,16,,,47,35,,40,,63,53,70,31,,60,49,,,52,,82,68,46,57,58,49,62,82,48,55,58,54,79,,42,50,,92,39,60,51,31,57,55,53,72,62,43,34,40,32,79,43,37,60,26,43,33,32,35,45,62,69,65,72,44,48,68,55,60,45,31,54,29,32,30,40,57,58,54,55,33,60,27,85,,34,30,58,,37,20,11,,,51,57,38,31,50,34,45,84,33,56,112,49,50,53,48,56,47,26,,58,38,48,64,56,,54,63,38,65,109,72,75,70,68,45,39,55,54,132,64,62,,72,,51,,53,59,48,95,78,69,63,65,61,53,51,58,69,42,54,52,51,,41,77,51,41,69,39,62,54,46,50,77,68,51,67,29,30,82,105,51,53,,94,135,28,26,21,59,45,73,54,38,83,37,41,,27,37,32,48,34,46,62,58,31,38,53,44,46,52,60,49,36,35,46,66,52,53,46,57,24,49,58,24,62,28,43,,39,26,53,70,64,69,52,51,55,53,40,,46,34,36,51,51,69,70,38,63,81,58,64,52,43,57,49,39,54,70,34,27,41,40,26,,70,38,57,55,56,45,38,31,53,52,40,46,71,55,49,,33,32,,38,62,57,61,49,90,63,32,57,55,46,,92,102,68,65,20,,43,23,58,42,43,32,25,,75,17,23,39,35,58,36,,32,,25,29,41,73,34,31,30,53,58,37,45,,,62,,35,50,21,34,37,28,35,58,57,52,57,46,64,51,33,25,45,33,,72,,63,38,,,54,58,57,54,53,59,138,,53,58,60,51,,,78,71,53,52,60,49,,47,58,38,58,37,43,50,60,72,47,50,,49,48,62,77,78,,67,59,69,74,57,64,70,59,42,27,50,53,54,29,500,433,23,15,77,55,104,72,58,55,33,58,53,53,34,46,45,,49,63,135,109,94,60,32,46,38,46,40,48,44,58,46,,,72,47,36,69,63,50,,47,24,52,33,74,107,66,58,44,39,41,34,33,38,98,36,39,44,110,50,88,38,49,45,37,31,37,35,53,41,38,64,53,48,93,42,59,64,49,79,41,39,64,54
20210423,20,PM2.5,10,5,12,11,8,13,5,10,7,6,8,6,,,23,,22,25,22,,18,,16,14,,16,14,,32,32,27,32,35,35,,,28,32,,33,35,33,40,36,,31,,26,27,24,34,23,,,18,28,29,,22,29,29,22,11,21,26,20,26,32,,29,29,16,22,19,23,,30,24,19,17,32,,27,25,32,38,40,26,,19,22,,,21,14,22,24,24,34,34,,25,26,46,35,27,,22,23,18,14,18,10,,14,33,24,29,50,46,50,44,46,38,80,37,36,49,45,40,73,,65,64,58,58,55,86,61,37,53,54,40,53,55,,45,40,48,47,39,27,48,29,44,30,17,29,34,42,,51,46,53,34,35,34,24,25,20,23,32,61,,,,33,36,,36,38,26,,,,70,,44,39,44,41,41,48,39,34,56,,,,55,60,,27,38,42,61,51,,48,80,77,82,58,83,49,32,,35,,29,29,,43,51,,39,28,40,,43,42,43,27,25,46,27,,,36,52,71,34,52,44,39,,49,,,29,,43,53,,48,53,57,18,8,9,,36,36,30,29,24,37,30,30,27,27,24,19,24,22,27,,29,27,14,,33,18,16,21,6,13,7,20,16,18,,12,,11,,31,20,15,21,,24,24,15,20,14,,,36,44,42,24,42,12,36,28,30,30,34,31,31,30,31,19,20,17,17,24,21,16,,18,15,26,34,36,37,22,32,36,27,33,22,52,63,,38,38,40,47,60,38,53,41,41,46,30,35,23,43,,16,26,23,38,,19,17,30,37,46,43,44,,42,46,34,25,26,25,30,23,24,24,38,,,28,32,30,29,27,31,22,16,30,26,40,29,18,21,18,17,18,21,22,17,10,21,19,20,16,19,,30,38,36,30,46,34,23,,,39,38,23,37,36,,16,10,10,11,,,13,,36,36,34,41,36,41,41,44,31,,31,29,28,36,32,30,11,2,30,6,12,2,14,18,20,14,15,16,26,18,,20,28,16,27,,31,20,24,18,,,,17,14,,,,36,,20,8,9,9,8,,,40,39,38,54,43,37,36,51,38,39,44,43,50,27,17,,19,22,20,19,11,19,29,34,24,,44,62,39,27,20,19,24,68,64,69,58,57,37,51,16,13,25,15,,18,,36,24,39,32,7,,9,20,,,41,41,50,33,,52,34,44,,34,31,36,,27,27,32,29,30,22,,,,27,,40,17,,19,9,12,13,44,46,52,31,17,21,,27,,,40,,37,29,,19,17,26,18,16,,12,12,14,13,14,22,12,19,17,17,25,32,11,29,,39,36,38,48,24,,9,61,52,,29,37,,24,18,18,24,23,,29,30,,,24,22,,22,,18,23,21,27,44,41,,51,29,,57,68,,48,,45,49,41,,38,42,35,44,28,,46,49,63,46,45,52,19,36,32,24,34,37,38,16,20,30,34,20,19,81,51,41,63,53,81,92,123,138,115,98,19,24,18,,29,31,34,47,36,29,29,15,16,24,15,27,31,30,,20,18,36,,28,24,19,17,14,,12,13,13,,100,,93,96,98,86,19,22,15,,,,32,,27,,67,64,102,,83,59,78,42,44,,52,,48,46,39,53,14,25,,24,23,21,21,34,22,,13,,,15,42,23,27,6,25,33,23,25,17,12,12,15,23,29,23,39,30,29,16,18,4,2,,9,58,49,50,47,52,,34,11,30,28,33,30,26,31,,,,,10,4,,7,39,46,29,43,40,40,28,19,23,13,19,18,30,21,,22,,13,15,16,,46,48,,58,3,3,13,9,11,,10,12,51,53,54,85,,17,12,85,22,25,23,29,19,19,,5,12,33,5,12,29,36,29,29,,,,81,58,58,,29,12,14,34,30,,,24,22,20,25,27,20,30,,15,23,35,,40,29,26,30,35,29,32,27,19,,39,32,34,35,42,29,30,32,27,35,35,16,18,,34,29,,35,29,17,21,,,51,,35,,42,25,28,26,26,,,15,83,78,75,104,,83,24,34,27,29,19,22,,26,28,60,,,38,66,,39,30,38,,32,,29,31,,,31,22,,,39,26,21,,,38,37,16,18,24,25,25,22,21,30,26,21,30,31,36,21,38,39,42,48,28,29,38,40,,27,24,39,,26,18,13,22,21,20,12,15,36,49,52,30,,,32,26,27,27,20,39,24,41,47,6,9,8,52,40,38,48,40,,,42,6,12,7,69,60,,12,44,54,,46,46,46,,54,26,25,28,33,35,37,44,26,24,24,22,25,16,19,16,,15,,6,13,23,19,,51,,64,,,,24,18,35,34,37,46,,20,,23,25,27,14,14,13,33,16,28,24,33,30,12,36,38,33,31,29,35,24,28,,35,12,18,19,13,8,23,32,29,12,29,27,24,27,28,,12,9,9,12,12,21,30,26,31,18,24,24,20,26,32,,,25,33,24,25,24,17,16,17,27,13,,38,42,51,,56,53,71,16,,17,10,35,,29,30,33,34,30,44,51,52,42,42,23,29,23,,61,54,57,29,38,,32,27,10,27,24,29,35,45,46,41,18,8,,33,42,44,,20,10,,17,21,25,20,,24,16,18,27,16,33,,,32,37,,26,27,25,25,27,26,51,42,58,41,32,48,21,34,33,25,26,23,,26,12,13,28,22,12,21,24,18,24,,15,23,20,25,24,26,22,16,19,7,17,24,20,36,33,30,27,41,36,46,38,45,18,31,27,29,31,33,30,26,35,8,10,,11,10,20,17,8,28,36,41,31,37,48,36,43,24,21,,,,45,36,,33,20,20,32,39,36,,24,2,13,,,,,22,22,27,26,17,12,15,20,,3,20,23,24,32,29,37,38,53,19,48,,,,,18,23,51,48,32,43,33,,27,57,60,25,21,14,14,8,53,66,70,46,26,29,,46,52,65,58,62,46,21,14,47,,37,,,21,,,5,10,2,,,,9,,15,10,3,6,4,3,40,26,27,38,2,4,5,10,,9,12,11,10,,32,,102,75,12,15,44,52,,9,9,18,8,6,,34,44,12,,25,10,23,13,5,,31,,25,16,,12,,2,1,32,38,24,23,16,,14,11,7,62,15,6,11,2,10,,,18,17,7,10,,7,15,13,10,28,10,46,45,13,19,16,32,22,,43,114,74,50,39,40,25,,44,,55,14,14,35,34,37,78,6,68,23,22,34,33,8,,,16,14,54,19,,28,22,29,16,,43,30,,,36,65,60,49,28,37,26,34,44,60,33,34,20,25,58,,23,35,,50,27,33,32,12,22,39,27,52,44,15,17,28,18,58,21,22,43,18,21,23,10,11,26,44,50,47,52,6,33,28,29,40,28,11,38,15,14,14,16,28,31,37,39,17,43,17,63,,17,18,41,,16,14,2,,,23,40,26,21,28,5,19,62,3,27,84,28,21,24,33,32,13,16,,41,26,30,34,12,,10,45,26,47,82,52,55,51,49,31,7,29,22,22,40,32,,52,,35,,37,41,33,61,42,41,33,35,29,28,27,34,43,11,23,28,29,,2,33,28,26,20,16,44,38,32,34,56,49,35,39,16,15,60,79,25,26,,70,103,10,18,6,33,31,53,38,26,61,25,20,34,16,23,22,9,14,22,44,41,5,23,27,19,27,33,34,34,14,14,14,36,20,24,32,40,4,34,41,8,44,18,19,,14,18,30,40,46,50,34,33,39,28,28,,26,10,5,22,17,50,38,26,44,51,41,46,34,30,35,34,27,38,51,17,6,11,10,7,,51,26,40,31,34,24,16,9,37,24,12,24,49,38,34,,8,7,17,26,44,19,28,32,67,45,22,31,34,15,,60,76,41,44,7,18,24,16,31,23,26,10,6,,55,2,16,22,24,41,22,,9,,15,15,24,53,9,13,14,29,33,20,20,,,44,,24,35,8,12,18,15,24,33,37,30,34,27,46,31,23,11,16,17,,52,,45,26,,,25,41,24,28,35,42,105,,34,20,27,19,,,57,29,36,26,22,18,42,24,34,26,38,22,19,24,32,30,27,22,27,20,33,29,48,46,,48,36,40,54,33,46,51,42,29,18,35,23,18,7,142,139,16,3,56,29,78,29,33,29,23,29,27,24,22,32,25,,29,45,103,82,70,32,13,31,26,29,28,22,25,30,21,28,39,52,14,22,50,34,32,,15,10,36,3,54,80,27,36,7,6,9,6,9,18,73,17,27,21,73,35,44,20,27,31,7,5,7,5,24,17,26,46,15,24,69,28,36,46,34,58,10,1,46,19
20210423,20,PM2.5_24h,25,37,27,21,21,30,25,24,23,37,23,29,,,17,,19,20,17,,14,,19,18,,17,13,,51,42,55,50,44,52,,,20,20,,29,20,19,22,24,,13,,40,38,40,37,34,35,,32,35,32,,31,42,34,16,11,14,16,27,27,25,,29,33,29,31,32,39,,44,42,44,43,53,,41,58,61,50,48,43,,16,16,,,17,11,17,17,28,29,26,,28,28,28,28,24,,27,23,16,15,20,12,,11,18,20,21,44,35,40,34,33,31,44,33,32,35,31,29,42,,32,33,36,33,37,45,42,35,63,60,63,63,66,,62,56,61,62,35,29,44,29,35,34,32,41,37,91,,49,46,67,42,42,70,40,46,45,59,47,53,,,,50,48,,50,49,34,,,,45,,40,47,48,44,46,49,45,48,61,,,,67,55,,32,47,53,50,53,,43,75,66,73,45,58,57,31,,35,,37,35,,45,46,,45,36,42,,41,46,55,33,21,40,26,,,34,51,47,25,23,30,26,,52,,,37,,49,52,,18,25,28,12,8,10,,39,35,37,34,34,36,30,29,25,32,31,25,27,28,33,32,29,33,18,,24,14,20,23,16,23,13,23,22,16,,18,10,10,,35,24,22,26,,32,34,22,32,16,,,36,43,36,31,38,26,42,35,38,39,42,38,40,38,34,23,18,18,18,24,22,16,,18,21,31,27,26,33,23,25,30,22,28,15,43,43,,38,38,35,53,40,38,44,41,28,27,26,25,29,31,,21,28,30,37,32,22,23,24,32,35,38,34,,33,51,41,34,32,28,26,25,26,21,31,,,36,33,43,45,44,46,44,32,32,31,28,31,22,25,23,21,22,23,24,22,12,13,15,12,14,18,,29,30,27,30,31,30,28,,,29,33,23,28,35,,69,74,65,70,,,75,,27,31,30,37,31,32,35,37,28,,32,29,43,39,35,33,7,4,8,5,9,2,33,35,37,30,38,37,38,36,,35,39,32,38,,33,19,20,24,,,,24,19,,,,34,26,9,11,13,12,9,,22,24,27,33,32,27,23,21,24,22,29,38,25,28,17,27,,38,33,26,30,15,23,22,26,21,,40,41,47,21,14,16,17,36,40,39,60,35,39,40,19,20,20,17,,17,,36,26,29,30,25,,23,35,,,31,33,33,54,,53,49,46,,52,43,49,47,42,15,17,12,15,11,,,,63,,59,46,,53,22,26,31,41,43,41,25,21,20,,43,,,42,,37,37,41,30,26,27,23,25,,16,17,16,17,21,18,17,26,20,20,27,34,31,24,28,27,28,33,36,24,,17,53,46,,26,32,,32,30,28,29,23,,30,34,,,48,42,,24,,20,24,24,28,81,43,,76,61,,50,56,,53,,71,56,65,,53,55,19,23,11,,22,22,28,24,24,21,12,37,30,39,36,36,42,13,17,16,23,13,15,62,42,31,51,70,68,65,83,72,75,62,21,23,22,,29,44,44,59,46,46,30,22,19,29,19,27,28,27,,25,45,39,,34,27,29,24,23,,29,21,6,,85,,84,104,89,84,37,43,33,,,,37,,32,,72,72,84,,77,69,71,50,47,,48,,39,39,35,39,21,23,,26,24,23,21,25,20,,21,,,16,31,14,20,5,27,32,28,31,17,12,14,17,34,31,27,35,36,32,12,15,18,18,37,39,57,53,53,51,50,,38,22,28,30,38,43,44,40,,,,,41,34,,32,26,33,21,27,25,31,19,18,15,13,18,26,24,33,,33,,29,31,40,,35,39,,46,20,22,34,30,28,37,30,38,51,54,51,65,,33,33,96,29,30,27,52,13,12,,9,11,12,17,8,54,52,32,32,,18,,50,40,40,47,36,18,17,21,21,,,14,14,18,21,18,16,21,,10,11,38,,42,45,47,42,38,40,43,39,37,,41,35,43,43,46,37,39,37,33,34,35,25,25,,34,28,,29,29,31,39,,,31,35,31,35,33,32,31,30,30,,,24,60,59,59,76,,58,38,38,33,35,30,45,,47,51,57,,,54,58,,45,35,27,,26,,25,23,,,33,17,,,36,30,23,,,28,32,21,22,28,27,31,23,21,23,25,25,22,25,23,24,35,27,31,28,29,29,35,32,,26,27,38,,24,25,20,24,15,15,21,19,29,27,31,63,,,21,75,91,75,62,107,80,80,79,38,35,27,163,163,127,129,116,,,94,15,16,14,46,42,,18,37,36,,31,33,37,,50,44,34,41,29,41,41,52,28,35,27,22,40,23,22,18,,17,13,14,21,46,33,,42,,49,,,,28,23,33,38,49,51,,23,,37,39,33,22,23,31,29,23,31,23,36,17,12,18,23,18,28,33,29,25,18,,17,12,14,13,15,14,14,36,26,15,27,26,22,24,27,,13,16,14,19,20,20,25,21,32,26,23,27,24,24,25,,,27,26,27,23,26,23,19,27,34,20,,63,61,60,,64,67,64,44,,43,29,41,,36,35,38,37,34,34,45,40,35,36,37,42,37,,49,51,43,29,33,,40,30,10,31,27,30,40,48,50,48,24,18,,33,38,29,,19,19,,24,18,25,24,,24,14,18,22,18,24,,,22,27,,23,23,24,26,29,14,21,24,23,14,22,30,26,28,29,23,20,20,26,20,12,13,18,14,15,15,26,22,22,21,12,16,13,37,29,34,26,18,17,10,16,20,19,39,34,37,34,30,31,32,33,32,22,28,30,30,33,35,32,25,28,15,13,,11,19,20,16,16,18,26,29,25,47,48,44,42,37,45,,,23,29,26,,26,23,22,28,37,42,,31,27,28,,,,,21,20,24,29,21,14,18,15,,10,20,21,23,24,24,38,39,42,24,42,,,,,10,11,37,39,30,32,28,,24,53,41,30,31,11,20,10,55,38,50,42,30,31,,47,52,47,47,61,44,28,21,43,,42,,,22,2,,6,9,3,,9,,5,,10,6,8,10,9,13,35,30,28,30,9,8,8,21,,18,12,9,13,15,51,,46,51,21,16,80,79,,22,23,12,11,12,,34,48,24,,21,22,20,14,7,,20,,23,21,,26,13,13,14,41,44,56,40,11,,16,12,11,30,22,7,6,9,11,,,19,21,17,15,,14,12,14,9,26,22,64,39,8,21,13,49,49,,32,72,49,66,41,50,34,,40,,67,30,81,28,42,44,103,8,40,24,24,24,37,11,,,26,21,48,19,,26,27,30,23,,55,38,,,41,61,58,48,46,45,35,42,50,61,30,34,21,31,64,,18,34,,54,22,41,34,10,23,30,45,52,44,19,18,32,16,64,24,10,34,23,16,27,8,23,20,37,37,34,39,6,32,38,13,34,35,58,46,21,22,22,35,33,50,39,24,20,30,32,75,,31,20,61,,14,18,12,,,21,57,38,25,36,8,22,45,30,51,67,24,30,44,21,36,24,25,,40,22,26,26,18,,72,58,27,54,60,64,60,58,62,44,37,23,29,22,30,24,,52,,39,38,35,30,33,54,57,45,40,34,38,36,25,30,30,16,30,27,53,,12,41,34,29,21,23,41,31,15,32,44,51,43,42,23,26,73,82,33,37,,82,95,41,53,42,60,23,44,22,26,48,24,24,31,14,23,18,48,47,55,43,41,14,40,49,33,12,66,35,34,30,34,45,36,27,35,33,14,14,33,47,19,27,16,24,,22,18,26,37,43,55,42,45,49,32,30,,63,19,23,27,21,41,32,30,52,38,37,46,34,33,44,39,32,35,43,21,7,10,14,11,,46,29,31,44,34,20,24,16,35,24,21,27,49,56,15,56,25,9,21,20,43,25,28,30,44,34,36,41,40,31,,64,80,44,46,33,22,21,14,35,32,29,45,33,53,50,18,37,26,30,35,23,,30,,19,17,16,34,22,35,32,33,35,29,30,,12,29,,31,32,21,19,19,13,25,28,27,25,27,30,40,24,14,12,19,19,,60,,34,24,,20,32,39,31,36,40,68,27,,17,27,28,22,,,85,36,37,38,51,9,29,12,13,45,54,27,42,38,39,37,34,34,27,32,40,41,49,45,,77,38,48,52,33,42,39,48,33,35,49,26,10,6,292,296,20,15,47,62,63,31,36,28,36,27,34,33,22,29,31,,34,45,96,81,78,36,37,28,24,43,52,36,47,31,22,44,36,39,28,21,49,32,30,,15,14,38,4,45,55,54,43,36,27,26,28,26,24,61,49,33,31,64,31,55,26,28,25,37,26,24,23,19,15,42,47,39,23,68,24,65,40,32,40,6,3,51,36
20210423,20,PM10,38,42,41,38,40,42,35,38,31,32,36,39,,,38,,19,122,46,,41,,28,27,,24,23,,56,54,54,61,61,55,,,57,58,,44,52,45,53,50,,48,,47,51,59,38,44,,,45,49,88,,56,75,73,19,12,29,7,9,46,41,,41,30,31,38,26,31,,44,,43,53,66,,44,50,55,65,66,49,,53,44,,,47,49,46,55,27,52,50,,24,38,51,44,38,,20,35,34,22,27,22,,22,42,31,42,46,40,55,50,43,32,71,36,49,53,43,62,83,,96,77,86,72,70,94,86,74,31,48,37,42,49,,31,22,28,23,66,56,61,61,62,39,46,51,58,75,,63,64,62,64,74,62,8,20,17,22,16,78,,,,61,32,,66,63,66,,,,66,,70,69,63,80,66,63,56,58,80,,,,75,92,,47,52,52,70,59,,62,83,78,73,69,64,57,44,,46,,47,50,,66,75,,61,44,60,,76,,64,38,41,68,40,,,51,64,107,46,98,109,82,,81,,,56,,98,82,,62,70,82,28,24,19,,52,59,58,48,40,34,42,30,41,41,46,38,46,68,53,,51,46,17,,66,30,34,31,32,22,17,37,32,29,,34,,34,,33,29,32,37,,39,39,39,27,14,,,46,58,63,31,68,17,63,56,66,89,68,56,70,57,59,34,35,32,34,38,29,29,,30,35,46,44,55,36,46,50,43,50,47,40,94,106,,70,81,74,88,103,104,81,71,67,80,57,65,42,84,,31,52,44,73,,36,30,46,67,63,81,71,,52,83,78,54,43,56,45,50,49,35,34,,,52,59,53,69,69,60,57,46,54,44,66,48,30,45,46,29,40,28,47,45,24,40,32,38,33,45,,50,65,59,,131,102,58,,,27,67,78,68,80,,29,19,25,20,,,24,,58,63,83,68,73,80,70,66,73,,47,44,60,65,52,63,16,30,,12,37,38,26,24,26,28,17,24,28,53,,57,26,25,32,,50,39,47,34,,,,37,32,,,,44,,40,40,41,46,30,,,82,66,67,82,57,40,60,58,63,58,58,36,72,40,42,,57,46,46,56,59,66,70,53,66,,49,70,48,37,40,27,40,33,37,35,56,58,40,53,38,33,36,31,,17,,78,85,85,60,16,,17,40,,,52,63,61,48,,59,48,64,,66,66,70,,31,48,51,44,46,34,,,,36,,66,36,,30,22,22,24,53,53,61,44,37,46,,51,,,57,,36,44,,24,27,23,28,23,,22,20,27,20,37,31,19,44,39,44,49,44,32,56,,66,62,65,84,40,,35,73,85,,31,30,,30,32,41,23,34,,67,69,,,49,46,,72,,50,65,80,68,,75,,54,66,,62,85,,75,,69,91,69,,60,55,74,75,64,,54,59,68,47,47,53,24,36,39,34,40,39,39,21,48,36,26,30,34,41,31,37,44,54,102,131,143,179,134,124,67,59,83,,90,53,66,62,51,73,44,32,32,41,28,52,52,54,,65,53,136,,37,27,26,31,37,,32,26,5,,120,,116,147,118,114,49,51,49,,,,59,,52,,120,103,125,,132,100,106,59,66,,55,,63,57,75,58,52,37,,33,44,87,31,38,34,,32,,,24,49,34,35,29,32,46,43,36,27,34,27,48,37,43,43,59,68,47,28,27,12,23,,40,69,70,72,64,76,,81,58,40,53,41,43,36,38,,,,,28,31,,48,56,61,47,47,43,46,38,48,36,36,34,68,63,26,,26,,13,20,13,,54,49,,49,10,10,15,19,16,,17,24,58,58,58,44,,27,40,449,44,54,39,38,14,31,,29,32,2,12,8,81,52,46,46,,9,,94,75,75,,30,18,17,40,35,,,55,62,27,35,37,33,24,39,21,38,74,,84,38,44,48,46,39,55,53,30,,44,61,47,51,60,41,38,51,40,45,38,22,25,,55,46,,64,48,32,43,,,67,,77,,68,51,55,52,53,,,43,129,136,155,148,,143,66,68,69,51,62,43,,55,51,75,,,83,72,,56,74,73,,68,,57,55,,,36,43,,,99,99,47,,,79,49,62,67,73,61,47,28,28,34,22,28,36,32,44,30,48,81,61,60,49,25,40,41,,61,36,51,,39,35,55,45,38,20,24,21,66,74,120,61,,,43,37,34,51,22,53,51,50,74,34,28,8,84,60,63,64,60,,,55,17,13,12,94,88,,16,86,81,,70,83,63,,49,55,41,53,54,56,63,59,40,73,41,52,44,29,20,25,,23,16,30,33,49,53,,76,,130,,,,46,45,55,76,71,71,,29,,29,35,38,40,28,31,51,9,59,36,101,39,19,39,51,42,40,38,59,41,38,,38,36,22,27,28,29,31,56,41,43,49,35,40,50,48,,26,26,25,30,32,41,39,42,45,54,47,44,38,41,53,,,60,53,56,39,38,32,35,34,65,33,,73,66,68,,81,79,95,34,,35,41,58,,54,78,75,102,88,64,61,75,94,59,39,36,36,,102,84,86,51,83,,59,61,51,19,25,35,37,46,49,40,46,28,,41,53,54,,23,23,,21,39,38,33,,38,39,34,58,80,52,61,59,54,73,57,34,43,36,39,43,48,72,73,66,76,49,46,39,50,51,36,42,41,,43,92,,23,42,33,34,41,44,47,,18,32,38,48,54,58,53,43,42,29,44,49,52,78,60,57,78,52,53,52,76,66,53,43,38,52,62,65,49,54,49,13,14,,15,23,34,25,11,66,49,57,51,58,58,63,55,40,46,,,54,62,51,,61,60,67,72,90,77,,37,30,18,,,,,36,43,53,77,46,31,26,27,,14,33,50,61,61,87,63,68,82,75,85,,,,,37,46,81,79,59,69,45,,41,75,72,55,56,27,46,31,98,86,99,87,53,75,,80,73,77,76,137,77,54,52,126,,64,,,29,7,,20,42,8,,19,,46,,48,30,4,7,,6,41,49,40,51,4,9,9,18,,33,36,9,16,,52,,406,485,19,18,207,222,,9,11,19,23,14,,72,74,20,,40,37,27,21,18,,88,,93,44,,33,1,9,2,106,108,144,102,14,,27,29,26,70,72,34,56,36,55,,,42,37,38,35,,6,25,15,29,60,27,59,86,25,27,35,59,57,,68,164,59,50,51,59,60,,76,,68,45,29,43,50,65,429,14,117,40,27,46,67,12,,,47,35,76,40,,76,56,90,31,,58,49,,,37,90,85,55,46,63,66,44,68,76,46,59,66,58,50,,42,43,,97,33,70,52,31,63,57,56,70,49,18,33,39,32,68,43,34,65,22,43,25,21,17,45,68,68,56,55,11,47,85,60,70,45,18,53,27,32,30,40,64,65,58,58,33,68,22,111,,34,27,56,,37,20,5,,,51,62,36,28,50,11,45,88,33,61,97,49,50,55,40,62,47,21,,51,36,48,78,62,,58,46,11,36,62,37,47,50,45,19,39,59,57,214,78,73,,76,,52,,41,67,47,89,89,87,75,79,71,55,52,66,87,42,58,54,51,,41,82,52,41,88,39,41,49,45,50,74,72,51,84,19,25,109,104,52,56,,122,121,28,21,5,68,45,41,39,33,93,37,41,34,27,37,32,48,33,46,69,55,8,38,56,44,46,53,70,48,17,14,46,81,53,56,43,43,4,40,56,24,50,28,43,,39,6,55,89,68,71,54,51,53,56,40,,46,34,36,51,52,57,90,35,76,112,60,67,54,43,63,44,33,49,63,34,18,41,40,20,,87,19,55,60,62,45,38,31,46,53,40,46,91,59,41,,19,32,,37,72,63,71,49,88,59,30,63,59,46,,134,114,85,80,20,40,43,16,66,42,43,20,12,,93,7,22,39,27,63,36,,32,,20,29,41,75,17,25,29,56,66,37,45,,,38,,22,42,21,34,37,24,31,66,63,53,64,46,72,51,30,25,45,33,,49,,52,35,,,58,45,63,57,56,64,81,,55,65,70,52,,,77,92,55,54,70,49,52,47,65,34,66,37,43,50,69,93,47,50,,49,48,74,104,105,,60,67,88,51,63,43,80,44,25,21,39,55,57,24,709,533,17,10,59,60,121,93,66,60,26,66,55,55,34,32,45,,49,72,131,115,116,70,32,46,14,46,29,48,44,66,46,20,46,81,43,32,78,75,50,,47,4,41,24,75,85,82,66,44,39,41,31,29,38,107,36,39,44,169,47,126,28,49,41,37,30,37,35,55,41,28,59,56,48,117,42,68,68,38,61,16,5,66,58
20210423,20,PM10_24h,36,40,39,32,36,35,40,34,32,45,40,49,,,24,,25,32,28,,27,,47,26,,19,20,,73,66,77,72,72,66,,,24,26,,26,32,29,26,33,,25,,64,59,81,60,61,64,,62,64,80,,72,78,75,14,11,23,13,13,51,44,,46,41,42,44,45,41,,63,70,61,65,90,,57,87,79,79,75,68,,37,34,,,37,33,32,35,49,40,41,,37,51,44,54,48,,33,38,44,26,28,25,,22,26,33,36,56,48,59,49,44,37,58,44,49,52,43,49,53,,46,44,45,41,42,50,51,52,66,57,58,61,60,,59,48,51,48,58,44,49,51,65,37,50,56,51,69,,64,65,60,60,66,62,44,42,44,45,48,58,,,,72,43,,64,77,72,,,,50,,67,75,74,62,68,67,56,67,89,,,,92,81,,48,47,54,57,62,,46,64,59,59,49,49,60,40,,46,,63,57,,75,61,,85,59,69,,91,97,80,42,42,65,40,,,50,63,85,38,44,69,60,,81,,,57,,116,83,,32,36,40,20,14,20,,58,58,69,64,60,52,58,36,44,47,34,40,46,51,57,47,44,45,22,,43,33,45,43,39,30,25,35,37,20,,39,35,29,,32,39,50,46,,47,45,44,51,26,,,53,57,47,51,54,41,72,77,70,90,91,77,86,76,64,34,36,34,34,30,32,30,,32,37,40,30,40,33,36,34,31,39,36,30,84,79,,74,91,71,104,81,97,80,74,56,57,57,59,54,79,,42,57,61,82,57,57,49,47,68,66,69,65,,50,94,80,58,61,54,49,51,50,49,51,,,76,66,72,100,94,104,92,82,55,58,49,56,42,45,42,37,43,46,56,51,27,30,38,33,32,35,,60,53,46,67,79,63,56,,,52,66,62,63,64,,88,97,84,98,,,106,,51,72,69,58,68,66,66,68,64,,51,54,82,62,64,78,12,23,27,11,26,17,80,69,101,74,82,70,68,112,,89,72,91,79,,63,34,41,43,,,,43,66,,,,78,75,28,28,28,32,29,,32,38,35,40,44,38,32,31,39,43,41,56,29,37,27,52,,71,55,56,60,49,59,53,55,62,,54,59,68,36,33,35,41,35,38,32,57,54,36,35,38,33,37,32,,27,,54,61,59,48,38,,46,54,,,48,33,35,61,,47,68,56,,77,73,82,73,49,25,21,17,26,21,,,,83,,75,67,,57,49,48,49,46,47,54,30,30,36,,41,,,61,,59,58,62,41,40,39,38,51,,35,32,32,32,44,38,33,53,48,54,41,48,49,52,52,58,58,57,59,39,,47,79,77,,47,47,,59,56,59,52,35,,58,57,,,72,80,,65,,43,56,76,60,79,84,,76,90,,59,62,,63,,98,79,97,,79,65,38,38,28,,39,42,46,47,46,35,21,49,45,52,44,45,73,22,45,34,22,25,28,38,32,35,38,55,92,108,102,102,97,85,68,58,68,,71,81,87,97,92,86,43,36,36,42,37,34,36,36,,50,40,58,,44,39,39,38,37,,45,38,6,,105,,101,151,117,113,66,62,61,,,,68,,60,,121,118,105,,106,93,96,80,73,,63,,54,49,52,52,44,46,,35,41,44,30,32,26,,30,,,24,40,31,31,20,35,51,46,52,33,36,31,44,48,49,48,60,58,50,27,28,29,53,52,62,72,78,81,72,72,,58,52,43,56,47,59,61,56,,,,,67,62,,76,34,44,42,54,39,35,32,37,36,37,38,61,55,61,,54,,53,45,66,,57,61,,101,38,34,58,44,50,78,57,62,77,77,80,82,,105,112,476,83,68,62,66,12,19,,19,34,29,26,35,71,60,52,52,,24,,62,50,50,47,40,19,19,23,28,,,32,18,48,28,34,33,19,24,13,19,67,,83,67,65,60,57,52,66,72,56,,57,74,62,70,65,53,52,49,43,53,51,38,39,,57,62,,60,55,43,65,,,32,49,42,41,49,52,46,51,51,,,72,95,104,104,96,,107,91,90,85,87,102,62,,62,69,76,,,83,78,,63,65,78,,77,,71,62,,,31,36,,,93,84,39,,,53,51,55,53,80,81,57,31,34,28,30,28,27,33,34,35,46,57,45,37,34,23,30,29,,50,41,51,,47,45,56,55,33,23,38,34,48,48,49,101,,,28,102,112,150,80,127,123,112,89,45,58,36,225,192,150,148,131,,,116,27,33,29,61,62,,24,55,57,,46,52,49,,53,56,47,56,45,51,53,54,52,64,50,55,55,47,28,25,,21,25,24,36,55,50,,58,,75,,,,51,46,49,54,75,76,,37,,45,48,42,49,38,43,50,32,45,39,66,24,12,24,30,33,47,48,63,43,31,,28,28,26,25,29,35,17,60,43,44,49,33,42,53,43,,29,28,29,29,29,34,44,39,39,49,47,40,38,46,41,,,47,43,40,38,38,37,35,44,59,55,,104,89,91,,98,77,85,56,,60,57,56,,65,62,63,67,61,57,53,56,54,54,57,55,59,,69,58,60,53,66,,75,63,53,37,29,40,40,44,42,45,45,43,,44,41,45,,31,29,,34,26,33,31,,35,33,33,40,54,38,42,38,35,40,41,35,40,34,49,39,31,27,35,30,29,36,32,36,38,37,35,36,35,33,38,22,26,22,36,29,20,31,30,39,31,17,26,21,79,66,74,71,43,33,39,40,38,52,72,68,72,74,51,52,49,70,61,51,55,41,50,81,54,50,53,44,23,27,,29,39,35,28,34,33,41,50,40,66,69,64,64,54,77,,,40,41,41,,49,62,57,52,81,81,,46,46,38,,,,,36,43,50,51,44,30,29,33,,30,30,42,52,51,61,53,56,63,60,71,,,,,30,25,62,65,52,42,42,,39,65,61,53,60,22,44,34,88,81,61,80,51,56,,71,74,65,69,116,93,59,48,105,,72,,,29,4,,18,31,16,,25,,13,,25,16,15,22,18,25,67,62,49,55,13,16,17,20,,36,35,16,21,27,121,,159,167,33,33,523,486,,31,33,19,20,20,,66,74,37,,35,40,29,20,22,,59,,47,36,,41,20,18,18,120,115,324,278,20,,24,28,24,94,113,37,39,45,43,,,46,45,44,29,,14,24,28,29,56,33,74,76,18,26,22,75,69,,88,107,38,40,53,122,55,,51,,78,51,98,37,80,79,534,12,63,46,41,45,78,15,,,49,45,100,27,,78,75,80,43,,67,42,,,38,88,99,58,58,68,76,52,65,89,38,65,46,57,55,,28,49,,92,47,69,54,25,34,53,49,74,72,24,32,24,24,89,53,18,38,34,34,31,33,39,43,47,52,46,52,14,43,79,36,63,56,83,72,32,34,33,64,67,85,60,43,40,47,61,120,,52,27,76,,34,31,23,,,52,68,48,35,53,15,41,58,52,152,104,53,49,63,29,65,55,33,,56,48,52,56,55,,341,66,27,48,59,60,57,56,66,35,49,51,64,120,47,39,,78,,57,48,43,41,45,83,114,103,87,84,80,71,48,66,71,48,63,51,110,,45,82,75,71,57,40,26,24,23,37,60,66,57,85,32,35,110,114,53,61,,148,124,61,59,61,103,44,49,32,37,69,29,45,39,23,39,33,74,85,78,68,59,20,50,78,44,21,88,47,40,49,40,73,85,55,59,46,25,25,41,43,29,35,28,42,,49,37,62,71,68,79,77,71,75,47,52,,85,27,30,58,37,46,61,44,83,84,53,61,51,44,66,57,38,47,54,36,27,35,29,25,,83,52,46,88,81,41,50,42,49,64,42,61,79,75,17,75,39,19,28,24,69,44,44,39,58,47,47,95,62,70,,112,112,63,67,44,35,45,18,65,40,48,66,77,76,77,35,60,39,33,49,32,,44,,32,29,24,50,35,61,46,46,53,37,63,,19,82,,46,41,37,45,39,43,37,51,52,55,51,52,62,40,29,30,39,35,,60,,43,40,,27,64,50,59,71,71,107,40,,29,58,47,50,,,105,102,59,70,95,20,21,22,28,60,94,52,79,72,108,103,77,75,67,61,70,97,93,88,,90,62,97,59,59,48,54,74,54,57,71,60,15,26,854,679,42,24,80,109,98,98,64,64,50,61,71,80,48,36,58,,44,63,131,118,108,74,68,36,49,43,41,32,68,48,42,79,59,59,52,33,70,74,55,,56,18,47,20,69,62,87,70,48,43,33,38,39,44,93,55,51,53,113,55,113,32,29,22,45,33,44,37,39,36,60,58,75,43,105,32,111,68,42,53,9,14,72,54
20210423,20,SO2,3,3,3,1,3,2,3,3,1,4,1,3,,,7,,6,9,8,,6,,4,37,,7,2,,4,6,3,5,3,6,,,9,16,,12,17,8,11,5,,2,,5,1,10,4,2,,,6,8,6,,7,7,5,3,5,8,5,6,4,5,,6,5,5,3,10,7,,1,3,4,3,7,,7,6,4,6,5,5,,6,5,,,6,6,9,7,7,11,12,,11,9,9,8,4,,11,3,4,4,9,4,,8,8,5,3,9,5,5,10,7,5,7,7,14,7,18,20,19,,16,14,13,16,10,54,21,15,4,6,4,8,6,,2,9,8,8,13,5,7,4,6,2,8,4,3,5,,3,6,5,7,6,9,1,4,9,10,6,7,,,,7,4,,8,10,5,,,,3,,7,4,3,6,6,6,7,4,6,,,,4,8,,5,2,4,4,4,,6,4,2,6,4,6,3,4,,4,,6,6,,5,5,,5,6,3,,6,4,5,6,8,5,5,,,5,7,10,5,4,7,6,,5,,,3,,16,8,,5,4,5,4,5,5,,5,4,5,5,5,6,5,6,5,5,6,4,6,5,10,9,4,6,2,,4,6,3,3,3,4,8,4,6,4,,12,,5,,5,5,6,5,,4,4,5,3,4,,,5,4,5,7,4,4,6,7,5,5,3,5,8,6,7,12,7,5,6,6,8,4,,4,7,,4,,7,5,7,5,8,6,8,9,10,,8,8,9,6,8,7,6,7,4,8,8,8,9,6,,9,6,8,9,5,5,6,5,10,8,5,6,,5,11,7,5,5,5,5,6,8,5,7,,,9,8,7,14,14,15,10,9,8,10,7,10,4,6,7,5,3,6,5,7,3,1,3,3,4,11,,14,12,13,10,15,12,7,,,13,7,5,6,8,,7,6,5,5,,,6,,7,8,8,6,7,5,5,6,5,,7,11,8,5,8,9,3,4,2,4,4,5,8,4,3,7,5,6,4,4,,6,6,5,4,,7,3,7,7,,,,7,3,,,,8,7,5,4,3,5,4,,,6,2,6,6,8,7,5,4,6,11,4,5,5,3,6,,14,10,10,12,11,11,8,9,10,,3,5,6,8,10,8,6,9,11,8,36,16,11,24,6,6,4,7,,3,,5,5,5,5,2,,3,6,,,10,4,5,4,,2,7,5,,6,9,21,16,3,7,6,5,8,10,,,,5,,4,7,,4,5,6,9,4,4,2,4,2,5,,4,,,5,,10,7,9,5,7,7,9,8,,4,5,5,6,4,6,5,3,6,3,7,7,7,8,9,10,9,9,12,4,,5,6,7,,14,13,,7,5,6,4,7,,8,8,,,6,4,,7,,10,8,13,7,10,10,,11,9,,13,22,,25,,5,8,6,,8,8,27,42,20,,5,6,12,8,8,6,6,12,16,10,15,7,13,11,9,12,4,9,11,11,12,18,17,18,14,18,21,13,12,5,2,5,3,,4,8,12,7,15,13,1,5,8,11,5,6,4,4,,6,3,8,,5,5,4,4,5,,2,3,4,,2,,4,2,3,1,6,4,6,,,,6,,5,,9,5,6,,7,6,9,2,2,,2,,6,7,5,7,6,5,,12,10,11,10,5,12,,7,,,7,3,2,1,2,5,5,4,6,6,6,5,5,4,5,4,5,6,5,3,4,7,6,,8,11,10,13,5,6,,41,5,14,7,10,8,9,9,,,,,4,4,,4,2,6,3,3,1,6,7,6,6,5,5,5,5,5,,5,,4,8,4,,3,2,,6,3,4,5,4,4,,4,3,5,6,5,4,,5,3,3,12,59,11,4,2,5,,5,3,4,5,2,8,7,4,4,,5,,8,6,6,3,3,7,7,8,4,,,7,10,9,9,6,4,3,3,4,4,6,,8,6,6,9,10,11,8,5,5,,6,5,9,7,8,10,8,9,8,6,5,5,7,,4,5,,2,6,7,8,,,5,4,5,4,5,6,4,6,5,,,3,6,3,5,3,,4,4,10,9,6,6,6,,6,6,4,,,3,4,,10,8,8,,9,,18,19,,,5,5,,,6,14,18,,,2,3,7,7,5,6,5,20,15,24,29,16,16,13,18,10,5,4,3,5,8,7,5,8,,5,8,10,,15,12,9,9,5,4,11,8,8,9,10,8,,,8,4,5,2,7,6,9,8,18,8,4,5,5,6,8,11,7,,,8,10,2,6,8,9,,15,8,5,,5,6,5,,6,5,6,6,4,1,1,6,6,17,4,12,3,9,4,8,,5,3,3,6,15,6,,4,,7,,,,7,5,6,6,5,4,,10,,8,16,9,4,4,5,6,3,2,5,5,3,3,4,7,4,5,7,11,8,5,,4,4,5,6,21,5,14,8,8,8,14,9,,11,10,,10,8,6,5,8,5,4,3,11,6,7,9,12,4,13,,,10,11,4,7,5,5,4,19,8,7,,10,5,5,,7,7,8,4,,3,4,8,,5,5,8,6,9,9,8,8,8,8,3,3,2,,6,6,5,12,11,,15,15,4,3,4,5,6,6,4,8,5,4,,4,4,3,,5,3,,7,5,8,8,,5,10,5,5,8,8,8,5,7,7,10,18,10,9,8,8,2,2,2,1,2,7,5,5,6,3,6,9,5,,11,1,6,6,5,2,3,4,4,3,4,7,13,9,14,12,6,7,6,8,7,9,7,11,3,3,5,4,2,14,40,8,8,6,7,8,6,6,29,6,8,5,4,1,,2,6,8,10,7,5,10,6,10,3,7,4,6,8,10,,,11,16,18,,8,16,11,12,7,10,,5,6,8,,,,,5,5,7,6,7,14,14,11,,8,6,10,12,9,10,4,3,7,3,5,,,,,4,5,9,13,5,,2,,4,6,5,6,5,5,6,7,6,6,11,10,10,9,,11,11,5,4,7,15,5,8,4,,12,,,9,5,,7,4,5,,4,,8,,10,8,5,5,5,4,6,12,10,8,6,5,10,6,,11,11,8,9,10,6,,4,6,4,3,5,4,,7,5,4,2,19,,9,9,2,,13,5,15,11,13,,6,,5,12,,10,3,3,5,3,5,3,4,5,,4,2,9,5,5,5,3,5,4,,,5,4,4,5,,3,4,4,2,14,5,10,8,5,5,5,5,6,,12,27,9,4,7,7,3,,6,,6,5,5,8,6,8,4,13,16,5,9,15,6,3,,,4,4,6,5,,3,11,7,8,,4,5,,,8,,4,6,8,6,5,8,9,8,4,7,13,8,20,,8,4,,7,8,4,7,2,14,3,2,6,4,14,5,2,4,10,12,8,25,4,3,3,8,2,11,5,5,3,5,5,10,5,9,12,5,6,7,6,8,5,3,6,10,10,14,5,6,7,7,,4,4,3,,11,3,4,,,7,6,9,5,5,8,6,4,6,5,7,6,7,9,4,5,1,3,,9,6,11,11,47,,15,2,5,9,2,5,5,3,4,6,2,9,7,24,15,23,,11,,4,2,4,5,5,7,7,6,8,9,8,7,6,6,5,8,8,5,9,,6,6,6,4,6,2,6,2,11,8,8,4,8,4,2,4,6,8,5,6,,4,2,4,5,7,26,19,9,6,8,10,7,8,6,8,11,7,4,3,9,8,5,4,2,8,3,4,6,4,5,3,3,6,6,7,4,2,5,19,7,6,9,6,6,6,,5,6,2,10,8,6,9,9,8,16,4,,4,3,1,10,16,1,7,3,6,7,2,9,8,6,8,5,10,5,2,2,3,8,4,4,,8,6,6,8,4,6,6,6,7,6,4,5,6,8,10,11,2,4,,9,5,6,7,4,4,6,4,6,6,5,,3,7,6,2,3,,9,6,19,7,12,6,6,,12,6,8,5,5,2,8,,6,,7,5,5,4,5,5,6,10,12,5,60,,6,12,,7,6,6,10,7,6,6,8,3,6,8,8,11,6,2,6,4,3,,5,,7,3,,6,6,4,9,4,7,7,6,,8,8,8,8,,,6,14,1,7,1,12,7,2,10,6,2,4,2,3,5,8,3,5,5,7,5,7,3,11,,9,6,2,6,28,8,8,4,8,6,6,2,7,4,4,6,3,3,5,9,3,29,14,9,7,7,10,6,7,10,7,,7,5,2,1,24,7,5,5,6,11,3,7,4,6,12,2,,7,4,9,6,8,6,,2,5,8,2,4,9,7,2,3,1,3,3,3,5,13,5,4,6,14,10,4,7,9,11,2,1,4,2,6,5,8,3,4,10,20,11,8,8,10,8,8,5,10,7
20210423,20,SO2_24h,3,3,2,2,3,3,3,3,2,4,2,3,,,5,,5,7,6,,5,,4,6,,6,2,,5,8,3,6,2,8,,,5,11,,6,13,6,10,3,,3,,10,4,8,7,10,5,,8,11,7,,9,9,7,4,6,8,5,6,5,6,,6,3,5,3,11,9,,3,5,5,4,9,,7,9,7,8,6,5,,7,5,,,6,6,8,7,8,12,14,,13,10,10,9,4,,12,4,4,4,10,4,,8,7,4,4,9,5,6,10,7,6,6,8,12,6,19,28,20,,16,14,12,17,13,28,20,15,5,6,5,9,6,,3,9,8,8,12,4,9,4,5,1,7,3,1,6,,3,6,4,6,6,7,2,5,11,12,8,8,,,,8,7,,7,12,6,,,,4,,6,4,3,5,6,6,8,5,6,,,,4,7,,5,3,4,3,4,,7,5,3,11,5,7,3,4,,5,,7,7,,4,5,,5,6,2,,5,4,5,6,10,5,7,,,5,9,10,5,4,6,6,,5,,,3,,10,8,,5,4,4,4,4,5,,6,4,5,5,5,7,5,5,5,5,5,4,6,5,9,9,3,5,2,,5,6,4,3,4,4,9,3,5,2,,6,2,4,,6,6,6,6,,5,4,6,6,5,,,5,4,5,6,5,4,8,8,6,5,5,6,9,7,7,9,6,5,6,6,8,4,,5,7,9,4,4,6,5,8,5,8,6,9,10,11,,8,10,10,8,10,7,7,7,4,7,10,7,8,6,,7,6,6,10,8,9,8,6,8,8,9,9,,9,17,15,7,6,5,5,6,9,7,8,,,12,9,8,12,12,13,14,15,14,15,9,12,5,5,8,6,3,7,5,8,4,3,4,3,4,10,,14,13,12,15,14,13,8,,,12,13,5,5,15,,9,10,7,6,,,14,,7,8,9,9,6,6,5,7,6,,9,16,10,9,12,14,3,4,3,4,4,5,10,5,5,9,6,8,5,7,,8,7,5,6,,9,4,8,8,,,,10,6,,,,12,14,5,4,3,5,4,,4,6,2,6,6,6,6,6,6,6,9,4,5,5,3,9,,18,9,13,15,10,14,9,8,9,,4,7,7,8,11,8,6,10,11,9,58,10,11,12,5,5,4,5,,3,,5,5,5,5,2,,4,7,,,10,4,5,6,,2,7,6,,29,13,18,10,4,7,6,5,8,11,,,,7,,7,8,,6,6,6,9,5,5,3,3,3,4,,5,,,8,,11,11,11,5,8,7,11,9,,5,5,6,6,5,6,7,5,14,12,5,6,11,9,8,9,6,7,7,6,,7,7,7,,13,11,,7,9,11,10,7,,20,11,,,6,5,,6,,16,13,12,13,9,9,,10,9,,3,7,,5,,6,8,8,,9,9,19,34,12,,7,7,9,8,8,6,6,16,17,11,13,8,18,12,13,13,4,10,12,12,8,19,20,13,22,21,20,16,17,7,3,7,5,,4,7,9,8,8,6,2,5,8,12,5,5,3,4,,11,6,11,,8,6,5,4,6,,5,4,4,,4,,5,3,5,3,8,9,10,,,,7,,6,,8,5,7,,12,8,9,4,3,,4,,6,7,5,7,7,6,,12,9,13,7,6,9,,7,,,6,2,2,1,2,5,5,4,6,9,6,5,5,6,5,5,6,6,5,3,4,6,9,15,19,10,11,8,6,8,,28,7,18,9,10,13,12,15,,,,,7,7,,7,3,7,7,3,2,13,8,6,6,7,5,4,4,6,,6,,5,16,6,,4,3,,12,5,4,5,4,4,5,4,3,9,12,8,6,,9,45,35,18,15,9,7,1,4,,5,3,3,4,2,16,9,4,4,,5,,8,6,6,7,4,8,7,8,4,,,6,10,9,10,6,4,3,3,4,4,6,,8,6,5,9,10,11,6,5,6,,4,4,9,8,8,9,7,9,8,8,6,5,8,,4,5,,2,5,6,7,,,5,4,6,4,5,7,7,7,7,,,6,6,3,4,4,,4,9,10,11,10,10,7,,7,6,4,,,3,4,,11,9,11,,11,,11,12,,,6,5,,,11,11,18,,,2,4,6,8,5,6,5,16,11,14,22,13,13,13,13,13,3,4,4,5,8,8,7,8,,8,11,10,,20,15,14,12,4,4,10,8,7,8,10,10,,,8,9,11,7,8,12,11,9,7,10,6,6,12,8,11,14,10,,,14,4,8,4,8,10,,9,9,7,,6,8,9,,6,5,4,6,4,2,2,7,7,15,5,19,6,8,5,8,,4,3,3,7,6,6,,5,,7,,,,6,5,6,6,6,5,,8,,9,9,7,6,4,6,4,4,3,6,6,4,3,5,3,5,5,6,8,4,4,,3,4,7,7,20,7,12,17,17,15,13,12,16,21,12,,7,10,10,7,9,4,8,7,13,15,7,9,10,8,13,,,12,12,5,6,6,5,4,13,18,23,,20,9,7,,11,8,8,5,,3,5,8,,5,9,11,6,12,8,8,8,8,8,4,5,3,,6,6,5,13,13,,20,13,6,3,4,6,6,7,5,9,5,7,,5,5,4,,5,3,,7,7,8,7,,7,6,5,6,8,8,10,7,7,8,12,11,10,8,11,9,2,2,2,2,1,5,4,4,4,4,7,11,5,7,10,3,7,6,5,2,3,3,4,3,3,6,12,8,18,10,10,9,8,8,9,7,7,8,5,5,12,7,3,12,10,18,15,7,7,9,6,7,23,12,11,8,5,3,,4,5,10,10,9,5,10,7,9,5,15,7,9,9,11,,,8,13,10,,7,15,14,12,6,7,,5,6,8,,,,,6,6,8,7,8,13,14,12,,8,7,15,13,13,11,3,3,5,4,5,,,,,4,5,8,10,6,10,3,,4,7,6,8,7,5,6,7,6,6,11,10,12,12,,11,9,8,4,9,11,5,8,5,,15,,,12,8,,8,4,5,,4,,8,,11,8,5,6,5,6,6,14,12,9,5,5,21,12,,26,24,8,8,9,9,,4,7,6,7,4,3,,5,5,4,12,17,,6,6,6,,13,4,16,17,11,,7,,5,10,,10,4,3,5,4,5,3,3,5,,5,2,9,4,5,6,4,6,4,,,7,4,5,5,,3,4,6,2,22,5,9,9,5,3,4,6,7,,14,19,9,4,8,9,3,,8,,8,6,16,8,15,17,36,13,10,7,10,9,5,3,,,4,5,6,4,,5,11,13,9,,6,5,,,10,10,4,7,10,6,9,8,9,6,5,13,14,13,7,,7,5,,8,9,4,10,2,14,6,4,6,4,12,4,2,4,11,15,7,16,4,2,3,8,3,8,5,5,4,3,5,12,8,7,18,6,7,9,7,8,6,8,6,12,15,14,7,6,9,6,,5,4,4,,13,3,4,,,8,6,9,5,7,8,9,3,8,8,11,16,7,10,4,6,8,3,,12,8,11,20,23,,32,3,5,4,2,6,4,2,4,6,2,12,12,15,14,22,,12,,3,2,4,5,6,7,8,7,8,11,11,9,6,6,5,9,9,7,11,,9,7,9,12,6,2,5,2,10,8,7,4,7,5,2,4,8,7,6,7,,5,2,5,6,13,15,17,20,10,8,9,9,14,8,8,11,8,7,5,10,8,7,4,6,9,4,6,7,4,5,2,3,8,8,5,10,16,4,8,6,6,9,5,6,7,,7,4,5,17,7,5,6,8,7,16,3,,6,3,2,13,21,2,6,2,6,6,2,7,6,6,6,4,11,5,3,2,4,8,4,6,,9,8,6,9,5,7,7,11,7,7,6,7,6,8,10,15,3,3,5,9,5,6,6,4,4,6,5,6,7,7,,4,7,9,11,5,10,10,7,19,8,14,7,9,8,14,7,8,6,5,2,9,,7,,7,5,5,5,5,7,6,10,15,5,15,,7,16,,8,7,7,5,6,11,6,12,6,8,10,10,10,6,2,6,9,7,,6,,6,6,,6,9,7,13,3,6,7,5,,7,18,9,9,,,6,11,3,10,3,5,4,2,6,8,5,6,3,7,5,8,3,6,6,8,6,7,5,7,,14,5,2,7,24,13,5,5,9,8,8,4,6,6,6,9,3,5,6,12,3,20,8,9,8,7,10,9,9,11,12,,19,5,3,2,15,8,7,5,6,10,4,8,6,7,11,6,5,6,5,8,4,8,7,,4,5,10,3,4,4,7,3,3,2,3,2,3,12,6,7,5,11,15,21,7,6,4,7,3,2,4,3,6,6,8,3,7,7,10,10,8,8,13,10,8,6,9,8
20210423,20,NO2,14,13,14,11,20,16,20,14,13,20,19,18,,,30,,29,30,27,,38,,43,20,,30,19,,15,22,16,26,16,18,,,39,36,,43,49,20,46,47,,37,,15,8,12,21,21,,,17,27,22,,25,19,20,21,11,26,11,12,18,23,,17,19,23,14,10,16,,14,9,19,21,22,,14,11,16,17,19,17,,17,18,,,19,19,20,18,6,51,61,,18,62,52,48,59,,29,25,29,15,21,10,,15,16,24,9,50,59,59,54,44,14,20,43,60,58,32,48,54,,63,35,66,54,64,54,27,48,38,52,39,44,35,,39,34,31,33,64,54,45,60,65,70,38,49,34,60,,59,63,50,65,49,64,16,23,10,18,17,31,,,,24,19,,18,26,28,,,,34,,44,42,41,47,52,52,44,34,44,,,,43,40,,18,26,21,21,15,,20,18,22,24,13,25,13,4,,16,,25,26,,44,36,,53,33,38,,40,,70,28,93,49,77,,,40,49,41,32,54,58,33,,39,,,66,,33,35,,28,22,24,20,23,17,,32,34,29,30,33,15,18,18,27,25,27,18,25,28,30,44,56,24,5,,24,9,10,8,7,16,16,18,31,16,,21,,7,,12,20,17,12,,26,14,25,10,10,,,39,38,17,37,37,17,28,18,17,18,30,29,21,26,18,33,22,25,48,41,29,23,,18,17,45,32,36,16,17,26,27,22,32,13,48,42,,58,60,47,56,51,85,37,41,41,50,41,78,58,26,,19,31,51,35,15,11,8,21,39,34,33,25,,16,69,40,17,21,16,16,13,25,26,22,,,27,29,26,24,29,34,14,10,32,23,22,14,14,15,16,9,10,22,31,21,10,12,22,11,10,15,,24,38,63,85,88,91,42,,,39,67,69,65,74,,26,12,18,17,,,23,,13,31,9,12,13,24,32,18,8,,15,10,14,26,18,17,12,3,11,8,22,9,23,23,21,29,36,30,23,34,,17,14,28,16,,38,10,24,39,,,,12,7,,,,19,,21,24,5,11,11,,,36,51,29,39,31,36,30,29,48,35,6,9,44,9,18,,21,25,16,22,34,22,28,18,28,,27,35,23,28,23,11,31,33,32,33,32,38,27,32,17,19,13,15,,15,,34,37,35,42,19,,12,15,,,14,16,20,24,,20,18,25,,23,22,27,13,12,33,31,24,22,22,,,,23,,24,12,,18,16,25,35,20,23,21,35,16,30,,8,,,25,,26,15,26,16,16,13,15,12,,11,9,13,7,14,6,9,11,13,9,14,,22,6,8,9,21,26,21,3,,4,50,58,,15,16,,16,9,11,10,11,,31,14,,,19,20,,18,,24,15,16,31,17,8,,11,9,,41,44,,32,,20,28,22,,25,20,53,58,52,,29,25,42,36,51,31,7,36,37,13,20,15,36,14,24,33,34,21,22,34,17,24,42,23,44,48,63,57,72,22,11,12,9,,6,18,30,18,14,21,21,24,17,18,10,93,104,102,,42,56,110,,12,17,16,10,9,,15,21,3,,57,,34,41,34,,17,14,14,,,,16,,19,,19,23,22,,24,25,15,21,21,,19,,51,48,24,37,20,12,,29,29,29,17,12,20,,15,,,9,14,15,17,8,12,32,10,19,18,12,11,20,9,22,14,24,31,18,10,13,5,14,14,8,24,32,25,16,14,,29,,28,12,17,34,45,33,,,,,9,14,,14,14,24,16,20,15,17,8,6,11,9,12,16,9,18,,16,,7,10,33,,30,18,,28,8,12,26,24,29,,17,30,12,13,13,16,,8,4,6,8,26,17,22,7,12,,15,6,20,13,4,6,12,20,20,,12,,30,29,29,16,12,11,13,21,8,,,18,19,22,22,16,16,17,14,17,18,56,,44,32,36,41,45,44,42,33,21,,28,44,58,48,41,34,35,39,30,22,22,12,19,,43,38,,37,49,17,32,,,37,27,23,17,26,15,13,16,9,,,27,28,28,30,26,,25,17,18,19,20,17,12,,14,16,14,,,27,25,,21,22,17,,16,,28,30,,,18,14,,,12,13,14,,,18,13,5,7,5,5,5,31,20,10,19,13,28,36,52,24,26,49,36,39,21,7,22,22,,26,21,45,,48,36,6,31,40,16,19,40,31,30,43,33,,,31,9,12,9,7,15,15,15,17,10,8,8,24,8,27,16,19,,,19,10,8,6,24,20,,21,17,13,,26,21,16,,21,14,17,10,14,14,14,6,31,41,29,36,21,11,9,14,,5,9,9,10,23,26,,19,,14,,,,12,21,31,55,12,14,,15,,24,21,30,16,7,9,11,8,46,41,73,13,1,25,27,35,30,22,27,16,17,,12,10,15,15,26,18,6,8,13,13,20,11,,23,35,,17,8,11,15,28,4,10,9,8,13,17,12,20,15,17,,,24,18,5,11,10,11,4,11,7,15,,19,24,26,,30,22,34,19,,17,15,13,,14,10,14,11,8,14,15,14,16,14,22,18,11,,15,16,17,44,24,,30,47,6,14,12,14,34,42,43,34,33,36,,19,32,22,,12,16,,17,10,7,13,,18,20,28,18,29,13,15,24,9,22,21,10,12,20,8,13,6,21,46,19,28,53,39,43,23,24,12,16,24,7,19,4,3,13,10,4,6,21,16,11,20,4,7,8,60,39,21,45,21,8,8,20,22,20,28,18,14,19,13,10,11,8,11,17,14,11,12,18,19,14,11,16,9,18,,18,12,19,6,17,31,17,13,23,20,30,39,23,10,25,,,12,16,10,,31,48,50,54,51,40,,31,20,13,,,,,8,18,23,20,14,8,15,9,,2,5,6,7,6,14,12,11,10,12,12,,,,,20,22,18,19,14,21,13,,3,6,6,7,8,6,8,10,24,22,13,12,7,8,,6,12,10,11,44,112,12,8,34,,5,,,9,1,,9,37,4,,7,,5,,7,5,6,5,6,9,20,25,36,26,8,10,8,22,,14,18,11,30,18,11,,9,10,24,32,9,8,,13,9,5,16,33,,38,43,20,,11,7,13,11,9,,17,,18,17,,18,24,14,13,15,27,13,10,5,,10,8,12,9,16,2,8,2,1,,,11,8,9,7,,4,16,19,7,15,26,14,60,16,23,25,20,16,,18,45,29,27,48,37,36,,8,,27,16,18,4,14,14,4,23,28,54,16,29,40,9,,,16,19,,28,,19,25,24,26,,31,24,,,32,,46,12,18,17,33,20,32,42,15,68,31,79,28,,35,14,,37,11,26,15,6,20,15,7,8,23,15,12,7,27,20,36,23,30,15,14,15,12,17,16,5,8,4,7,10,14,18,36,91,17,14,26,17,13,11,13,23,22,39,18,27,67,16,22,,12,11,18,,8,39,21,,,30,16,17,14,22,4,13,40,14,9,21,18,39,21,14,18,15,17,,36,36,30,12,16,,9,49,10,56,,36,46,43,39,19,16,19,14,27,29,25,,22,,41,11,22,24,22,47,59,58,58,59,26,19,25,31,25,16,30,21,18,,5,22,23,12,42,16,22,31,23,72,19,17,27,12,14,14,34,25,18,14,,27,30,3,5,15,44,30,27,21,14,49,7,22,25,4,19,16,23,20,25,15,26,8,33,13,10,28,20,45,32,8,12,17,9,8,10,52,25,18,49,43,48,10,14,12,,14,17,13,17,66,75,41,39,39,29,11,,20,13,13,17,31,54,48,41,41,29,29,68,51,38,52,17,29,21,16,10,13,14,15,5,,74,8,20,28,18,8,17,4,20,7,1,11,46,31,31,13,12,19,24,32,15,45,87,31,15,15,30,19,35,17,,44,19,7,10,14,,27,7,34,11,30,17,9,,102,5,10,15,15,42,13,,15,,17,34,17,25,14,14,15,11,12,17,29,,13,12,,17,2,26,14,20,12,10,27,20,18,20,8,9,5,19,4,9,11,,25,,15,7,,30,12,6,15,28,17,40,34,,25,10,16,2,,,20,19,24,22,24,28,30,31,46,11,14,27,21,32,34,36,13,15,16,19,13,17,38,30,,18,14,38,38,25,23,66,15,19,14,19,22,7,6,5,9,30,15,17,20,29,33,16,42,18,33,19,27,26,16,32,,30,20,49,36,70,18,12,42,25,17,28,15,20,14,23,31,,54,94,7,50,57,29,,6,8,32,2,28,48,21,25,14,13,21,10,12,19,30,13,20,22,38,20,26,10,26,37,15,15,16,15,31,19,13,13,16,21,65,22,54,55,26,18,7,1,20,13
20210423,20,NO2_24h,22,12,28,21,33,25,34,21,12,24,35,30,,,21,,21,19,20,,21,,29,22,,19,16,,23,21,24,20,19,22,,,20,24,,26,24,13,16,21,,18,,26,17,21,28,30,31,,25,31,28,,26,27,29,26,13,19,13,12,26,29,,29,21,17,21,22,25,,19,20,28,26,54,,16,33,33,45,43,36,,19,22,,,24,18,16,14,11,21,25,,19,39,23,27,29,,26,20,23,9,15,10,,12,9,13,10,48,47,49,46,43,18,19,42,42,54,27,36,30,,32,32,38,35,41,30,21,43,47,57,54,60,42,,51,34,37,38,35,29,13,28,22,26,16,20,19,36,,54,52,47,44,50,43,32,41,28,32,31,23,,,,23,17,,16,27,22,,,,27,,31,52,41,29,50,46,36,49,40,,,,42,36,,15,28,21,22,18,,23,18,26,26,17,26,16,22,,19,,17,17,,50,32,,55,26,52,,45,55,54,21,56,48,56,,,40,47,43,32,28,50,23,,40,,,50,,44,41,,20,18,20,16,13,16,,32,35,26,37,31,18,22,24,19,23,20,12,17,19,24,23,28,17,10,,24,20,21,22,14,16,18,18,31,11,,19,15,7,,13,22,19,17,,24,17,21,15,13,,,22,23,15,24,23,20,44,40,34,40,45,40,38,46,23,23,27,22,35,34,31,28,,15,20,32,23,27,19,18,24,24,20,27,11,49,42,,54,60,38,72,52,61,53,35,23,34,43,37,29,59,,25,33,54,34,27,27,13,15,37,35,31,29,,13,54,41,19,21,18,15,15,21,16,20,,,47,38,38,36,37,46,45,46,39,38,22,27,14,13,16,11,12,22,30,25,11,12,25,9,10,13,,47,42,51,59,62,56,33,,,48,59,60,48,58,,30,31,43,34,,,36,,11,34,7,10,8,18,23,21,7,,17,16,37,29,30,34,7,5,9,7,13,5,39,48,40,50,50,48,46,53,,29,37,47,37,,47,13,37,41,,,,19,11,,,,20,19,20,22,9,14,14,,10,18,31,22,21,24,26,26,21,28,27,5,14,32,7,29,,28,34,24,30,22,24,22,20,19,,31,40,29,14,11,10,20,24,26,23,30,29,28,29,18,14,16,14,,11,,26,29,31,27,24,,16,20,,,14,15,20,21,,19,22,21,,23,19,17,22,10,24,19,19,15,16,,,,25,,23,13,,28,27,24,34,21,17,15,20,16,25,,14,,,25,,24,16,33,14,13,11,14,13,,13,12,15,11,15,8,11,15,15,13,22,27,31,11,12,12,29,26,20,7,,11,37,37,,14,14,,14,13,14,15,12,,30,19,,,31,25,,22,,23,19,24,31,19,12,,16,15,,27,32,,23,,28,29,28,,28,24,26,31,20,,21,16,31,23,30,13,5,23,27,16,21,13,39,15,14,19,23,21,14,26,17,22,32,22,34,37,34,28,36,23,12,14,13,,8,22,26,22,23,19,14,17,13,15,12,25,24,31,,26,26,34,,14,17,17,25,14,,23,26,3,,40,,34,39,27,37,25,20,26,,,,28,,27,,16,24,13,,39,38,26,16,20,,19,,35,31,23,27,27,23,,31,33,30,18,22,16,,21,,,8,15,14,14,8,11,24,11,22,10,10,8,11,19,25,21,28,32,27,4,6,14,32,32,31,24,38,31,31,21,,32,12,35,18,20,41,31,34,,,,,26,36,,32,16,25,22,20,19,17,12,6,14,10,13,17,12,33,,31,,13,17,38,,35,35,,48,10,21,34,32,30,29,27,32,30,36,36,37,,13,12,19,15,19,12,21,5,9,,15,6,7,10,5,11,16,19,19,,15,,18,23,23,19,17,8,8,15,10,,,14,18,14,15,18,18,15,14,11,11,43,,46,44,34,46,38,43,42,48,48,,19,30,46,44,40,36,38,32,21,20,23,21,24,,38,28,,32,35,14,34,,,24,20,19,16,22,21,13,20,15,,,28,17,18,18,18,,17,41,38,36,40,44,18,,23,26,10,,,16,16,,28,33,50,,39,,15,17,,,17,12,,,9,13,8,,,12,12,11,15,6,7,7,30,17,9,18,19,19,30,33,22,24,25,22,21,16,9,16,17,,18,21,28,,28,30,23,28,14,11,8,25,13,12,14,31,,,25,21,25,38,20,20,22,21,15,22,17,9,44,26,38,36,22,,,24,9,12,8,15,18,,9,17,31,,23,35,17,,18,13,15,13,22,8,11,8,28,22,24,36,30,16,8,11,,4,11,9,16,14,16,,14,,19,,,,9,16,19,18,15,14,,14,,19,18,25,23,14,23,12,12,26,25,30,10,2,14,12,14,18,24,25,23,12,,12,7,13,14,19,16,6,15,20,22,17,13,16,22,25,,12,9,13,12,13,5,14,11,11,11,10,10,10,8,14,,,17,15,6,7,9,9,5,19,18,22,,24,39,36,,32,25,27,23,,24,24,25,,28,19,21,16,16,15,15,16,15,15,26,23,22,,15,16,15,38,33,,37,34,7,14,13,17,19,25,22,22,28,25,,33,31,29,,11,16,,12,7,13,13,,18,14,21,16,29,14,11,17,7,13,12,9,11,13,9,14,5,18,22,15,22,16,17,13,11,11,10,8,12,8,14,4,3,13,7,4,5,11,12,11,12,3,10,9,31,35,30,30,24,9,16,17,17,23,24,19,26,27,10,10,12,10,13,23,22,12,14,23,17,14,11,15,24,33,,30,20,19,10,20,25,23,18,23,18,24,26,21,27,34,,,12,21,16,,34,43,41,41,51,51,,32,16,20,,,,,11,23,26,28,23,14,9,35,,31,6,9,8,10,13,7,10,8,7,10,,,,,7,12,17,19,10,14,21,,3,9,10,16,17,5,8,9,24,36,12,16,21,21,,7,9,10,10,32,41,12,9,36,,11,,,10,6,,6,23,5,,6,,6,,7,6,6,7,8,18,37,44,37,29,7,9,11,19,,21,22,10,24,16,19,,12,12,29,34,7,7,,13,12,10,14,24,,29,36,21,,14,8,16,18,9,,15,,15,17,,15,19,13,15,13,17,9,6,4,,10,4,9,14,19,5,9,5,4,,,18,11,13,7,,9,14,20,6,23,22,16,57,21,18,17,22,22,,49,33,16,30,51,46,32,,12,,27,18,31,11,40,32,17,18,15,26,17,30,34,5,,,24,23,46,17,,21,20,18,15,,17,25,,,40,38,38,18,19,17,34,29,29,40,27,62,28,40,27,,24,19,,49,11,20,18,4,18,13,13,8,17,16,12,10,17,19,33,20,16,12,11,9,28,23,14,5,7,4,5,9,26,26,13,75,30,26,34,24,20,20,20,31,34,37,15,33,28,35,22,,23,5,24,,8,31,29,,,39,16,21,15,21,4,22,27,24,14,33,21,16,27,11,26,24,17,,26,40,26,17,26,,17,57,26,53,26,38,45,46,48,32,23,21,30,15,14,19,,24,,22,17,25,20,26,40,63,57,55,47,46,38,24,47,38,16,22,25,51,,13,27,46,17,21,20,22,23,18,28,15,13,17,13,14,14,32,22,29,27,,37,34,16,12,26,28,29,26,20,15,30,14,24,41,10,44,25,36,27,36,19,23,16,25,15,16,22,24,26,24,19,19,27,30,11,21,53,13,19,25,25,13,8,7,14,,16,18,26,18,47,37,51,42,40,26,13,,22,14,10,30,13,28,28,21,41,17,21,37,35,35,42,32,27,25,24,9,16,17,19,6,,39,12,17,47,38,10,23,10,13,26,6,16,37,44,16,19,19,15,24,18,17,23,35,17,12,14,24,41,32,29,,29,15,18,23,17,9,26,12,31,29,23,25,32,24,46,25,23,17,18,25,17,,15,,20,23,9,20,15,24,20,14,12,22,20,,15,10,,27,16,14,17,21,22,15,14,12,18,17,9,12,4,15,4,9,9,,41,,20,15,,19,17,12,24,24,24,39,27,,27,18,15,18,,,34,32,23,24,38,16,23,33,26,22,28,33,30,40,39,34,32,26,22,29,30,29,21,33,,23,21,23,40,31,26,35,31,29,33,35,27,5,7,5,12,32,30,44,33,16,18,18,39,15,31,39,46,26,17,38,,29,17,37,36,34,20,34,30,22,16,24,17,26,13,18,47,38,27,21,11,55,56,33,,8,6,41,2,13,33,24,12,21,21,29,12,29,29,24,15,20,33,34,23,34,15,13,19,22,11,29,22,25,27,11,14,28,15,36,13,34,48,25,25,5,4,26,15
20210423,20,O3,99,97,101,99,95,95,99,101,98,99,95,92,,,81,,88,86,91,,74,,70,104,,88,81,,100,85,92,82,97,99,,,88,89,,88,73,100,56,57,,72,,89,92,92,102,94,104,,103,90,118,,112,121,116,83,94,88,98,65,113,101,,106,104,96,103,106,103,,88,86,82,84,130,,124,132,136,137,135,128,,115,119,,,107,115,103,112,82,26,17,,50,15,34,25,31,,60,103,99,130,112,131,,111,95,102,114,38,28,29,26,49,33,51,37,23,27,92,68,,,57,70,75,70,55,59,100,67,48,46,50,55,52,,60,43,58,47,54,84,72,79,64,47,88,87,78,34,,38,30,37,29,46,25,90,81,91,77,86,50,,,,65,75,,69,64,52,,,,101,,56,66,60,59,54,50,70,73,68,,,,76,64,,85,89,84,64,67,,65,79,80,73,78,74,93,106,,107,,71,66,,100,66,,102,40,109,,99,103,78,36,7,78,14,,,59,62,69,84,69,78,80,,84,,,82,,115,101,,92,113,97,67,69,73,,105,95,102,94,86,106,102,89,116,105,109,116,106,111,102,59,89,113,129,,100,109,101,118,96,83,75,105,99,100,,114,,76,,119,96,104,102,,94,108,95,105,101,,,32,40,56,45,37,80,89,94,91,96,78,84,93,92,90,61,76,66,55,47,65,72,,75,94,71,83,68,88,92,97,84,87,78,113,201,205,,118,107,139,194,213,131,176,190,89,110,65,34,47,157,,81,95,55,113,54,70,79,77,156,165,168,112,,126,82,92,116,108,110,110,84,64,64,68,,,118,122,127,133,116,142,103,105,85,115,107,116,56,53,58,61,60,50,41,47,62,34,53,51,44,83,,50,41,19,4,6,8,29,,,53,23,18,25,23,,86,92,104,86,,,93,,103,86,104,108,99,80,82,105,105,,143,141,134,122,128,124,141,148,137,126,125,152,70,58,62,56,43,55,70,50,,69,69,52,67,,56,87,56,50,,,,117,108,,,,97,92,75,66,87,76,77,,,99,,99,98,86,89,119,83,62,96,111,41,87,94,128,,124,118,132,124,135,143,132,145,129,,56,62,69,73,64,78,69,60,62,45,73,62,74,68,103,98,105,94,,67,,49,49,52,34,105,,104,98,,,104,92,90,73,,75,91,69,,80,62,64,82,64,92,92,100,104,107,,,,83,,83,62,,66,77,68,53,59,59,57,84,109,93,,105,,,84,,77,66,86,105,109,101,110,93,,53,52,52,58,48,60,51,62,45,42,108,88,103,141,126,138,124,124,132,79,,71,181,148,,106,106,,78,87,85,88,74,,72,142,,,71,68,,104,,112,111,123,101,119,130,,129,135,,73,66,,80,,129,124,124,,125,136,61,57,72,,33,52,38,52,38,48,19,51,54,81,67,78,54,74,55,51,56,62,43,61,78,64,54,70,44,32,21,23,16,43,62,61,66,,60,95,76,94,80,90,94,95,101,79,76,13,10,10,,65,64,10,,91,103,102,95,103,,107,91,103,,50,,67,62,63,42,89,100,98,,,,93,,92,,80,79,,,92,84,95,91,91,,91,,7,8,24,26,76,73,,92,100,88,116,125,107,,87,,,109,62,57,49,89,73,59,82,58,44,73,62,54,113,89,88,81,84,97,52,47,53,47,55,53,101,94,90,112,101,,99,126,103,119,53,70,37,71,,,,,55,54,,51,23,38,23,37,40,37,62,66,57,66,60,143,155,78,,81,,101,92,68,,64,94,,82,92,96,67,76,66,,78,60,89,92,93,88,,85,85,82,112,108,104,102,84,93,,87,91,93,98,114,79,74,97,97,,88,,46,59,59,82,86,93,82,69,90,,,87,95,50,51,95,88,114,110,114,102,59,,56,70,51,45,45,51,48,56,73,,80,58,50,64,68,98,89,82,89,93,90,98,98,,64,49,,83,73,56,70,,,87,85,76,90,78,84,87,86,92,,,83,75,79,71,74,,64,122,108,101,128,123,136,,128,133,113,,,92,65,,117,113,129,,129,,98,104,,,86,71,,,137,148,120,,,53,55,77,75,134,125,136,76,75,96,93,91,47,42,29,37,48,30,29,28,65,72,68,56,,62,63,51,,45,66,101,74,56,89,72,73,56,73,38,88,,,82,77,71,71,77,69,80,77,87,65,62,74,61,72,73,76,75,,,85,61,65,66,72,87,,60,94,110,,100,106,117,,101,100,105,106,106,60,75,64,72,73,76,71,83,92,106,90,,119,92,86,64,107,105,,97,,100,,,,119,115,108,81,74,73,,91,,79,76,71,100,109,115,125,86,32,48,7,68,94,55,44,41,100,120,127,119,107,,130,52,61,80,59,68,72,130,118,118,99,124,107,,113,,74,90,96,86,62,109,97,98,96,96,124,121,120,118,122,,,112,120,93,101,98,96,105,119,112,124,,101,101,100,,88,95,82,75,,81,74,90,,96,101,102,93,100,101,101,100,93,104,59,68,72,,102,103,102,58,60,,79,63,86,90,98,88,49,47,45,47,75,56,,71,62,64,,71,71,,76,86,115,109,,84,91,88,16,22,98,104,93,102,100,81,72,71,60,70,72,91,72,68,70,72,29,38,43,57,56,88,76,66,85,73,,,76,77,87,39,51,74,73,,12,88,82,28,48,79,33,33,49,52,48,55,61,68,74,83,70,86,91,83,104,106,90,88,72,73,84,88,91,67,64,44,44,,49,53,42,49,45,75,88,83,85,120,119,92,115,146,124,,,43,38,38,,36,21,26,44,36,28,,92,45,61,,,,,98,106,98,94,106,116,92,123,,102,118,130,112,123,122,117,97,112,99,131,,,,,27,16,138,136,126,113,109,,91,133,131,128,129,113,107,110,141,148,122,133,134,129,,146,132,147,129,98,28,101,113,112,,120,,,104,142,,125,128,122,,142,,110,,103,103,63,64,66,61,124,113,105,110,87,90,93,91,,67,70,60,58,67,69,,83,78,67,58,85,87,,86,75,77,60,49,,54,58,106,,109,89,116,147,104,,102,,102,89,,86,65,84,78,85,85,77,80,92,,92,83,78,111,109,102,88,98,103,,,94,92,86,82,,61,78,76,83,108,68,131,143,110,105,92,88,133,,128,38,91,83,61,107,112,,94,,74,97,93,108,138,142,89,36,84,31,62,35,137,50,,,108,79,,86,,95,88,88,68,,63,73,,,59,,63,106,70,80,79,101,55,73,71,18,52,20,85,,84,76,,193,110,90,84,84,106,56,114,145,82,136,108,126,90,93,76,117,63,61,71,56,101,109,70,104,110,114,103,138,100,128,84,3,92,98,127,90,89,93,97,82,121,82,122,69,46,86,84,,70,93,81,,104,6,25,,,54,91,100,99,71,106,82,83,98,72,93,110,78,128,132,83,77,83,,50,50,52,81,78,,81,47,71,36,56,41,47,57,50,59,103,105,130,100,94,84,,71,,46,97,102,76,71,196,182,128,110,78,116,114,109,112,136,55,56,77,112,,76,181,127,89,75,100,94,92,92,37,103,64,114,77,90,95,78,80,92,84,,68,75,60,65,66,61,17,42,34,62,75,70,64,72,72,41,31,87,107,104,93,119,98,64,64,108,104,70,37,51,113,111,65,143,143,143,41,78,75,18,34,48,113,57,61,,75,51,80,94,70,46,117,82,60,150,104,,84,101,94,129,104,81,85,71,52,68,84,32,62,93,34,98,71,74,102,91,84,80,79,81,,104,103,124,132,126,72,70,59,121,137,70,113,147,94,82,81,105,93,77,86,95,88,6,71,101,93,90,90,66,108,,64,75,106,99,56,73,6,70,41,56,50,100,80,,8,54,50,99,101,40,103,,59,,80,57,103,45,108,99,96,94,98,118,97,,85,112,,79,129,62,77,103,88,74,72,78,80,84,64,146,77,42,50,77,65,,57,,58,78,,10,128,138,136,98,93,110,89,,104,122,110,108,,,119,124,63,86,111,86,,98,77,87,101,100,86,84,71,75,98,106,99,88,82,102,60,80,,107,81,74,18,57,36,28,78,68,84,79,66,85,90,90,96,20,46,133,118,77,95,97,31,93,90,136,138,73,97,97,,82,88,46,60,52,85,52,38,58,78,67,106,66,102,86,,,3,20,115,99,86,100,,59,74,73,105,71,45,89,78,91,107,94,108,105,116,115,68,103,121,52,103,78,121,88,82,101,99,92,89,107,118,86,98,105,86,46,83,53,55,73,112,130,123,102,101
20210423,20,O3_24h,107,127,107,102,103,101,113,106,114,129,103,110,,,95,,99,100,104,,100,,90,105,,105,85,,150,141,142,140,144,148,,,111,109,,113,101,114,106,114,,111,,136,135,135,125,112,131,,122,117,147,,142,152,143,102,110,111,113,111,124,118,,117,108,104,107,112,108,,139,135,135,134,142,,136,138,143,147,144,140,,140,142,,,132,140,128,139,104,101,91,,83,92,98,89,91,,99,120,122,139,121,135,,126,128,131,139,77,83,83,93,97,100,115,94,88,77,129,122,119,,128,125,127,117,112,135,144,118,91,93,84,90,101,,100,87,96,80,149,144,152,147,134,133,168,150,155,93,,93,82,89,94,103,105,90,81,91,88,86,61,,,,107,119,,114,118,110,,,,123,,123,100,105,124,117,123,117,125,129,,,,138,128,,109,109,117,100,104,,98,122,126,123,108,125,93,106,,107,,132,123,,126,125,,148,111,127,,122,152,123,109,54,100,68,,,84,75,84,114,117,124,106,,125,,,141,,118,122,,104,148,151,81,93,76,,158,150,158,152,162,138,135,134,136,116,130,143,129,142,135,123,137,134,130,,107,110,114,119,197,141,131,123,114,126,,122,117,120,,139,96,106,102,,99,108,96,105,119,,,97,90,99,106,89,87,118,120,118,121,114,116,122,116,118,127,104,100,123,93,103,104,,109,121,149,143,150,151,165,134,152,169,142,121,254,258,,254,246,279,266,253,253,228,271,154,187,110,154,165,223,,156,139,162,220,123,138,160,145,215,211,238,230,,174,189,215,204,193,199,202,198,163,155,176,,,264,288,267,218,195,268,235,206,138,159,162,168,102,105,112,103,100,97,80,87,88,83,109,121,99,110,,52,58,77,62,70,80,77,,,74,66,63,59,90,,220,210,210,189,,,225,,123,106,124,129,120,97,118,123,125,,166,149,151,145,138,138,141,148,137,126,143,152,73,59,71,60,47,56,72,59,,74,69,60,67,,125,102,69,76,,,,127,118,,,,116,108,90,75,93,88,86,,96,156,84,160,160,144,136,138,116,130,142,124,100,165,100,146,,145,143,150,149,159,151,157,162,143,,99,97,105,126,129,122,120,95,98,96,105,94,98,106,158,140,128,148,,84,,103,108,102,100,134,,107,98,,,118,104,100,78,,90,91,70,,114,126,119,104,100,115,117,112,126,121,,,,83,,83,78,,80,93,93,90,86,88,87,125,127,123,,105,,,200,,200,158,196,118,124,119,123,114,,88,72,78,76,94,78,66,145,143,116,114,141,129,170,147,169,140,140,139,114,,116,304,278,,160,163,,189,183,181,161,120,,115,150,,,104,106,,137,,141,135,147,130,123,146,,129,136,,125,119,,125,,154,145,147,,150,157,109,105,116,,112,85,108,112,92,111,97,90,92,101,93,99,86,136,112,121,127,131,132,87,97,88,90,90,88,86,100,83,90,96,134,123,130,,127,158,145,155,136,164,121,144,158,131,146,102,101,98,,115,119,126,,142,119,119,107,113,,124,105,107,,104,,99,102,124,84,131,136,133,,,,114,,112,,118,101,98,,115,109,113,134,138,,136,,48,66,63,78,113,118,,131,128,140,126,166,139,,103,,,113,65,57,70,111,104,128,146,111,90,99,89,91,120,114,102,109,117,113,58,60,194,98,100,92,170,164,151,169,171,,141,147,141,145,102,104,117,101,,,,,117,121,,125,76,75,68,77,87,73,97,103,94,106,82,172,179,79,,83,,105,96,89,,124,123,,126,92,96,75,76,132,62,78,67,93,99,99,89,,137,141,85,133,130,138,132,88,99,,88,95,102,100,114,79,74,97,97,,92,,97,100,100,87,86,110,102,84,90,,,95,102,77,74,123,109,124,125,137,131,150,,116,145,139,77,87,91,82,70,120,,138,113,108,107,115,128,122,119,131,108,104,99,98,,86,82,,142,122,81,96,,,114,110,103,106,103,125,128,122,130,,,154,122,126,116,115,,113,163,153,144,162,161,142,,137,141,134,,,129,126,,144,141,131,,139,,140,141,,,123,84,,,158,167,140,,,106,107,101,122,134,127,137,125,91,105,115,105,97,106,101,100,101,100,98,105,94,97,94,87,,97,98,107,,124,122,145,134,96,116,106,96,120,123,127,129,,,111,162,154,144,153,175,161,168,135,120,128,109,106,133,118,111,179,,,117,94,96,87,105,109,,86,124,135,,133,139,137,,137,133,138,135,141,103,122,105,98,116,112,76,95,101,117,103,,119,113,106,79,149,142,,138,,135,,,,139,141,148,133,129,131,,104,,108,120,109,134,137,118,134,128,117,124,124,123,97,121,112,115,126,124,127,127,112,,130,89,84,98,88,91,128,146,135,133,120,158,138,138,142,,114,118,117,119,112,109,107,124,116,116,132,121,132,132,143,,,143,144,115,118,113,111,118,133,119,145,,127,128,127,,103,102,108,120,,121,116,124,,137,127,124,117,126,110,112,105,110,114,105,114,115,,116,121,119,99,86,,94,96,90,90,98,89,77,81,79,78,111,98,,78,77,77,,101,102,,113,112,119,126,,101,113,107,58,48,129,128,122,127,129,132,95,113,104,101,103,107,89,100,93,94,114,116,114,118,116,115,104,99,101,97,94,97,86,94,99,90,65,82,82,91,51,88,88,132,118,126,130,62,68,65,86,105,79,123,120,125,121,113,109,100,114,114,120,119,92,97,99,119,116,113,113,54,50,,49,96,104,108,107,129,131,132,134,145,156,148,145,162,163,,,103,88,84,,83,61,55,67,50,34,,133,68,103,,,,,122,133,129,125,136,132,139,134,,107,126,151,132,142,149,145,118,138,111,169,,,,,66,64,172,180,156,150,112,,106,145,142,147,144,140,135,138,160,170,129,150,140,138,,151,149,152,133,190,198,124,146,180,,138,,,127,145,,130,137,129,,142,,118,,118,112,76,72,77,62,142,125,132,127,87,90,93,154,,72,83,78,85,93,137,,121,114,69,66,108,113,,86,75,92,94,111,,81,103,120,,128,130,120,147,116,,129,,127,93,,98,89,104,93,93,101,86,87,92,,97,84,80,111,111,109,103,102,108,,,99,96,90,88,,67,82,77,92,133,163,131,234,113,110,103,143,141,,139,86,137,119,80,124,153,,129,,74,97,214,110,145,151,94,85,133,96,97,93,167,93,,,121,170,123,98,,110,109,124,121,,129,105,,,72,128,118,106,112,119,80,102,67,135,75,68,92,92,123,,99,111,,249,170,159,167,92,156,106,114,152,136,168,128,146,106,109,113,132,99,77,87,76,112,114,110,137,144,145,133,141,113,155,119,61,130,175,166,106,109,113,135,112,157,106,148,103,110,89,107,,110,106,81,,127,42,36,,,88,132,108,118,122,113,115,112,98,146,121,131,140,141,132,112,171,95,,100,85,93,110,112,,94,89,81,114,104,70,113,112,88,85,136,133,150,143,135,118,,114,,142,98,102,128,98,280,333,205,248,206,223,231,185,194,165,114,163,137,248,,120,202,266,218,136,102,107,104,102,101,128,111,136,135,102,99,107,122,136,125,,106,95,106,130,119,114,36,64,91,74,133,107,108,86,76,42,69,207,213,201,162,166,111,76,121,108,130,70,105,110,115,113,100,158,166,165,97,121,118,118,79,115,134,90,109,,123,80,123,113,115,124,136,112,100,150,121,,84,111,114,144,144,144,136,129,122,136,120,118,122,127,102,98,76,109,105,97,93,85,88,88,,278,142,133,265,202,134,150,82,186,153,111,190,277,162,103,123,111,114,103,102,130,137,97,109,138,132,118,122,110,129,,103,114,129,125,114,138,7,70,99,64,100,179,143,170,121,107,103,100,102,111,103,,83,,80,88,132,72,113,99,96,108,114,126,125,,104,136,,81,131,179,162,143,173,125,112,97,111,117,112,177,105,95,58,83,85,,85,,125,81,,36,148,141,151,109,106,122,117,,106,140,132,124,,,134,157,118,148,162,104,109,117,113,132,146,124,116,108,106,113,109,118,116,102,116,125,111,116,,131,135,133,42,89,56,102,82,74,86,85,106,90,92,103,105,44,49,133,145,128,141,174,137,160,220,250,321,117,121,121,,110,125,103,96,134,144,124,99,72,92,79,106,100,132,100,99,121,66,115,130,124,138,147,,111,88,79,111,134,127,130,134,114,122,103,124,108,138,190,84,103,142,124,124,99,134,112,107,132,118,104,111,139,146,139,138,138,120,116,119,118,99,94,134,146,128,160,101
20210423,20,O3_8h,104,114,105,99,99,99,107,101,107,116,100,102,,,87,,94,94,98,,92,,77,102,,98,81,,130,124,125,118,130,133,,,104,104,,106,94,104,90,98,,98,,121,120,121,114,103,119,,113,105,135,,129,137,131,96,102,102,110,101,114,110,,110,101,97,100,102,98,,124,122,121,120,136,,127,133,138,140,138,134,,130,134,,,123,133,120,131,92,74,57,,64,49,69,58,66,,76,112,104,134,112,130,,119,112,117,119,65,53,64,56,70,81,95,69,58,44,118,104,110,,107,108,110,105,98,111,130,101,72,72,67,72,80,,81,68,77,66,112,123,124,122,110,104,144,130,124,68,,66,56,69,69,77,73,73,68,73,72,70,55,,,,93,102,,98,99,88,,,,117,,98,84,86,100,88,91,101,104,110,,,,118,102,,94,96,104,89,91,,86,105,104,101,92,102,86,91,,93,,104,98,,98,93,,117,85,98,,98,126,91,83,34,81,48,,,68,67,73,103,99,87,95,,102,,,109,,105,100,,93,116,112,68,75,68,,130,125,125,122,125,116,112,112,123,110,122,132,120,130,123,102,119,122,121,,98,104,103,114,151,112,101,113,106,114,,116,112,100,,127,75,86,82,,80,85,81,83,83,,,46,45,59,42,50,49,108,110,109,110,101,105,109,105,106,99,93,91,91,78,88,90,,99,107,110,112,116,116,124,114,118,125,110,109,223,223,,223,206,239,237,223,217,200,239,127,153,89,108,136,164,,134,123,129,176,92,111,130,120,178,176,198,188,,149,150,177,168,158,170,178,154,134,118,141,,,200,214,204,181,160,205,161,139,111,135,134,141,85,84,87,85,85,79,65,71,74,56,83,85,70,85,,42,46,47,42,38,58,59,,,48,52,40,44,63,,159,156,163,141,,,162,,116,100,119,122,114,80,108,116,118,,154,147,146,137,135,133,129,134,124,115,128,136,63,47,62,48,40,44,58,47,,60,58,49,51,,81,96,61,66,,,,118,111,,,,107,98,83,71,89,82,80,,93,125,,131,131,116,113,124,104,104,118,117,85,125,91,140,,138,134,144,142,149,145,146,154,137,,75,78,82,92,87,86,84,84,78,73,91,85,89,95,118,111,114,109,,64,,81,80,77,75,102,,95,79,,,107,96,91,67,,62,69,65,,96,99,99,97,84,102,103,102,114,112,,,,60,,62,62,,59,76,73,68,74,77,77,90,117,106,,87,,,153,,149,124,158,104,107,93,108,90,,69,63,67,64,69,67,56,99,93,81,105,108,111,158,139,158,119,124,127,91,,89,241,217,,125,127,,120,126,124,101,101,,100,147,,,92,92,,129,,133,129,140,120,111,120,,120,123,,113,102,,106,,138,135,134,,138,142,90,78,100,,58,63,61,62,54,59,50,72,74,88,75,93,65,84,76,79,70,78,69,76,90,76,74,82,58,54,56,59,52,70,80,77,76,,78,129,111,126,111,132,113,129,145,117,128,78,77,74,,94,103,86,,114,110,112,102,106,,114,62,94,,72,,81,79,84,67,117,121,118,,,,106,,103,,90,91,83,,104,98,104,97,98,,96,,35,35,45,53,101,106,,116,116,118,120,151,127,,89,,,110,62,55,61,87,86,103,120,95,74,88,77,74,113,105,94,100,107,104,54,53,74,71,76,58,137,133,126,136,138,,118,137,129,136,83,90,84,88,,,,,97,99,,98,25,45,26,43,42,35,82,86,78,95,74,161,166,70,,73,,97,90,74,,106,108,,111,65,69,46,50,46,37,51,39,82,85,86,79,,87,89,79,126,119,126,118,85,96,,82,90,93,92,107,62,58,80,80,,59,,63,63,63,77,70,87,79,74,75,,,61,70,60,60,106,96,112,113,118,111,98,,84,109,104,61,66,74,66,59,91,,111,90,88,92,96,112,107,100,118,103,96,97,92,,62,63,,114,102,68,80,,,107,101,92,98,95,102,114,110,115,,,120,93,95,89,88,,86,148,136,116,149,147,137,,132,136,117,,,104,89,,133,124,129,,132,,114,127,,,96,80,,,144,155,135,,,84,86,93,95,130,124,136,97,82,98,94,92,74,57,59,58,80,61,65,68,85,84,82,79,,82,84,86,,86,100,114,105,86,107,92,90,102,106,102,108,,,99,109,101,100,104,107,96,106,105,76,75,78,74,95,87,83,92,,,101,64,64,63,90,95,,79,113,121,,123,126,130,,122,120,128,123,127,90,108,92,89,100,99,70,84,92,107,95,,105,106,98,74,136,129,,123,,122,,,,132,132,136,119,110,105,,95,,94,103,94,109,113,111,124,104,93,100,90,105,93,97,92,92,114,115,119,117,106,,113,80,72,85,74,78,108,136,127,125,111,138,122,128,134,,101,105,108,106,95,105,100,108,103,103,128,118,126,126,133,,,132,134,105,108,103,102,108,118,115,130,,116,116,115,,90,97,95,101,,105,99,112,,122,118,117,108,117,98,100,99,95,101,88,95,96,,110,112,112,76,60,,81,70,83,78,85,74,64,63,63,57,94,80,,66,63,67,,89,90,,98,99,111,113,,86,98,94,22,23,110,115,108,112,115,112,86,94,86,89,88,101,84,93,88,88,82,90,88,90,88,97,94,84,94,86,84,90,79,85,91,76,61,80,76,89,39,81,78,107,96,105,104,48,60,58,71,85,72,101,107,110,105,102,102,95,108,109,107,108,88,91,94,105,103,98,99,28,43,,42,76,75,80,72,100,111,112,112,138,144,132,134,156,149,,,40,45,42,,40,26,25,43,17,27,,109,55,76,,,,,114,122,111,113,124,123,121,126,,103,123,142,123,134,138,136,112,124,103,149,,,,,50,36,159,163,145,136,107,,97,134,133,143,140,119,114,116,153,163,124,130,137,135,,146,140,145,130,153,157,111,122,148,,126,,,110,137,,125,131,121,,128,,113,,108,107,67,64,64,60,130,118,120,115,80,84,84,118,,69,76,58,66,69,87,,86,78,63,59,89,90,,82,71,83,79,68,,70,82,111,,118,108,108,136,107,,113,,116,84,,90,70,79,72,87,94,82,84,86,,94,80,76,107,107,99,91,96,99,,,95,94,88,78,,62,79,73,88,125,117,123,197,110,104,98,126,136,,130,60,124,102,71,114,129,,117,,56,81,158,105,142,148,88,50,113,62,80,37,142,55,,,113,113,103,94,,101,101,111,103,,99,95,,,64,114,103,88,97,103,67,80,53,116,62,48,74,64,106,,92,99,,221,131,137,129,84,129,82,95,145,93,127,118,111,98,101,101,124,87,58,83,54,106,100,92,126,134,135,124,126,107,142,108,36,115,144,153,92,93,105,118,100,145,83,136,92,84,78,96,,94,97,55,,110,28,18,,,71,116,98,110,92,109,101,102,79,91,111,119,118,136,120,102,129,88,,85,71,78,99,97,,80,66,73,86,71,59,87,88,72,68,123,125,143,122,127,104,,94,,90,86,91,113,89,227,266,178,198,168,181,172,150,153,149,84,124,112,167,,92,182,200,132,124,96,100,98,98,88,118,96,127,116,96,94,90,89,120,108,,92,86,60,76,70,97,26,51,41,67,104,72,86,81,71,35,36,152,158,167,136,146,74,67,97,97,119,54,79,86,105,103,85,148,157,154,71,104,97,61,62,96,121,78,90,,104,64,108,105,89,93,113,101,84,135,109,,64,106,105,138,133,115,116,110,73,116,106,86,101,111,69,82,69,97,100,92,89,81,83,85,,221,105,105,214,162,103,115,62,155,133,88,163,219,134,96,108,100,105,89,98,115,122,75,96,127,117,105,109,98,120,,88,84,121,115,75,122,6,67,74,59,82,149,124,155,86,78,78,92,86,86,97,,63,,70,66,119,62,103,82,79,98,102,119,113,,80,129,,73,111,120,120,117,130,106,100,92,102,104,95,160,93,66,51,79,76,,71,,82,68,,16,138,138,146,96,91,104,102,,100,134,125,119,,,120,147,102,124,138,96,105,107,102,118,123,113,104,98,94,100,105,114,109,96,104,113,94,91,,120,120,100,32,78,46,57,78,64,73,79,81,86,91,96,98,36,41,130,120,93,115,145,107,106,160,184,227,99,112,108,,99,109,70,74,104,126,99,42,37,72,67,95,90,113,93,87,110,44,83,118,99,109,119,,78,84,72,101,95,103,116,100,102,116,97,116,105,131,153,67,86,134,87,118,87,123,103,100,118,110,100,102,129,136,114,122,122,90,90,95,91,73,81,123,131,123,132,86
20210423,20,O3_8h_24h,104,115,105,99,99,99,107,101,108,116,100,102,,,87,,94,94,98,,93,,81,102,,101,81,,132,128,128,122,132,135,,,106,105,,108,96,104,106,108,,104,,122,121,122,116,104,121,,114,107,135,,129,137,131,98,104,107,111,107,114,110,,110,101,97,100,102,98,,127,125,125,122,136,,127,133,138,140,138,134,,134,136,,,126,135,122,133,98,90,68,,70,63,84,70,90,,80,113,118,135,117,130,,122,121,121,120,65,70,73,76,84,87,104,76,81,52,123,111,110,,118,118,125,114,105,124,135,108,74,74,68,72,88,,81,70,82,69,113,123,126,123,110,106,146,130,124,74,,76,60,75,75,84,85,73,68,73,72,70,55,,,,95,104,,102,104,93,,,,118,,102,84,88,105,90,96,106,106,118,,,,123,114,,95,96,105,96,97,,93,110,109,108,95,108,86,91,,93,,115,108,,98,93,,117,85,98,,98,126,91,83,43,81,52,,,72,67,73,103,100,87,95,,102,,,110,,105,100,,93,116,113,68,75,68,,130,125,125,122,125,116,112,112,123,110,122,132,120,130,123,104,120,122,121,,98,104,105,114,158,120,104,113,106,114,,116,112,102,,127,90,96,91,,90,97,95,83,107,,,80,75,97,94,82,68,110,112,110,112,104,108,111,106,107,102,93,93,93,83,88,90,,100,107,110,112,117,116,124,114,118,125,110,109,223,223,,224,211,244,237,223,222,200,239,128,155,90,118,144,172,,136,124,134,185,96,114,135,125,178,176,198,193,,149,150,178,171,160,175,186,164,144,124,156,,,207,219,214,193,173,222,189,159,112,135,134,142,87,87,90,87,87,82,69,77,77,63,89,94,79,87,,42,53,61,53,44,67,64,,,60,58,42,47,69,,162,158,163,144,,,164,,116,102,119,124,115,97,113,117,119,,155,148,147,139,135,135,129,134,124,115,128,136,63,47,62,48,40,44,58,47,,60,58,49,51,,92,97,61,66,,,,118,111,,,,108,99,83,71,89,82,80,,93,125,71,131,131,116,113,124,107,104,118,118,92,125,91,140,,140,134,144,143,149,145,146,154,137,,85,82,88,101,98,95,103,91,90,80,93,88,91,99,128,120,119,118,,78,,81,82,78,82,102,,95,79,,,107,96,91,78,,77,78,70,,97,104,102,100,90,104,106,104,114,112,,,,63,,69,69,,65,83,82,76,77,81,81,120,119,113,,87,,,157,,154,130,164,108,110,101,111,96,,74,66,72,72,75,72,60,108,105,90,105,112,112,158,139,158,123,124,128,94,,92,251,223,,135,134,,140,145,144,119,104,,101,147,,,96,96,,133,,136,131,143,123,111,120,,120,123,,118,110,,112,,138,135,134,,138,142,101,100,102,,73,76,68,98,86,89,70,77,79,90,77,95,65,111,102,98,98,86,85,79,91,78,77,82,77,74,84,76,77,81,108,95,100,,101,138,129,137,120,146,117,136,151,123,136,89,88,87,,97,108,100,,114,110,112,102,106,,114,62,103,,78,,85,82,88,75,118,121,118,,,,108,,104,,90,92,88,,108,99,104,108,108,,106,,40,47,46,58,104,110,,118,116,120,120,152,127,,91,,,110,62,55,62,108,86,103,120,101,78,89,79,79,113,105,94,100,107,104,55,55,96,78,80,63,140,136,130,138,140,,127,142,135,140,85,90,90,89,,,,,106,103,,107,71,75,68,76,87,68,84,87,80,99,75,164,168,70,,73,,97,90,74,,109,108,,112,65,69,46,50,46,37,51,39,82,85,86,79,,121,111,79,126,120,129,123,86,96,,82,90,99,92,107,62,58,91,91,,89,,72,79,79,77,70,106,98,78,82,,,90,95,77,72,112,102,118,121,134,128,102,,87,116,115,64,72,80,69,61,96,,112,93,95,97,100,112,108,101,120,103,96,97,92,,62,63,,114,103,68,80,,,107,107,98,102,100,116,120,114,120,,,129,119,119,111,101,,102,149,139,121,150,148,137,,132,136,122,,,115,122,,133,124,129,,132,,124,134,,,107,82,,,144,155,137,,,93,94,94,95,133,127,137,99,83,98,112,92,82,78,68,62,92,76,76,84,88,88,90,82,,92,94,89,,107,101,125,119,90,109,95,92,111,113,117,119,,,108,142,128,119,118,124,113,121,122,112,119,91,94,107,102,96,107,,,110,84,71,81,92,96,,84,118,125,,127,130,131,,127,126,134,128,132,96,115,98,89,100,99,70,84,92,107,95,,105,109,99,75,139,131,,128,,125,,,,132,133,138,126,119,118,,95,,94,103,96,112,114,111,124,108,109,114,111,114,93,107,104,104,115,115,119,117,106,,113,82,74,86,76,80,109,136,127,125,111,138,122,128,137,,103,109,109,109,98,105,100,109,103,104,128,118,126,126,133,,,133,134,107,108,103,102,108,118,115,130,,116,116,116,,91,97,96,103,,108,102,116,,127,122,121,113,122,101,104,100,99,105,97,104,105,,113,116,116,76,60,,81,70,87,81,85,82,70,70,67,63,94,80,,66,76,68,,90,92,,98,99,111,113,,87,99,96,40,25,110,115,108,112,115,112,86,96,89,91,90,101,86,96,91,90,84,91,89,90,88,97,94,84,94,86,84,90,79,85,91,81,63,81,77,89,43,83,79,114,101,105,110,53,65,59,74,88,74,102,110,111,109,103,103,96,108,109,107,109,89,92,94,105,103,99,102,28,43,,42,89,98,108,107,106,114,115,117,138,146,137,134,156,152,,,90,73,77,,62,27,38,51,42,27,,109,68,76,,,,,116,123,112,115,125,123,124,126,,103,124,145,128,137,141,138,113,124,103,149,,,,,63,57,159,163,145,137,107,,97,135,135,144,140,134,128,133,154,164,125,130,138,136,,146,140,145,130,158,173,115,132,150,,126,,,116,137,,125,131,121,,128,,113,,109,107,76,64,70,60,131,118,120,115,86,85,84,118,,70,78,74,74,93,99,,106,107,63,66,90,93,,82,71,83,81,88,,70,84,111,,118,108,108,136,107,,113,,117,84,,90,77,79,72,87,94,82,84,86,,94,80,76,107,107,106,102,100,106,,,95,94,88,78,,62,79,73,88,129,124,123,197,110,104,98,130,136,,130,76,128,104,71,114,129,,122,,62,81,160,105,142,148,88,83,123,75,89,78,142,72,,,113,128,103,94,,101,102,115,103,,111,100,,,64,118,110,88,98,106,67,80,53,122,63,53,79,71,112,,92,102,,222,143,141,135,90,135,94,95,145,109,127,118,111,98,101,101,125,93,72,84,69,106,100,97,128,136,138,126,126,107,142,112,41,120,146,156,93,94,105,118,104,147,83,136,92,95,78,96,,101,97,62,,118,28,36,,,71,119,98,110,102,109,104,104,79,106,115,119,122,136,120,106,144,88,,88,71,82,100,99,,80,68,73,92,74,60,90,90,72,69,124,128,143,128,132,104,,99,,92,86,91,118,91,227,266,178,198,174,185,177,150,156,151,96,135,114,194,,97,182,206,153,134,96,100,98,98,93,121,102,127,125,96,94,90,91,125,114,,93,87,106,114,116,106,26,52,90,70,104,90,91,82,71,35,57,153,158,170,141,146,99,71,102,97,120,61,81,86,105,103,88,149,159,156,81,117,99,72,68,96,121,81,94,,104,73,109,106,90,95,113,101,85,135,109,,68,106,106,138,137,116,116,112,76,123,106,94,110,114,80,82,69,103,100,92,89,81,83,85,,228,114,105,226,168,110,121,73,155,136,95,178,224,135,98,112,100,105,98,99,117,126,89,98,131,122,105,110,104,120,,91,87,125,120,113,129,6,67,76,59,91,151,128,155,98,83,82,92,90,89,97,,77,,73,79,127,68,103,82,79,98,102,119,115,,91,131,,73,111,139,131,126,139,106,102,93,103,104,99,160,93,77,54,79,77,,71,,84,75,,32,141,138,147,96,91,104,102,,100,135,126,120,,,120,147,108,132,138,97,105,109,106,120,123,114,107,100,97,104,105,114,110,97,107,113,106,91,,120,125,114,37,82,48,76,78,64,73,79,83,88,92,103,104,36,41,130,120,121,132,146,114,125,164,185,237,103,113,108,,99,113,75,79,122,131,104,91,68,72,74,95,93,114,93,87,110,60,87,118,99,109,119,,90,87,72,106,126,111,117,127,102,116,97,116,105,133,155,74,97,134,112,118,87,123,105,102,118,112,100,104,132,138,114,124,122,107,108,104,110,73,83,127,131,126,134,86
20210423,20,CO,0.5,0.4,0.5,0.4,0.5,0.4,0.4,0.5,0.4,0.4,0.4,0.4,,,0.9,,0.9,0.8,0.9,,0.8,,0.5,0.8,,0.6,0.5,,0.5,0.6,0.5,0.6,0.6,0.4,,,0.9,0.9,,,1,0.6,0.4,0.6,,0.4,,0.5,0.4,0.5,0.3,0.4,0.5,,0.4,0.4,0.5,,0.7,0.6,0.3,0.7,0.6,0.7,0.5,0.5,0.3,0.4,,0.3,0.4,0.4,0.5,0.3,0.4,,0.6,0.5,0.4,0.1,0.6,,0.5,0.5,0.5,0.6,0.5,0.5,,0.9,0.4,,,0.5,0.5,0.6,0.6,0.7,1,1,,0.6,0.8,1,0.9,1.1,,0.8,0.4,0.6,0.9,0.8,0.4,,0.6,0.7,0.5,0.6,0.7,0.9,0.7,0.8,0.6,0.5,0.7,0.6,0.7,0.6,0.5,0.8,0.5,,0.5,0.7,0.7,0.7,0.2,0.8,0.7,0.8,1,1,0.7,0.9,0.7,,1,0.7,0.7,0.9,1,0.9,0.6,1.3,1.3,0.9,0.9,1,0.8,1.3,,1.7,1.7,1.4,1.4,1.6,1.7,0.6,0.7,0.8,0.9,0.7,1.1,,,,0.9,0.8,,0.8,0.9,1,,,,0.9,,1.1,1,1.2,1,1,1.1,1.1,1,1.1,,,,0.9,1.1,,0.8,0.7,0.7,0.6,0.5,,1,0.7,0.9,0.9,0.8,0.8,0.6,0.5,,0.7,,0.9,0.9,,1,0.8,,1,1.1,1,,1,1.2,1,0.9,0.7,1.1,0.6,,,0.9,0.9,1,0.6,0.7,0.6,0.7,,1.1,,,1,,1.2,1,,1,1,0.8,0.6,0.4,0.6,,1,0.9,1,0.8,0.8,0.7,0.7,0.8,0.5,0.5,0.6,0.6,0.5,0.5,0.4,0.5,0.5,0.6,0.5,,0.7,0.7,0.6,0.6,0.4,0.4,0.5,1.1,1,0.7,,0.8,,1,,0.9,0.3,0.3,0.4,,0.2,0.3,0.5,0.4,0.2,,,0.4,0.7,0.7,0.5,0.5,0.5,0.8,0.8,0.8,0.8,0.7,0.6,1,0.8,0.5,1.4,0.8,0.7,1.1,0.8,0.9,0.8,,0.7,0.7,1.1,1.1,0.9,0.7,0.9,0.9,0.9,0.9,1.1,0.9,1.1,1.1,,0.7,0.6,0.8,0.9,1,0.8,0.8,0.7,0.7,0.7,0.7,0.7,0.5,0.8,,0.5,0.7,0.6,0.8,,0.6,0.2,0.7,0.8,0.8,0.7,0.8,,0.6,0.9,0.9,0.7,0.7,0.5,0.5,0.8,0.6,0.4,0.6,,,0.7,0.7,0.7,0.5,0.6,0.5,0.6,0.4,0.7,0.6,0.5,0.5,0.6,0.7,0.5,0.6,0.2,0.5,0.6,0.4,0.4,0.6,0.6,0.5,0.5,0.7,,0.6,0.8,1.1,1.2,1.1,0.9,0.4,,,0.9,0.7,0.5,0.8,1.1,,0.7,0.6,0.6,0.6,,,0.5,,0.6,0.5,0.6,0.7,0.7,0.7,0.7,0.6,0.8,,0.5,0.6,0.6,0.3,0.5,0.7,0.5,0.5,0.5,0.4,0.7,0.4,0.8,1.1,0.7,0.8,0.9,,0.9,1,,0.7,0.8,1,0.8,,0.7,1,0.6,0.6,,,,0.2,0.5,,,,0.4,0.6,0.4,0.4,0.4,0.5,0.3,,,1,0.6,0.9,1,0.9,0.8,0.9,0.8,1.2,1,0.7,0.6,0.9,0.5,0.8,,0.6,0.5,0.7,0.7,0.8,0.8,0.8,0.9,1,,1.1,1.2,1,0.6,0.7,0.6,0.7,1,0.9,0.9,0.7,0.7,0.8,0.7,0.5,0.5,0.5,0.4,,0.6,,0.8,1.1,1.1,1.1,0.5,,0.6,0.3,,,0.7,0.6,1.1,0.2,,0.6,0.4,0.6,,0.7,0.4,0.6,0.7,0.7,0.7,0.5,0.4,0.7,0.3,,,,0.7,,0.3,0.9,,0.9,0.5,0.6,0.8,0.9,0.8,0.7,0.5,0.4,0.5,,0.7,,,0.8,,1,0.3,,0.2,0.5,0.5,0.6,0.5,,0.6,0.5,0.6,0.6,0.6,0.5,0.4,0.6,0.6,0.4,0.6,0.9,0.7,0.7,0.6,0.6,0.7,0.8,0.7,0.5,,0.6,1.1,1.4,,0.6,0.7,,0.9,0.6,0.9,0.7,0.6,,0.6,0.6,,,0.4,0.6,,0.7,,0.7,0.4,0.5,0.6,1.1,1.3,,0.8,1.1,,1.5,1.1,,1.2,,0.7,0.7,0.6,,0.8,0.7,0.8,0.5,0.6,,0.9,0.9,1.3,1,1,0.8,0.5,0.7,0.7,0.6,0.7,0.7,1,0.7,0.4,0.9,0.9,0.6,0.4,0.9,0.9,1,1,0.9,0.9,0.9,1,1.3,1.1,0.7,0.5,0.5,0.4,,0.2,0.6,0.6,0.4,0.3,0.6,0.6,0.5,0.4,0.3,0.1,0.8,0.8,0.9,,1,0.7,1.1,,0.7,0.8,0.7,0.3,0.7,,1,0.4,0.7,,1.1,,1.1,1,0.8,1.3,0.4,0.2,0.6,,,,0.6,,0.6,,0.9,0.8,1,,0.5,0.9,0.9,1,1,,0.9,,1,1.1,0.8,0.9,0.7,0.7,,0.9,0.9,0.9,0.6,0.8,1,,1,,,0.8,0.5,0.8,0.9,0.5,1,1,0.9,1.1,0.6,0.5,0.5,0.6,0.6,1,0.6,1,1.1,0.7,0.5,0.4,0.8,0.6,,0.6,0.8,0.8,0.9,0.7,0.7,,2.3,0.1,0.3,0.2,0.7,0.8,0.9,0.7,,,,,0.6,0.5,,0.5,1.1,0.9,0.7,0.6,0.7,0.7,0.7,0.6,0.6,0.7,0.4,0.4,0.4,0.8,,1,,0.6,0.8,0.9,,0.9,0.8,,1,0.8,0.7,0.9,0.8,0.9,,0.8,0.8,0.8,0.7,0.8,0.7,,0.5,0.5,0.3,0.4,1.7,0.7,0.4,0.3,0.4,,0.4,0.3,0.2,0.3,0.3,0.3,0.5,0.3,0.3,,0.5,,0.9,0.6,0.6,0.6,0.5,0.5,0.3,0.4,0.4,,,0.4,0.4,0.7,0.8,0.5,0.5,0.6,0.7,0.5,0.5,1.1,,1.2,0.8,0.9,0.9,0.9,1.1,1.4,1.5,0.6,,0.9,1,1.1,0.9,1.3,1.1,0.9,1.2,1.1,1.2,1.2,1,0.6,,1.1,1,,0.9,0.9,0.9,1.1,,,0.9,0.4,0.3,0.5,0.3,0.9,0.7,0.8,0.8,,,0.3,1.1,1.1,1.2,1,,1.2,0.6,0.6,0.8,0.6,0.5,0.4,,0.4,0.6,0.7,,,0.8,0.7,,0.9,0.7,0.4,,0.5,,0.8,0.8,,,0.1,0.4,,,0.8,0.6,0.4,,,0.3,0.4,0.2,0.2,0.4,0.4,0.4,0.5,0.7,0.5,0.8,0.5,1,0.8,0.7,0.7,1.1,0.9,1,0.8,0.8,0.6,0.7,0.6,,0.5,0.6,1.7,,1.1,0.8,0.4,0.6,0.8,0.5,0.4,0.2,0.6,0.9,0.7,0.8,,,0.6,0.3,0.4,0.2,0.4,0.5,0.3,0.4,1,0.3,0.3,0.4,,0.6,0.7,0.7,0.5,,,0.6,0.3,0.3,0.2,0.5,0.5,,0.4,0.5,0.7,,0.6,0.8,0.6,,0.5,0.6,0.6,0.5,0.4,0.7,0.8,0.8,0.9,0.8,0.9,0.7,0.6,0.8,0.5,0.5,,0.5,0.6,0.6,0.9,0.6,0.9,,0.6,,0.5,,,,0.7,0.5,0.6,0.7,0.5,0.6,,0.8,,0.6,0.8,0.9,0.6,0.5,0.4,0.8,0.7,0.7,0.7,0.7,0.5,0.3,1,0.7,0.8,0.6,0.6,0.5,0.5,0.5,,0.3,0.5,1.3,0.7,0.8,0.6,1,1,1.1,0.8,2.4,0.5,,0.3,1.1,,0.5,0.6,0.4,0.5,0.6,0.9,0.5,0.6,1.6,1.2,0.7,0.8,0.9,0.7,0.8,,,0.8,0.7,0.5,0.7,0.7,0.7,0.8,0.5,0.7,0.7,,0.7,0.4,0.2,,0.7,0.6,0.7,0.8,,0.8,0.7,0.8,,0.7,0.6,0.6,0.6,0.7,0.8,0.9,0.8,0.8,0.8,0.6,0.6,0.6,,0.5,0.4,0.5,1.2,1.3,,1.1,1.1,0.6,0.7,0.8,0.5,0.8,0.8,1,0.9,1,0.9,,0.4,0.5,0.6,,1,0.9,,0.8,0.7,0.6,0.7,,0.9,0.6,0.4,0.9,1.3,1,0.8,1.2,0.8,1.2,1.1,0.7,0.8,0.6,0.6,0.8,1.5,1.1,1.7,1.3,1.2,1.1,1.1,1.2,0.8,1,1,,1,1,1,1.4,0.6,0.8,0.9,1,0.9,0.7,0.7,1,0.7,0.5,0.8,0.8,2.7,0.9,0.8,1.1,0.7,0.6,0.5,0.8,1.3,0.7,0.7,0.6,0.5,0.8,0.6,0.9,0.7,0.8,0.8,0.6,0.6,0.6,0.6,0.6,0.8,0.6,0.6,0.5,0.3,0.7,,0.6,0.5,0.6,0.4,0.4,0.5,0.9,0.8,0.8,0.9,0.7,0.9,0.6,0.6,0.6,,,0.8,0.6,0.8,,0.8,0.3,0.8,1.1,1,0.9,,0.6,0.7,0.5,,,,,0.5,0.6,0.6,0.5,0.6,0.5,0.6,0.4,,0.4,0.5,0.4,0.7,0.4,0.7,0.7,1,0.6,0.7,0.5,,,,,0.4,0.5,0.6,0.5,0.5,0.7,0.5,,0.9,0.3,0.4,0.3,0.2,0.4,0.4,0.5,0.5,0.3,0.8,0.9,0.5,0.6,,0.6,0.7,,0.8,1.4,1.3,0.6,0.4,0.8,,1.2,,,0.6,0.4,,0.4,0.3,0.5,,0.5,,0.4,,0.3,0.2,0.6,0.8,0.7,0.7,0.9,0.8,0.9,0.8,0.6,0.6,0.6,0.9,,0.8,0.8,0.4,0.8,1,0.5,,0.3,0.4,0.5,0.6,0.3,0.4,,1,0.8,0.1,0.3,0.6,,0.8,0.6,0.4,,0.5,0.6,0.7,0.4,0.5,,,,0.5,0.6,,0.7,0.6,0.6,0.6,0.5,0.5,0.2,0.4,0.4,,0.2,0.2,0.2,0.2,,0.2,0.5,0.5,0.3,,,0.4,0.2,0.3,0.4,,0.6,0.4,0.5,0.4,0.6,0.3,0.9,0.7,0.5,0.5,0.7,0.3,0.5,,0.4,0.8,0.8,0.5,0.7,1,1,,0.6,,0.5,0.2,0.5,0.5,0.6,0.7,0.5,0.6,1.4,0.9,0.9,0.8,0.8,0.5,,,0.4,0.2,,0.6,,0.6,0.8,0.7,0.9,,0.8,1.1,,,1.3,,0.9,0.6,1,0.8,1.3,1.1,1.1,0.9,0.8,0.7,0.7,0.9,1,,1,0.6,,0.6,0.7,0.4,0.5,0.4,0.4,0.3,0.4,0.7,1,1.5,1,0.7,0.6,0.5,0.7,0.4,0.5,0.6,0.4,0.7,0.5,0.4,0.7,0.3,0.8,0.6,0.6,0.5,0.4,0.7,0.4,1.5,0.8,0.7,0.8,0.8,0.8,0.9,0.7,0.6,0.7,1.4,0.7,0.7,0.8,0.7,1.1,,0.6,0.8,0.4,,0.8,1,0.4,,,0.7,0.4,0.4,0.7,0.7,0.3,0.6,1,0.4,0.2,0.7,0.6,0.6,0.7,0.4,0.7,0.4,0.6,,0.9,1,0.9,0.7,0.5,,0.3,0.6,0.8,1.6,0.8,0.8,1,0.8,0.8,0.6,0.4,0.5,0.5,0.6,0.3,0.5,,1.1,,1.6,0.7,0.8,1,0.7,1,1,0.9,0.7,0.7,0.8,0.7,0.6,0.6,0.6,0.6,0.6,0.7,0.5,,0.5,0.7,0.8,0.5,0.4,0.3,0.5,0.8,0.6,0.9,0.4,0.8,0.7,0.5,0.7,0.7,0.8,0.9,0.8,0.6,,0.8,0.9,0.5,0.5,0.5,0.7,0.7,0.8,0.7,0.8,0.9,0.5,0.5,,0.4,0.4,0.3,0.6,0.8,0.6,0.7,0.7,0.3,0.3,0.4,0.4,0.3,0.6,1.3,1.3,0.4,0.5,0.6,0.4,0.4,0.4,2.1,0.7,0.4,0.8,0.8,0.8,1,0.6,0.5,,0.9,1,0.8,0.9,1.1,1,1,0.8,0.9,0.8,1,,0.5,0.4,0.3,0.5,0.3,1.1,1.1,1,1.4,0.6,0.9,1,1.2,1,1.7,0.7,1.2,0.9,0.4,0.3,0.2,0.5,0.3,0.4,,0.9,0.4,0.7,0.7,0.5,0.5,0.5,0.4,0.6,0.6,0.6,0.6,0.9,0.6,0.1,0.5,0.3,0.5,0.9,0.6,0.4,0.6,1.1,0.9,0.6,0.7,0.7,0.5,0.6,0.3,,0.3,1,0.7,0.5,0.5,0.4,0.8,0.4,0.8,0.5,0.4,0.8,0.5,,1.4,0.4,0.6,0.6,0.4,1,0.4,,0.5,,0.4,0.1,0.4,0.8,0.7,0.3,0.3,0.9,0.3,0.7,1.3,,0.7,0.6,,0.8,0.4,0.5,0.5,0.5,0.4,0.7,0.7,0.7,0.7,0.7,0.5,0.4,1.1,0.5,0.5,0.6,0.5,,0.8,,0.8,0.6,,1,0.5,0.2,0.4,1,1,1.2,0.6,,0.8,0.5,0.5,0.5,,,1,0.7,0.5,0.5,0.2,0.7,0.7,0.4,0.9,0.4,0.3,0.4,0.4,0.2,0.6,0.4,0.5,0.4,0.7,0.4,0.6,0.8,0.6,0.9,,0.6,0.7,0.7,0.9,0.8,0.9,1.6,0.9,0.6,0.9,0.9,0.5,0.2,0.5,0.5,0.6,0.8,0.6,0.4,0.7,1.2,0.7,0.4,0.5,0.7,0.8,0.7,0.7,0.9,1.9,0.7,,0.8,0.5,1,0.9,0.9,0.6,0.5,0.8,0.2,0.4,0.1,0.7,0.5,0.6,0.7,0.7,,0.9,0.8,0.5,0.8,1,1,,0.6,0.3,1.3,0.2,0.8,1.2,0.2,0.8,0.4,0.4,0.6,0.4,0.5,0.4,0.7,0.8,0.4,0.6,0.9,0.6,0.5,1,0.7,0.9,0.4,0.4,0.5,0.3,0.5,0.3,0.6,0.5,0.3,0.4,1.2,0.3,0.7,1,0.6,0.7,0.5,0.4,0.7,0.5
20210423,20,CO_24h,0.5,0.6,0.6,0.5,0.5,0.5,0.5,0.5,0.5,0.7,0.5,0.6,,,0.7,,0.9,0.7,0.7,,0.7,,0.7,1.2,,0.8,0.7,,0.6,0.7,0.5,0.7,0.7,0.5,,,0.6,0.7,,0.6,0.6,0.4,0.3,0.3,,0.2,,0.6,0.5,0.6,0.4,0.5,0.6,,0.5,0.4,0.6,,0.8,0.8,0.7,0.7,0.6,0.6,0.6,0.5,0.4,0.5,,0.4,0.5,0.5,0.7,0.5,0.6,,0.5,0.6,0.5,0.2,0.9,,0.7,0.7,0.7,0.9,0.8,0.7,,0.5,0.5,,,0.6,0.6,0.5,0.7,0.6,0.7,0.7,,1,1,0.6,0.7,0.7,,0.9,0.4,0.6,0.7,0.7,0.4,,0.5,0.4,0.4,0.6,0.6,0.8,0.6,0.7,0.5,0.5,0.6,0.5,0.5,0.5,0.5,0.6,0.8,,0.4,0.6,0.6,0.4,0.2,0.6,0.6,0.7,1,1,0.9,0.9,0.7,,1.1,0.8,0.8,0.9,1.1,0.8,0.5,1.1,1,0.8,0.9,0.8,0.9,0.8,,1.2,1.3,0.9,0.9,1.1,1.1,0.7,0.9,0.9,1,0.9,1,,,,0.8,0.7,,0.9,0.8,1,,,,0.8,,1,0.9,1.1,0.9,1,1.1,1,1,1.1,,,,0.8,1.1,,0.9,0.7,0.9,0.6,0.7,,1,0.7,0.9,0.9,0.8,0.8,0.8,0.7,,0.8,,1.1,1,,0.9,0.6,,0.8,1,0.9,,0.9,1,0.9,0.7,0.6,0.9,0.5,,,0.6,0.7,0.9,0.6,0.6,0.5,0.6,,0.9,,,0.9,,1,0.9,,0.6,0.5,0.4,0.5,0.4,0.4,,0.9,0.7,0.8,0.6,0.7,0.6,0.6,0.6,0.9,0.7,0.7,0.8,0.7,0.7,0.6,0.6,0.6,0.8,0.5,,0.7,0.7,0.7,0.7,0.5,0.4,0.5,1.1,1,0.8,,0.8,1.3,1.1,,0.9,0.5,0.5,0.6,,0.4,0.5,0.6,0.6,0.6,,,0.3,0.7,0.7,0.5,0.5,0.7,0.8,0.9,0.8,0.9,0.7,0.6,1.1,0.9,0.6,0.9,0.8,0.6,1,0.8,0.9,0.7,,0.7,0.7,1,1.1,0.8,0.8,0.8,0.8,0.8,0.8,1,0.8,1,0.9,,0.8,0.8,0.8,1,0.8,0.8,0.8,0.9,0.6,0.7,0.7,0.7,0.5,0.8,,0.6,0.7,0.6,0.7,0.5,0.7,0.3,0.7,0.7,0.8,0.6,0.7,,0.6,0.7,0.6,0.7,0.7,0.5,0.5,0.8,0.7,0.4,0.6,,,0.8,0.8,0.9,0.6,0.7,0.7,0.7,0.6,0.7,0.7,0.5,0.5,0.7,0.8,0.5,0.7,0.5,0.7,0.6,0.6,0.4,0.6,0.7,0.5,0.4,0.7,,0.7,0.8,1,1,0.9,0.6,0.3,,,0.9,0.7,0.4,0.8,1.1,,0.8,0.8,0.9,0.8,,,0.7,,0.5,0.5,0.6,0.7,0.6,0.6,0.6,0.6,0.7,,0.6,0.7,0.6,0.5,0.6,0.8,0.5,0.5,0.5,0.4,0.6,0.4,0.8,1.1,0.8,0.8,0.9,0.9,0.8,0.9,,0.7,0.8,0.9,0.9,,0.8,0.7,0.8,0.6,,,,0.5,0.6,,,,0.5,0.7,0.4,0.8,0.5,0.5,0.3,,0.4,0.9,0.6,0.9,0.9,0.9,0.6,0.8,0.7,0.8,0.8,0.6,0.6,0.8,0.4,1,,0.8,1,0.9,0.8,0.8,0.7,0.7,0.7,0.7,,0.9,1.3,1.1,0.5,0.6,0.6,0.6,0.9,1,0.9,0.7,0.6,0.7,0.6,0.5,0.5,0.5,0.4,,0.7,,0.7,1,1,0.9,0.7,,0.8,0.5,,,0.8,0.8,1.3,0.6,,0.7,0.8,0.9,,0.9,0.4,0.6,0.7,0.7,0.6,0.4,0.7,0.6,0.3,,,,0.9,,0.6,1,,1,0.6,0.7,0.8,1,0.8,0.7,0.4,0.4,0.5,,0.8,,,0.7,,1,0.5,0.8,0.2,0.5,0.5,0.6,0.7,,0.7,0.5,0.6,0.7,0.6,0.5,0.4,0.6,0.6,0.4,0.6,0.7,0.6,0.7,0.6,0.6,0.7,0.8,0.6,0.6,,0.5,0.9,1,,0.6,0.7,,0.7,0.6,0.8,0.7,0.6,,0.6,1.1,,,0.5,0.7,,0.7,,0.9,0.6,0.8,0.8,1.1,1.5,,1.1,1.3,,1.1,0.8,,1,,0.9,0.8,0.7,,0.9,0.8,0.7,0.4,0.4,,0.6,0.6,0.9,0.8,0.7,0.5,0.4,0.6,0.6,0.6,0.6,0.6,1.8,0.6,0.4,0.7,0.6,0.5,0.3,0.8,0.9,0.9,1,1,0.9,0.8,0.8,0.8,0.8,0.6,0.6,0.5,0.4,,0.3,0.5,0.6,0.5,0.5,0.6,0.5,0.4,0.4,0.3,0.2,0.8,0.7,0.8,,1.2,0.9,1,,0.7,0.9,0.8,0.9,0.8,,0.6,0.6,0.7,,1,,1.1,1,0.6,1.1,0.6,0.4,0.8,,,,0.7,,0.6,,0.9,0.8,0.8,,0.6,0.9,0.8,1,0.9,,0.9,,0.9,1,0.6,0.8,0.7,0.8,,0.9,0.8,0.8,0.6,0.8,0.8,,1,,,0.8,0.5,0.8,0.9,0.5,0.9,1.4,0.8,1,0.6,0.5,0.5,0.6,0.7,0.9,0.7,0.9,1,0.7,0.5,0.4,0.9,0.7,1,0.7,0.8,0.8,0.9,0.8,0.7,,1.4,0.2,0.8,0.7,0.8,1,0.8,0.8,,,,,0.8,0.7,,0.6,1,0.9,0.7,0.6,0.6,0.8,0.7,0.5,0.5,0.7,0.4,0.5,0.5,0.7,,1,,0.8,0.9,0.9,,0.8,0.9,,1.1,0.6,0.6,0.8,0.7,0.8,0.8,0.7,0.7,0.8,0.8,0.8,0.8,,0.6,0.7,0.7,0.6,0.7,0.6,0.6,0.2,0.4,,0.4,0.4,0.1,0.2,0.3,0.6,0.8,0.5,0.5,,0.6,,0.8,0.7,0.7,0.7,0.7,0.5,0.3,0.4,0.5,,,0.5,0.5,0.6,0.6,0.4,0.5,0.5,0.5,0.6,0.6,0.8,,0.9,0.8,0.9,1.1,1.1,1.3,1,1.1,0.7,,0.9,1,1,0.9,1,1.1,1,1.1,1,1.3,1.3,1.1,0.7,,1,0.9,,0.7,0.6,0.8,1,,,0.8,0.4,0.3,0.4,0.3,0.9,0.6,0.8,0.9,,,0.4,1,1.1,1.2,1,,1.2,0.7,0.7,0.9,0.9,0.7,0.6,,0.6,0.7,0.7,,,0.7,0.7,,0.9,0.7,0.9,,0.6,,0.8,0.7,,,0.1,0.5,,,0.8,0.6,0.4,,,0.3,0.3,0.3,0.2,0.6,0.5,0.4,0.6,0.6,0.5,0.7,0.5,0.8,0.8,0.8,0.8,0.8,0.6,0.6,0.5,0.6,0.5,0.7,0.5,,0.5,0.5,0.8,,1,0.8,0.6,0.7,0.7,0.4,0.3,0.1,0.4,0.6,0.5,0.9,,,0.6,0.7,0.7,0.8,0.6,0.7,0.5,0.5,0.4,0.5,0.5,0.6,1.1,1,0.9,1,0.7,,,0.8,0.3,0.3,0.2,0.5,0.4,,0.3,0.4,0.7,,0.6,0.7,0.5,,0.6,0.7,0.6,0.6,0.5,0.6,0.7,0.6,0.9,0.7,0.8,0.8,0.6,0.9,0.6,0.5,,0.6,0.7,0.6,1,0.8,0.9,,0.6,,0.6,,,,0.7,0.6,0.7,0.8,0.6,0.6,,0.9,,0.8,1,0.8,0.7,0.7,0.7,0.6,0.8,0.6,0.5,0.7,0.5,0.3,0.5,0.5,0.6,0.5,0.6,0.5,0.5,0.5,,0.3,0.4,0.8,0.6,0.7,0.6,1,1.8,1.3,1.3,1.4,0.6,0.6,0.6,0.6,,0.6,0.5,0.4,0.4,0.6,1,0.8,0.6,1.5,1.1,0.6,0.8,0.8,0.6,1,,,0.8,1,0.7,0.7,0.7,0.8,0.8,0.6,0.8,0.7,,0.9,0.6,0.5,,0.7,0.7,0.7,0.8,,0.8,0.7,0.9,,0.8,0.7,0.7,0.7,0.8,0.8,0.9,0.8,0.7,0.8,0.7,0.7,0.7,,0.5,0.4,0.5,1.3,1.4,,1.4,1.2,0.7,0.7,0.8,0.6,0.8,0.7,0.9,0.8,0.9,0.9,,0.5,0.5,0.7,,0.9,0.8,,0.8,0.7,0.6,0.7,,0.8,0.6,0.5,0.7,1.1,0.9,0.9,1.1,0.8,1,1,0.7,0.8,0.6,0.6,0.8,1.4,1,1.5,1,0.8,1,0.9,0.9,0.7,0.8,1,0.8,0.9,1,1,0.8,0.5,0.7,0.9,0.8,0.8,0.6,0.6,1.1,0.6,0.5,0.8,0.5,1.3,0.8,0.7,0.8,0.7,0.5,0.5,0.7,1,1.3,0.6,0.5,0.8,0.8,0.5,0.7,0.6,0.9,0.9,0.6,0.6,0.6,0.6,0.6,0.8,0.7,0.5,0.5,0.3,0.8,,0.7,0.5,0.6,0.4,0.5,0.6,0.9,0.9,0.9,0.9,0.7,0.8,0.7,0.7,0.7,,,0.8,0.6,0.7,,0.8,0.4,0.8,0.9,1,1.2,,0.6,0.7,0.5,,,,,0.6,0.6,0.7,0.6,0.6,0.6,0.6,0.4,,0.4,0.6,0.5,0.7,0.7,0.6,0.7,0.7,0.5,0.6,0.4,,,,,0.2,0.5,0.6,0.5,0.4,0.5,0.7,,0.9,0.4,0.5,0.5,0.4,0.5,0.5,0.5,0.5,0.5,0.7,0.8,0.6,0.7,,0.6,0.6,0.5,0.7,1.1,0.7,0.7,0.5,0.9,,1.3,,,0.6,0.5,,0.4,0.3,0.5,,0.6,,0.4,,0.4,0.4,0.6,0.7,0.6,0.7,0.8,0.7,0.8,0.7,0.6,0.6,0.6,0.8,,0.8,0.8,0.3,0.5,0.8,0.6,,0.4,0.4,0.5,0.6,0.3,0.3,,0.9,0.7,0.2,0.3,0.5,,0.8,0.7,0.5,,0.5,0.5,0.7,0.6,0.6,,0.5,,0.5,0.7,,0.5,0.6,0.7,0.7,0.5,0.5,0.3,0.3,0.4,,0.3,0.2,0.3,0.3,0.1,1,0.5,0.5,0.4,,,0.4,0.3,0.5,0.5,,0.7,0.4,0.5,0.5,1.1,0.3,1.2,0.9,0.7,0.7,0.7,0.5,0.6,,0.7,0.7,0.7,0.6,0.7,0.9,0.9,,0.5,,0.7,0.4,0.8,0.6,2.1,1.9,0.6,0.5,0.7,0.6,0.8,0.8,0.8,0.5,,,0.5,0.2,0.9,0.5,,0.7,0.9,0.8,0.7,,0.9,1,,,1.4,0.9,0.8,0.8,0.9,0.7,1.5,1.2,1.1,0.8,0.6,0.8,0.7,0.8,1,,0.9,0.8,,1,0.7,0.5,0.6,0.3,0.4,0.4,0.4,0.7,1,0.8,1,0.6,0.7,0.6,1.1,0.4,0.4,0.6,0.4,0.7,0.5,0.6,0.7,0.4,0.7,0.6,0.5,0.5,0.4,0.8,0.2,1.3,0.9,0.8,0.9,0.9,0.8,1,0.7,0.7,0.8,1.6,0.8,1,1,0.7,1.1,,0.7,0.8,0.7,,0.6,0.8,0.5,,,0.8,0.5,0.5,0.9,0.8,0.3,0.7,0.9,0.5,0.4,0.7,0.7,0.8,0.8,0.4,0.8,0.6,0.7,,0.8,0.8,0.6,0.8,0.6,,0.4,0.6,0.7,0.8,0.7,1,0.7,0.8,0.8,0.8,0.6,0.7,0.7,0.7,0.4,0.9,,1.3,,1.1,0.9,0.9,0.9,0.9,0.9,1,1,0.8,0.7,0.9,0.8,0.7,0.6,0.7,0.6,0.5,0.7,0.6,,0.5,0.9,0.9,0.5,0.3,0.5,0.4,0.7,0.6,0.8,0.5,0.7,0.8,0.5,0.8,0.8,0.8,0.9,0.9,0.7,,0.8,1,0.7,0.7,0.6,0.6,0.7,0.7,0.8,0.7,0.9,0.6,0.7,0.8,0.4,0.5,0.4,0.8,1,0.8,0.7,0.8,0.4,0.7,0.3,0.5,0.2,0.9,1.2,1.1,0.6,0.6,0.6,0.4,0.5,0.6,1.8,0.5,0.5,0.8,0.7,0.7,0.9,0.6,0.6,,0.9,0.8,0.9,1,1,0.7,1,0.8,0.8,0.7,1,,0.7,0.4,0.5,0.8,0.4,0.9,0.9,0.7,1,0.6,0.8,0.9,1.1,1,1.1,0.9,1.2,1,0.5,0.3,0.2,0.5,0.4,0.4,,0.8,0.4,0.7,0.8,0.5,0.6,0.6,0.4,0.5,0.5,0.6,0.7,0.8,0.7,,0.5,0.5,0.5,0.8,0.8,0.4,0.7,0.8,0.8,0.6,0.7,0.8,0.6,0.5,0.5,,0.4,0.8,0.8,0.8,0.5,0.6,0.9,0.8,0.8,0.7,0.5,0.9,0.8,0.9,1.2,0.6,0.8,0.7,0.6,0.9,0.5,,0.7,,0.5,0.2,0.2,0.8,0.8,0.5,0.6,1.1,0.6,0.8,0.7,,0.7,0.5,,0.7,0.7,0.5,0.5,0.5,0.3,0.7,0.7,0.6,0.7,0.7,0.4,0.4,1,0.5,0.5,0.6,0.5,,1,,0.8,0.7,,1.2,0.7,0.6,0.5,0.8,1,1.1,0.5,,0.5,0.6,0.6,0.5,,,1.5,0.6,0.6,0.6,0.7,0.6,0.4,0.5,0.6,0.5,0.6,0.5,0.5,0.4,0.6,0.5,0.5,0.5,0.6,0.5,0.7,0.8,0.7,0.9,,0.7,0.9,0.7,0.9,0.8,0.9,0.9,0.9,0.6,0.8,0.9,0.6,0.2,0.5,0.5,0.6,0.8,0.6,0.6,1,1.1,0.7,0.4,0.5,0.7,0.7,0.8,0.7,0.8,1.9,1.1,,1.4,0.5,1,0.9,0.7,0.5,0.7,0.8,0.4,0.8,0.6,0.8,0.6,0.6,0.6,0.9,0.7,0.8,0.8,0.4,0.9,0.9,0.8,,0.8,0.3,1.6,0.2,0.8,0.7,0.3,0.8,0.6,0.6,0.3,0.5,0.5,0.7,0.9,1,0.6,0.9,0.7,0.6,0.6,1,0.6,0.6,0.6,0.5,0.7,0.5,0.5,0.4,0.6,0.5,0.6,0.4,0.8,0.3,0.7,0.8,0.5,0.6,0.5,0.4,0.7,0.6
20210423,21,AQI,33,35,38,37,34,38,38,42,38,40,39,47,,,41,,36,83,51,,55,,32,31,,29,24,,68,49,46,57,52,53,,,49,54,,,55,49,59,64,,61,,48,51,52,48,41,,,46,51,54,,49,56,52,29,28,29,29,33,52,47,,43,46,40,37,33,32,,48,44,43,51,58,,59,76,75,59,64,57,,52,51,,,47,55,52,58,36,59,57,,43,46,69,58,48,,45,32,38,39,33,42,,36,53,36,38,94,75,87,62,74,63,112,62,59,80,65,77,92,,99,87,113,90,67,104,83,69,63,73,48,70,68,,62,55,59,60,64,58,62,67,64,51,62,68,54,59,,58,55,65,56,57,57,49,46,35,39,52,83,,,,60,62,,59,63,59,,,,89,,60,55,73,62,56,64,52,55,84,,,,84,90,,55,56,70,70,70,,63,100,98,105,83,112,68,45,,58,,46,46,,70,57,,59,42,65,,58,,69,48,44,64,30,,,54,57,67,85,70,80,69,,69,,,56,,75,77,,78,89,107,21,25,21,,59,59,56,45,36,55,46,54,46,46,51,47,52,53,54,51,46,52,41,,60,35,59,60,31,27,25,34,31,30,,33,,30,,43,32,37,39,,46,42,34,34,35,,,41,36,55,31,70,29,,54,52,56,51,49,57,55,65,40,40,38,31,38,32,35,,31,32,,,,62,48,53,58,46,55,48,69,72,,57,61,58,77,66,68,63,63,57,61,50,59,36,64,,31,53,42,66,,34,27,40,63,64,65,56,,53,73,63,36,35,54,39,46,46,33,52,,,53,57,,66,64,58,47,49,51,47,56,48,38,38,44,26,40,32,45,38,22,33,23,36,30,77,,75,52,55,64,68,82,57,,,46,61,64,61,61,,17,19,23,18,,,21,,57,59,60,62,63,63,64,60,60,,52,54,55,55,55,56,43,42,42,40,34,50,24,26,28,28,23,26,36,41,,51,39,22,36,,46,37,38,32,,,,31,31,,,,53,,,58,28,32,38,,,57,,57,70,54,57,56,74,69,60,58,48,68,37,42,,59,43,44,52,64,64,58,49,69,,64,65,53,53,38,27,39,100,88,102,85,73,64,85,39,34,43,37,,36,,56,59,62,58,34,,33,36,,,51,55,42,77,,65,53,82,,52,52,64,52,53,48,48,44,51,48,,,,39,,54,41,,35,31,24,36,82,78,85,58,37,42,,46,,,57,,62,51,,35,35,36,34,33,,21,23,22,23,34,30,22,31,31,39,58,52,52,51,,53,59,59,63,28,,26,73,73,,53,54,,36,36,43,32,38,,52,66,,,45,39,,59,,54,77,65,60,,72,,77,60,,83,89,,63,,61,60,60,,55,64,62,63,60,,88,87,109,95,84,83,29,55,46,30,49,48,64,28,37,39,58,27,36,118,72,52,87,84,118,130,152,170,145,125,40,52,51,,53,54,64,60,62,143,50,37,44,52,38,51,76,53,,52,51,87,,46,35,49,38,33,,51,39,31,,127,,127,117,130,114,31,54,32,,,,54,,51,,86,87,129,,112,77,119,67,62,,72,,77,70,63,64,45,38,,53,46,49,39,41,43,,30,,,35,59,44,34,30,36,42,33,35,33,35,31,50,39,53,44,53,58,44,33,,16,20,70,31,73,63,67,59,64,,56,,43,53,42,52,46,50,,,,,26,26,,39,57,52,45,63,62,48,38,39,41,34,34,57,54,32,,,,32,29,22,,59,75,,57,30,31,81,25,22,,26,20,62,67,59,110,,35,41,58,45,58,44,50,42,29,,32,45,,30,33,48,54,46,46,,31,,75,55,55,,32,31,28,42,30,,,49,39,25,29,45,35,39,,37,35,60,,65,44,52,46,43,39,35,43,28,,55,59,46,50,53,51,57,59,51,49,57,32,31,,55,51,,59,56,35,51,,,64,74,60,95,,54,51,51,52,,,39,117,117,101,145,,110,56,63,57,41,61,58,,66,60,74,,,79,77,,70,64,55,,57,,59,59,,,49,42,,,,80,43,,,55,47,78,64,66,69,45,29,26,48,33,32,44,45,62,36,58,67,60,62,44,45,57,43,,54,39,62,,44,44,37,47,46,48,31,30,62,72,79,57,,,47,30,38,42,33,56,48,65,68,23,27,26,,57,54,53,55,,,65,20,20,20,97,84,,36,89,79,,73,79,89,,85,83,62,64,52,58,54,62,45,57,48,44,48,36,36,31,,39,26,28,29,52,58,,77,,80,,,,54,47,,61,59,64,,31,,40,45,45,32,34,36,49,32,52,42,61,35,32,40,48,52,58,60,59,52,45,,55,44,28,27,28,28,32,49,45,37,58,40,,,49,,23,27,30,30,32,38,46,42,46,52,44,42,45,47,55,,,57,56,53,40,35,34,43,43,41,44,,58,60,57,,64,79,74,37,,30,31,52,,42,64,63,58,66,62,74,68,62,60,48,52,43,,80,102,75,51,61,,57,59,59,36,38,43,54,69,69,65,58,43,,49,57,48,,36,28,,26,48,44,43,,44,38,43,48,63,54,,,52,68,,39,48,48,45,43,54,72,65,78,75,60,63,48,55,44,47,48,51,,52,,,40,41,34,39,46,52,46,,23,35,45,61,55,67,69,38,32,40,44,53,57,66,56,51,58,63,57,68,60,63,53,46,40,40,79,57,53,60,52,16,16,,15,24,27,23,26,36,50,54,48,58,70,60,59,41,43,,,,67,49,,55,64,52,61,72,65,,41,31,23,,,,,51,49,56,55,49,38,56,94,,33,36,49,54,54,64,64,58,80,63,73,,,,,43,46,74,70,67,75,46,,46,90,64,56,48,40,42,35,85,74,94,72,45,57,,70,82,84,,116,139,46,43,90,,57,,,33,45,,35,54,38,,36,,35,,40,33,,20,21,19,69,54,48,64,28,29,31,28,,33,30,21,18,24,42,,185,196,25,26,55,57,,29,25,20,24,27,,80,80,34,,38,35,28,41,30,,,,79,41,,27,20,27,25,75,83,90,88,29,,28,26,25,57,62,33,30,36,45,,,40,42,46,25,,20,25,25,27,55,34,57,63,31,30,37,58,55,,54,139,92,84,39,62,50,,72,,42,39,21,49,58,60,53,14,92,53,38,44,61,11,,,47,44,89,42,,56,53,59,40,,,62,,,67,,88,65,55,57,62,51,70,88,50,59,53,62,,,48,57,,92,38,53,52,29,53,54,49,73,63,32,32,39,33,79,38,39,54,33,45,43,30,35,46,65,72,60,73,35,49,51,64,65,47,25,54,27,30,28,26,56,52,54,58,38,58,27,88,,39,32,36,,33,10,12,,,47,67,36,35,48,34,44,82,31,51,78,52,60,55,54,54,36,25,,59,40,42,40,44,,37,52,26,64,84,69,78,73,68,42,37,60,51,70,60,60,,59,,51,,57,71,48,99,66,69,62,61,55,51,56,60,66,39,55,50,48,,35,89,51,48,75,43,69,59,45,52,84,65,55,65,29,27,107,104,51,59,,87,124,28,25,21,68,49,54,49,46,75,38,43,49,29,43,38,24,21,36,62,62,34,53,52,41,48,41,57,55,35,35,46,70,55,54,50,82,27,54,68,36,60,28,28,,39,30,57,61,72,65,57,52,57,49,46,,41,43,40,54,46,82,71,43,62,74,59,65,55,52,55,55,43,49,83,28,27,51,33,25,,75,,62,54,56,48,34,24,50,53,24,41,89,52,55,48,32,43,,48,69,57,76,58,89,60,38,57,53,46,,85,120,63,63,20,,48,23,57,48,38,25,20,25,70,15,25,37,34,53,36,,26,,25,24,36,67,35,33,33,39,39,41,48,,27,62,,36,49,23,33,42,24,35,61,64,50,61,50,65,67,29,32,30,31,,68,,57,43,,17,59,64,64,58,57,69,,,72,60,59,51,,,92,75,32,51,58,48,54,51,62,32,51,35,50,54,65,66,47,57,56,57,58,56,78,75,,59,56,74,69,62,73,70,55,45,30,49,52,61,29,420,275,18,16,68,48,113,76,58,60,31,61,54,56,48,42,41,,45,72,132,104,112,60,30,36,30,53,75,40,40,36,36,48,,64,55,36,73,65,62,,31,18,70,33,75,93,62,57,45,43,43,39,36,45,81,33,37,45,144,54,67,36,53,47,43,34,40,34,59,46,52,68,51,51,114,42,64,45,42,98,42,40,67,51
20210423,21,PM2.5,12,4,15,13,9,15,7,13,10,7,9,8,,,26,,25,27,24,,27,,22,16,,18,15,,31,31,25,40,30,37,,,27,30,,42,30,34,42,46,,36,,20,27,21,33,23,,,21,30,31,,22,23,35,20,12,18,20,23,27,32,,29,32,24,21,21,21,,33,23,7,17,34,,41,46,55,41,46,36,,28,22,,,27,17,26,28,25,38,40,,30,32,50,41,33,,31,21,22,18,23,9,,12,37,25,26,70,55,64,44,54,45,84,44,42,59,47,56,51,,74,64,85,67,48,78,61,47,45,53,33,51,49,,44,39,42,43,36,36,44,36,41,32,34,41,31,33,,41,39,47,33,33,34,34,32,24,27,36,61,,,,32,44,,33,43,25,,,,66,,39,36,53,44,39,46,36,39,62,,,,62,67,,37,38,51,51,51,,45,75,73,79,61,84,49,31,,41,,30,26,,51,39,,42,29,47,,39,44,50,33,26,46,19,,,38,40,48,63,48,43,46,,50,,,30,,45,56,,57,66,80,14,8,9,,42,42,30,27,21,39,31,34,29,27,29,19,24,19,31,27,27,31,15,,43,17,22,32,8,17,11,21,19,15,,12,8,10,,30,22,22,22,,32,27,17,22,14,,,22,24,39,17,51,15,33,25,27,28,32,29,30,28,29,22,28,17,19,22,22,20,,21,14,28,42,,44,26,37,41,28,39,27,46,52,,35,32,34,52,45,33,42,39,39,40,26,38,19,41,,17,29,22,45,17,17,14,22,31,35,35,31,,37,52,31,25,24,24,27,21,23,19,36,,,30,34,29,46,39,36,25,21,28,26,37,30,17,21,18,18,18,22,22,21,10,20,12,16,14,26,,34,33,34,32,44,42,37,,,32,33,30,43,38,,8,6,5,7,,,7,,31,36,36,44,36,41,46,41,31,,30,33,33,34,39,36,4,6,7,5,10,1,16,18,19,15,16,18,25,16,,17,27,13,24,,29,19,18,15,,,,9,15,,,,37,23,,17,4,13,9,,,39,36,34,51,38,40,30,54,41,43,41,33,49,23,8,,22,21,21,20,21,29,24,34,27,,46,47,37,37,19,18,22,75,65,76,63,53,46,63,18,14,30,18,,16,,33,23,36,35,19,,23,16,,,29,39,29,56,,47,36,60,,29,34,36,36,37,24,26,17,23,22,,,,27,,24,22,,24,7,14,13,60,57,63,41,15,20,,27,,,40,,44,28,,19,15,25,16,15,,10,12,13,12,13,10,14,17,11,14,23,26,8,24,31,31,35,36,38,19,,12,53,53,,37,38,,25,25,22,22,26,,27,36,,,25,23,,23,,24,56,28,35,44,44,,56,36,,61,66,,45,,34,43,42,,35,46,31,45,27,,65,64,82,71,62,61,20,39,32,21,34,33,46,19,15,27,41,18,22,89,52,36,64,62,89,99,116,129,111,95,18,26,20,,30,38,33,43,32,109,32,21,23,26,16,30,38,31,,22,20,33,,32,24,29,17,17,,17,27,10,,96,,96,88,99,86,14,15,11,,,,33,,26,,62,64,98,,84,56,90,48,44,,52,,56,51,44,46,16,21,,37,27,23,27,28,25,,14,,,20,42,21,22,5,25,29,23,24,19,10,12,17,25,33,24,37,35,29,16,,4,2,51,8,53,45,48,42,46,,34,14,26,33,29,36,32,35,,,,,8,4,,6,40,36,26,45,44,33,26,26,24,19,17,19,31,22,,,,11,13,15,,42,55,,40,2,2,9,6,8,9,7,9,44,48,42,83,,13,14,19,22,32,21,35,29,18,,14,11,8,12,,31,38,29,29,,,,55,39,39,,22,12,13,29,20,,,20,26,17,16,20,17,27,,13,13,32,,33,27,31,29,30,27,21,22,19,,39,36,32,35,37,35,40,41,34,34,40,18,20,,36,28,,36,37,21,28,,,46,49,43,71,,23,27,25,26,,,16,88,88,75,111,,83,27,37,29,22,19,26,,25,34,54,,,58,56,,51,39,34,,33,,27,26,,,34,27,,,,39,20,,,32,27,25,13,21,31,26,19,16,33,22,22,29,31,44,25,39,40,43,44,28,31,40,30,,27,27,44,,25,16,10,18,31,33,17,21,38,44,40,33,,,32,21,26,26,23,38,27,47,49,6,13,8,53,39,38,37,39,,,47,7,13,9,72,62,,25,66,58,,53,58,66,,63,61,44,46,36,35,33,44,26,35,22,18,32,15,23,21,,18,15,10,20,30,32,,56,,59,,,,23,23,32,42,38,46,,21,,28,31,31,12,17,15,34,15,30,23,32,24,12,28,33,32,40,33,34,25,26,,39,14,15,11,16,8,22,29,31,17,38,28,26,34,30,,11,12,9,17,22,23,27,29,29,28,23,26,25,27,33,,,33,36,26,24,24,20,30,20,24,16,,32,40,37,,44,58,54,20,,20,11,36,,28,27,35,31,31,44,54,49,44,43,30,36,30,,59,76,54,31,42,,32,33,2,25,26,30,38,50,50,47,17,11,,34,40,33,,25,18,,18,26,20,23,,28,18,27,25,23,38,,,33,49,,27,28,33,31,30,35,52,47,57,55,43,45,29,39,30,27,30,32,,29,12,17,28,26,8,27,31,27,26,24,16,22,23,30,25,31,26,21,18,5,14,26,23,35,32,30,29,45,40,49,37,45,22,25,25,28,38,35,32,30,35,10,8,,4,7,18,12,17,25,35,38,32,41,51,43,42,19,24,,,,48,34,,32,22,17,30,37,46,,25,2,16,,,,,28,28,26,36,16,18,22,30,,11,20,21,23,26,26,46,39,59,35,53,,,,,21,20,54,51,32,55,32,,27,67,46,27,18,23,18,9,63,54,70,52,27,30,,51,60,62,50,78,82,25,29,47,,40,,,19,,,10,17,1,,17,,3,,17,9,2,5,4,3,50,30,31,46,1,4,5,9,,7,7,7,10,8,29,,101,131,15,18,39,40,,9,9,14,10,5,,53,59,14,,19,13,17,11,6,,,,25,10,,7,1,3,1,28,31,19,23,14,,16,11,8,37,15,3,3,8,7,,,17,18,11,8,,10,15,17,11,27,14,39,37,16,20,18,41,22,,34,106,68,62,27,44,27,,52,,29,17,7,34,41,42,17,9,68,30,26,29,36,1,,,27,15,66,21,,26,28,28,20,,,44,,,48,70,65,47,39,36,31,34,51,65,35,38,22,35,52,,25,40,,68,26,31,36,14,26,38,22,53,45,16,18,25,19,58,15,18,38,19,15,30,13,12,22,47,52,43,53,12,34,29,32,34,29,7,32,17,15,15,11,28,33,38,41,21,27,18,65,,23,22,24,,22,4,1,,,25,48,25,24,33,7,20,60,13,24,55,27,20,39,38,33,12,16,,42,28,29,28,10,,13,36,18,46,62,50,57,53,49,29,8,35,25,25,28,38,,42,,35,27,40,41,33,74,39,38,32,33,28,24,32,35,42,27,30,30,27,,2,39,26,23,21,21,50,42,24,33,62,47,34,33,20,17,80,78,26,32,,63,94,9,17,6,49,31,38,34,32,55,26,21,34,20,30,26,5,6,14,44,44,5,36,36,19,29,25,40,39,19,24,24,35,26,28,35,60,4,38,49,13,43,19,18,,14,21,30,38,52,47,40,35,40,31,23,,26,13,9,23,16,60,40,30,40,48,42,47,36,36,34,39,30,34,61,19,5,9,7,9,,55,,44,30,33,30,16,7,35,30,11,19,66,36,39,14,5,10,22,25,48,20,29,37,66,43,24,28,32,14,,63,91,45,44,6,12,28,15,34,17,26,6,4,8,49,3,17,22,22,34,22,,14,,14,14,18,48,16,14,13,27,23,18,22,,2,44,,25,34,10,11,22,11,24,37,46,35,38,30,47,27,20,11,19,17,,49,,40,30,,4,30,46,29,32,40,50,,,52,27,26,23,,,68,36,16,13,21,26,38,18,34,22,31,23,22,19,30,39,25,26,26,25,34,27,45,40,,37,32,42,50,37,53,51,39,31,21,34,22,28,10,107,134,12,2,49,31,85,24,41,38,19,31,27,27,29,29,24,,31,52,100,78,84,37,15,25,21,37,55,19,20,22,16,31,28,46,23,25,53,36,44,,13,12,51,3,55,69,19,34,10,8,11,8,10,21,58,19,20,22,110,38,37,22,25,24,9,7,8,8,26,25,36,49,10,30,86,29,45,31,29,73,12,,48,27
20210423,21,PM2.5_24h,25,35,27,20,21,29,24,23,22,36,22,28,,,17,,19,19,17,,13,,18,16,,16,13,,50,42,54,50,43,52,,,20,20,,29,20,19,23,25,,14,,39,37,39,36,33,35,,32,35,32,,30,42,33,16,11,14,17,26,27,26,,29,33,28,30,32,38,,43,41,41,41,52,,41,58,60,49,48,43,,16,17,,,18,12,18,18,27,29,27,,28,28,28,28,24,,27,22,16,15,19,12,,11,18,19,21,47,37,42,35,35,32,46,34,33,37,31,30,43,,34,35,38,35,38,47,43,36,63,60,62,64,66,,63,57,61,63,35,30,45,29,35,34,32,40,36,89,,49,46,67,42,42,68,39,45,44,58,46,54,,,,49,48,,49,48,34,,,,46,,41,47,48,44,46,49,45,48,60,,,,66,55,,31,45,51,50,53,,43,74,67,73,47,59,56,32,,36,,37,35,,45,46,,45,36,42,,41,46,55,33,21,42,27,,,36,51,47,27,24,31,27,,52,,,36,,49,53,,20,27,31,11,7,10,,38,35,37,34,33,36,30,30,24,32,31,24,26,27,33,32,29,33,18,,25,14,21,24,16,24,14,23,22,16,,18,10,10,,35,23,21,26,,32,33,21,31,16,,,36,44,37,31,40,26,42,35,38,39,41,37,40,38,34,23,18,18,18,23,22,16,,18,20,32,28,26,33,23,26,31,22,29,16,42,42,,37,38,35,54,40,37,43,42,29,28,26,25,29,31,,21,28,30,38,31,22,23,24,31,34,37,34,,33,50,41,34,32,28,26,25,26,22,32,,,36,33,43,44,44,46,44,32,31,31,29,31,22,24,23,21,22,23,24,22,12,13,15,12,14,19,,29,30,27,31,32,30,29,,,30,33,24,28,36,,67,69,61,67,,,70,,27,31,31,37,31,32,36,37,28,,32,29,43,39,36,34,7,4,8,5,9,2,32,34,36,29,37,36,37,35,,34,38,31,37,,33,19,20,24,,,,23,18,,,,35,26,9,11,12,12,9,,22,25,28,33,32,28,24,21,26,23,29,38,26,29,17,26,,37,32,26,29,15,23,22,25,22,,39,40,45,21,14,16,17,37,41,40,59,37,39,40,20,20,20,18,,16,,37,26,30,31,25,,24,33,,,31,33,32,53,,52,48,47,,52,43,48,47,42,15,17,12,15,11,,,,61,,58,44,,52,21,25,29,43,45,43,26,20,19,,42,,,42,,37,36,40,30,25,27,22,25,,16,17,16,17,21,17,17,25,19,20,27,34,30,24,29,27,28,33,36,24,,17,53,46,,27,32,,32,29,27,29,23,,30,34,,,47,40,,24,,19,25,24,28,80,42,,76,61,,51,57,,53,,70,56,64,,52,54,19,24,12,,24,23,30,25,24,23,13,36,29,37,35,34,41,13,17,17,24,13,14,63,42,31,52,70,70,68,86,75,77,65,21,23,22,,29,43,44,59,45,49,30,21,20,28,19,27,29,27,,25,44,39,,33,26,28,22,21,,28,20,7,,87,,85,105,90,85,36,42,32,,,,37,,32,,72,72,85,,77,68,72,51,47,,49,,39,39,34,39,20,23,,27,24,23,22,25,20,,21,,,17,32,15,21,5,27,30,28,30,17,12,13,17,34,31,26,36,36,32,13,15,17,16,36,36,57,53,53,51,50,,38,22,28,30,38,43,44,40,,,,,39,33,,30,26,33,21,28,26,31,20,18,15,14,18,26,25,33,,,,29,31,40,,35,40,,47,19,21,32,28,27,35,29,37,51,55,52,66,,31,31,93,29,30,27,51,14,12,,9,12,12,17,7,53,52,32,32,,18,,52,41,41,49,36,18,17,22,21,,,14,14,19,21,18,16,21,,10,11,38,,42,44,46,42,38,40,42,39,36,,40,34,43,43,46,37,38,38,33,33,35,25,26,,34,28,,29,29,30,38,,,31,35,32,37,33,32,32,30,30,,,23,62,60,59,78,,59,38,38,34,34,29,45,,47,51,57,,,55,58,,46,36,28,,26,,25,24,,,33,17,,,36,30,23,,,28,32,21,22,27,27,31,22,20,23,24,24,22,25,23,22,34,27,30,28,28,28,35,32,,26,26,39,,25,25,21,24,16,16,20,18,29,28,31,61,,,23,69,82,67,56,97,71,73,75,35,34,26,155,148,117,113,109,,,78,14,15,13,47,42,,16,39,36,,32,34,38,,50,44,35,42,30,41,41,52,28,36,27,22,40,22,22,18,,17,13,13,20,46,34,,43,,50,,,,27,23,34,37,49,52,,23,,36,38,32,21,23,31,30,23,30,22,36,17,12,19,24,18,28,33,29,25,19,,18,12,14,13,15,13,14,36,26,16,28,26,22,24,27,,13,16,14,19,20,20,25,22,31,26,23,27,24,24,25,,,28,27,27,23,26,23,20,26,35,20,,62,61,59,,64,67,64,42,,42,28,41,,36,35,38,37,34,34,46,40,36,36,37,42,36,,49,53,43,30,33,,39,30,9,32,27,30,40,48,50,48,24,17,,33,39,29,,19,19,,23,18,25,24,,24,14,18,22,18,24,,,22,27,,23,23,25,27,30,14,22,24,25,15,23,30,26,28,29,23,20,20,26,20,12,13,17,15,15,15,27,22,22,21,12,16,14,37,29,34,26,18,17,10,16,20,19,39,34,36,34,31,31,32,33,32,22,28,30,30,33,34,32,26,28,15,12,,11,18,20,16,16,17,26,29,25,46,47,43,41,36,44,,,23,29,26,,26,24,21,28,35,42,,30,25,27,,,,,21,21,24,29,20,14,18,15,,10,20,21,24,25,25,38,39,42,25,42,,,,,10,12,38,40,30,34,28,,24,54,41,30,30,12,20,11,56,40,51,42,30,31,,48,52,47,47,62,45,28,21,44,,42,,,22,2,,6,9,3,,10,,5,,10,6,8,9,9,13,36,30,29,32,8,8,8,20,,18,12,8,13,14,50,,47,53,21,17,81,79,,21,22,12,10,11,,36,49,24,,21,21,20,13,7,13,20,,23,20,,25,12,13,14,40,42,55,39,12,,16,12,11,30,22,6,6,8,10,,,20,21,17,14,,14,12,14,9,26,22,64,38,8,19,12,47,49,,32,74,49,65,41,50,34,,40,,65,28,76,28,42,43,96,7,41,24,24,25,37,11,,,26,21,48,18,,26,28,30,22,,56,38,,,42,62,58,48,46,45,35,43,51,61,31,34,21,32,64,,17,34,,54,22,41,35,10,23,30,44,53,45,19,19,32,16,64,24,10,35,22,15,26,8,23,20,37,37,35,39,7,32,38,14,34,36,55,45,21,22,22,35,33,50,39,25,20,30,31,74,,30,20,59,,15,17,12,,,21,56,37,24,36,7,22,45,28,49,66,24,30,44,22,36,24,25,,41,22,26,26,18,,65,58,27,55,61,65,61,59,62,45,35,23,29,23,30,24,,52,,39,38,36,30,33,55,56,44,40,34,37,36,25,30,30,16,30,27,52,,11,42,34,28,21,23,42,31,16,32,44,51,43,42,24,26,73,81,33,38,,82,96,38,51,40,49,24,43,22,26,48,24,23,31,14,23,18,45,43,53,43,39,14,39,49,33,12,64,36,35,30,34,43,36,27,35,32,16,14,33,47,19,27,16,23,,21,18,26,37,43,55,42,44,48,32,30,,62,19,22,27,21,41,31,29,52,39,37,46,34,33,44,39,32,35,44,21,7,10,14,11,,47,29,32,44,34,20,24,16,35,25,21,26,49,55,16,54,24,9,21,20,44,24,28,31,45,35,34,40,40,31,,64,81,44,46,30,21,21,14,35,32,29,42,31,50,50,17,35,26,28,35,23,,29,,19,16,16,35,22,33,29,32,34,27,30,,12,30,,31,33,21,19,19,13,25,29,27,25,26,30,41,25,15,12,19,19,,61,,34,25,,19,32,40,31,36,39,68,28,,19,27,27,22,,,85,37,36,37,49,9,29,12,14,44,52,27,42,37,38,37,33,33,27,31,40,40,49,45,,75,38,48,51,34,40,41,47,33,34,49,26,11,6,283,285,19,14,47,62,64,31,36,29,35,27,34,33,22,29,31,,34,46,97,81,67,37,35,29,24,42,52,35,46,30,22,44,37,39,27,21,49,32,30,,15,14,39,4,46,56,52,43,35,26,25,27,25,24,62,47,32,30,63,31,55,26,27,25,35,26,23,22,20,16,41,48,38,23,68,24,63,41,30,41,6,3,51,36
20210423,21,PM10,33,35,38,37,34,38,38,42,38,40,39,47,,,41,,19,115,51,,59,,32,29,,29,24,,86,49,46,59,54,51,,,49,57,,43,60,49,52,75,,71,,48,52,54,43,41,,,46,51,58,,49,61,53,22,9,25,7,14,54,47,,43,33,40,37,24,20,,39,44,43,51,66,,67,102,85,68,73,64,,53,51,,,47,59,54,66,27,68,58,,34,45,56,48,41,,27,30,38,22,32,22,,20,44,32,33,45,37,60,51,50,34,80,41,51,59,49,89,133,,111,88,97,74,69,104,80,88,18,40,26,32,38,,23,19,21,18,78,66,68,83,78,51,73,85,58,68,,62,58,48,61,64,64,19,21,25,32,21,78,,,,70,38,,68,75,68,,,,70,,70,59,67,73,61,70,46,56,89,,,,83,92,,59,61,78,61,59,,52,75,80,70,61,56,54,34,,48,,46,46,,77,64,,66,42,71,,66,136,76,46,42,65,30,,,54,49,73,91,90,110,88,,83,,,58,,100,86,,77,89,109,21,25,21,,56,57,62,45,36,39,46,57,46,46,52,47,53,56,58,51,46,53,21,,66,20,68,69,21,27,24,34,31,25,,32,42,30,,29,29,37,39,,39,42,34,34,17,,,41,36,58,31,78,12,55,57,54,61,52,49,63,59,80,40,28,38,31,38,30,35,,31,32,,49,,44,48,53,40,46,46,48,87,94,,64,71,65,104,81,86,75,75,63,71,50,68,36,78,,31,55,42,81,62,34,27,40,76,78,80,62,,50,95,75,36,35,58,33,46,46,33,35,,,56,64,,82,78,65,47,49,52,47,62,48,38,38,44,19,40,30,45,38,22,33,23,36,30,104,,100,53,60,77,86,114,64,,,36,72,77,71,71,,17,14,14,14,,,15,,63,68,70,66,75,75,73,70,70,,53,57,59,59,54,61,9,28,29,11,25,16,24,22,20,28,20,15,20,41,,51,30,22,36,,46,37,38,32,,,,22,29,,,,52,55,38,66,26,32,38,,,63,56,64,73,58,63,61,77,87,70,58,44,71,37,42,,67,43,44,54,78,78,66,46,88,,52,58,45,42,38,27,39,39,34,41,56,70,54,56,39,34,41,37,,36,,61,68,73,66,22,,25,36,,,51,50,40,67,,48,55,99,,54,54,78,53,39,48,48,44,51,48,,,,39,,58,41,,30,31,24,36,74,73,84,48,32,42,,46,,,63,,25,52,,21,26,18,18,19,,21,23,22,23,34,30,22,31,31,39,66,54,53,52,,55,68,68,76,21,,26,74,89,,31,29,,31,24,43,27,32,,53,82,,,45,39,,67,,58,71,80,70,,85,,64,69,,68,69,,55,,71,51,69,,59,56,73,70,69,,71,72,86,62,54,59,25,42,40,30,35,34,56,20,37,34,28,27,36,36,30,36,39,59,111,139,137,167,129,118,40,54,51,,55,55,78,61,73,135,50,37,44,53,38,51,101,55,,54,51,124,,44,35,49,38,29,,51,35,7,,113,,100,132,116,107,31,58,32,,,,58,,52,,122,100,133,,102,102,80,53,64,,53,,73,62,76,60,45,38,,46,46,49,38,39,43,,30,,,30,34,44,34,19,34,36,32,28,33,35,31,50,39,56,44,56,65,44,33,26,11,20,46,31,65,68,70,58,66,,62,59,43,56,41,48,34,43,,,,,26,26,,39,42,54,45,64,47,34,33,39,41,34,34,63,58,27,,,,14,18,11,,55,51,,46,2,2,111,11,19,,16,16,48,48,46,45,,35,41,66,45,66,44,43,15,21,,32,45,25,17,6,48,45,46,46,,7,,67,48,48,,25,19,17,34,22,,,49,39,24,29,45,35,24,25,14,26,69,,79,44,53,46,40,38,35,43,28,,45,68,44,50,53,52,52,67,52,45,40,27,31,,60,52,,67,62,35,51,,,63,98,68,84,,57,51,51,54,,,39,133,153,151,153,,144,61,75,64,34,71,65,,82,69,71,,,82,69,,67,77,60,,63,,67,68,,,38,42,,,105,110,43,,,59,47,106,77,81,87,44,25,25,25,20,26,44,36,37,30,65,83,56,56,44,22,34,31,,58,36,55,,44,44,37,47,46,22,31,30,73,94,108,64,,,47,28,36,42,22,62,48,56,66,23,27,9,79,64,58,55,54,,,64,17,15,11,94,90,,25,94,92,,80,97,66,,60,87,72,61,47,66,58,60,45,64,48,44,48,36,30,31,,26,23,28,28,54,66,,88,,109,,,,58,47,61,71,68,77,,31,,37,36,44,30,34,30,48,8,54,42,72,30,16,37,48,54,66,70,68,54,45,,40,44,28,27,28,28,27,49,39,32,65,32,44,54,49,,23,25,30,30,32,38,46,38,46,53,44,42,45,47,59,,,63,62,55,40,35,34,32,36,41,40,,66,70,64,,78,60,92,37,,30,31,53,,42,78,75,66,81,69,66,67,62,60,48,43,41,,89,90,100,52,72,,64,67,67,32,32,28,42,57,59,51,66,43,,39,55,46,,25,28,,26,48,44,43,,44,38,43,48,75,54,61,55,53,72,57,38,48,47,45,34,57,64,72,61,72,63,53,48,52,44,47,48,52,,54,90,,27,41,34,33,46,54,46,85,21,35,45,71,59,84,88,38,32,40,44,56,64,82,62,51,66,62,56,62,70,67,55,46,40,38,107,64,55,70,53,16,10,,15,24,27,23,26,32,50,53,48,62,65,64,60,41,43,,,54,60,47,,60,78,54,71,94,79,,41,31,23,,,,,52,49,61,59,49,31,61,138,,16,32,49,57,57,78,61,66,90,76,76,,,,,43,46,84,83,83,73,44,,46,63,75,61,48,40,42,25,113,98,98,90,45,63,,72,71,81,72,182,227,46,43,130,,63,,,25,6,,34,57,12,,28,,8,,40,22,,7,7,4,58,58,48,57,13,3,5,16,,33,30,10,15,10,40,,319,342,15,15,51,61,,9,19,13,24,11,,109,97,13,,24,35,27,17,29,,,,108,41,,22,6,7,3,100,116,129,125,16,,27,25,22,64,73,16,30,36,45,,,40,42,46,12,,7,21,20,18,60,34,63,76,30,28,37,56,59,,58,152,49,52,36,65,50,,76,,36,39,18,42,60,70,56,12,114,55,30,44,72,4,,,47,44,90,42,,62,56,68,40,,59,55,,,42,97,94,48,44,63,74,51,75,82,42,67,55,74,44,,48,32,,131,32,55,49,29,56,55,49,76,53,20,32,37,33,94,38,39,57,33,45,41,21,23,46,65,69,54,51,13,48,51,77,80,47,13,57,27,24,24,20,61,53,56,65,38,65,20,117,,39,30,36,,15,6,2,,,47,71,26,35,46,14,44,80,23,51,106,53,69,58,41,57,36,22,,60,32,39,33,44,,37,30,10,28,21,18,52,48,42,17,37,69,51,89,69,70,,64,,52,29,44,92,41,106,81,88,74,72,59,51,61,69,81,33,59,50,48,,35,92,51,48,99,43,41,45,45,54,81,65,60,79,25,27,112,118,52,67,,123,122,28,21,17,82,49,44,44,36,75,37,43,30,26,35,30,24,21,36,68,58,8,56,54,41,48,41,58,46,23,16,46,90,60,58,38,74,7,49,54,36,50,28,28,,39,17,64,72,75,72,62,54,58,49,46,,41,43,40,57,46,64,92,33,74,97,56,72,59,54,60,58,35,44,68,28,24,52,33,25,,94,15,58,58,62,48,34,24,42,56,24,41,120,53,55,48,18,43,76,48,87,63,101,65,93,61,38,63,56,46,,111,129,76,75,20,27,48,22,64,48,38,13,8,16,89,8,20,37,32,56,36,,26,,20,24,29,70,29,17,19,35,39,41,48,,2,44,,20,41,22,33,42,20,27,71,69,36,71,50,73,83,24,32,30,31,,28,,48,41,,17,67,63,78,66,62,76,131,,88,69,68,52,,,82,100,32,52,66,48,45,51,73,32,51,35,50,58,80,81,47,63,62,64,65,61,106,99,,68,61,98,68,74,41,66,41,28,24,36,54,72,29,520,402,13,7,80,48,143,102,63,70,18,72,57,61,48,20,41,,45,80,127,109,130,69,30,36,14,51,54,40,40,36,36,48,48,77,60,36,84,80,52,,31,4,58,21,80,72,73,64,45,43,43,39,36,45,112,33,37,45,141,52,84,24,56,47,43,34,40,34,67,46,38,61,51,51,137,41,78,45,38,73,15,7,72,51
20210423,21,PM10_24h,36,39,39,32,36,35,40,34,32,45,40,49,,,24,,23,35,28,,27,,46,24,,18,20,,74,65,76,71,71,66,,,25,27,,26,33,30,27,35,,27,,62,59,79,60,61,64,,62,64,81,,71,77,75,14,11,23,13,13,51,44,,46,41,40,43,44,41,,61,67,59,63,89,,57,88,79,78,75,69,,37,34,,,38,34,33,37,47,40,41,,36,50,44,53,46,,31,37,43,26,28,25,,22,27,32,35,57,48,60,50,45,38,58,44,50,53,43,51,57,,49,45,47,42,43,53,52,55,64,57,57,60,60,,58,47,50,47,59,45,50,52,65,37,51,57,50,70,,64,64,58,61,66,62,43,42,43,45,47,60,,,,72,43,,64,76,72,,,,50,,68,75,74,63,68,68,57,66,89,,,,91,80,,48,47,52,58,62,,45,65,60,60,50,50,60,40,,46,,63,57,,75,62,,85,58,69,,89,99,79,42,42,66,40,,,52,63,85,41,46,71,62,,81,,,56,,115,83,,34,39,44,20,14,19,,57,58,69,63,59,51,58,37,44,47,35,40,47,52,57,47,45,46,22,,44,32,46,44,39,31,25,34,38,20,,38,35,30,,32,37,48,45,,46,44,43,50,26,,,54,58,49,52,57,41,72,77,69,89,89,76,86,76,66,34,36,34,34,30,33,30,,32,37,41,31,41,33,37,35,32,39,36,32,84,79,,73,91,70,104,80,93,79,74,56,57,56,59,53,78,,41,58,61,82,57,56,48,47,69,65,70,64,,50,93,80,57,60,53,48,50,50,48,49,,,75,66,72,99,94,104,91,81,55,58,50,56,42,44,42,36,43,45,55,50,27,30,38,33,32,39,,62,53,46,68,80,65,57,,,52,67,63,63,64,,85,91,80,92,,,100,,51,72,69,58,68,66,66,68,64,,51,55,82,63,64,78,12,23,26,11,25,16,76,66,96,71,79,67,64,108,,87,68,86,76,,62,34,41,42,,,,41,65,,,,78,75,29,31,28,32,29,,31,39,36,41,46,39,33,32,41,45,42,56,30,39,28,52,,72,55,56,61,50,60,53,54,63,,52,57,64,36,33,34,40,35,38,32,56,55,37,36,38,33,37,32,,26,,55,62,61,49,38,,46,52,,,48,34,34,61,,47,67,58,,76,73,82,73,49,26,22,18,26,21,,,,81,,75,65,,56,48,47,48,49,50,56,31,30,36,,41,,,60,,58,56,62,39,38,37,37,47,,34,32,32,31,44,37,33,52,47,54,41,48,49,53,53,58,58,57,60,39,,46,79,77,,46,46,,56,53,56,50,35,,58,58,,,70,77,,65,,43,56,77,60,80,85,,76,90,,59,62,,63,,97,78,97,,79,65,41,40,29,,40,42,46,45,44,35,21,45,42,48,40,42,71,21,44,34,21,25,26,38,32,35,37,54,94,110,105,106,99,88,64,56,65,,69,80,87,95,90,88,43,36,36,42,36,35,38,36,,50,41,62,,44,37,39,37,35,,44,37,6,,106,,103,152,118,114,64,60,60,,,,67,,60,,122,117,105,,107,95,95,79,73,,63,,55,49,52,51,44,45,,36,42,45,31,33,27,,31,,,24,40,31,31,21,34,48,45,50,33,36,31,44,48,50,48,61,58,50,26,27,27,50,50,59,72,78,81,71,72,,58,52,43,55,47,58,60,56,,,,,64,60,,75,34,44,43,54,38,34,32,37,36,37,37,61,56,59,,,,52,44,64,,57,61,,100,36,32,60,42,47,78,55,59,77,77,80,81,,96,102,456,81,68,62,65,12,19,,20,32,28,25,34,71,60,52,52,,24,,64,51,51,49,40,19,20,24,28,,,34,19,48,29,35,34,19,24,13,19,67,,83,66,66,60,56,52,66,71,54,,55,72,61,69,64,52,52,49,43,52,50,38,40,,56,60,,60,55,42,64,,,33,51,44,43,49,54,47,52,52,,,71,96,106,105,99,,108,92,90,85,86,101,64,,64,70,76,,,84,79,,64,65,78,,77,,72,63,,,30,35,,,94,86,40,,,51,48,58,55,81,82,57,30,32,28,29,28,26,31,32,33,44,56,42,35,34,23,31,29,,49,41,52,,47,46,55,55,34,23,35,32,49,49,51,99,,,32,93,102,138,72,116,112,103,85,43,55,35,204,175,139,135,122,,,98,25,29,27,61,62,,22,57,58,,47,54,49,,53,57,47,56,45,52,54,54,52,65,50,56,55,47,28,25,,21,25,23,35,55,52,,60,,77,,,,51,46,50,55,76,77,,37,,44,47,41,49,38,43,51,31,45,39,66,25,12,25,31,34,47,48,64,44,33,,28,29,26,24,29,35,18,59,42,43,50,33,43,53,43,,29,28,29,30,30,34,43,38,39,49,47,40,39,46,42,,,48,44,41,38,38,37,35,44,59,55,,103,89,91,,99,76,86,54,,56,56,56,,64,63,63,67,62,58,54,56,54,54,56,54,58,,71,59,61,53,67,,75,63,53,37,29,40,40,44,43,46,45,43,,43,42,45,,31,28,,34,26,33,31,,36,33,33,41,56,38,43,38,36,41,42,36,40,35,49,39,32,28,37,31,30,38,33,37,38,37,35,36,35,33,38,25,27,22,36,29,21,32,31,39,33,17,26,22,79,66,74,71,43,32,39,40,39,52,72,67,69,73,51,51,50,69,62,51,54,41,50,79,53,50,53,44,22,26,,28,38,35,28,34,33,41,50,39,64,67,63,62,53,75,,,40,42,41,,50,62,56,52,80,80,,45,45,37,,,,,37,43,50,51,44,30,30,37,,30,30,42,52,52,61,53,57,63,60,71,,,,,31,27,63,65,53,43,42,,39,65,61,53,60,22,44,34,89,82,61,81,51,56,,71,73,66,70,119,98,58,48,106,,72,,,29,4,,17,31,14,,24,,13,,26,16,15,21,16,23,68,63,50,55,13,15,17,20,,36,35,15,21,26,115,,162,169,33,32,516,479,,30,32,18,19,20,,68,76,36,,34,38,29,20,22,32,57,,48,34,,38,19,17,18,123,118,321,275,20,,24,28,24,92,111,28,35,40,38,,,47,46,45,26,,14,24,27,28,57,33,75,75,18,24,21,73,69,,86,108,38,40,53,119,54,,52,,77,49,92,37,80,79,494,12,65,45,39,45,77,15,,,49,45,98,26,,79,75,80,43,,68,42,,,38,88,97,58,57,68,77,53,67,87,38,66,47,59,54,,28,47,,93,46,69,54,25,36,50,49,74,72,23,32,26,23,90,52,18,39,33,35,30,33,38,43,48,52,47,52,14,43,79,38,65,57,79,71,32,34,33,62,67,84,61,44,40,48,59,120,,51,27,75,,33,29,21,,,52,68,47,34,54,14,42,58,49,144,104,53,51,63,29,65,54,33,,58,46,51,56,55,,307,65,27,48,58,58,57,56,65,34,48,52,64,120,48,41,,78,,57,48,43,42,45,83,113,102,86,83,78,70,48,65,71,47,62,51,107,,45,83,74,68,58,40,26,25,24,38,60,67,58,86,32,35,110,114,54,62,,148,125,57,55,58,90,43,49,33,36,69,29,45,38,22,38,33,69,79,75,68,58,19,50,78,44,22,86,48,41,48,40,72,86,56,58,44,26,25,42,43,29,36,29,40,,45,34,62,70,68,79,76,71,74,48,52,,83,27,30,59,38,46,62,43,82,86,53,62,51,44,66,58,38,47,54,36,27,36,30,25,,84,49,46,87,81,41,49,42,49,64,41,60,80,74,19,73,39,19,31,25,70,45,46,40,60,48,46,94,62,70,,113,113,63,68,41,35,45,18,66,40,47,62,72,73,77,33,58,40,33,51,33,,43,,31,29,24,52,35,58,44,45,53,36,63,,18,81,,44,42,37,44,39,42,36,51,52,54,51,52,62,42,29,30,40,35,,59,,44,39,,25,64,51,60,70,69,106,44,,32,59,47,51,,,106,104,57,69,94,21,22,23,30,58,92,52,79,71,107,101,76,75,67,61,70,96,94,90,,89,61,98,59,59,46,55,72,53,55,69,59,18,26,834,656,38,23,81,108,100,100,64,64,48,59,70,79,48,33,57,,44,65,132,118,101,75,66,37,50,43,42,33,66,47,40,77,59,59,52,33,71,75,54,,54,17,48,18,70,63,87,71,47,43,34,38,39,45,94,54,50,53,115,55,112,33,30,23,45,33,43,37,40,36,58,58,74,42,106,32,108,67,40,53,9,14,73,55
20210423,21,SO2,3,3,1,1,3,3,3,4,2,4,1,3,,,6,,5,8,8,,7,,3,12,,6,2,,4,7,3,6,1,6,,,7,13,,,16,8,10,5,,3,,6,2,10,5,4,3,,5,8,6,,7,9,6,4,6,7,5,6,5,6,,6,5,6,3,11,7,,2,3,4,2,6,,7,6,4,6,4,4,,7,5,,,7,6,8,7,6,11,12,,11,9,9,9,4,,10,4,4,4,10,4,,8,9,5,4,8,6,6,11,7,5,6,7,13,7,17,22,17,,18,14,14,16,10,33,20,16,4,5,4,8,6,,2,9,8,8,14,4,7,4,6,1,9,5,3,5,,4,9,5,7,6,11,1,4,9,10,6,7,,,,7,7,,7,11,5,,,,4,,6,4,4,6,6,6,7,4,8,,,,6,8,,5,3,4,4,5,,7,4,1,6,5,5,3,4,,6,,5,7,,5,5,,6,6,3,,6,3,5,5,10,5,5,,,9,7,8,6,5,6,7,,5,,,4,,16,8,,4,4,5,4,4,5,,5,3,5,5,5,6,5,6,5,5,6,4,7,5,12,10,4,5,2,,5,6,3,3,4,3,8,5,17,5,,10,,5,,6,5,6,5,,4,4,5,5,4,,,5,4,5,6,5,3,6,7,6,5,4,5,8,6,7,11,6,5,6,6,8,4,,4,6,10,4,4,6,5,7,5,8,6,8,8,10,,7,8,8,7,8,10,6,10,5,8,10,6,10,5,,10,6,9,10,4,6,6,8,10,9,8,6,,6,10,7,5,5,4,5,6,9,5,9,,,9,8,,16,18,16,10,8,7,10,7,11,4,6,9,5,3,7,5,8,4,2,2,3,5,13,,12,9,11,9,12,11,6,,,11,8,5,5,9,,7,6,5,5,,,5,,7,8,8,6,6,5,6,6,6,,8,16,9,6,12,12,2,4,2,4,5,4,7,4,3,7,5,6,4,4,,5,6,5,4,,8,4,8,6,,,,17,3,,,,8,6,5,4,3,5,4,,3,6,2,6,7,8,8,6,6,8,12,5,5,5,3,6,,14,8,10,20,12,13,7,8,11,,3,5,6,10,11,7,6,8,10,8,61,24,12,44,6,6,4,6,,1,,5,4,4,5,2,,3,5,,,11,5,5,4,,3,6,5,,1,8,12,2,3,7,6,5,8,10,,,,5,,4,7,,4,5,6,8,4,4,3,4,2,4,,4,,,4,,21,6,9,4,7,7,10,8,,4,5,5,6,5,5,4,5,8,4,9,8,7,7,8,9,10,10,11,4,,5,5,6,,15,14,,5,6,5,2,7,,9,8,,,6,4,,6,,12,9,13,9,9,9,,10,9,,14,17,,15,,7,8,8,,8,9,12,22,7,,5,6,15,9,9,6,6,11,15,10,12,6,15,11,8,11,3,9,11,10,17,21,15,21,14,18,19,12,11,5,2,5,3,,5,9,14,7,12,18,1,4,7,10,5,6,4,4,,6,4,7,,6,5,4,2,5,,2,2,4,,2,,3,2,3,1,7,4,5,,,,6,,5,,9,5,6,,7,5,7,3,2,,2,,6,7,5,7,5,5,,14,10,11,14,6,12,,8,,,6,3,2,1,2,5,5,4,6,6,6,5,4,4,5,4,5,6,5,3,4,7,6,7,6,11,10,10,4,5,,30,6,9,7,9,12,9,10,,,,,3,4,,4,2,6,3,2,1,10,7,6,5,5,5,4,4,5,,,,4,7,4,,3,2,,6,3,4,5,4,4,6,4,3,6,7,4,4,,5,3,3,12,125,8,4,2,5,,4,4,3,5,2,9,5,4,4,,5,,8,6,6,3,4,7,5,8,4,,,6,10,9,9,6,4,3,3,4,4,8,,10,6,6,7,8,9,7,9,5,,5,5,10,9,8,10,12,13,8,5,5,5,8,,4,5,,2,7,7,7,,,5,4,5,4,5,7,5,7,5,,,3,6,3,4,3,,4,6,8,10,6,9,6,,5,5,4,,,3,5,,11,7,8,,8,,20,17,,,5,5,,,7,8,14,,,2,3,8,6,5,6,5,19,13,19,24,16,14,15,16,10,5,5,3,5,10,7,5,7,,6,8,8,,16,14,15,11,5,3,10,8,7,9,10,9,,,16,4,5,2,7,5,8,8,5,8,5,6,3,5,6,7,7,,,6,4,4,4,8,9,,26,9,6,,11,6,5,,7,5,13,6,4,2,5,6,12,21,4,19,5,10,6,3,,5,3,3,6,6,6,,7,,7,,,,6,5,7,6,5,4,,8,,16,7,10,5,4,5,4,3,2,5,5,4,3,4,4,4,6,7,14,11,4,,4,6,8,6,5,5,13,11,8,8,17,9,10,13,12,,10,8,6,6,9,4,5,4,4,8,6,8,8,5,17,,,12,13,5,6,6,5,4,15,10,7,,5,6,5,,7,7,8,4,,3,4,7,,5,6,8,5,8,8,8,8,8,8,3,3,2,,6,6,6,10,9,,14,14,4,3,4,5,6,7,3,8,6,4,,3,2,3,,5,3,,5,8,9,8,,6,5,5,5,8,7,6,5,7,7,15,21,10,53,8,8,2,4,5,2,1,8,5,5,5,3,7,9,7,4,14,2,7,6,6,2,3,4,4,3,4,6,14,8,15,10,7,7,5,9,7,9,9,16,4,4,5,5,2,12,18,13,11,6,7,8,6,6,18,7,8,5,4,3,,2,6,8,9,7,4,10,6,9,3,6,4,6,8,9,,,8,15,16,,7,14,8,13,6,8,,5,5,7,,,,,5,6,8,7,7,13,14,12,,7,6,10,16,13,8,3,3,6,2,5,,,,,4,5,9,11,6,11,2,,5,6,5,6,4,4,6,7,6,6,12,9,13,10,,10,11,5,4,10,13,6,7,4,,12,,,9,5,,7,4,2,,7,,8,,10,8,4,5,5,4,6,13,10,8,6,5,9,6,,9,20,8,8,8,6,,4,5,4,3,5,4,,6,5,4,2,20,,5,5,2,,10,5,17,11,12,,6,,5,11,,9,4,3,5,4,5,3,4,5,,5,2,9,5,4,5,3,5,4,,,5,4,4,5,,3,4,5,2,21,4,9,8,6,6,5,5,5,,10,18,9,4,8,7,3,,7,,6,5,5,8,7,8,3,16,14,6,9,15,6,3,,,4,5,6,5,,4,12,7,8,,4,4,,,8,9,7,6,8,6,4,8,8,7,4,7,15,8,13,,8,4,,7,8,4,7,2,13,3,3,7,4,8,5,2,4,10,12,8,16,4,3,3,8,2,11,5,5,4,6,6,10,5,8,12,5,6,7,7,9,5,3,6,9,8,15,5,6,7,6,,4,5,3,,11,3,4,,,7,6,8,4,4,8,6,4,6,5,6,8,6,8,4,5,2,3,,8,5,11,11,22,,14,2,5,8,2,5,6,3,4,6,2,13,22,22,14,10,,12,,5,2,4,7,4,7,8,6,8,9,8,6,6,5,5,8,11,6,8,,7,8,6,4,6,2,7,2,11,8,9,4,7,4,2,4,6,7,5,6,,4,1,4,5,6,30,19,8,6,7,10,7,8,6,8,11,7,3,4,8,8,4,4,2,7,4,6,6,5,5,3,2,6,6,8,5,2,6,11,8,6,10,6,6,6,,5,6,3,12,9,6,6,9,7,15,5,,3,1,1,10,15,2,6,3,8,8,2,8,7,6,7,5,10,5,2,2,3,7,4,5,,8,6,6,8,4,6,6,5,7,8,4,5,5,8,10,10,2,4,,10,6,6,7,5,4,6,4,6,7,6,,4,7,6,2,3,,10,5,19,7,12,6,6,7,12,7,10,6,5,2,8,,6,,7,5,4,4,4,5,6,9,10,7,14,,6,14,,7,6,7,10,8,6,6,6,4,6,6,8,11,6,2,6,3,3,,5,,6,1,,6,6,6,11,6,5,10,6,,11,11,10,11,,,7,13,1,8,1,11,6,2,12,7,2,4,2,3,5,8,3,4,5,7,5,7,8,3,,7,5,2,5,29,10,10,4,8,6,7,3,6,4,4,6,3,3,4,9,3,28,17,9,6,6,10,6,8,12,8,,6,5,2,1,26,7,5,4,6,8,3,8,4,7,10,3,3,6,4,9,6,8,7,,2,11,8,2,4,9,4,3,3,1,3,3,3,6,12,5,4,6,13,9,7,8,6,11,2,1,3,2,7,6,7,3,3,10,17,11,10,7,10,8,8,5,10,7
20210423,21,SO2_24h,3,3,2,2,3,3,3,3,2,4,2,3,,,5,,5,7,6,,5,,4,6,,6,2,,5,8,3,6,2,8,,,5,11,,6,13,7,10,3,,3,,10,4,8,6,10,5,,8,10,7,,9,9,7,4,6,8,5,6,5,6,,6,3,5,3,11,9,,3,5,5,4,9,,7,9,7,8,6,5,,7,5,,,6,6,8,7,8,12,13,,12,10,10,9,4,,12,4,4,4,10,4,,8,7,4,4,9,6,6,10,7,6,6,7,12,7,19,28,20,,16,14,12,17,12,28,20,15,5,6,5,9,6,,3,9,8,8,12,4,9,4,5,1,8,3,1,6,,3,6,4,6,6,8,2,5,11,12,8,8,,,,8,7,,7,12,6,,,,4,,6,5,3,5,6,6,8,5,6,,,,4,7,,5,3,4,3,4,,7,5,3,11,5,7,3,4,,5,,7,7,,4,5,,5,6,2,,5,4,5,6,9,5,7,,,6,9,10,5,4,6,6,,5,,,3,,10,8,,5,4,4,4,4,5,,5,4,5,5,5,7,5,5,5,5,5,4,6,5,9,9,3,5,2,,5,6,4,3,4,4,9,3,6,2,,7,2,4,,6,6,6,5,,5,4,6,6,5,,,5,4,5,6,5,4,8,8,6,5,5,6,9,7,7,9,6,5,6,6,8,4,,5,7,9,4,4,6,5,8,5,8,6,9,10,11,,8,9,10,8,10,7,8,7,4,7,10,7,8,6,,7,6,6,10,8,9,8,6,9,9,9,9,,9,17,15,7,6,5,5,6,9,7,8,,,12,9,8,12,13,13,13,15,14,15,9,12,5,5,8,6,3,7,5,8,4,3,3,3,4,10,,14,13,12,15,14,13,8,,,13,13,5,5,15,,9,10,7,6,,,13,,7,8,9,9,6,6,5,7,6,,9,17,10,9,12,14,3,4,3,4,4,5,9,5,5,8,6,8,5,7,,8,7,5,6,,9,4,8,8,,,,10,6,,,,12,14,5,4,3,5,4,,4,6,2,6,6,6,6,6,6,6,9,4,5,5,3,8,,18,9,13,15,10,14,9,8,9,,4,7,7,8,11,8,6,10,11,9,58,11,12,14,5,5,4,5,,2,,5,5,5,5,2,,4,7,,,10,4,5,6,,2,6,6,,28,13,18,10,4,7,6,5,8,10,,,,7,,7,8,,6,6,6,9,5,5,3,3,3,4,,5,,,8,,11,11,11,5,8,7,11,9,,5,5,6,6,5,6,7,5,14,12,5,6,11,9,8,9,7,7,7,6,,7,6,7,,13,11,,7,9,11,10,7,,20,11,,,6,5,,6,,16,12,12,13,9,9,,10,9,,3,7,,5,,6,8,8,,9,9,19,35,12,,6,7,9,8,8,6,6,15,17,11,13,8,18,12,12,13,4,10,12,12,9,19,20,14,22,21,21,15,16,7,3,7,5,,4,7,9,8,8,7,2,5,8,12,5,5,4,4,,11,6,10,,8,6,5,4,6,,5,4,4,,4,,5,3,5,3,8,9,10,,,,7,,6,,8,5,7,,12,8,9,4,3,,4,,6,7,5,7,7,6,,12,9,13,7,6,10,,7,,,6,2,2,1,2,5,5,4,6,9,6,5,5,6,5,5,6,6,5,3,4,6,9,15,19,10,11,8,6,8,,27,7,18,9,10,14,12,15,,,,,7,7,,7,3,7,6,3,2,13,8,6,6,7,5,4,4,6,,,,5,16,6,,4,3,,12,4,4,5,4,4,5,4,3,9,11,8,6,,9,43,34,18,20,9,6,1,4,,5,3,3,4,2,16,9,4,4,,5,,8,6,6,7,4,8,7,8,4,,,6,10,9,10,6,4,3,3,4,4,6,,8,6,5,9,10,11,6,6,6,,4,4,9,8,8,9,7,9,8,8,6,5,8,,4,5,,2,5,6,7,,,5,4,6,4,5,7,7,7,7,,,6,6,3,4,4,,4,8,10,11,10,10,7,,7,6,4,,,3,4,,11,9,11,,11,,11,12,,,5,5,,,11,11,18,,,2,4,6,8,5,6,5,17,11,14,22,13,13,13,12,13,3,4,4,5,8,8,6,8,,8,11,10,,19,15,14,12,4,4,10,8,7,8,10,9,,,9,8,10,6,7,12,11,9,7,10,5,6,11,7,11,13,9,,,13,4,8,4,8,10,,10,9,7,,6,8,8,,6,5,5,6,4,2,2,7,7,15,5,19,6,8,5,8,,4,3,3,7,6,6,,5,,7,,,,6,5,6,6,6,5,,8,,9,9,7,6,4,6,4,4,3,6,6,4,3,5,3,5,5,7,8,4,4,,3,4,7,7,20,7,12,17,16,15,13,12,15,20,12,,8,10,10,7,9,4,8,7,13,14,7,9,9,8,13,,,13,12,5,6,6,5,4,14,18,22,,19,9,7,,10,8,8,5,,3,5,8,,5,9,11,6,12,8,8,8,8,8,4,5,3,,6,6,5,13,13,,20,13,6,3,4,6,6,7,5,9,5,7,,5,5,4,,5,3,,7,7,8,7,,7,5,5,6,8,8,10,7,7,8,12,11,10,9,11,9,2,2,2,2,1,5,4,4,4,4,7,11,5,7,10,3,7,6,5,2,3,3,4,3,3,6,13,8,18,10,10,8,8,8,9,7,7,9,5,5,12,7,3,11,10,18,15,7,7,9,6,7,22,12,11,8,5,3,,4,5,10,10,9,5,10,7,9,5,14,7,8,9,11,,,8,13,10,,7,15,13,12,6,7,,5,6,8,,,,,6,6,8,7,8,13,14,12,,8,7,15,13,13,11,3,3,5,4,5,,,,,4,5,8,10,6,10,3,,4,6,5,8,7,5,6,7,6,6,11,10,12,12,,11,9,8,4,9,11,5,8,5,,14,,,12,7,,8,4,5,,4,,8,,11,8,5,5,5,6,6,14,12,9,5,5,21,12,,26,24,8,8,9,9,,4,7,6,7,4,3,,5,5,4,12,17,,6,6,6,,13,3,16,17,11,16,7,,5,10,,10,4,3,5,4,5,3,3,5,,5,2,9,5,5,6,4,6,4,,,7,4,5,5,,3,4,6,2,22,5,9,9,5,3,4,6,7,,13,19,9,4,8,9,3,,8,,8,6,16,8,15,17,35,13,11,7,10,9,5,3,,,4,5,6,4,,5,11,13,8,,6,5,,,10,10,4,7,10,6,8,8,9,6,5,13,15,13,8,,7,5,,8,9,4,9,2,14,5,4,6,4,12,4,2,4,11,14,7,16,4,2,3,8,3,8,5,5,4,3,5,12,8,7,18,6,7,9,7,8,6,8,6,12,15,14,7,6,9,6,,5,4,4,,13,3,4,,,8,7,9,5,6,8,9,3,8,8,11,16,7,10,4,6,8,3,,12,8,11,19,23,,32,3,5,4,2,6,4,3,4,6,2,13,13,15,14,22,,12,,3,2,4,5,6,7,8,7,8,11,11,9,6,6,5,9,9,8,11,,9,7,9,12,6,2,5,2,10,8,7,4,7,5,2,4,8,7,6,7,,5,2,5,5,13,15,18,20,10,8,9,9,14,8,7,11,8,7,5,10,8,6,4,6,8,4,6,7,5,5,2,3,8,8,5,10,14,4,8,6,6,9,5,6,7,,7,4,5,17,7,5,6,8,7,16,3,,5,3,2,13,21,2,6,2,6,6,2,7,7,6,6,4,11,5,3,2,4,8,4,6,,9,7,6,9,5,7,7,11,7,7,6,7,6,8,10,15,3,3,5,9,5,6,6,4,4,6,5,6,7,7,,4,7,9,10,5,10,10,7,19,9,13,7,9,8,13,7,8,6,5,2,9,,7,,7,5,5,5,5,7,6,9,15,5,15,,7,16,,8,7,7,5,6,11,6,12,6,8,9,10,10,6,2,6,9,7,,6,,6,6,,6,9,7,13,3,6,7,5,,8,17,9,9,,,6,10,3,10,3,6,4,2,6,8,5,6,3,7,5,8,3,6,6,8,6,7,5,7,,14,6,2,7,24,13,5,5,9,8,8,4,6,6,6,9,3,5,6,12,3,20,8,9,8,7,10,9,9,11,12,,18,5,3,2,16,8,7,5,6,10,4,8,5,7,11,5,5,6,5,8,4,8,7,,4,5,10,3,4,5,7,3,3,2,3,2,3,12,6,7,5,10,15,21,7,6,5,7,2,2,4,3,6,6,8,3,7,7,11,10,8,8,13,9,8,6,9,8
20210423,21,NO2,14,12,13,13,18,14,18,17,14,22,17,20,,,31,,33,31,33,,64,,40,23,,43,26,,22,20,17,26,21,22,,,46,37,,43,62,26,64,53,,51,,16,9,13,19,18,19,,18,25,22,,20,21,27,27,10,18,16,10,21,33,,23,16,20,15,9,16,,16,9,17,22,24,,14,14,21,18,17,16,,24,24,,,44,27,24,21,7,43,55,,27,56,48,55,52,,31,26,34,19,26,10,,12,14,14,9,68,66,67,62,58,16,21,49,72,79,30,78,47,,78,41,75,64,58,42,24,65,35,50,34,44,39,,42,29,34,28,64,55,53,57,54,84,37,60,23,58,,58,62,49,60,49,65,16,20,10,19,18,27,,,,22,22,,21,34,26,,,,34,,36,57,43,39,52,45,45,41,56,,,,48,36,,18,22,19,16,12,,16,16,22,23,13,28,11,3,,14,,19,21,,57,50,,54,29,62,,57,72,65,27,88,49,53,,,48,48,36,57,39,58,40,,45,,,112,,36,38,,21,23,24,19,11,16,,34,36,27,29,32,17,27,40,29,35,27,31,30,40,62,51,75,24,6,,24,7,24,33,8,14,15,16,29,17,,24,,7,,12,18,19,12,,21,13,18,9,9,,,36,30,18,24,41,14,,21,20,18,34,26,21,32,26,24,18,25,30,36,22,20,,17,18,45,49,35,22,22,28,29,17,30,13,67,59,,55,55,47,84,67,63,52,64,42,46,40,52,53,27,,20,18,61,47,16,18,7,25,32,32,32,24,,15,70,49,14,17,14,15,19,21,24,23,,,27,34,,26,33,28,10,10,37,30,17,12,15,18,22,9,11,27,28,29,12,12,24,9,7,19,,25,38,49,81,68,90,41,,,41,74,73,68,81,,26,16,19,21,,,20,,15,40,7,13,14,22,29,20,7,,17,20,25,26,22,29,19,9,20,13,39,12,18,22,19,27,35,30,21,32,,17,15,26,17,,28,12,24,42,,,,20,9,,,,27,29,19,22,5,10,13,,6,34,45,27,39,29,40,26,39,54,41,5,10,41,9,18,,20,30,18,30,26,23,22,16,26,,33,38,23,21,18,12,26,38,31,39,32,35,27,45,18,20,13,21,,9,,35,37,30,38,18,,12,14,,,14,16,18,22,,17,17,25,,18,36,16,20,12,41,24,21,19,24,,,,22,,20,11,,16,13,21,27,20,26,20,30,9,19,,5,,,32,,30,14,39,15,14,8,14,8,,11,10,11,6,14,4,7,12,13,6,12,16,25,5,6,8,15,17,14,3,,6,60,57,,16,17,,14,12,9,11,14,,31,18,,,18,16,,25,,26,17,17,26,10,8,,10,8,,36,41,,28,,27,29,21,,26,21,20,26,20,,51,38,49,44,46,29,7,20,40,10,18,15,44,12,29,36,41,21,40,32,15,23,42,26,58,70,54,172,71,22,9,11,7,,5,19,29,16,16,47,12,12,12,9,6,91,90,99,,35,51,96,,17,16,16,11,10,,8,16,3,,41,,28,35,32,65,15,14,16,,,,18,,17,,21,26,18,,30,34,16,20,20,,18,,37,36,19,42,25,10,,32,35,22,20,13,26,,20,,,9,12,15,10,7,13,24,11,17,17,8,11,18,8,25,16,22,25,14,5,10,5,19,15,8,23,33,30,19,12,,24,,18,13,18,59,44,45,,,,,11,13,,17,18,22,12,16,12,13,14,5,12,10,10,17,11,19,,,,7,10,30,,50,40,,15,7,11,20,24,27,12,15,26,12,12,14,15,,8,4,6,9,31,15,22,7,12,,17,6,17,10,8,7,13,20,20,,10,,24,21,21,17,15,8,11,12,6,,,15,17,16,17,13,14,16,12,15,14,50,,44,24,22,43,44,44,29,39,24,,34,45,57,56,34,36,38,51,55,25,25,10,23,,46,74,,46,46,24,35,,,40,20,19,20,25,14,11,15,11,,,22,23,24,27,21,,26,18,21,22,18,17,12,,13,15,19,,,21,31,,15,14,16,,12,,16,21,,,22,23,,,13,13,15,,,15,11,3,5,5,5,5,22,16,9,14,14,23,30,33,23,37,48,52,48,17,8,14,15,,30,29,33,,41,40,20,31,38,23,11,36,20,26,27,47,,,42,8,10,8,6,14,18,15,16,8,8,8,13,2,19,9,11,,,19,9,9,9,20,21,,18,16,11,,26,19,16,,22,12,21,38,15,12,17,11,42,50,44,51,40,10,10,13,,5,10,10,26,18,20,,23,,15,,,,21,31,42,65,12,13,,19,,26,17,36,15,5,11,12,4,40,42,64,12,1,29,24,36,25,22,28,20,16,,11,11,15,15,16,14,6,8,11,14,26,12,18,21,30,,13,11,13,16,37,4,12,10,9,12,16,9,11,12,19,,,20,24,6,9,12,12,6,15,12,15,,13,22,24,,29,25,35,19,,16,14,13,,12,10,13,10,8,13,14,13,13,12,20,17,13,,15,15,16,58,15,,36,50,7,12,11,14,26,39,27,31,73,44,,17,28,24,,14,20,,15,8,9,19,,13,18,34,18,32,15,17,30,11,23,27,11,12,20,9,14,7,18,41,19,21,44,39,40,27,49,16,15,29,8,22,5,3,19,10,5,5,25,19,21,26,2,10,7,84,62,37,63,24,8,15,22,28,29,37,19,18,25,17,11,25,9,13,20,27,10,10,40,20,12,11,18,16,14,,21,12,13,8,15,14,15,9,19,24,27,30,19,12,32,,,9,15,7,,32,47,49,49,55,43,,47,15,11,,,,,10,18,14,17,14,5,3,5,,4,5,4,10,8,14,6,9,8,10,9,,,,,24,21,25,25,12,15,13,,3,8,6,15,8,5,8,8,37,34,22,16,7,11,,6,14,9,12,90,80,25,6,48,,8,,,10,1,,18,47,8,,22,,4,,6,6,5,5,7,10,24,36,33,27,7,10,6,21,,13,19,12,28,12,14,,9,10,19,26,8,8,,10,8,11,15,54,,20,22,13,,9,7,13,10,7,,21,,21,17,,12,27,11,11,19,23,8,12,5,,12,6,11,12,15,2,11,1,2,,,12,10,12,9,,4,17,23,6,31,34,11,66,19,27,25,21,16,,18,64,23,20,54,42,28,,9,,23,14,15,4,20,21,6,28,22,69,16,27,42,13,,,25,20,44,30,,31,26,23,23,,17,19,,,31,54,68,12,23,20,42,48,32,39,16,72,28,81,20,,45,14,,88,13,21,13,7,18,13,5,10,20,19,11,7,26,20,37,25,22,11,18,8,13,16,14,5,8,5,5,15,10,17,50,89,17,13,31,17,7,11,13,20,24,34,20,32,55,17,26,,14,11,20,,8,20,13,,,24,19,16,12,22,3,14,28,15,11,24,19,22,27,11,20,17,16,,32,29,32,12,25,,9,43,10,50,34,30,56,45,40,18,15,25,23,20,30,13,,24,,44,,18,24,17,61,51,56,58,53,32,19,50,39,27,15,36,27,13,,6,21,24,13,51,15,25,32,21,91,20,16,27,10,24,22,39,27,16,14,,25,26,3,4,14,45,27,28,22,16,41,7,20,28,3,20,13,20,18,19,13,19,7,25,14,9,29,19,41,36,8,13,16,14,10,12,59,39,20,59,34,24,10,10,13,,12,22,17,13,62,86,38,56,51,30,12,,18,18,11,20,35,67,45,51,64,27,27,53,45,51,50,24,25,19,16,11,12,12,17,6,,78,13,23,29,21,11,20,3,15,10,2,8,80,33,32,10,14,22,56,40,18,42,78,40,14,14,40,22,28,17,,32,24,7,9,12,,24,5,32,9,31,15,13,13,88,6,10,15,12,40,14,,15,,22,32,9,27,12,13,12,12,10,15,21,,13,16,,17,2,19,14,20,12,10,37,18,22,24,8,11,5,19,3,8,9,,19,,5,4,,20,13,10,22,42,17,34,65,,34,14,16,12,,,19,23,26,20,28,36,40,30,62,13,15,27,20,28,36,32,14,13,15,23,15,16,53,23,,17,16,41,36,28,23,39,15,19,12,18,18,6,8,7,12,34,12,18,20,25,21,22,50,14,28,22,32,46,13,29,,29,13,40,32,62,17,14,34,17,11,19,14,16,17,17,35,,47,40,14,67,47,32,,5,15,40,1,23,46,18,20,20,12,23,13,14,21,34,10,17,25,48,17,29,10,38,46,15,16,16,14,43,30,13,17,15,20,75,24,61,45,29,20,5,2,44,9
20210423,21,NO2_24h,22,12,27,21,33,24,34,21,11,23,34,29,,,21,,21,20,20,,22,,29,21,,20,16,,23,21,24,20,19,22,,,20,24,,27,25,13,18,22,,19,,24,16,20,28,29,30,,25,31,28,,26,27,29,25,13,19,13,12,26,29,,29,20,17,20,21,25,,18,18,26,25,53,,16,32,31,44,41,35,,19,22,,,25,19,17,14,10,22,27,,18,40,24,28,29,,26,20,24,9,15,10,,12,9,13,9,48,49,49,47,44,18,20,41,44,56,28,39,31,,34,33,40,37,42,31,21,45,47,57,53,60,41,,51,34,37,38,35,30,15,29,22,28,17,21,17,37,,52,50,45,43,48,42,32,39,28,31,29,23,,,,22,17,,16,27,22,,,,26,,32,51,40,30,49,44,37,47,39,,,,40,35,,15,27,20,20,16,,20,18,26,26,17,26,16,20,,18,,17,16,,50,33,,53,26,52,,46,54,53,21,56,49,54,,,42,47,43,32,29,50,24,,40,,,51,,42,40,,20,18,20,15,13,16,,32,34,26,35,30,18,22,24,19,23,20,13,17,20,26,24,30,17,9,,24,19,21,22,13,16,18,18,30,11,,19,15,7,,12,22,19,16,,23,17,20,14,13,,,23,24,15,24,24,19,45,40,34,39,44,39,37,46,23,22,26,22,33,33,30,26,,14,20,32,24,27,20,19,24,24,20,27,11,49,42,,54,58,38,74,52,58,51,37,24,35,41,38,29,57,,25,33,56,35,26,26,12,15,36,35,31,28,,13,53,41,19,21,18,15,15,21,16,20,,,46,38,38,35,37,46,43,45,38,38,22,26,14,14,16,11,12,22,29,25,11,12,25,9,9,14,,45,42,50,60,62,57,33,,,49,59,61,48,59,,30,30,42,32,,,34,,11,34,7,10,8,17,23,20,7,,17,16,37,29,29,34,8,5,9,7,14,5,37,45,38,48,49,46,44,51,,29,34,45,35,,45,13,36,41,,,,18,11,,,,20,19,19,21,9,13,13,,10,18,32,22,22,24,26,26,21,28,27,5,14,32,7,28,,28,33,24,30,22,24,22,20,19,,31,38,27,14,12,10,21,24,26,23,29,29,27,29,18,14,16,15,,11,,26,30,31,27,24,,16,19,,,13,15,20,21,,19,21,21,,23,20,16,22,10,25,20,20,16,17,,,,25,,22,13,,27,26,24,33,20,17,15,21,15,25,,14,,,25,,23,16,34,14,12,11,13,12,,13,11,14,11,14,8,11,15,15,13,22,27,29,11,12,12,29,26,20,7,,11,38,36,,14,14,,13,12,13,15,12,,28,19,,,28,24,,21,,22,19,23,30,19,12,,16,14,,25,32,,22,,27,29,28,,28,24,26,31,20,,22,16,32,23,30,14,5,22,27,16,20,12,39,15,14,20,24,21,15,26,17,22,32,22,34,38,35,35,38,23,12,14,13,,8,23,26,22,23,21,14,17,13,15,12,28,27,34,,26,27,36,,13,16,17,22,13,,21,25,3,,41,,34,39,28,39,25,19,25,,,,27,,26,,17,24,13,,39,38,26,16,19,,18,,33,30,22,27,27,21,,30,33,30,18,21,17,,21,,,8,15,14,14,8,11,22,11,21,10,9,8,11,19,25,20,28,31,26,4,6,14,30,30,28,23,37,30,29,20,,31,12,33,16,20,41,31,34,,,,,25,35,,31,16,24,20,19,16,16,12,6,14,10,12,17,12,32,,,,13,17,37,,36,36,,46,9,21,34,31,30,29,26,32,29,33,34,35,,13,12,19,15,20,12,21,5,9,,15,6,8,10,5,11,16,19,19,,15,,19,23,23,18,16,8,8,15,10,,,15,18,13,15,18,18,15,14,12,11,41,,44,42,33,45,38,43,41,46,47,,18,29,46,44,39,35,37,32,22,20,22,21,24,,38,29,,31,35,15,34,,,24,20,19,17,23,21,13,20,15,,,28,17,18,18,18,,17,40,36,36,39,41,17,,22,25,10,,,16,16,,26,30,48,,38,,15,17,,,17,12,,,9,13,8,,,12,12,11,14,6,6,7,30,16,9,17,19,19,30,33,22,24,26,23,22,16,9,16,16,,18,20,27,,28,30,22,29,15,11,8,26,14,12,15,32,,,27,18,22,34,19,19,21,20,15,21,17,9,39,20,35,31,21,,,21,9,12,8,15,18,,10,17,29,,23,34,17,,18,13,16,14,21,8,12,8,28,23,25,36,30,16,8,11,,4,10,8,17,14,17,,14,,19,,,,9,17,20,19,15,14,,14,,19,18,25,23,14,22,12,11,25,24,30,11,2,15,13,15,18,22,24,23,12,,12,7,13,14,19,16,6,14,19,21,17,13,16,22,26,,12,9,13,13,14,4,14,11,11,11,10,10,9,8,14,,,17,16,7,7,9,9,6,19,18,22,,24,38,35,,33,24,28,22,,22,22,24,,27,18,20,16,15,15,15,16,15,15,26,22,21,,15,16,15,39,33,,36,35,7,14,13,16,19,25,22,22,29,26,,31,30,28,,11,16,,12,7,12,13,,18,14,22,16,29,14,11,17,7,13,13,9,11,13,9,14,6,17,23,15,21,17,18,14,11,13,11,8,13,8,14,4,3,13,7,4,5,12,12,11,13,3,10,9,32,35,30,30,24,9,15,17,17,23,25,19,24,26,10,9,11,10,13,22,21,12,14,23,17,14,11,15,24,31,,28,19,17,9,19,24,22,17,23,18,23,26,20,26,33,,,12,21,16,,34,42,41,40,50,49,,30,16,19,,,,,11,23,26,27,22,13,9,34,,31,6,9,8,10,13,7,10,8,7,9,,,,,8,11,17,19,10,14,20,,3,9,10,16,17,5,8,9,24,36,13,16,21,21,,7,9,10,10,34,42,13,9,37,,11,,,10,6,,6,24,5,,6,,6,,7,6,6,7,7,17,37,44,36,28,7,9,10,20,,21,22,10,24,16,19,,12,12,28,33,7,7,,13,11,10,14,26,,28,36,20,,14,8,16,18,9,15,15,,15,18,,15,19,13,15,13,17,9,6,4,,10,4,9,14,19,5,9,5,4,,,18,11,12,6,,9,14,20,6,23,22,16,57,21,18,17,22,21,,48,34,15,28,51,44,29,,12,,26,17,30,10,40,32,17,19,16,29,16,30,32,6,,,24,23,44,17,,21,20,17,14,,17,23,,,39,37,38,18,19,17,33,30,28,38,26,63,28,42,26,,25,17,,51,11,20,18,5,19,13,12,8,17,17,11,9,18,19,33,20,16,12,11,9,27,23,14,5,7,4,5,9,26,26,15,75,29,25,33,23,19,19,20,30,33,37,16,31,28,33,22,,21,6,22,,8,30,28,,,38,17,21,14,21,4,22,26,24,14,33,21,16,27,11,26,24,17,,25,39,26,17,26,,17,56,26,52,26,39,46,46,48,31,23,21,30,15,15,19,,24,,23,17,24,19,25,41,62,55,54,46,45,38,25,47,38,16,22,25,49,,13,27,45,17,22,20,23,23,18,30,15,13,17,13,14,14,32,22,29,26,,37,34,14,11,26,28,28,26,18,15,30,14,24,40,9,43,25,34,25,34,18,22,16,25,15,15,22,24,27,24,19,19,26,29,11,21,52,14,19,27,25,12,8,7,14,,15,18,26,18,47,39,49,43,39,27,12,,22,14,10,29,14,29,29,22,40,18,21,38,35,34,41,31,26,23,23,9,16,17,18,6,,39,12,17,46,38,10,23,10,13,26,6,16,38,43,17,19,19,15,25,18,17,24,36,18,12,15,24,41,32,29,,29,16,17,22,16,9,25,12,31,29,22,24,30,23,46,23,22,16,17,26,17,,15,,20,24,9,21,15,23,19,13,12,21,20,,15,10,,26,16,14,17,21,21,14,14,11,18,17,9,12,4,16,4,9,9,,41,,20,14,,18,17,12,24,24,23,39,29,,27,18,15,18,,,34,31,23,23,38,16,24,31,27,20,27,33,30,39,38,33,31,26,21,28,29,29,24,33,,23,21,24,40,31,26,35,30,28,31,33,26,5,7,5,12,30,28,41,33,16,18,18,39,15,31,38,46,26,17,37,,29,16,38,36,35,20,33,31,22,15,24,17,26,13,18,45,38,27,20,11,54,55,32,,8,6,40,2,13,32,23,12,21,20,29,11,29,28,24,14,19,32,34,23,35,15,13,20,22,11,29,21,26,27,11,14,28,15,38,13,36,48,24,25,5,4,26,15
20210423,21,O3,100,95,99,95,96,97,100,99,96,93,98,86,,,77,,78,82,78,,42,,71,97,,70,72,,81,81,89,71,86,87,,,76,81,,74,54,86,38,48,,52,,82,84,83,95,93,105,,99,87,112,,115,119,96,72,88,90,89,62,98,81,,88,104,97,102,104,100,,82,83,85,79,123,,122,132,132,133,135,129,,103,107,,,70,101,93,101,80,28,15,,37,23,31,21,30,,47,102,88,122,103,133,,114,96,112,110,17,16,18,21,30,20,37,23,7,8,77,31,44,,34,42,56,53,65,71,107,36,56,49,62,51,52,,60,44,56,57,56,68,55,69,59,22,86,66,81,26,,33,25,37,29,45,24,88,86,92,74,83,57,,,,56,60,,56,46,46,,,,78,,48,37,40,56,38,42,54,52,48,,,,62,64,,71,74,88,67,66,,69,76,75,72,78,69,99,108,,110,,70,66,,75,18,,100,16,69,,80,83,81,31,6,62,30,,,43,48,60,68,76,63,69,,66,,,41,,99,91,,100,104,97,59,80,65,,88,84,89,97,84,93,78,61,110,84,99,88,96,88,62,46,64,104,130,,101,109,87,91,97,86,78,96,97,94,,104,,70,,110,94,101,100,,98,106,101,107,112,,,47,62,74,73,30,91,85,92,89,96,72,87,93,85,76,66,73,62,60,48,61,71,,72,77,,,,78,78,99,84,88,76,109,106,94,,88,89,94,107,94,103,96,99,70,96,55,72,28,133,,71,106,35,98,43,63,73,56,94,101,102,88,,109,71,63,102,90,91,90,64,60,59,58,,,113,100,115,123,108,155,106,125,70,93,86,110,50,43,46,56,53,40,39,32,56,41,48,48,41,72,,46,34,30,4,15,4,26,,,44,12,10,14,10,,51,59,72,57,,,66,,97,74,103,108,96,80,85,89,103,,131,125,121,120,120,108,135,134,134,125,107,159,71,58,64,55,45,56,70,50,,67,64,53,65,,59,84,52,52,,,,99,97,,,,89,,76,68,87,78,72,,,73,,80,66,71,78,85,70,58,76,114,30,60,94,122,,119,104,124,107,136,132,131,136,119,,42,54,66,69,68,75,67,47,57,34,70,61,66,47,104,102,110,91,,81,,37,39,47,33,106,,102,100,,,103,90,89,74,,84,87,67,,78,34,81,73,60,78,96,99,104,97,,,,82,,86,68,,69,89,76,69,54,46,52,81,118,106,,105,,,56,,61,52,,111,111,108,107,104,,48,46,48,53,41,54,49,63,49,49,112,114,99,129,122,132,136,140,139,70,,60,127,106,,101,99,,90,93,93,87,66,,70,136,,,74,72,,93,,110,109,117,110,128,177,,126,134,,77,69,,84,,112,113,116,,113,123,73,68,77,,10,29,24,28,31,42,16,63,45,75,60,70,46,69,41,47,38,61,21,54,76,60,50,64,30,7,24,9,12,36,66,62,68,,61,89,75,90,68,65,90,67,74,65,79,14,18,10,,69,63,20,,68,95,94,87,103,,111,82,97,,60,,72,58,58,30,84,86,82,,,,88,,95,,74,68,62,,75,61,86,93,93,,91,,16,15,24,10,55,64,,87,92,93,110,131,96,,82,,,111,64,54,57,95,66,61,72,58,38,75,60,54,110,78,77,81,87,100,53,49,49,37,36,48,98,88,82,102,104,,103,122,108,116,47,40,33,55,,,,,48,49,,43,29,42,32,39,40,36,53,65,53,63,59,131,140,75,,,,102,92,67,,31,43,,102,93,97,75,77,70,69,81,64,86,90,92,87,,82,84,80,104,88,103,88,83,92,,83,88,,96,103,71,67,92,92,,97,,58,69,69,75,73,99,88,95,95,,,86,92,76,72,94,86,111,108,118,109,47,,46,70,60,44,49,50,73,58,75,,60,46,52,46,80,75,67,53,49,85,82,101,90,,62,3,,58,67,42,58,,,68,94,76,81,73,77,81,81,81,,,74,74,73,68,74,,58,114,98,97,131,114,134,,128,133,97,,,88,68,,124,117,120,,121,,105,111,,,72,59,,,126,136,118,,,57,57,75,73,132,141,142,90,83,98,104,86,58,46,35,41,34,25,17,23,64,70,68,60,,50,41,66,,36,36,78,67,56,71,51,56,60,70,43,70,,,72,78,71,71,79,55,52,54,63,68,65,81,57,67,58,61,64,,,80,62,64,61,76,79,,56,87,105,,95,98,109,,90,96,93,96,97,57,65,56,48,49,47,60,51,89,113,98,,123,83,77,37,106,106,,81,,87,,,,112,100,,65,68,69,,81,,76,61,60,100,99,115,121,101,28,34,12,63,100,44,48,34,120,121,102,107,70,,137,39,59,75,70,72,52,125,118,118,86,112,,,106,,73,85,87,83,47,111,94,97,95,100,116,113,121,117,113,,,117,107,82,100,95,95,96,136,127,140,,90,83,82,,85,84,74,74,,82,77,82,,93,90,90,84,87,105,104,103,99,104,54,59,60,,96,98,98,32,58,,69,46,84,90,96,89,54,49,61,49,25,42,,71,64,62,,69,66,,59,96,106,90,,78,89,70,18,22,92,100,87,104,99,86,65,70,54,66,66,75,67,63,60,70,44,24,29,41,21,77,67,62,84,64,,,63,69,80,26,49,70,58,,14,76,83,11,20,35,8,30,44,44,40,44,41,48,65,69,59,72,88,62,104,104,75,59,54,69,48,79,84,60,54,35,51,,43,46,48,52,46,82,84,84,78,110,112,90,111,131,98,,,44,39,41,,35,20,23,39,33,29,,58,48,60,,,,,87,98,96,92,100,119,111,126,,103,115,128,107,117,119,68,91,109,95,130,,,,,19,16,102,114,119,113,108,,91,123,125,100,124,113,106,111,112,122,106,123,129,122,,142,130,144,128,33,55,83,116,90,,110,,,103,142,,110,110,120,,113,,111,,106,104,69,64,65,60,115,102,109,107,88,91,97,88,,67,67,67,56,76,65,,82,77,77,69,82,82,,92,78,62,51,19,,70,91,107,,120,80,89,130,96,,90,,93,77,,86,61,84,78,81,88,82,78,90,,88,82,77,107,107,103,88,97,103,,,90,89,82,80,,61,77,76,84,89,63,129,85,98,96,88,80,133,,117,14,85,84,41,93,119,,84,,79,103,67,112,129,131,87,23,84,10,66,37,122,35,,,89,66,94,79,,79,82,91,58,,66,71,,,55,,45,108,55,63,66,51,55,72,68,9,59,13,,,65,71,,96,104,87,82,81,116,60,114,140,85,100,100,123,87,84,73,107,62,69,67,72,94,109,73,104,106,110,101,110,95,125,65,2,86,77,104,86,94,88,83,86,112,71,112,51,39,84,73,,60,100,71,,104,21,36,,,60,69,99,92,62,107,57,74,97,69,80,101,87,116,142,78,64,79,,50,62,52,73,61,,79,58,72,45,50,49,31,41,49,62,98,97,108,109,93,85,,59,,39,100,114,67,73,135,137,84,90,70,88,89,60,76,109,49,47,62,107,,64,191,105,95,46,101,87,88,92,11,98,58,109,73,72,78,72,74,87,79,,56,68,62,65,66,54,18,40,31,59,64,64,64,63,75,40,43,59,64,74,89,115,107,74,55,110,97,79,35,38,111,111,67,131,130,127,32,52,86,8,45,54,119,67,54,,66,40,68,100,64,8,111,56,44,137,99,,87,89,94,121,96,57,83,53,24,68,85,34,54,61,35,85,67,71,108,87,84,78,78,80,,84,100,136,102,104,63,59,57,111,145,61,100,64,78,76,88,102,84,50,69,77,78,2,48,90,82,79,88,74,88,,76,63,94,90,60,66,6,72,34,57,41,78,61,80,12,47,46,93,106,35,99,,58,,78,62,113,36,110,105,103,93,101,121,92,,86,84,,77,130,73,71,107,75,62,57,78,65,66,59,106,79,39,52,75,69,,60,,59,80,,12,123,129,123,59,100,108,52,,85,113,103,92,,,105,109,61,87,91,71,78,99,53,76,80,94,84,84,66,78,94,104,98,78,78,96,45,84,,90,74,73,15,48,35,47,75,64,84,76,68,85,85,88,92,12,50,131,110,74,100,73,39,98,75,112,119,40,100,95,,76,76,51,62,52,80,45,63,71,84,78,107,73,94,85,72,,8,46,91,75,94,84,,61,52,52,104,75,55,83,81,81,105,90,104,90,117,97,72,101,112,28,122,79,115,70,67,94,98,92,88,88,98,66,77,90,83,31,74,38,49,61,101,134,127,69,106
20210423,21,O3_24h,107,127,107,102,103,101,113,106,114,129,103,110,,,95,,99,100,104,,100,,90,105,,105,85,,150,141,142,140,144,148,,,111,109,,113,101,114,106,114,,111,,136,135,135,125,112,131,,122,117,147,,142,152,143,102,110,111,113,111,124,118,,117,108,104,107,112,108,,139,135,135,134,142,,136,138,143,147,144,140,,140,142,,,132,140,128,139,104,101,90,,83,86,98,89,91,,99,120,122,139,121,134,,126,128,130,139,77,83,83,93,97,100,115,94,88,59,129,122,119,,128,125,127,117,112,135,144,118,91,93,84,90,101,,100,87,96,80,149,144,152,147,134,133,168,150,155,93,,93,82,89,94,103,105,90,86,92,88,86,61,,,,107,119,,114,118,110,,,,123,,123,100,105,124,117,123,117,125,129,,,,138,128,,109,109,117,100,104,,98,122,126,123,108,125,99,108,,110,,132,123,,126,125,,148,111,127,,122,152,123,109,54,100,68,,,84,75,84,114,117,124,106,,125,,,141,,118,122,,104,148,151,81,93,76,,158,150,158,152,162,138,135,134,136,116,130,143,129,142,135,123,137,134,130,,107,110,114,119,197,141,131,123,114,126,,122,117,120,,139,96,106,102,,99,108,101,107,119,,,86,85,99,95,88,91,118,120,118,121,114,116,122,116,118,127,104,100,123,93,103,104,,109,121,149,143,150,151,165,134,152,169,142,121,254,258,,254,246,279,266,253,253,228,271,154,187,110,154,165,223,,156,139,162,220,123,138,160,145,215,211,238,230,,174,189,215,204,193,199,202,198,163,155,176,,,264,288,267,218,195,268,235,206,138,159,162,168,102,105,112,103,100,97,80,87,88,83,109,121,99,101,,52,58,77,62,70,80,77,,,72,66,63,59,90,,220,210,210,189,,,225,,123,106,124,129,120,97,118,123,125,,166,149,151,145,138,138,141,148,137,126,143,159,73,59,71,60,47,56,72,59,,74,69,60,67,,125,102,69,76,,,,127,118,,,,116,108,90,75,93,88,86,,96,156,84,160,160,144,136,138,116,130,142,124,100,165,100,146,,145,143,150,149,159,151,157,162,143,,99,97,105,109,114,116,111,95,98,96,105,94,98,106,158,140,128,148,,84,,103,108,102,100,134,,107,100,,,118,104,100,78,,90,91,70,,114,126,119,104,100,115,117,112,126,121,,,,83,,86,75,,75,93,93,90,86,88,87,125,127,123,,105,,,200,,200,158,196,118,124,111,123,114,,88,72,78,76,94,78,66,145,143,116,114,141,129,170,147,169,140,140,139,114,,116,304,278,,160,163,,189,183,181,161,120,,115,150,,,104,106,,137,,141,135,147,130,128,177,,129,136,,125,119,,125,,154,145,147,,150,157,109,105,116,,112,85,108,112,92,111,85,90,91,97,86,99,86,131,112,113,127,119,129,87,97,88,90,90,88,86,100,83,90,96,126,119,122,,118,158,145,155,136,164,121,144,158,131,146,102,101,98,,115,119,126,,142,119,119,107,113,,124,105,107,,95,,99,98,111,84,131,136,133,,,,114,,112,,98,101,97,,115,109,113,119,120,,119,,48,66,63,78,113,118,,131,128,140,126,166,139,,103,,,113,65,57,70,111,104,128,146,111,90,99,89,91,120,114,102,109,117,113,58,60,194,98,100,92,170,164,151,169,171,,141,147,141,145,102,104,117,101,,,,,117,121,,125,76,75,68,77,87,73,97,103,94,106,82,172,179,79,,,,105,96,89,,124,123,,126,93,97,75,77,70,69,81,64,93,99,99,89,,137,141,83,133,130,138,132,88,99,,88,95,102,100,114,79,74,97,97,,97,,97,100,100,87,86,110,102,95,95,,,95,102,77,74,123,109,124,125,137,131,150,,116,145,139,77,87,91,82,70,120,,138,113,108,107,115,128,122,119,131,108,104,101,98,,86,82,,142,122,81,96,,,114,110,103,106,103,125,128,122,130,,,154,122,126,116,115,,112,163,153,144,162,161,142,,137,141,134,,,129,126,,144,141,131,,139,,140,141,,,120,84,,,158,167,140,,,104,99,101,122,134,141,142,116,91,105,115,105,95,106,101,100,101,100,98,105,94,97,94,87,,97,98,107,,124,122,145,134,96,116,106,96,120,123,127,129,,,111,162,154,144,153,147,136,126,127,120,128,109,106,133,118,111,158,,,117,93,95,87,105,109,,86,124,135,,133,139,137,,137,133,138,135,141,103,122,105,98,116,112,76,95,101,117,103,,123,113,106,79,149,142,,138,,135,,,,139,141,148,133,129,131,,104,,108,120,109,134,137,118,134,128,117,124,124,123,100,121,112,115,126,124,127,127,112,,137,89,84,98,88,91,128,146,135,133,120,158,138,138,142,,114,118,117,119,112,111,107,124,116,116,132,121,132,132,143,,,143,144,115,118,113,111,118,136,127,145,,127,128,127,,95,102,108,120,,121,116,124,,137,127,124,117,126,110,112,105,110,114,105,114,115,,116,121,119,99,86,,94,96,90,90,98,89,77,81,79,78,111,98,,78,77,77,,101,102,,113,112,119,126,,97,108,102,58,34,129,128,122,127,129,132,95,113,104,101,103,107,89,100,93,94,114,116,114,118,116,115,104,99,101,97,94,97,86,94,99,90,65,82,82,91,51,88,88,132,118,126,130,62,68,65,86,105,79,123,120,125,121,113,109,100,114,114,120,119,92,97,99,119,116,113,113,44,51,,49,96,104,108,107,129,131,132,134,145,156,148,145,162,163,,,97,82,80,,77,61,55,67,50,34,,133,68,103,,,,,122,133,129,125,136,132,139,134,,107,126,151,132,142,149,145,118,138,111,169,,,,,66,64,172,180,156,150,112,,106,140,142,147,144,140,135,138,160,170,129,141,140,138,,151,149,152,133,190,198,124,141,180,,130,,,125,145,,130,137,129,,142,,118,,118,112,76,72,77,62,142,125,132,127,88,91,97,154,,72,83,74,85,93,137,,121,114,77,69,95,97,,92,78,92,94,107,,81,103,120,,128,130,120,147,116,97,120,,122,91,,98,89,104,93,93,101,86,87,92,,97,83,80,111,111,109,103,102,108,,,99,96,90,88,,67,82,77,92,133,163,131,234,113,110,103,143,141,,139,86,137,119,80,124,153,,129,,79,103,214,112,145,151,94,85,133,90,97,87,167,93,,,121,170,123,98,,110,109,124,121,,129,105,,,72,128,118,108,112,119,80,102,67,135,75,68,92,92,123,,99,111,,249,170,159,167,92,156,103,114,152,121,168,128,146,106,109,113,132,99,77,87,76,112,114,110,137,144,145,133,141,113,155,119,61,130,175,166,106,109,113,135,112,157,106,148,103,110,89,106,,110,106,81,,127,42,36,,,88,132,108,118,122,113,115,112,98,146,121,131,140,141,142,112,171,95,,100,85,93,110,112,,84,89,81,114,104,70,113,112,88,85,136,133,150,143,135,118,,114,,142,100,114,128,98,280,333,205,248,206,223,231,185,194,165,114,163,137,248,,120,202,266,218,136,102,107,104,102,101,128,111,136,135,102,99,100,103,136,125,,106,95,106,130,116,114,36,58,91,74,133,103,108,86,76,42,69,207,213,201,162,166,107,76,121,110,130,79,105,110,115,113,100,158,166,165,97,121,118,118,79,115,134,90,109,,123,80,123,113,115,124,136,112,100,150,121,,87,111,114,144,144,144,136,129,122,136,120,118,122,127,102,98,76,109,108,97,93,85,88,88,,278,142,136,265,202,134,150,82,186,153,111,190,277,162,103,123,111,114,103,102,130,137,97,109,138,132,118,122,110,129,,103,94,129,125,114,138,7,72,99,64,100,179,143,170,121,107,103,100,106,111,103,,83,,80,88,132,72,113,105,103,108,114,126,125,,104,136,,81,131,179,162,143,173,125,112,97,111,117,112,177,105,95,58,83,85,,85,,125,81,,36,148,141,151,109,106,122,117,,106,140,132,124,,,134,157,118,148,162,104,109,117,113,132,146,124,116,108,106,113,109,118,116,102,116,125,111,109,,131,135,121,42,89,56,102,82,74,86,85,100,90,92,103,105,44,50,133,145,128,141,174,137,160,220,250,321,117,121,121,,110,125,88,93,134,144,124,94,71,92,79,107,100,120,100,99,121,66,115,130,124,138,147,,111,88,79,111,134,127,130,133,114,122,103,124,108,138,190,82,103,142,124,124,99,134,112,107,132,118,104,111,139,146,139,138,138,115,116,114,118,99,94,134,146,128,160,106
20210423,21,O3_8h,103,112,104,98,98,99,106,103,105,113,99,100,,,86,,92,92,96,,86,,74,102,,94,81,,123,118,119,110,124,127,,,100,101,,101,89,102,82,90,,91,,117,117,118,112,102,117,,111,103,133,,129,136,128,92,100,100,107,95,114,107,,109,103,100,103,101,97,,118,116,116,114,136,,128,134,138,141,139,135,,126,131,,,116,128,116,127,90,66,50,,60,42,63,52,59,,72,111,102,133,112,131,,118,109,116,118,59,48,59,52,66,72,86,63,51,39,112,94,101,,97,98,102,98,94,104,127,92,68,70,66,70,75,,77,65,73,64,108,118,117,118,107,95,138,125,122,64,,62,52,64,65,72,66,78,73,79,75,76,56,,,,88,97,,91,92,83,,,,112,,92,78,81,94,82,85,96,97,101,,,,110,94,,90,93,102,85,87,,83,99,97,95,88,96,90,97,,97,,97,91,,99,88,,120,80,98,,101,124,94,76,30,81,46,,,64,67,73,98,96,85,91,,102,,,103,,106,100,,93,114,109,68,76,68,,129,124,124,121,123,117,112,109,123,108,120,127,118,125,117,95,114,121,122,,98,104,100,110,139,105,99,112,106,113,,115,114,97,,128,80,90,86,,85,90,86,88,89,,,46,46,61,45,46,55,105,108,106,109,96,101,108,103,103,98,90,87,89,74,85,89,,95,104,113,116,118,114,124,114,116,125,110,112,213,216,,206,193,224,227,212,205,191,223,119,145,83,103,120,153,,123,122,121,162,86,105,122,112,174,169,191,176,,145,144,165,161,150,162,164,142,122,112,129,,,187,200,186,172,151,197,149,132,105,132,132,137,80,79,82,80,80,74,62,66,70,50,78,76,67,85,,44,44,42,36,37,49,52,,,46,46,37,40,56,,149,146,156,133,,,154,,113,96,116,120,111,80,104,112,116,,149,144,142,134,132,130,130,135,126,116,126,140,67,51,64,52,41,48,63,50,,64,61,52,55,,73,95,60,64,,,,116,109,,,,104,97,83,72,89,82,80,,94,124,,129,128,115,112,122,102,101,116,117,78,122,93,138,,136,131,142,138,148,144,145,153,135,,69,74,78,88,82,84,80,78,73,65,88,81,86,88,114,107,113,104,,66,,77,77,76,70,106,,98,82,,,108,96,92,68,,66,72,66,,94,88,96,86,79,100,101,102,112,111,,,,64,,66,62,,59,77,72,67,70,73,74,87,118,107,,92,,,143,,140,116,159,105,110,96,108,92,,64,60,64,62,63,64,54,91,84,73,104,109,108,154,137,155,121,127,130,89,,83,230,211,,118,119,,107,115,113,99,97,,96,145,,,88,87,,124,,130,126,137,118,117,131,,126,129,,108,97,,102,,137,134,133,,137,142,89,77,98,,50,58,56,54,48,57,43,70,68,87,72,90,64,81,70,73,64,75,60,72,88,73,70,79,52,46,48,49,43,63,72,70,75,,71,122,103,118,103,121,110,120,135,109,120,68,68,63,,91,98,76,,110,111,111,101,108,,116,64,96,,68,,80,76,79,59,113,119,116,,,,103,,101,,89,90,81,,100,93,104,94,96,,93,,31,29,42,47,93,99,,112,113,115,120,148,123,,87,,,111,62,55,60,87,84,100,116,90,69,86,74,71,114,102,93,98,105,105,54,52,67,64,68,54,131,127,118,133,134,,113,134,124,133,79,85,77,84,,,,,90,92,,90,25,45,26,43,42,35,77,83,75,89,72,156,160,73,,,,99,92,74,,98,101,,111,69,73,50,53,49,48,55,43,88,92,93,85,,86,87,81,123,114,123,110,85,96,,83,90,95,94,108,64,60,82,82,,64,,61,63,63,77,73,92,83,78,79,,,65,75,62,62,104,94,112,112,118,108,95,,80,102,97,57,61,69,66,58,85,,106,84,82,86,93,108,104,91,109,102,96,98,93,,65,58,,109,99,67,81,,,104,100,89,95,92,90,108,105,109,,,110,90,91,85,86,,80,143,132,108,147,142,138,,132,137,114,,,100,82,,131,122,128,,132,,111,124,,,92,77,,,145,156,133,,,80,80,92,95,131,126,137,94,82,98,95,91,70,53,53,55,72,54,57,60,82,83,81,76,,76,77,84,,82,96,107,98,82,102,86,86,96,101,93,101,,,94,103,95,94,97,97,88,97,97,71,70,78,67,89,81,78,86,,,98,62,64,62,88,92,,74,110,117,,119,122,126,,118,116,122,119,121,85,102,87,86,95,93,70,82,94,109,96,,108,102,94,70,132,126,,117,,117,,,,130,129,135,111,103,95,,95,,93,98,90,105,108,110,123,101,82,89,76,98,94,88,83,83,113,115,116,114,102,,117,74,69,82,71,76,103,136,126,125,109,138,125,132,130,,97,102,105,103,88,106,98,105,100,101,127,118,126,125,132,,,132,132,102,109,104,103,109,121,118,132,,114,112,112,,90,96,93,98,,103,97,108,,118,114,113,104,112,98,100,99,94,100,82,88,90,,108,110,110,76,65,,83,72,83,82,88,77,62,62,64,57,89,77,,66,62,66,,86,86,,97,100,113,113,,84,97,91,21,22,110,115,108,114,115,111,83,91,81,85,85,98,81,88,84,84,80,84,84,87,84,97,91,84,92,84,87,93,79,84,91,69,59,78,74,89,35,81,78,94,85,95,91,44,58,55,66,79,68,94,102,104,98,96,100,90,108,109,102,100,84,88,89,102,102,92,93,29,46,,43,72,70,76,67,94,105,106,105,135,139,125,132,154,143,,,41,44,41,,39,26,25,42,16,28,,104,54,74,,,,,111,119,110,110,121,123,120,126,,104,122,139,121,132,135,126,109,124,101,148,,,,,45,32,153,159,142,134,109,,97,131,132,137,138,117,112,115,149,158,122,128,136,133,,147,140,146,130,136,141,106,120,138,,124,,,109,139,,124,129,123,,127,,114,,106,106,68,64,64,60,128,117,121,116,82,86,86,119,,69,74,60,64,70,82,,85,78,65,61,88,89,,84,72,81,76,61,,70,83,112,,119,107,106,139,106,85,110,,112,86,,92,69,81,74,88,95,82,84,86,,94,81,76,109,108,100,91,97,100,,,95,94,88,80,,63,79,74,88,119,104,127,189,108,103,98,120,137,,130,53,119,99,70,111,129,,113,,60,85,150,107,140,145,89,46,108,50,77,38,143,52,,,112,98,108,92,,98,97,107,102,,92,91,,,63,112,94,93,91,98,69,82,54,109,63,42,70,56,105,,89,95,,204,123,130,117,84,126,78,100,146,89,129,117,116,96,99,98,122,82,60,81,56,106,104,87,124,130,132,122,124,106,141,102,31,112,138,146,91,92,103,115,98,141,85,134,88,78,80,94,,88,97,58,,109,27,21,,,70,109,96,110,86,109,94,98,82,85,106,117,114,133,124,99,112,88,,80,70,73,95,92,,81,62,74,80,67,58,80,84,68,70,120,121,139,119,122,103,,89,,86,93,96,107,87,219,260,172,193,156,167,159,137,146,142,74,111,107,151,,84,185,186,117,113,99,99,98,98,79,115,90,125,108,94,93,89,88,115,104,,87,83,60,71,66,90,24,51,38,66,104,73,83,78,72,38,35,144,150,158,130,141,79,68,90,101,116,58,74,82,108,106,81,145,153,150,65,96,94,47,60,95,123,76,85,,102,60,103,105,88,85,119,96,80,135,110,,67,104,103,137,129,111,111,103,69,108,104,79,94,104,64,86,70,92,101,92,89,82,83,84,,207,104,108,201,149,94,108,60,150,136,82,153,202,128,93,105,99,103,77,94,110,116,64,90,122,112,103,106,94,117,,87,82,117,110,69,113,6,68,68,59,75,142,115,148,76,70,71,94,91,80,99,,60,,72,64,118,57,107,86,83,98,103,120,110,,83,122,,78,116,106,108,114,118,103,94,90,98,100,89,155,92,59,50,78,74,,70,,78,68,,14,136,136,143,95,95,109,96,,97,131,122,115,,,122,142,95,118,135,93,100,105,95,113,120,110,101,96,89,96,103,112,108,94,100,110,88,92,,118,113,94,28,74,44,50,79,66,78,81,80,86,90,94,97,32,43,132,122,90,111,140,98,102,143,174,206,92,110,109,,97,102,66,72,94,119,92,44,41,75,68,100,86,110,94,86,112,39,82,116,100,114,119,,71,80,68,102,90,95,113,96,100,114,97,115,104,129,143,67,90,132,75,118,87,124,99,96,116,108,98,99,123,130,109,115,121,89,80,91,81,72,77,119,132,123,123,91
20210423,21,O3_8h_24h,104,115,105,99,99,99,107,103,108,116,100,102,,,87,,94,94,98,,93,,81,102,,101,81,,132,128,128,122,132,135,,,106,105,,108,96,104,106,108,,104,,122,121,122,116,104,121,,114,107,135,,129,137,131,98,104,107,111,107,114,110,,110,103,100,103,102,98,,127,125,125,122,136,,128,134,138,141,139,135,,134,136,,,126,135,122,133,98,90,68,,70,63,84,70,90,,80,113,118,135,117,131,,122,121,121,120,65,70,73,76,84,87,104,76,81,52,123,111,110,,118,118,125,114,105,124,135,108,74,74,68,72,88,,81,70,82,69,113,123,126,123,110,106,146,130,124,74,,76,60,75,75,84,85,78,73,79,75,76,56,,,,95,104,,102,104,93,,,,118,,102,84,88,105,90,96,106,106,118,,,,123,114,,95,96,105,96,97,,93,110,109,108,95,108,90,97,,97,,115,108,,99,93,,120,85,98,,101,126,94,83,43,81,52,,,72,67,73,103,100,87,95,,102,,,110,,106,100,,93,116,113,68,76,68,,130,125,125,122,125,117,112,112,123,110,122,132,120,130,123,104,120,122,122,,98,104,105,114,158,120,104,113,106,114,,116,114,102,,128,90,96,91,,90,97,95,88,107,,,80,75,97,94,82,68,110,112,110,112,104,108,111,106,107,102,93,93,93,83,88,90,,100,107,113,116,118,116,124,114,118,125,110,112,223,223,,224,211,244,237,223,222,200,239,128,155,90,118,144,172,,136,124,134,185,96,114,135,125,178,176,198,193,,149,150,178,171,160,175,186,164,144,124,156,,,207,219,214,193,173,222,189,159,112,135,134,142,87,87,90,87,87,82,69,77,77,63,89,94,79,87,,44,53,61,53,44,67,64,,,60,58,42,47,69,,162,158,163,144,,,164,,116,102,119,124,115,97,113,117,119,,155,148,147,139,135,135,130,135,126,116,128,140,67,51,64,52,41,48,63,50,,64,61,52,55,,92,97,61,66,,,,118,111,,,,108,99,83,72,89,82,80,,94,125,71,131,131,116,113,124,107,104,118,118,92,125,93,140,,140,134,144,143,149,145,146,154,137,,85,82,88,101,98,95,103,91,90,80,93,88,91,99,128,120,119,118,,78,,81,82,78,82,106,,98,82,,,108,96,92,78,,77,78,70,,97,104,102,100,90,104,106,104,114,112,,,,64,,69,69,,65,83,82,76,77,81,81,120,119,113,,92,,,157,,154,130,164,108,110,101,111,96,,74,66,72,72,75,72,60,108,105,90,105,112,112,158,139,158,123,127,130,94,,92,251,223,,135,134,,140,145,144,119,104,,101,147,,,96,96,,133,,136,131,143,123,117,131,,126,129,,118,110,,112,,138,135,134,,138,142,101,100,102,,73,76,68,98,86,89,70,77,79,90,77,95,65,111,102,98,98,86,85,79,91,78,77,82,77,74,84,76,77,81,108,95,100,,101,138,129,137,120,146,117,136,151,123,136,89,88,87,,97,108,100,,114,111,112,102,108,,116,64,103,,78,,85,82,88,75,118,121,118,,,,108,,104,,90,92,88,,108,99,104,108,108,,106,,40,47,46,58,104,110,,118,116,120,120,152,127,,91,,,111,62,55,62,108,86,103,120,101,78,89,79,79,114,105,94,100,107,105,55,55,96,78,80,63,140,136,130,138,140,,127,142,135,140,85,90,90,89,,,,,106,103,,107,71,75,68,76,87,68,84,87,80,99,75,164,168,73,,,,99,92,74,,109,108,,112,69,73,50,53,49,48,55,43,88,92,93,85,,121,111,81,126,120,129,123,86,96,,83,90,99,94,108,64,60,91,91,,89,,72,79,79,77,73,106,98,78,82,,,90,95,77,72,112,102,118,121,134,128,102,,87,116,115,64,72,80,69,61,96,,112,93,95,97,100,112,108,101,120,103,96,98,93,,65,63,,114,103,68,81,,,107,107,98,102,100,116,120,114,120,,,129,119,119,111,101,,102,149,139,121,150,148,138,,132,137,122,,,115,122,,133,124,129,,132,,124,134,,,107,82,,,145,156,137,,,93,94,94,95,133,127,137,99,83,98,112,92,82,78,68,62,92,76,76,84,88,88,90,82,,92,94,89,,107,101,125,119,90,109,95,92,111,113,117,119,,,108,142,128,119,118,124,113,121,122,112,119,91,94,107,102,96,107,,,110,84,71,81,92,96,,84,118,125,,127,130,131,,127,126,134,128,132,96,115,98,89,100,99,70,84,94,109,96,,108,109,99,75,139,131,,128,,125,,,,132,133,138,126,119,118,,95,,94,103,96,112,114,111,124,108,109,114,111,114,94,107,104,104,115,115,119,117,106,,117,82,74,86,76,80,109,136,127,125,111,138,125,132,137,,103,109,109,109,98,106,100,109,103,104,128,118,126,126,133,,,133,134,107,109,104,103,109,121,118,132,,116,116,116,,91,97,96,103,,108,102,116,,127,122,121,113,122,101,104,100,99,105,97,104,105,,113,116,116,76,65,,83,72,87,82,88,82,70,70,67,63,94,80,,66,76,68,,90,92,,98,100,113,113,,87,99,96,40,25,110,115,108,114,115,112,86,96,89,91,90,101,86,96,91,90,84,91,89,90,88,97,94,84,94,86,87,93,79,85,91,81,63,81,77,89,43,83,79,114,101,105,110,53,65,59,74,88,74,102,110,111,109,103,103,96,108,109,107,109,89,92,94,105,103,99,102,29,46,,43,89,98,108,107,106,114,115,117,138,146,137,134,156,152,,,90,73,77,,62,27,38,51,42,28,,109,68,76,,,,,116,123,112,115,125,123,124,126,,104,124,145,128,137,141,138,113,124,103,149,,,,,63,57,159,163,145,137,109,,97,135,135,144,140,134,128,133,154,164,125,130,138,136,,147,140,146,130,158,173,115,132,150,,126,,,116,139,,125,131,123,,128,,114,,109,107,76,64,70,60,131,118,121,116,86,86,86,119,,70,78,74,74,93,99,,106,107,65,66,90,93,,84,72,83,81,88,,70,84,112,,119,108,108,139,107,94,113,,117,86,,92,77,81,74,88,95,82,84,86,,94,81,76,109,108,106,102,100,106,,,95,94,88,80,,63,79,74,88,129,124,127,197,110,104,98,130,137,,130,76,128,104,71,114,129,,122,,62,85,160,107,142,148,89,83,123,75,89,78,143,72,,,113,128,108,94,,101,102,115,103,,111,100,,,64,118,110,93,98,106,69,82,54,122,63,53,79,71,112,,92,102,,222,143,141,135,90,135,94,100,146,109,129,118,116,98,101,101,125,93,72,84,69,106,104,97,128,136,138,126,126,107,142,112,41,120,146,156,93,94,105,118,104,147,85,136,92,95,80,96,,101,97,62,,118,28,36,,,71,119,98,110,102,109,104,104,82,106,115,119,122,136,124,106,144,88,,88,71,82,100,99,,81,68,74,92,74,60,90,90,72,70,124,128,143,128,132,104,,99,,92,93,96,118,91,227,266,178,198,174,185,177,150,156,151,96,135,114,194,,97,185,206,153,134,99,100,98,98,93,121,102,127,125,96,94,90,91,125,114,,93,87,106,114,116,106,26,52,90,70,104,90,91,82,72,38,57,153,158,170,141,146,99,71,102,101,120,61,81,86,108,106,88,149,159,156,81,117,99,72,68,96,123,81,94,,104,73,109,106,90,95,119,101,85,135,110,,68,106,106,138,137,116,116,112,76,123,106,94,110,114,80,86,70,103,101,92,89,82,83,85,,228,114,108,226,168,110,121,73,155,136,95,178,224,135,98,112,100,105,98,99,117,126,89,98,131,122,105,110,104,120,,91,87,125,120,113,129,6,68,76,59,91,151,128,155,98,83,82,94,91,89,99,,77,,73,79,127,68,107,86,83,98,103,120,115,,91,131,,78,116,139,131,126,139,106,102,93,103,104,99,160,93,77,54,79,77,,71,,84,75,,32,141,138,147,96,95,109,102,,100,135,126,120,,,122,147,108,132,138,97,105,109,106,120,123,114,107,100,97,104,105,114,110,97,107,113,106,92,,120,125,114,37,82,48,76,79,66,78,81,83,88,92,103,104,36,43,132,122,121,132,146,114,125,164,185,237,103,113,109,,99,113,75,79,122,131,104,91,68,75,74,100,93,114,94,87,112,60,87,118,100,114,119,,90,87,72,106,126,111,117,127,102,116,97,116,105,133,155,74,97,134,112,118,87,124,105,102,118,112,100,104,132,138,114,124,122,107,108,104,110,73,83,127,132,126,134,91
20210423,21,CO,0.4,0.4,0.5,0.4,0.5,0.5,0.4,0.6,0.4,0.5,0.4,0.5,,,0.8,,0.9,0.7,0.8,,0.8,,0.5,0.8,,0.5,0.6,,0.6,0.6,0.5,0.6,0.7,0.4,,,0.7,0.6,,0.5,0.9,0.6,0.4,0.6,,0.5,,0.6,0.4,0.6,0.4,0.5,,,0.4,0.3,0.5,,0.6,0.7,0.4,0.7,0.6,0.6,0.6,0.4,0.3,0.4,,0.3,0.4,0.5,0.6,0.3,0.4,,0.6,0.5,0.4,0.1,0.6,,0.6,0.6,0.6,0.7,0.5,0.6,,0.5,0.5,,,0.6,0.5,0.5,0.7,0.7,1.2,1.1,,0.8,0.9,0.9,0.9,1,,0.7,0.4,0.6,0.9,0.8,0.5,,0.5,0.6,0.8,0.6,0.8,1,0.8,0.8,0.6,0.5,0.8,0.6,0.8,0.7,0.6,1.1,0.5,,0.6,1,0.9,0.7,0.1,0.9,0.7,0.9,1,0.9,0.7,0.9,0.7,,0.9,0.6,0.7,0.9,1,0.9,0.5,1.2,1.1,0.9,1,1,0.9,1.4,,1.8,1.8,1.5,1.5,1.8,1.7,0.5,0.7,0.7,0.8,0.7,1.1,,,,0.9,0.8,,0.8,0.9,1,,,,0.8,,1,1.1,1.2,1,1.1,1.3,1.2,1.2,1.3,,,,1,1.1,,0.8,0.8,0.9,0.6,0.4,,0.9,0.8,1,0.9,0.9,0.9,0.6,0.5,,0.7,,0.9,0.8,,1,0.7,,1,1.1,1,,0.9,,1.1,0.9,0.7,1,0.5,,,0.8,0.7,0.8,0.7,0.7,0.6,0.7,,1.1,,,0.9,,1.2,1.1,,1.1,1,0.8,0.4,0.4,0.5,,1,0.9,1,0.8,0.8,0.7,0.8,0.8,0.4,0.5,0.5,0.6,0.6,0.5,0.5,0.4,0.5,0.6,0.5,,0.8,0.7,0.7,0.7,0.4,0.4,0.5,1.1,1,0.7,,0.8,,1,,0.8,0.3,0.3,0.4,,0.2,0.3,0.4,0.4,0.2,,,0.2,0.5,0.5,0.4,0.5,0.4,0.8,0.8,0.7,0.7,0.7,0.6,1,0.8,0.5,1,0.8,0.7,0.9,0.7,0.8,0.8,,0.7,0.7,1.1,1.2,,0.8,1,1,0.9,0.9,1.1,0.9,1.1,1.1,,0.7,0.6,0.8,1,0.9,0.8,0.8,0.7,0.7,0.7,0.7,0.7,0.5,0.8,,0.6,0.7,0.6,0.8,,0.6,0.2,0.8,0.8,0.8,0.7,0.7,,0.5,1,0.9,0.6,0.6,0.3,0.4,0.9,0.6,0.4,0.7,,,0.7,0.7,0.7,0.6,0.6,0.6,0.6,0.4,0.8,0.6,0.4,0.5,0.6,0.7,0.5,0.6,0.2,0.5,0.7,0.4,0.4,0.6,0.6,0.5,0.5,0.8,,0.6,0.8,1,1.2,0.9,1.1,0.3,,,0.9,0.7,0.4,0.9,1.3,,0.7,0.6,0.6,0.6,,,0.5,,0.6,0.6,0.6,0.7,0.7,0.7,0.7,0.6,0.7,,0.5,1.1,0.6,0.3,0.6,0.8,0.5,0.6,0.5,0.4,0.8,0.5,0.7,1,0.7,0.8,0.9,0.8,0.8,1,,0.6,0.7,0.9,0.8,,0.6,1,0.6,0.5,,,,0.3,0.6,,,,0.4,,0.4,0.4,0.4,0.5,0.3,,0.4,0.9,0.6,0.9,1,0.9,0.7,0.8,0.9,1.1,1,0.7,0.6,1,0.5,0.8,,0.5,0.6,0.7,0.6,1,0.9,0.8,0.8,0.9,,1.7,1.8,1.4,0.8,0.7,0.6,0.7,1,0.9,0.9,0.7,0.6,0.8,0.7,0.5,0.5,0.5,0.4,,0.7,,0.8,1.1,1,1.1,0.6,,0.7,0.3,,,0.7,0.7,1.1,0.2,,0.5,0.4,0.6,,0.7,0.4,0.6,0.8,0.7,0.6,0.4,0.4,0.6,0.4,,,,0.6,,0.2,0.8,,0.8,0.5,0.6,0.7,0.9,0.8,0.8,0.4,0.3,0.4,,0.6,,,0.7,,1,0.3,0.8,0.2,0.5,0.5,0.5,0.5,,0.6,0.5,0.6,0.6,0.5,0.5,0.4,0.6,0.6,0.4,0.6,0.6,0.6,0.7,0.6,0.5,0.6,0.7,0.6,0.5,,0.6,1,1.4,,0.6,0.7,,0.8,0.6,0.7,0.6,0.6,,0.6,0.7,,,0.4,0.5,,0.8,,0.8,0.5,0.5,0.7,0.7,1.1,,0.7,1,,1.4,0.9,,0.9,,0.7,0.6,0.6,,0.7,0.7,0.5,0.3,0.3,,1.1,1.1,1.3,1.1,1,0.8,0.5,0.6,0.6,0.6,0.6,0.7,2,0.7,0.4,0.8,0.9,0.5,0.4,0.9,0.9,0.9,1,0.9,1,1.1,0.9,1.1,1.1,0.7,0.5,0.5,0.3,,0.2,0.5,0.5,0.4,0.4,1,0.5,0.3,0.3,0.2,,0.8,0.8,1,,0.9,0.7,1,,0.7,0.8,0.7,0.3,0.7,,1.2,0.4,0.8,,1.1,,1,0.9,0.8,1.2,0.5,0.2,0.6,,,,0.6,,0.6,,0.9,0.8,1,,0.5,0.9,0.8,1,1,,0.9,,0.9,1.1,0.8,0.9,0.7,0.7,,1,1.1,1,0.8,0.9,1,,1,,,0.8,0.5,0.9,0.8,0.5,1,1,1,1,0.6,0.5,0.5,0.6,0.6,1,0.6,0.9,1,0.6,0.5,0.4,0.8,0.6,0.8,0.6,0.7,0.8,0.9,0.7,0.6,,1.8,0.1,0.2,0.3,0.7,0.9,0.8,0.7,,,,,0.6,0.5,,0.5,1.1,0.9,0.7,0.6,0.6,0.7,0.7,0.6,0.6,0.7,0.4,0.4,0.4,0.8,,,,0.5,0.7,0.9,,0.9,1.1,,0.8,0.8,0.7,0.9,0.8,0.9,1.4,0.8,0.8,0.7,0.7,0.7,0.7,,0.5,0.5,0.3,0.5,1.7,0.4,0.4,0.3,0.4,,0.4,0.4,0.2,0.2,0.3,0.4,0.6,0.2,0.2,,0.5,,0.6,0.5,0.5,0.6,0.5,0.5,0.3,0.2,0.3,,,0.4,0.4,0.4,0.6,0.4,0.5,0.5,0.6,0.5,0.6,1.2,,1.3,0.7,0.7,0.9,0.8,1.1,1,1.7,0.6,,0.9,1,1.2,1,1.3,1.2,1.1,1.2,1.1,1.3,1.3,1,0.6,,1.1,1.1,,0.9,0.9,0.9,1.2,,,0.9,0.4,0.3,0.5,0.3,0.8,0.6,0.8,0.8,,,0.3,1.1,1.1,1.2,1.1,,1.3,0.6,0.6,0.8,0.6,0.6,0.5,,0.4,0.6,0.8,,,0.7,0.8,,0.9,0.6,0.3,,0.4,,0.8,0.7,,,0.2,0.5,,,0.8,0.7,0.3,,,0.3,0.3,0.2,0.1,0.5,0.4,0.3,0.5,0.7,0.5,0.7,0.5,1.2,0.8,0.7,0.7,1.2,0.9,1,0.9,0.8,0.6,0.7,0.6,,0.5,0.7,1.3,,1.2,0.9,0.5,0.7,0.8,0.5,0.4,0.2,0.5,0.8,0.6,0.8,,,0.6,0.3,0.3,0.1,0.3,0.4,0.3,0.3,0.2,0.3,0.4,0.4,,0.3,0.5,0.6,0.4,,,0.6,0.2,0.3,0.2,0.5,0.5,,0.4,0.4,0.7,,0.6,0.8,0.6,,0.5,0.6,0.7,0.5,0.5,0.7,0.8,0.8,1,0.7,0.9,0.8,0.6,0.8,0.5,0.4,,0.5,0.7,0.6,1,0.6,0.9,,0.7,,0.6,,,,0.6,0.5,0.6,0.6,0.6,0.6,,0.8,,0.7,0.8,0.8,0.6,0.5,0.4,0.8,0.7,0.6,0.7,0.7,0.4,0.3,0.9,0.7,0.7,0.6,0.5,0.4,0.5,0.5,,0.3,0.6,1.3,0.7,0.8,0.6,1,0.9,1,0.8,2.5,0.6,0.6,0.1,1.1,,0.5,0.6,0.4,0.5,0.6,0.9,0.4,0.6,1.6,1.2,0.8,0.9,0.9,0.6,0.8,,,0.7,0.8,0.6,0.7,0.7,0.7,0.8,0.8,1,0.8,,0.5,0.5,0.2,,0.6,0.6,0.7,0.8,,0.8,0.6,0.8,,0.7,0.6,0.6,0.6,0.7,0.8,0.9,0.8,0.8,0.8,0.7,0.7,0.7,,0.5,0.4,0.5,1.4,1.2,,1.2,1.2,0.6,0.7,0.8,0.5,0.8,0.8,0.9,0.9,1.1,1,,0.4,0.6,0.6,,1,0.9,,0.8,0.7,0.6,0.7,,0.9,0.6,0.4,0.9,1.2,1,0.9,1.3,0.9,1.2,1.3,0.8,0.8,0.7,0.6,0.8,1.5,1,1.7,1.2,1.1,1,1.1,1.1,0.8,1.2,1,1,1.1,1,1.2,1,0.6,0.9,1,1,0.9,0.7,0.8,1.6,0.7,0.5,0.8,0.8,2,0.9,1.3,1.2,0.8,0.6,0.5,1.1,1.4,0.7,0.8,0.6,0.7,0.8,0.7,0.9,0.8,0.9,0.8,0.7,0.7,0.6,0.5,0.6,0.8,0.6,0.6,0.5,0.4,0.7,,0.6,0.5,0.6,0.4,0.4,0.5,0.8,0.8,0.8,0.9,0.7,0.8,0.6,0.6,0.7,,,0.8,0.6,0.7,,0.8,0.3,0.8,0.9,1.2,1.5,,0.6,0.6,0.5,,,,,0.6,0.6,0.7,0.5,0.6,0.5,0.4,0.4,,0.5,0.5,0.4,0.8,0.5,0.5,0.7,1,0.6,0.7,0.5,,,,,0.3,0.5,0.6,0.5,0.4,0.7,0.5,,0.9,0.4,0.5,0.4,0.2,0.5,0.4,0.4,0.7,0.5,0.9,1,0.5,0.7,,0.6,0.7,0.6,,2,1.1,0.7,0.4,0.9,,1.3,,,0.5,0.4,,0.4,0.4,0.6,,1,,0.4,,0.3,0.3,0.6,0.8,0.7,0.7,1,0.9,0.9,0.7,0.6,0.6,0.5,1,,0.8,0.9,0.5,0.7,0.9,0.4,,0.3,0.4,0.5,0.6,0.3,0.4,,1,0.8,0.3,0.4,0.6,,0.6,0.3,0.3,,0.4,0.6,0.7,0.4,0.5,,,,0.5,0.6,,0.6,0.6,0.6,0.6,0.5,0.5,0.2,0.3,0.4,,0.3,0.2,0.2,0.3,,0.2,0.5,0.5,0.4,,,0.4,0.2,0.3,0.4,,0.6,0.4,0.5,0.5,1.1,0.4,0.6,0.7,0.6,0.6,0.6,0.4,0.5,,0.3,0.9,0.8,0.5,0.6,1,1,,0.6,,0.4,0.2,0.5,0.5,0.6,0.7,0.5,0.7,1.2,1,0.9,0.7,0.8,0.5,,,0.4,0.2,0.9,0.5,,0.7,0.9,0.8,0.7,,0.8,1,,,1.2,1.1,1,0.6,1,0.8,1.3,1.2,1.2,0.9,1.4,0.8,0.8,1,0.8,,0.9,0.6,,0.9,0.7,0.4,0.5,0.4,0.5,0.3,0.4,0.7,1,1.1,0.9,0.7,0.5,0.5,0.7,0.4,0.4,0.6,0.3,0.7,0.6,0.4,0.7,0.3,0.8,0.6,0.6,0.6,0.4,0.7,0.4,1.5,0.8,0.7,0.9,0.8,0.8,0.9,0.7,0.6,0.7,1.2,0.7,0.8,0.8,0.6,1.1,,0.7,0.8,0.4,,0.6,0.7,0.4,,,0.6,0.6,0.4,0.8,0.7,0.3,0.6,1,0.4,0.2,0.7,0.7,0.6,0.7,0.4,0.7,0.3,0.6,,0.9,1,0.9,0.8,0.5,,0.3,0.6,0.7,1.3,0.6,0.8,1.3,1.1,0.8,0.6,0.5,0.6,0.7,0.7,0.4,0.4,,1.1,,1.8,0.7,0.8,1,0.7,1.1,0.9,0.9,0.7,0.7,0.8,0.6,0.7,0.6,0.6,0.6,0.7,0.7,0.5,,0.5,0.8,0.8,0.5,0.4,0.3,0.6,0.7,0.6,0.9,0.4,0.9,0.7,0.5,0.7,0.7,0.8,0.9,0.8,0.6,,0.8,0.9,0.5,0.4,0.4,0.6,0.7,0.8,0.7,0.7,0.9,0.5,0.5,0.6,0.4,0.5,0.2,0.5,0.8,0.6,0.7,0.7,0.3,0.3,0.4,0.4,0.4,0.5,1.3,1.3,0.5,0.6,0.5,0.4,0.4,0.4,1.8,1.1,0.4,0.9,0.7,0.8,1.1,0.6,0.5,,0.9,1.2,0.8,0.9,1.1,1,1,0.8,0.9,0.8,1.1,,0.4,0.5,0.4,0.5,0.3,1.1,1.2,1.1,1.5,0.6,0.9,1,1.2,1,1.5,0.7,1.2,0.9,0.5,0.3,0.2,0.5,0.3,0.4,,0.9,0.4,0.7,0.7,0.5,0.5,0.5,0.4,0.6,0.5,0.6,0.6,1,0.7,0.2,0.5,0.3,0.5,0.9,0.9,0.5,0.6,1.1,0.9,0.6,0.8,0.7,0.4,0.6,0.3,,0.2,1,0.7,0.5,0.5,0.4,0.9,0.4,0.8,0.5,0.5,0.8,0.6,0.7,1.3,0.5,0.7,0.6,0.4,1.1,0.5,,0.5,,0.4,0.1,0.3,0.8,0.7,0.3,0.3,0.9,0.4,0.6,0.6,,0.7,0.6,,0.7,0.4,0.6,0.5,0.5,0.4,0.8,0.8,0.7,0.8,0.7,0.5,0.5,1,0.5,0.5,0.6,0.5,,0.8,,0.7,0.7,,1.1,0.5,0.2,0.5,1.1,1,1.3,0.7,,1,0.6,0.6,0.5,,,1,0.6,0.5,0.5,0.3,0.9,0.8,0.3,0.7,0.5,0.3,0.4,0.4,0.3,0.6,0.5,0.5,0.5,0.6,0.4,0.6,0.7,1.2,0.9,,0.3,0.7,0.8,0.9,0.9,0.8,2.5,0.8,0.6,0.8,0.8,0.5,0.2,0.5,0.5,0.6,0.8,0.6,0.5,0.7,1.2,0.7,0.5,0.5,0.6,0.7,0.7,0.7,1,2.1,0.7,,0.8,0.6,1,0.8,0.9,0.6,0.5,0.6,0.2,0.3,0.2,0.7,0.4,0.7,0.6,0.7,0.7,1,0.7,0.6,0.8,1,1,,0.6,0.5,1.4,0.3,0.8,0.9,0.2,0.8,0.5,0.4,0.5,0.5,0.5,0.6,0.9,0.8,0.4,0.6,1,0.7,0.4,1,0.5,0.8,0.5,0.5,0.5,0.4,0.7,0.4,0.6,0.6,0.3,0.5,1.1,0.4,0.8,0.8,0.6,0.8,0.5,0.4,0.8,0.5
20210423,21,CO_24h,0.5,0.6,0.6,0.5,0.5,0.5,0.5,0.5,0.5,0.6,0.5,0.6,,,0.7,,0.9,0.7,0.7,,0.7,,0.7,1.2,,0.8,0.6,,0.6,0.7,0.5,0.7,0.7,0.5,,,0.6,0.7,,0.6,0.6,0.4,0.3,0.3,,0.2,,0.6,0.5,0.6,0.4,0.5,0.6,,0.5,0.4,0.6,,0.8,0.8,0.7,0.7,0.6,0.6,0.6,0.5,0.4,0.5,,0.4,0.5,0.5,0.7,0.5,0.6,,0.5,0.6,0.4,0.2,0.8,,0.7,0.7,0.7,0.9,0.8,0.7,,0.6,0.5,,,0.6,0.6,0.5,0.7,0.6,0.8,0.7,,1,1,0.7,0.8,0.7,,0.9,0.4,0.6,0.8,0.7,0.4,,0.5,0.5,0.4,0.6,0.6,0.8,0.6,0.7,0.5,0.5,0.6,0.5,0.5,0.5,0.5,0.7,0.8,,0.4,0.6,0.6,0.4,0.2,0.6,0.6,0.7,1,1,0.9,0.9,0.7,,1.1,0.8,0.8,0.9,1.1,0.8,0.5,1.1,1,0.8,0.9,0.8,0.9,0.8,,1.3,1.3,0.9,1,1.2,1.1,0.7,0.9,0.9,1,0.9,1,,,,0.8,0.7,,0.9,0.8,1,,,,0.8,,1,0.9,1.1,0.9,1,1.1,1,1.1,1.1,,,,0.9,1.1,,0.9,0.7,0.9,0.6,0.7,,1,0.7,0.9,0.9,0.8,0.8,0.8,0.6,,0.8,,1.1,1,,0.9,0.6,,0.8,1,0.9,,0.9,1.1,0.9,0.7,0.6,0.9,0.5,,,0.6,0.7,0.9,0.6,0.6,0.5,0.6,,1,,,0.9,,1.1,0.9,,0.7,0.6,0.4,0.5,0.4,0.4,,0.9,0.7,0.8,0.6,0.7,0.6,0.6,0.6,0.9,0.7,0.7,0.7,0.7,0.7,0.6,0.6,0.6,0.8,0.5,,0.7,0.7,0.7,0.7,0.5,0.4,0.5,1.1,1,0.8,,0.8,1.3,1.1,,0.9,0.5,0.5,0.6,,0.4,0.5,0.6,0.6,0.6,,,0.3,0.7,0.7,0.5,0.6,0.7,0.8,0.9,0.8,0.9,0.7,0.6,1.1,0.9,0.6,0.9,0.8,0.6,1,0.8,0.9,0.7,,0.7,0.7,1,1.1,0.8,0.8,0.8,0.8,0.8,0.8,1,0.8,1,0.9,,0.8,0.8,0.8,1,0.8,0.8,0.8,0.9,0.6,0.7,0.7,0.7,0.6,0.8,,0.6,0.7,0.6,0.7,0.5,0.7,0.3,0.7,0.7,0.8,0.6,0.7,,0.6,0.8,0.6,0.7,0.7,0.5,0.5,0.8,0.7,0.4,0.6,,,0.8,0.8,0.9,0.6,0.7,0.7,0.7,0.6,0.7,0.7,0.5,0.5,0.7,0.7,0.5,0.7,0.5,0.7,0.6,0.6,0.4,0.6,0.7,0.5,0.4,0.7,,0.7,0.8,1,1,1,0.6,0.4,,,0.9,0.7,0.4,0.8,1.1,,0.8,0.8,0.9,0.8,,,0.7,,0.5,0.5,0.6,0.7,0.7,0.6,0.6,0.6,0.7,,0.6,0.7,0.6,0.5,0.6,0.9,0.5,0.5,0.5,0.4,0.6,0.4,0.8,1.1,0.8,0.8,0.9,0.9,0.8,0.9,,0.7,0.8,0.9,0.9,,0.8,0.7,0.8,0.6,,,,0.5,0.6,,,,0.5,0.7,0.4,0.7,0.5,0.5,0.3,,0.4,0.9,0.6,0.9,0.9,0.9,0.6,0.8,0.7,0.8,0.9,0.6,0.6,0.8,0.4,1,,0.8,0.9,0.9,0.8,0.8,0.7,0.7,0.7,0.7,,1,1.2,1.1,0.5,0.6,0.6,0.6,1,1,0.9,0.7,0.6,0.7,0.6,0.5,0.5,0.5,0.4,,0.7,,0.7,1,1,0.9,0.7,,0.8,0.5,,,0.8,0.8,1.3,0.5,,0.7,0.8,0.9,,0.9,0.4,0.6,0.7,0.7,0.6,0.4,0.7,0.6,0.3,,,,0.9,,0.6,1,,1,0.6,0.7,0.8,1,0.8,0.8,0.4,0.4,0.5,,0.8,,,0.7,,1,0.4,0.9,0.2,0.5,0.5,0.6,0.7,,0.7,0.5,0.6,0.6,0.6,0.5,0.4,0.6,0.6,0.4,0.6,0.7,0.6,0.7,0.6,0.6,0.7,0.8,0.6,0.6,,0.6,0.9,1,,0.6,0.7,,0.7,0.6,0.8,0.7,0.6,,0.6,1.1,,,0.5,0.7,,0.7,,0.9,0.6,0.8,0.8,1.1,1.4,,1,1.3,,1.1,0.8,,1,,0.9,0.8,0.7,,0.9,0.8,0.7,0.4,0.4,,0.6,0.6,0.9,0.8,0.8,0.5,0.4,0.6,0.6,0.6,0.6,0.6,1.8,0.6,0.4,0.7,0.7,0.5,0.3,0.8,0.9,0.9,1,1,0.9,0.8,0.8,0.8,0.8,0.6,0.6,0.5,0.4,,0.3,0.5,0.6,0.5,0.5,0.6,0.5,0.4,0.3,0.3,0.2,0.8,0.7,0.8,,1.2,0.9,0.9,,0.7,0.9,0.8,0.8,0.8,,0.6,0.5,0.7,,1,,1.1,1,0.6,1.1,0.5,0.4,0.8,,,,0.7,,0.6,,0.9,0.8,0.8,,0.6,0.9,0.8,1,0.9,,0.9,,0.9,1,0.6,0.8,0.7,0.8,,0.9,0.9,0.8,0.6,0.8,0.8,,1,,,0.8,0.5,0.8,0.9,0.5,0.9,1.4,0.8,1,0.6,0.5,0.5,0.6,0.7,1,0.7,0.9,1,0.7,0.5,0.4,0.8,0.7,1,0.7,0.8,0.8,0.9,0.8,0.7,,1.4,0.2,0.7,0.6,0.8,1,0.8,0.8,,,,,0.8,0.7,,0.6,1,0.9,0.7,0.6,0.6,0.7,0.7,0.5,0.6,0.7,0.4,0.5,0.5,0.8,,,,0.8,0.9,0.9,,0.8,0.9,,1.1,0.7,0.6,0.8,0.8,0.8,0.8,0.7,0.7,0.8,0.8,0.8,0.8,,0.6,0.7,0.7,0.6,0.7,0.6,0.5,0.2,0.4,,0.4,0.4,0.1,0.1,0.3,0.6,0.8,0.4,0.4,,0.6,,0.8,0.7,0.7,0.8,0.7,0.5,0.3,0.4,0.5,,,0.5,0.5,0.6,0.6,0.4,0.5,0.5,0.5,0.6,0.6,0.8,,0.9,0.8,0.9,1.1,1.1,1.3,1,1.2,0.7,,0.9,1,1,0.9,1,1.1,1,1.1,1,1.3,1.3,1.1,0.7,,1,0.9,,0.7,0.7,0.8,1,,,0.8,0.4,0.3,0.4,0.3,0.9,0.6,0.8,0.9,,,0.4,1,1.1,1.2,1,,1.2,0.7,0.6,0.8,0.9,0.7,0.6,,0.5,0.7,0.7,,,0.8,0.7,,0.9,0.7,0.9,,0.6,,0.8,0.7,,,0.1,0.5,,,0.8,0.6,0.4,,,0.3,0.3,0.3,0.2,0.6,0.5,0.4,0.6,0.6,0.5,0.7,0.5,0.8,0.8,0.7,0.8,0.8,0.6,0.6,0.5,0.6,0.5,0.7,0.5,,0.5,0.5,0.8,,1,0.8,0.5,0.7,0.7,0.4,0.3,0.1,0.4,0.6,0.5,0.9,,,0.6,0.6,0.7,0.7,0.6,0.7,0.5,0.5,0.4,0.5,0.4,0.6,1,0.9,0.8,1,0.7,,,0.7,0.3,0.3,0.2,0.5,0.4,,0.3,0.4,0.7,,0.6,0.7,0.5,,0.6,0.7,0.6,0.6,0.5,0.6,0.7,0.6,0.9,0.7,0.8,0.8,0.6,0.9,0.6,0.5,,0.6,0.7,0.6,1,0.8,0.9,,0.6,,0.6,,,,0.7,0.5,0.7,0.8,0.6,0.6,,0.9,,0.8,1,0.8,0.7,0.6,0.6,0.6,0.8,0.6,0.5,0.7,0.5,0.3,0.6,0.5,0.6,0.5,0.5,0.5,0.5,0.5,,0.3,0.4,0.9,0.6,0.7,0.6,1,1.7,1.3,1.2,1.5,0.6,0.6,0.6,0.6,,0.6,0.5,0.4,0.5,0.6,1,0.8,0.6,1.5,1.1,0.6,0.8,0.8,0.6,0.9,,,0.8,0.9,0.7,0.7,0.7,0.8,0.8,0.6,0.8,0.7,,0.9,0.6,0.5,,0.7,0.7,0.7,0.8,,0.8,0.7,0.9,,0.8,0.7,0.7,0.7,0.8,0.8,0.9,0.8,0.7,0.8,0.7,0.7,0.7,,0.5,0.4,0.5,1.3,1.4,,1.4,1.2,0.7,0.7,0.8,0.6,0.8,0.7,0.9,0.8,0.9,0.9,,0.5,0.5,0.7,,0.9,0.8,,0.8,0.7,0.6,0.7,,0.8,0.6,0.5,0.8,1.1,0.9,0.9,1.1,0.8,1.1,1,0.7,0.8,0.6,0.6,0.8,1.4,1,1.5,1,0.8,1,0.9,0.9,0.7,0.8,1,0.8,0.9,1,1,0.8,0.5,0.7,0.9,0.9,0.8,0.6,0.6,1.1,0.6,0.5,0.8,0.6,1.2,0.8,0.8,0.8,0.7,0.5,0.5,0.7,1,1.2,0.6,0.5,0.8,0.8,0.5,0.7,0.6,0.9,0.9,0.5,0.6,0.6,0.6,0.6,0.8,0.7,0.5,0.5,0.3,0.8,,0.6,0.5,0.6,0.4,0.5,0.6,0.9,0.8,0.9,0.9,0.7,0.8,0.7,0.7,0.7,,,0.8,0.6,0.7,,0.8,0.3,0.8,0.9,1,1.2,,0.6,0.7,0.5,,,,,0.6,0.6,0.7,0.6,0.6,0.6,0.6,0.4,,0.4,0.6,0.5,0.7,0.7,0.6,0.7,0.7,0.5,0.6,0.4,,,,,0.2,0.5,0.6,0.5,0.4,0.5,0.7,,0.9,0.4,0.5,0.4,0.4,0.5,0.5,0.5,0.5,0.4,0.7,0.8,0.6,0.7,,0.6,0.6,0.5,0.7,1.1,0.7,0.7,0.5,0.9,,1.3,,,0.6,0.5,,0.4,0.3,0.5,,0.6,,0.4,,0.3,0.4,0.6,0.7,0.6,0.7,0.8,0.7,0.8,0.7,0.6,0.6,0.6,0.8,,0.8,0.8,0.3,0.5,0.8,0.6,,0.3,0.4,0.5,0.6,0.3,0.3,,0.9,0.8,0.2,0.3,0.5,,0.8,0.6,0.5,,0.5,0.5,0.7,0.6,0.6,0.5,0.5,,0.5,0.7,,0.5,0.6,0.7,0.7,0.5,0.5,0.3,0.3,0.4,,0.3,0.2,0.3,0.3,0.1,1,0.5,0.5,0.4,,,0.4,0.3,0.5,0.5,,0.7,0.4,0.5,0.4,1.2,0.3,1.2,0.8,0.7,0.7,0.7,0.5,0.6,,0.7,0.7,0.7,0.6,0.7,0.9,0.9,,0.5,,0.7,0.4,0.8,0.6,2.1,1.9,0.6,0.5,0.8,0.6,0.8,0.8,0.8,0.5,,,0.4,0.2,0.9,0.5,,0.7,0.9,0.8,0.7,,0.9,1,,,1.4,0.9,0.8,0.8,0.9,0.7,1.4,1.2,1.1,0.8,0.7,0.8,0.7,0.8,1,,0.9,0.8,,1,0.7,0.5,0.6,0.3,0.4,0.4,0.4,0.7,1,0.9,1,0.6,0.7,0.6,1.1,0.4,0.4,0.6,0.4,0.7,0.5,0.6,0.7,0.4,0.7,0.6,0.5,0.5,0.4,0.8,0.2,1.3,0.9,0.8,0.9,0.9,0.8,1,0.7,0.7,0.8,1.6,0.8,1,1,0.7,1.1,,0.7,0.8,0.6,,0.6,0.8,0.5,,,0.8,0.5,0.5,0.8,0.8,0.3,0.7,0.9,0.5,0.4,0.7,0.7,0.8,0.8,0.4,0.8,0.6,0.7,,0.8,0.8,0.6,0.8,0.6,,0.4,0.7,0.7,0.8,0.7,1,0.8,0.8,0.8,0.8,0.6,0.7,0.7,0.7,0.4,0.9,,1.3,,1.2,0.9,0.9,0.9,0.8,0.9,1,1,0.8,0.7,0.9,0.8,0.7,0.6,0.7,0.6,0.5,0.7,0.6,,0.5,0.9,0.9,0.5,0.3,0.5,0.4,0.7,0.6,0.8,0.5,0.7,0.8,0.5,0.8,0.8,0.7,0.9,0.9,0.7,,0.8,1,0.6,0.7,0.6,0.5,0.7,0.7,0.8,0.7,0.9,0.6,0.7,0.8,0.4,0.5,0.4,0.8,0.9,0.8,0.7,0.8,0.4,0.7,0.3,0.5,0.2,0.8,1.2,1.1,0.6,0.6,0.6,0.4,0.5,0.6,1.7,0.5,0.5,0.8,0.7,0.7,0.9,0.6,0.6,,0.9,0.8,0.9,1,1,0.7,1,0.8,0.8,0.7,1,,0.7,0.4,0.5,0.8,0.4,0.9,0.9,0.7,1,0.6,0.8,0.9,1.1,1,1.1,0.9,1.2,1,0.5,0.3,0.2,0.5,0.4,0.4,,0.8,0.4,0.7,0.8,0.5,0.6,0.6,0.4,0.5,0.5,0.6,0.7,0.8,0.7,,0.5,0.5,0.5,0.8,0.8,0.4,0.7,0.9,0.8,0.6,0.7,0.8,0.5,0.5,0.5,,0.4,0.8,0.7,0.7,0.5,0.6,0.9,0.8,0.8,0.7,0.4,0.9,0.8,0.9,1.2,0.6,0.8,0.7,0.5,0.9,0.5,,0.7,,0.5,0.2,0.2,0.8,0.8,0.4,0.6,1.1,0.6,0.8,0.7,,0.7,0.5,,0.8,0.7,0.5,0.5,0.5,0.3,0.7,0.7,0.6,0.7,0.6,0.4,0.5,1,0.5,0.5,0.6,0.5,,1,,0.8,0.7,,1.2,0.7,0.6,0.6,0.8,1,1.2,0.5,,0.5,0.6,0.6,0.5,,,1.5,0.6,0.6,0.6,0.7,0.6,0.4,0.5,0.6,0.5,0.6,0.5,0.5,0.3,0.6,0.5,0.5,0.5,0.6,0.5,0.7,0.8,0.7,0.9,,0.7,0.9,0.7,0.8,0.8,0.9,1,0.9,0.6,0.8,0.9,0.6,0.2,0.5,0.5,0.6,0.8,0.6,0.6,0.9,1.1,0.7,0.4,0.5,0.7,0.7,0.8,0.7,0.8,1.9,1.1,,1.4,0.5,1,0.9,0.7,0.5,0.6,0.8,0.4,0.8,0.6,0.8,0.6,0.6,0.6,0.9,0.7,0.8,0.7,0.4,0.9,0.9,0.8,,0.8,0.3,1.6,0.2,0.8,0.8,0.3,0.8,0.6,0.5,0.3,0.5,0.5,0.7,0.9,1,0.6,0.8,0.7,0.6,0.6,1,0.6,0.6,0.6,0.5,0.6,0.5,0.5,0.4,0.6,0.5,0.5,0.4,0.8,0.3,0.7,0.8,0.5,0.6,0.5,0.4,0.7,0.6
20210423,22,AQI,33,40,36,34,33,33,34,39,36,40,34,41,,,51,,40,74,56,,52,,43,35,,38,30,,40,47,34,50,50,57,,,58,55,,,55,49,62,59,,57,,42,50,51,52,43,41,,39,51,51,,49,54,52,30,19,33,29,30,54,53,,48,50,36,43,33,38,,39,32,37,41,66,,60,70,75,63,67,60,,59,51,,,60,58,45,61,42,54,54,,45,47,62,55,43,,50,32,44,37,38,38,32,37,58,45,49,72,65,97,74,67,70,110,73,67,85,64,115,67,,100,99,117,109,73,119,88,87,52,63,43,59,54,,50,50,53,55,66,58,64,65,65,53,68,68,60,56,,55,57,65,55,51,60,58,58,46,40,75,77,,,,54,58,,58,57,60,,,,85,,64,64,64,70,64,70,62,70,85,,,,87,104,,57,58,83,73,64,,63,93,92,98,82,100,89,52,,68,,47,51,,73,55,,63,48,69,,60,,77,52,38,36,25,,,46,30,40,72,68,88,68,,73,,,47,,77,74,,70,82,85,19,27,23,,64,57,49,51,43,59,50,45,52,53,52,54,56,56,79,53,52,54,42,,60,35,56,62,31,27,28,30,39,31,,33,,33,,43,34,44,42,,44,49,42,39,35,,,27,32,29,26,68,31,,52,53,53,57,49,55,53,56,41,48,41,30,36,35,43,,31,34,,,67,72,53,55,65,52,63,51,60,64,,56,58,56,68,60,71,61,61,55,56,52,50,33,54,,32,48,43,64,55,30,27,34,61,64,58,46,,43,84,64,40,36,58,36,43,51,34,48,,,55,60,,71,68,61,51,53,41,42,48,44,37,36,40,33,35,31,45,46,19,31,22,28,26,61,,54,52,55,68,53,63,57,,,45,66,59,72,61,,15,16,17,15,,,16,,53,65,58,64,60,62,64,64,59,,53,55,56,59,58,62,30,43,30,31,38,42,25,,29,26,26,23,38,36,,42,42,19,38,,46,32,38,36,,,,34,32,,,,58,68,27,21,36,31,25,,,60,,54,63,58,59,52,69,67,65,62,43,67,36,42,,57,48,49,58,58,65,51,51,69,,70,69,58,40,38,29,39,97,93,103,94,85,69,89,34,38,42,32,,29,,53,59,58,59,35,,41,31,,,47,49,37,,,70,59,63,,48,55,59,53,49,36,36,34,46,52,,,,56,,41,46,,42,34,36,27,69,85,78,45,37,42,,35,,,57,,62,52,98,31,30,27,28,29,,19,24,22,22,32,24,19,39,34,37,47,48,45,43,63,51,57,55,60,26,,33,74,74,,46,43,,29,28,29,25,44,,85,67,,,33,34,,62,,48,65,66,65,59,109,,55,61,,65,67,,69,,68,54,64,,54,64,55,55,57,,84,84,88,93,85,74,32,58,49,42,55,48,65,28,39,39,45,26,39,104,70,46,70,73,139,138,139,148,155,147,39,45,31,,45,74,62,62,94,125,49,41,47,35,36,51,,48,,43,51,65,,48,40,44,32,36,,33,38,31,,115,,112,113,133,104,32,40,31,,,,51,,51,,92,93,124,,104,80,118,65,62,,70,,64,67,58,58,44,39,,57,57,51,53,48,49,,31,,,35,40,40,28,32,40,38,35,35,43,37,30,45,40,53,44,50,55,47,33,27,17,18,59,21,75,59,65,65,60,,58,,52,51,40,52,48,49,,,,,23,21,,31,54,55,38,61,45,48,46,41,34,44,36,52,56,32,,,,33,30,23,,49,59,,62,28,30,,24,22,42,24,20,58,67,62,92,,42,43,24,48,51,40,44,38,30,,25,40,,27,31,50,58,39,39,,31,,57,35,35,,26,34,30,30,30,,,54,32,27,34,30,33,34,,38,37,57,,61,35,49,43,40,33,27,32,35,,55,59,33,35,38,51,59,63,57,51,59,30,29,,54,55,,65,56,38,52,,,88,75,69,89,,70,51,66,64,,,37,110,110,110,139,,107,62,68,66,39,65,55,,63,58,80,,,84,75,,59,76,54,,52,,52,51,,,57,44,,,82,92,55,,,51,42,89,65,56,71,76,33,29,54,46,40,42,53,65,49,56,66,58,46,46,49,63,46,,49,49,65,,51,56,28,45,57,45,50,49,61,68,95,60,,,58,25,30,42,29,49,57,66,65,23,32,26,62,55,48,44,43,,,60,22,50,20,67,51,,40,90,84,,77,78,92,,85,70,69,70,59,55,54,67,51,58,53,53,54,36,35,33,,38,29,25,50,66,56,,94,,73,,,,54,52,,72,58,63,,40,,45,45,52,31,34,40,57,36,46,40,62,35,30,35,42,,56,51,53,52,45,,57,51,31,29,28,29,29,45,45,38,50,40,,57,52,,21,27,30,30,32,43,47,40,50,52,53,45,45,52,56,,53,58,62,51,44,38,34,46,46,47,50,,54,48,52,,64,63,66,36,,33,32,52,,42,64,54,53,57,63,73,70,67,59,46,48,48,,84,105,70,53,53,,56,61,52,45,48,48,64,82,80,78,71,53,,53,62,49,,36,29,,30,40,46,48,,56,44,43,41,58,58,,,54,69,,39,46,55,52,48,57,64,73,82,65,59,69,54,54,53,53,51,45,45,58,,36,39,48,33,42,51,52,47,50,26,32,44,72,67,82,69,42,30,,46,52,55,75,57,48,57,73,58,64,60,67,54,51,36,40,110,59,51,54,53,17,17,,17,23,26,18,28,38,52,46,46,64,77,65,75,34,48,,,37,60,43,,53,55,49,47,76,77,,34,33,28,,,,,51,51,52,53,49,57,58,43,,32,35,49,53,54,57,55,60,83,62,66,,,,,46,37,64,62,69,67,45,,41,87,58,56,74,36,37,35,104,73,105,83,44,57,,80,89,93,69,122,106,48,45,94,,58,102,,33,44,,34,52,31,,55,,36,,34,33,22,,20,18,67,53,52,62,29,29,27,32,,29,35,20,20,21,45,,428,493,24,21,46,43,,30,26,19,18,29,,35,39,29,,33,33,26,33,29,23,,,57,26,,25,24,27,25,58,68,82,85,28,,32,26,23,60,65,55,31,30,30,,,35,39,43,60,,20,25,28,33,55,43,53,61,36,36,36,53,53,,56,142,87,104,23,58,51,,62,,42,31,16,50,62,62,25,15,103,61,46,46,65,13,,,42,33,99,46,,52,58,58,45,,,64,,,85,,90,65,59,59,70,83,83,85,53,58,58,63,,,53,45,,104,32,54,48,29,53,49,53,70,57,36,31,41,40,64,29,41,58,45,38,48,30,40,60,64,68,54,69,25,42,46,56,62,45,17,55,32,33,33,29,49,54,49,64,42,63,26,88,,48,38,53,,45,10,15,,,42,67,46,33,49,35,46,80,30,56,95,53,52,64,59,53,36,32,,63,36,40,33,31,,34,43,23,53,64,57,70,77,57,29,34,62,57,54,66,54,,58,,53,42,67,59,42,87,62,69,62,60,57,51,54,68,57,31,56,53,52,,29,84,54,36,82,30,74,60,52,54,90,73,74,64,38,35,108,94,53,53,,85,128,23,32,20,80,48,53,54,43,72,38,37,62,24,42,33,27,19,29,63,67,34,54,55,39,48,53,58,52,42,45,34,62,56,54,62,73,18,62,78,41,60,30,33,,41,32,53,57,65,62,60,52,59,46,49,,56,42,32,57,48,82,64,48,60,72,59,59,57,57,52,52,52,49,89,27,29,27,32,53,,78,,63,57,57,42,30,24,46,55,28,39,102,54,55,44,32,31,,50,63,57,74,62,77,55,38,59,50,39,,72,110,54,56,22,,49,24,57,40,48,18,16,18,67,14,20,37,42,54,41,,31,,23,27,37,62,41,33,31,51,51,34,44,,27,,,,55,26,29,42,20,28,63,62,52,59,46,72,53,23,26,46,32,,62,,62,38,,,62,59,68,60,58,77,,,77,68,55,51,,,82,84,36,70,55,48,65,51,53,35,41,39,39,52,60,60,50,107,54,57,57,53,83,58,,54,58,68,67,63,63,80,49,43,30,42,47,57,34,296,222,10,17,84,56,110,62,70,59,34,54,56,59,57,38,33,,49,72,125,99,127,57,30,28,25,58,79,38,30,42,25,48,,69,57,45,78,67,59,,31,25,80,32,74,90,53,60,40,35,43,42,40,40,92,35,46,46,106,63,63,34,63,43,37,37,34,35,63,57,39,69,50,52,91,49,73,23,52,100,42,38,75,51
20210423,22,PM2.5,14,7,17,14,11,17,8,16,12,11,10,9,,,32,,28,28,29,,26,,30,20,,25,19,,28,32,23,35,26,40,,,30,30,,,28,33,44,42,,33,,21,27,22,36,25,19,,23,30,35,,19,32,36,21,13,23,20,21,33,37,,22,35,20,26,23,26,,27,22,14,12,42,,43,50,55,45,48,39,,29,27,,,30,22,29,37,29,36,38,,31,29,44,39,30,,35,21,26,22,26,16,19,12,41,31,34,52,47,72,54,48,51,83,53,48,63,46,62,44,,75,74,88,82,53,90,65,53,36,45,30,42,38,,35,35,37,39,36,29,46,36,39,31,34,46,34,29,,39,39,47,34,29,43,41,41,32,28,55,56,,,,31,41,,41,39,30,,,,63,,39,46,46,51,46,51,44,51,63,,,,64,78,,40,34,61,53,46,,45,69,68,73,60,75,66,36,,49,,29,28,,53,35,,45,32,50,,39,47,56,36,22,25,12,,,32,21,28,52,46,49,49,,53,,,31,,45,54,,51,60,63,11,6,6,,46,40,33,32,27,42,31,31,27,31,27,29,31,27,44,27,34,29,19,,43,17,30,36,10,16,14,19,17,13,,12,6,9,,30,20,20,20,,24,32,20,22,12,,,12,22,12,7,49,12,,24,27,28,32,28,29,27,25,25,33,20,20,24,24,22,,19,20,36,48,48,52,32,39,47,30,45,32,36,41,,34,29,30,40,37,36,37,36,36,34,29,26,18,28,,17,25,23,45,11,15,12,17,28,28,25,29,,28,35,27,26,20,21,24,18,22,15,33,,,32,38,27,43,46,37,26,24,21,22,28,28,16,20,17,23,18,21,18,17,12,18,7,13,12,27,,38,33,38,32,29,38,27,,,31,37,23,40,39,,7,8,5,7,,,6,,34,39,31,46,36,39,46,44,31,,33,34,36,35,41,38,8,13,6,9,13,4,17,18,20,13,18,16,26,14,,19,28,13,26,,32,16,23,18,,,,14,16,,,,41,28,5,14,6,16,16,,18,39,35,38,45,41,41,35,50,41,47,44,30,48,24,15,,26,24,20,16,19,31,19,29,29,,51,50,41,28,19,20,23,72,69,77,70,63,50,66,17,16,29,17,,15,,37,28,41,36,23,,18,13,,,25,34,25,,,51,39,45,,31,29,31,31,34,22,23,17,20,24,,,,33,,27,29,,24,4,16,15,50,63,57,31,15,17,,24,,,37,,44,30,73,16,13,17,12,10,,8,10,14,12,13,10,9,17,9,9,22,26,9,18,29,27,30,34,34,18,,7,54,54,,32,30,,13,15,14,14,26,,31,38,,,23,19,,20,,33,35,21,47,34,29,,39,29,,47,48,,50,,40,38,46,,37,46,30,39,24,,62,62,65,69,63,54,22,41,34,29,39,33,47,19,17,27,31,17,24,78,51,32,51,53,106,105,106,113,118,112,16,21,16,,25,50,34,44,70,95,30,22,23,24,25,34,41,32,,30,24,33,,33,28,30,14,17,,12,26,9,,87,,84,85,101,78,16,17,12,,,,29,,23,,62,69,94,,78,59,89,47,44,,51,,46,48,41,41,21,21,,40,33,30,37,31,30,,18,,,24,28,19,19,5,28,26,23,24,9,17,15,24,22,28,23,34,35,29,15,16,3,2,42,8,55,42,47,47,43,,39,21,33,31,28,36,33,34,,,,,8,2,,2,38,39,21,34,31,33,32,24,18,27,18,23,27,22,,,,7,8,16,,34,42,,44,2,2,9,6,7,9,8,10,41,48,44,68,,12,15,7,23,25,22,26,26,8,,16,10,14,3,10,28,41,27,27,,4,,40,24,24,,11,19,14,18,12,,,24,19,16,17,13,16,20,,13,17,28,,32,24,28,26,28,23,16,18,23,,39,37,23,24,26,35,42,45,40,35,42,18,20,,33,31,,41,37,23,30,,,65,49,46,49,55,19,23,21,23,,,15,83,83,83,106,,80,39,41,24,27,17,33,,34,36,59,,,62,55,,38,34,18,,30,,29,20,,,40,29,,,58,68,28,,,29,23,27,21,26,35,40,23,20,38,32,28,29,37,47,34,37,38,41,32,32,34,45,32,,28,34,47,,24,27,9,20,35,31,24,24,42,49,71,38,,,41,15,20,24,20,34,27,35,47,5,12,7,44,31,31,20,30,,,43,8,35,13,48,34,,28,67,62,,56,56,68,,63,51,50,51,42,38,35,48,24,38,22,21,32,24,24,22,,20,8,16,27,45,26,,70,,53,,,,31,31,38,44,34,45,,28,,31,31,33,13,20,17,40,13,28,23,36,24,18,24,28,27,36,30,36,25,26,,40,18,20,10,11,16,20,31,29,14,29,28,,38,29,,11,14,12,17,19,30,29,26,35,33,29,31,26,30,37,,37,36,44,27,24,24,23,32,28,30,22,,29,31,34,,31,44,47,16,,15,8,31,,25,23,22,24,22,45,53,51,48,42,31,32,30,,62,79,51,30,37,,29,36,4,31,33,33,46,60,59,57,20,13,,37,44,34,,25,20,,20,26,20,30,,34,29,27,26,24,41,,,37,50,,27,29,34,36,33,36,46,53,60,47,42,50,30,38,36,33,28,30,22,39,15,17,27,32,13,26,32,36,30,33,18,20,27,35,33,36,27,14,17,,17,24,18,39,35,30,34,53,41,46,41,48,34,29,25,28,46,32,30,30,37,8,9,,4,5,18,9,19,26,35,32,32,46,56,47,55,13,29,,,24,43,30,,32,23,23,26,44,54,,20,3,19,,,,,26,35,29,37,18,26,25,30,,8,19,24,24,28,22,39,43,61,35,40,,,,,23,12,46,44,32,48,31,,27,64,41,31,54,24,15,6,78,52,79,61,30,29,,59,66,69,50,89,60,31,26,47,,41,40,,17,,,12,22,7,,39,,4,,16,10,2,6,5,3,48,31,31,44,1,5,4,3,,7,2,5,11,11,30,,161,140,15,12,32,30,,8,8,10,6,6,,24,20,14,,18,9,18,10,5,2,,,28,7,,9,,2,1,26,29,24,24,11,,22,7,10,40,17,1,3,5,6,,,12,13,14,9,,9,15,19,13,27,15,34,35,20,25,19,27,29,,29,108,64,78,15,41,32,,40,,29,16,7,35,44,44,9,9,77,36,32,27,39,1,,,26,9,74,23,,28,41,30,21,,,46,,,63,69,67,47,42,36,40,61,61,63,37,41,32,39,40,,30,31,,78,22,31,30,12,27,34,29,51,40,7,16,26,23,46,11,26,41,27,12,33,17,22,36,46,49,38,50,10,29,28,35,38,26,8,36,22,18,20,14,24,38,32,46,24,36,18,65,,20,24,33,,31,3,,,,29,48,32,20,32,6,25,59,16,28,71,37,25,46,42,29,12,22,,45,25,25,21,7,,10,30,14,37,46,40,51,56,40,20,8,34,26,19,33,33,,38,,36,29,48,40,29,64,34,36,32,33,25,22,32,40,35,16,26,26,31,,4,43,28,22,22,14,54,43,26,33,67,53,54,33,26,22,81,70,24,34,,59,97,7,22,10,59,20,37,38,30,52,26,20,44,13,29,23,5,5,12,45,48,7,38,39,22,29,37,41,36,29,31,14,35,28,32,44,53,4,44,57,21,43,16,17,,17,22,31,40,47,44,43,35,42,29,20,,26,15,12,14,24,60,42,33,37,48,42,42,38,40,34,36,36,34,66,14,6,14,12,15,,57,,45,33,34,29,15,9,32,32,12,19,76,38,39,14,15,8,31,30,45,22,30,35,56,39,26,28,27,11,,52,83,36,36,13,12,30,14,33,17,33,5,4,5,44,3,9,24,29,36,27,,21,,14,13,15,44,27,14,12,25,31,19,24,,2,,,,39,11,10,24,10,19,44,44,36,37,29,52,36,16,11,24,19,,44,,44,26,,,36,42,34,32,41,56,,,56,39,26,19,,,60,34,25,30,23,27,47,27,29,23,24,27,22,27,29,33,35,80,24,34,35,24,45,34,,32,29,44,48,45,45,59,34,30,21,29,27,17,15,111,140,5,1,62,37,83,31,51,38,16,24,29,31,36,26,23,,34,52,95,74,96,22,18,18,13,41,58,19,20,26,12,33,,50,27,31,57,39,42,,18,17,59,3,54,67,23,42,12,9,13,12,11,23,68,24,22,22,54,45,32,20,30,30,9,10,10,11,38,24,26,50,14,29,67,34,53,16,36,75,8,3,53,24
20210423,22,PM2.5_24h,24,34,26,20,20,28,23,23,22,34,21,27,,,17,,18,19,17,,13,,17,15,,15,12,,49,41,52,49,42,52,,,20,21,,28,20,20,24,25,,15,,37,36,37,36,33,35,,32,34,32,,30,41,33,16,11,14,17,26,27,26,,29,32,27,29,31,37,,42,39,39,39,51,,41,58,61,49,49,43,,17,18,,,19,12,18,19,26,29,27,,28,28,29,28,24,,28,22,16,16,20,13,12,11,19,19,21,47,38,43,36,36,34,49,35,34,39,32,32,44,,36,37,41,38,39,49,43,36,63,61,62,64,66,,62,58,61,63,35,30,46,30,35,34,32,41,35,87,,49,46,67,42,42,67,38,44,42,57,47,54,,,,49,47,,48,48,34,,,,46,,41,47,48,45,47,49,46,48,60,,,,66,55,,31,42,50,51,52,,43,74,67,74,48,60,56,32,,36,,37,35,,46,45,,46,36,42,,41,46,55,33,21,41,26,,,37,50,47,28,25,32,28,,51,,,37,,48,53,,22,29,33,11,7,9,,38,35,36,34,33,35,29,30,24,31,30,24,26,27,33,31,29,32,19,,26,14,21,26,16,24,14,22,22,16,,18,9,10,,34,22,21,24,,31,33,21,30,16,,,36,45,37,31,42,26,42,35,38,39,41,37,40,37,34,22,19,18,18,23,21,16,,18,20,32,30,27,34,24,27,32,23,30,16,42,42,,37,38,35,53,39,36,42,41,29,28,27,26,29,31,,21,28,30,38,31,21,22,24,31,33,36,33,,33,49,40,34,32,28,26,24,26,22,32,,,36,33,43,44,43,45,43,32,31,30,29,31,22,24,22,21,21,22,23,22,12,13,14,12,14,20,,30,30,28,31,33,31,30,,,30,34,24,29,36,,63,67,57,63,,,66,,27,31,31,38,31,32,36,38,28,,32,30,42,39,36,34,7,4,7,5,9,2,31,33,35,28,35,34,36,33,,33,37,29,36,,33,19,20,23,,,,23,18,,,,36,27,10,11,12,13,9,,22,25,28,33,33,28,25,22,27,24,30,39,26,31,17,26,,35,31,25,29,15,23,23,25,22,,39,40,44,21,14,16,17,39,42,41,59,38,39,41,20,20,21,18,,16,,38,26,30,32,24,,24,31,,,30,33,32,52,,51,48,46,,51,42,48,46,42,15,18,12,15,11,,,,60,,57,42,,50,20,24,28,43,47,45,26,20,19,,41,,,41,,37,36,40,29,25,27,22,24,,15,17,16,17,21,17,16,25,19,19,27,34,29,25,30,28,28,32,36,24,,16,53,47,,27,32,,31,29,26,28,23,,30,34,,,45,39,,23,,20,26,24,29,78,39,,74,60,,51,56,,53,,69,56,64,,51,53,20,25,13,,26,25,32,27,25,25,13,35,28,35,34,32,42,14,17,17,24,14,15,64,42,31,51,70,73,71,89,79,81,68,21,23,22,,29,43,44,58,46,51,30,21,19,27,20,28,29,28,,25,45,39,,34,25,28,21,20,,26,19,7,,88,,85,105,92,86,35,41,31,,,,36,,32,,71,72,84,,78,68,73,51,48,,50,,39,39,34,38,20,22,,28,25,23,22,26,21,,21,,,17,32,15,21,5,26,28,27,29,16,12,13,18,34,31,26,35,35,32,13,15,15,15,36,34,58,53,53,51,50,,37,22,28,30,38,43,44,40,,,,,37,31,,29,27,33,21,29,26,31,20,18,15,14,18,26,25,31,,33,,29,30,39,,35,41,,48,18,20,31,27,26,34,28,35,51,55,52,67,,29,29,85,29,29,27,49,15,12,,10,12,12,16,7,52,52,31,31,,18,,54,42,42,52,37,18,18,22,21,,,15,15,19,21,18,16,21,,10,11,37,,42,42,46,41,37,39,41,38,35,,39,33,42,42,45,37,38,38,32,33,35,25,26,,33,28,,30,30,30,38,,,33,36,33,38,34,32,32,30,30,,,23,63,61,61,80,,60,38,38,33,34,29,45,,47,50,58,,,56,58,,46,36,27,,26,,25,23,,,33,18,,,37,32,23,,,28,31,21,22,27,28,30,22,19,24,25,23,23,25,24,23,34,27,30,27,28,29,35,32,,24,23,40,,25,25,20,24,17,17,20,18,30,28,32,59,,,26,63,73,60,51,87,64,67,69,32,32,24,145,132,106,97,102,,,65,13,15,12,47,42,,16,40,37,,33,34,39,,51,44,35,42,30,41,41,52,28,36,27,23,40,22,22,19,,17,13,14,20,47,34,,44,,51,,,,27,23,34,37,49,52,,23,,35,37,31,20,24,30,31,22,30,22,36,17,12,19,24,18,29,33,29,25,19,,20,12,14,12,14,13,15,35,26,16,28,25,21,24,27,,13,16,15,20,20,20,25,21,32,26,23,27,24,24,26,,27,28,27,28,23,26,23,21,26,35,20,,61,60,58,,63,66,63,40,,40,27,41,,36,35,38,37,34,35,46,41,36,36,36,42,36,,50,54,43,30,34,,38,30,8,32,28,30,40,49,50,49,24,16,,34,39,29,,19,19,,23,19,24,24,,25,15,18,23,19,25,,,23,28,,24,24,25,28,30,16,23,24,26,17,24,30,26,28,30,24,20,20,26,21,12,13,16,16,15,16,27,23,22,22,12,17,15,38,29,34,26,18,17,10,16,20,19,39,34,36,34,32,31,32,33,33,21,28,30,30,33,34,31,26,27,14,11,,11,17,20,16,16,17,25,29,24,44,45,42,40,35,43,,,23,29,26,,26,24,21,28,34,42,,29,23,26,,,,,22,21,24,28,19,14,18,15,,10,20,21,24,25,25,38,39,43,26,42,,,,,11,12,38,40,30,34,28,,24,54,41,30,31,11,20,10,58,41,51,43,30,31,,49,53,47,47,64,46,28,22,44,,42,38,,21,2,,7,9,3,,11,,5,,10,6,7,9,8,12,38,31,29,33,8,8,8,20,,18,11,8,13,13,49,,51,55,21,16,76,74,,20,21,12,10,11,,35,47,24,,21,21,20,13,6,12,20,,23,20,,25,11,13,13,40,42,55,39,12,,16,12,11,30,21,6,6,8,10,,,20,21,17,14,,13,13,15,10,26,22,63,38,8,18,12,46,48,,32,75,49,64,41,49,34,,40,,64,26,70,29,42,40,87,7,42,24,23,25,37,10,,,26,20,49,17,,26,29,30,22,,57,38,,,43,62,58,48,46,44,36,45,52,61,32,34,22,33,64,,17,34,,55,22,41,35,10,23,30,42,53,45,18,19,33,15,64,23,11,36,22,15,26,9,23,20,38,38,35,40,6,31,37,15,35,36,52,45,21,21,22,34,33,50,39,25,20,30,30,74,,29,20,58,38,15,16,11,,,21,56,37,23,36,6,22,46,26,48,66,24,31,44,23,36,24,25,,42,22,26,26,18,,60,58,27,55,62,65,62,60,62,45,33,24,29,23,31,25,,52,,39,38,37,30,32,55,54,44,40,34,37,36,26,31,30,17,30,28,51,,11,42,33,27,21,22,42,30,16,32,45,51,44,42,24,26,73,81,33,38,,82,97,34,48,39,44,24,43,22,26,49,24,23,31,13,23,18,42,39,50,43,38,14,38,48,33,13,63,37,35,30,34,42,36,27,35,32,17,14,34,47,18,28,17,23,,18,18,25,37,44,55,42,43,48,33,29,,60,19,21,26,21,41,31,29,51,39,37,46,34,33,43,40,32,34,45,21,7,10,14,11,,48,29,32,43,34,21,24,15,36,25,21,26,50,54,17,51,23,8,21,20,44,23,28,31,46,36,33,40,40,30,,63,81,44,46,27,20,21,14,36,31,29,40,30,47,49,15,34,27,28,36,23,,28,,18,16,16,37,23,32,28,32,34,27,30,,11,,,31,34,21,19,20,12,24,29,27,25,26,30,41,25,15,12,20,19,,62,,35,25,,18,33,40,31,36,39,68,28,,21,27,26,22,,,84,37,35,36,48,10,29,12,14,43,51,27,41,37,38,37,33,34,26,31,39,40,49,45,,73,39,48,51,35,38,42,46,33,32,48,25,12,7,272,273,18,13,48,61,65,31,37,30,35,27,33,33,23,28,30,,34,47,98,82,65,36,34,29,25,42,51,35,44,29,22,44,37,39,26,22,49,33,30,,15,13,40,4,47,56,51,43,34,25,25,26,24,23,63,46,31,29,61,32,55,26,27,25,33,25,22,21,21,16,40,49,37,23,68,24,62,40,28,43,6,3,51,36
20210423,22,PM10,33,40,36,34,33,33,34,39,36,40,34,41,,,51,,19,97,61,,54,,40,35,,38,30,,25,47,34,49,50,44,,,66,59,,,60,49,52,61,,64,,42,50,51,47,43,41,,39,51,51,,49,58,51,17,7,22,19,9,57,49,,48,36,36,43,30,32,,33,28,37,41,81,,70,90,83,72,74,70,,68,51,,,69,66,45,71,27,58,53,,39,47,50,48,43,,31,32,44,23,31,23,30,19,48,38,41,52,42,72,53,51,36,81,52,61,66,60,180,84,,135,104,122,95,59,96,71,124,15,31,23,21,30,,20,15,20,32,82,66,68,80,80,56,85,85,70,61,,60,63,56,60,51,62,29,25,33,32,29,68,,,,58,37,,66,63,70,,,,63,,78,71,70,73,68,68,61,70,92,,,,85,102,,60,65,84,56,54,,45,80,78,75,59,59,78,43,,53,,47,51,,82,59,,72,48,76,,69,144,85,53,36,34,20,,,42,26,40,79,86,126,81,,88,,,47,,104,82,,76,82,87,17,13,15,,70,57,49,51,43,42,50,29,53,56,53,58,61,61,107,56,53,58,27,,63,22,62,73,21,27,28,28,39,23,,33,47,33,,25,34,44,42,,44,49,42,39,12,,,27,24,19,17,83,12,,54,55,56,63,49,60,55,62,41,31,41,30,36,27,43,,31,34,69,59,67,48,56,56,47,53,47,52,69,78,,61,65,61,86,69,92,71,71,59,61,53,50,33,58,,32,48,43,77,60,30,27,34,72,78,65,46,,43,117,78,40,36,65,36,43,52,34,35,,,59,70,,91,86,72,51,56,41,42,48,44,37,36,40,30,35,31,45,46,19,31,22,28,26,71,,57,53,59,86,56,76,63,,,37,81,67,93,71,,14,16,13,12,,,13,,56,80,66,56,70,73,68,78,68,,56,59,61,68,60,73,19,43,22,16,38,30,16,18,26,26,14,17,23,36,,42,42,13,36,,42,32,38,36,,,,23,32,,,,48,86,27,16,36,31,25,,20,69,49,54,70,54,68,53,85,83,73,58,41,67,36,42,,63,48,49,66,66,80,51,51,88,,58,63,49,34,38,27,39,39,37,35,58,79,56,51,33,38,42,30,,29,,56,68,52,68,35,,41,29,,,47,46,37,86,,45,67,63,,48,59,68,56,39,36,36,34,46,53,,,,61,,41,46,,42,17,36,27,57,75,78,44,24,42,,34,,,64,,31,54,76,27,25,5,16,18,,19,24,22,22,32,24,19,39,34,37,47,48,45,43,75,51,64,59,69,23,,33,87,93,,30,32,,21,24,27,19,44,,119,83,,,33,34,,73,,43,79,81,79,67,69,,58,71,,63,77,,60,,85,53,71,,58,56,59,58,64,,72,75,72,64,56,53,26,44,39,27,38,40,72,24,39,34,26,26,39,40,30,34,37,47,132,145,124,148,137,137,39,45,31,,45,97,74,64,75,122,49,41,47,32,33,52,,45,,41,51,80,,46,35,44,32,36,,33,32,5,,100,,86,123,125,98,32,40,31,,,,52,,52,,133,99,110,,82,88,104,48,56,,55,,58,68,50,57,44,39,,54,63,52,48,48,49,,31,,,35,35,40,28,15,31,35,35,29,43,37,30,45,40,56,44,50,60,47,33,27,10,18,16,21,69,66,68,66,61,,66,67,53,51,34,38,42,49,,,,,23,21,,31,40,50,38,71,36,30,32,41,34,44,36,54,61,27,,,,7,9,16,,43,48,,38,6,3,,8,15,42,15,18,48,48,51,48,,42,43,9,48,51,40,44,15,24,,25,40,12,23,15,50,50,37,37,,7,,44,34,34,,19,19,17,24,13,,,58,32,27,34,23,33,19,28,16,20,63,,71,31,49,43,38,32,27,32,35,,48,68,32,35,36,52,55,74,60,51,45,23,22,,57,59,,79,61,38,53,,,56,100,88,127,,90,51,81,78,,,37,121,133,122,147,,144,73,85,81,24,80,59,,76,66,69,,,69,76,,67,102,57,,54,,53,51,,,40,44,,,114,110,60,,,51,42,128,79,61,92,102,22,28,27,21,28,35,43,49,35,62,82,53,45,40,25,29,23,,49,37,61,,51,61,28,45,64,32,50,49,72,73,94,69,,,58,23,30,42,28,48,63,81,63,23,32,8,66,59,48,44,43,,,56,20,16,15,64,51,,28,101,104,,88,105,88,,49,86,66,59,51,59,58,56,52,66,56,56,57,36,26,33,,28,29,13,50,81,62,,104,,83,,,,57,54,73,94,66,61,,40,,41,40,54,30,24,28,50,7,46,40,73,30,21,34,42,,61,52,55,54,45,,38,51,31,29,28,29,26,44,45,38,50,34,,63,53,,21,27,30,30,32,36,47,40,48,53,55,42,45,53,62,,54,65,66,52,44,38,34,35,46,47,50,,58,48,53,,77,76,81,36,,33,32,54,,42,78,58,56,63,68,65,62,58,59,46,48,48,,96,90,80,55,49,,61,71,54,36,25,33,51,67,55,53,92,56,,41,47,43,,27,29,,30,40,46,48,,62,44,43,41,66,62,56,70,57,65,72,38,46,59,48,41,63,58,71,64,65,68,53,58,56,56,55,52,45,45,65,15,36,33,48,33,42,52,49,47,50,20,32,44,94,83,113,88,42,30,35,46,53,60,99,64,48,63,73,60,71,69,66,58,52,36,38,169,68,52,57,51,13,15,,14,23,14,18,26,38,54,44,43,70,68,68,68,34,48,,,37,60,42,,56,59,49,47,101,104,,34,33,27,,,,,52,52,54,56,49,64,65,27,,17,32,49,55,58,64,57,65,73,74,81,,,,,46,37,69,72,88,64,43,,41,68,56,62,60,33,37,26,118,96,97,97,44,63,,80,81,95,69,194,161,48,45,138,,63,153,,21,9,,33,54,14,,53,,6,,28,25,3,,1,9,76,55,53,71,3,3,5,14,,29,35,11,20,12,45,,528,593,24,16,17,9,,7,17,12,18,15,,33,39,16,,23,33,24,18,20,4,51,,63,26,,22,3,9,1,66,85,114,119,15,,22,25,22,70,79,59,31,20,23,,,35,39,43,69,,,24,20,33,59,43,55,71,36,34,36,56,55,,61,163,52,54,20,63,52,,73,,29,28,15,43,61,60,7,8,128,71,37,46,80,4,,,42,33,104,46,,54,55,65,45,,69,38,,,51,98,100,53,44,68,89,68,88,81,38,65,65,75,49,,56,28,,153,30,58,48,29,56,48,55,79,50,16,30,38,40,69,29,41,56,45,38,34,26,40,70,60,65,51,48,19,37,46,61,74,45,13,59,31,33,33,29,49,54,49,75,42,75,24,112,,48,38,56,,12,5,2,,,41,66,36,33,49,11,46,78,28,61,106,51,53,66,43,56,36,29,,64,29,40,33,31,,34,28,11,22,30,20,39,47,29,9,34,73,64,58,82,58,,66,,56,29,54,68,41,93,74,87,74,69,64,52,57,85,64,31,61,55,53,,29,96,58,36,113,30,45,44,54,57,91,71,65,77,33,35,123,114,56,56,,119,107,23,23,17,96,48,45,46,37,66,37,37,33,23,32,26,27,19,29,53,61,11,57,51,39,48,48,56,48,41,35,34,73,61,58,42,86,4,59,54,41,57,30,33,,41,27,55,58,66,72,65,54,60,46,49,,61,42,32,63,48,71,78,39,70,94,64,64,64,61,53,51,44,43,73,24,29,27,32,56,,97,,59,64,63,42,30,24,40,60,28,39,139,48,57,44,29,31,59,50,76,63,97,74,86,57,36,68,50,39,,76,120,57,62,19,18,49,16,63,40,32,11,8,12,83,8,20,37,32,58,41,,31,,17,19,22,58,41,24,23,51,52,34,44,,2,,,,45,24,29,42,20,19,75,67,51,68,46,80,56,22,26,46,32,,18,,46,30,,18,73,64,86,70,62,84,139,,92,85,60,51,,,80,118,29,89,59,48,72,52,56,35,41,31,39,53,70,69,46,56,57,64,64,56,116,66,,58,66,86,48,73,39,88,34,31,19,30,47,64,34,417,365,6,5,87,62,132,73,69,67,16,58,62,68,63,28,32,,42,81,121,97,118,63,30,28,9,49,54,38,30,42,21,37,,78,63,41,93,83,51,,31,8,66,28,68,80,55,70,40,32,43,42,40,40,113,29,46,46,161,55,75,22,76,40,37,37,34,35,75,63,39,67,50,53,131,47,95,22,47,84,9,9,99,51
20210423,22,PM10_24h,36,39,39,32,36,34,39,34,33,44,40,47,,,24,,22,37,29,,27,,46,23,,18,19,,71,65,74,70,70,64,,,27,29,,26,34,30,28,36,,29,,60,58,77,58,61,63,,60,63,80,,70,77,75,14,11,24,13,13,52,44,,46,40,39,42,43,40,,59,64,58,61,88,,58,89,80,78,76,69,,38,34,,,40,36,33,39,45,40,41,,34,49,43,52,44,,30,36,41,25,29,25,31,21,28,32,35,57,48,61,50,46,38,60,44,51,55,43,56,59,,53,48,51,45,44,55,52,58,62,56,56,58,59,,56,45,48,46,60,47,52,54,65,38,52,59,51,70,,65,64,58,61,65,62,43,41,42,45,45,61,,,,72,43,,64,76,72,,,,50,,69,75,74,64,68,68,57,66,87,,,,89,80,,48,47,51,58,61,,45,66,62,61,51,51,60,40,,46,,64,58,,75,62,,84,57,68,,88,100,78,43,42,66,40,,,53,62,85,43,48,74,64,,81,,,55,,115,82,,36,42,47,18,13,18,,56,57,68,62,58,50,56,37,44,48,35,41,47,52,59,48,46,46,21,,45,31,47,45,38,31,26,34,38,20,,38,35,29,,32,36,47,44,,46,44,42,48,26,,,55,59,49,52,60,41,73,76,70,88,87,74,86,75,66,34,35,34,33,29,32,30,,31,37,43,33,43,34,38,36,33,40,37,33,82,79,,72,90,69,103,79,90,78,73,56,57,56,58,52,77,,41,57,60,81,57,55,47,46,68,66,69,63,,50,94,80,56,59,53,45,49,50,47,48,,,74,65,72,97,93,103,90,81,53,57,50,55,41,43,41,36,43,45,54,50,27,30,38,33,33,41,,63,54,47,69,80,66,58,,,53,68,64,62,64,,79,88,76,87,,,94,,52,73,68,58,68,65,66,68,64,,52,56,82,63,64,79,12,23,24,10,25,16,72,63,88,68,75,63,60,103,,86,64,82,72,,61,33,41,42,,,,40,64,,,,78,76,29,31,28,32,29,,31,40,37,42,47,40,35,33,42,47,44,56,31,40,28,52,,72,55,56,61,50,60,54,53,64,,51,55,61,35,32,33,39,35,38,32,55,56,37,37,38,33,36,32,,25,,56,63,61,51,39,,46,49,,,47,34,34,62,,46,67,58,,75,73,82,72,49,26,23,19,28,22,,,,81,,74,63,,55,46,46,46,49,52,58,32,30,36,,41,,,60,,58,55,62,38,37,35,35,45,,34,31,31,31,43,37,32,52,46,53,41,49,48,53,55,59,57,57,62,38,,46,79,78,,45,45,,53,50,54,48,35,,60,58,,,67,73,,66,,43,57,78,61,81,84,,75,90,,59,63,,63,,97,78,96,,78,64,42,42,31,,41,43,48,45,44,36,21,43,40,45,38,38,70,21,44,33,21,25,26,39,31,35,37,53,97,113,107,110,103,92,63,53,64,,68,81,87,93,89,89,43,36,36,41,36,36,39,37,,51,42,64,,44,36,38,34,33,,42,35,6,,107,,103,152,119,114,63,59,58,,,,66,,59,,122,115,105,,107,93,96,80,73,,64,,54,49,51,50,44,43,,38,43,46,31,34,28,,30,,,25,40,32,30,21,34,45,44,48,34,36,31,44,48,50,47,60,56,50,27,27,25,47,46,56,72,77,80,72,72,,58,53,43,55,46,58,60,55,,,,,61,58,,72,34,44,42,54,36,33,32,36,36,37,37,60,56,57,,54,,51,43,59,,57,61,,99,33,30,59,40,44,75,52,57,76,75,79,80,,88,93,409,81,68,62,65,12,20,,20,30,26,23,34,70,60,52,52,,23,,66,53,53,52,41,20,20,24,28,,,36,21,48,30,34,33,19,24,13,19,67,,82,64,65,59,55,51,64,69,53,,54,69,59,67,62,51,51,50,43,50,48,38,40,,55,59,,60,55,42,64,,,34,54,46,47,49,56,48,54,54,,,70,98,108,107,101,,110,91,88,85,83,99,65,,65,70,76,,,84,79,,64,65,78,,77,,72,63,,,30,36,,,96,88,41,,,50,46,62,56,81,83,58,30,32,28,28,27,27,32,33,32,44,57,40,35,34,23,30,29,,47,38,53,,46,45,54,55,35,24,34,32,51,50,54,97,,,36,85,92,126,66,106,103,96,80,41,54,33,185,156,128,121,114,,,85,24,27,25,61,61,,20,59,60,,49,56,51,,54,58,48,56,46,53,54,55,53,65,50,56,56,47,28,25,,21,25,23,35,57,53,,62,,79,,,,51,46,50,57,77,77,,38,,43,46,41,50,38,42,52,31,44,38,66,25,12,26,32,34,48,48,62,44,34,,29,30,26,24,29,35,19,56,42,43,51,33,42,53,44,,29,29,30,30,30,34,43,38,38,49,47,40,39,46,43,,45,49,45,42,38,38,37,36,44,59,55,,102,87,89,,100,76,86,52,,53,55,56,,64,64,63,67,62,58,54,56,54,54,55,53,55,,72,61,62,54,66,,75,64,53,37,29,39,40,46,44,46,47,43,,43,42,44,,30,28,,33,27,34,31,,37,33,34,40,56,40,44,40,36,42,43,36,41,36,50,39,33,29,37,31,32,39,33,37,39,38,36,36,36,34,39,26,27,23,37,29,21,33,32,39,34,17,27,23,79,67,75,71,42,32,38,40,41,53,74,66,65,73,51,51,49,68,62,50,53,40,49,80,53,50,53,44,21,24,,27,35,33,28,33,32,41,49,38,62,66,61,60,51,73,,,40,43,41,,50,60,54,51,78,80,,43,44,36,,,,,38,43,50,51,44,32,31,35,,30,30,42,53,52,61,54,57,64,60,71,,,,,32,27,62,65,54,43,42,,39,65,61,52,59,22,44,34,90,83,62,82,51,55,,71,74,66,70,122,100,57,47,106,,71,75,,29,4,,17,33,13,,24,,13,,27,16,14,19,14,22,69,63,50,57,12,14,16,20,,36,35,14,20,25,110,,177,186,32,29,481,445,,28,31,18,18,20,,67,74,36,,33,38,28,20,21,31,55,,48,33,,36,18,17,17,124,120,317,272,20,,24,28,24,83,100,25,34,36,34,,,45,44,44,27,,13,24,27,28,57,34,75,74,18,24,21,71,69,,86,110,38,41,53,116,54,,53,,75,48,86,37,80,78,437,12,68,45,37,45,77,14,,,49,44,97,26,,78,75,80,42,,69,42,,,39,87,96,58,57,69,79,55,69,85,38,67,49,60,54,,29,45,,95,45,68,54,26,37,48,48,74,73,23,32,27,23,90,50,19,40,33,35,30,33,39,43,49,52,47,52,14,42,77,39,66,57,74,70,32,33,32,60,66,82,61,46,39,49,56,120,,50,27,74,77,32,27,19,,,52,68,46,33,55,13,42,58,47,137,104,52,52,63,30,64,53,33,,58,46,51,56,54,,281,64,26,46,58,57,57,55,63,33,47,53,65,121,50,42,,78,,57,48,43,43,44,83,110,100,85,82,77,69,49,65,69,46,62,52,103,,44,85,73,66,60,39,27,25,25,39,61,68,60,87,32,36,110,115,54,63,,148,126,53,53,55,83,43,48,33,36,70,29,44,37,22,38,33,66,73,72,67,56,20,50,77,45,23,85,49,42,48,40,69,86,56,58,44,29,24,43,43,30,36,29,40,,42,33,59,70,67,79,75,70,73,48,51,,82,28,29,59,38,47,63,43,82,87,53,62,51,44,66,58,39,47,54,36,27,35,30,26,,85,48,47,84,81,41,48,41,50,64,40,59,83,72,21,70,39,19,32,26,71,45,49,42,62,49,45,94,60,70,,112,113,63,69,38,34,43,17,66,39,45,59,68,69,76,31,55,40,32,52,33,,42,,29,28,25,54,36,56,42,45,53,35,63,,17,,,44,43,37,44,39,41,34,49,51,54,50,52,63,43,29,30,40,35,,58,,44,39,,24,65,51,61,70,67,105,48,,35,60,47,51,,,105,104,56,70,93,22,24,24,31,57,88,51,78,71,103,98,76,75,66,60,70,95,96,90,,87,62,95,57,60,44,58,68,52,53,66,58,20,27,800,629,34,21,82,106,102,101,64,64,46,58,69,78,48,32,56,,44,66,132,119,99,75,64,38,50,44,42,33,64,45,38,74,60,59,52,33,72,76,54,,53,17,49,17,71,63,85,71,46,42,35,38,39,44,95,53,50,53,116,55,111,33,32,23,44,33,43,36,42,38,56,60,72,41,108,32,107,66,37,55,9,14,74,55
20210423,22,SO2,3,3,1,1,3,2,3,4,2,4,1,3,,,6,,5,7,7,,5,,3,8,,7,2,,3,7,3,5,3,6,,,6,12,,7,15,7,11,5,,3,,5,2,10,5,6,2,,5,8,6,,7,6,5,4,6,7,5,6,5,6,,6,6,7,3,11,8,,2,3,4,1,11,,5,6,5,5,4,4,,8,6,,,9,7,9,9,6,11,12,,11,9,8,7,4,,11,4,6,4,10,5,9,8,7,5,5,8,6,6,12,7,5,6,8,14,7,18,22,16,,18,15,16,18,9,25,20,18,4,5,4,8,6,,2,8,8,8,15,5,7,4,7,2,9,4,3,4,,4,10,5,7,6,7,1,4,9,10,7,7,,,,7,7,,7,11,5,,,,4,,6,4,4,6,6,6,8,4,8,,,,12,9,,5,4,5,5,4,,6,4,1,6,5,5,3,4,,7,,5,6,,5,5,,5,5,3,,6,4,5,5,9,5,5,,,8,6,9,6,4,6,7,,5,,,3,,16,8,,5,4,4,4,4,5,,5,4,5,5,5,6,5,4,5,6,6,5,8,6,12,10,5,6,2,,6,6,4,4,5,3,6,7,15,5,,8,4,4,,5,5,5,5,,5,4,5,6,5,,,4,4,5,6,5,4,,8,6,5,4,6,8,6,7,9,7,5,5,6,7,4,,4,6,9,5,4,6,5,8,5,8,6,8,9,11,,6,7,9,6,8,9,6,12,4,7,10,6,11,6,,7,5,6,9,5,6,6,15,10,12,10,7,,6,10,11,4,5,4,4,8,11,4,10,,,9,8,7,15,18,15,10,10,9,14,9,13,4,6,9,5,2,7,5,7,3,2,1,3,5,12,,11,9,11,9,10,10,6,,,10,8,5,5,8,,7,7,5,5,,,6,,7,8,8,6,6,5,5,7,6,,8,15,8,7,7,14,3,4,3,4,6,5,7,4,3,7,5,7,4,4,,5,6,5,4,,12,4,9,7,,,,11,4,,,,8,7,4,3,4,5,4,,4,6,2,6,7,7,10,6,5,7,14,4,5,5,4,6,,46,6,16,19,10,12,9,13,11,,4,6,5,9,12,9,7,9,11,12,64,22,18,30,6,7,6,6,,3,,6,4,4,6,3,,4,5,,,12,7,7,6,,4,5,7,,1,8,12,2,4,7,6,5,8,9,,,,5,,4,7,,5,5,6,8,4,4,3,3,2,4,,4,,,12,,16,6,9,5,7,6,12,8,,4,5,6,6,5,5,5,4,6,3,8,6,7,8,7,9,6,7,9,4,,4,5,6,,15,15,,6,7,8,7,7,,11,8,,,5,4,,5,,14,10,14,10,9,8,,9,8,,8,14,,10,,7,7,7,,8,10,9,17,5,,6,6,13,8,8,6,6,10,14,9,11,10,15,10,8,10,3,8,11,12,23,26,15,8,44,18,27,11,20,5,2,5,3,,5,11,17,7,19,17,2,4,6,10,5,6,3,4,,6,3,6,,6,5,4,2,6,,3,2,4,,2,,3,2,3,1,5,5,5,,,,6,,5,,9,5,8,,7,5,6,3,1,,3,,6,7,5,7,6,5,,13,10,13,14,8,12,,8,,,6,3,2,1,2,5,4,4,6,8,6,5,4,4,5,5,5,6,5,3,4,6,5,7,7,8,9,6,4,5,,56,6,22,8,8,9,7,9,,,,,3,5,,5,1,6,3,1,1,10,7,6,5,5,5,5,5,5,,,,4,8,4,,3,2,,5,3,4,5,4,4,4,4,3,6,7,4,4,,5,2,3,12,10,7,4,2,5,,4,4,3,5,2,9,5,4,4,,5,,8,5,5,3,3,7,6,8,4,,,6,10,9,9,6,4,3,3,4,4,9,,11,6,6,7,8,8,7,12,5,,4,5,12,11,9,12,13,11,8,5,5,5,8,,4,5,,2,8,6,7,,,5,5,5,5,5,7,5,6,7,,,1,5,3,4,3,,4,15,5,9,7,11,6,,5,5,4,,,3,5,,9,7,8,,9,,24,18,,,5,5,,,6,8,13,,,2,3,8,7,5,6,5,18,12,16,32,17,13,17,18,18,4,4,2,5,11,7,6,8,,6,11,8,,13,11,15,10,5,3,9,8,6,8,10,14,,,12,5,5,2,7,5,8,8,6,6,5,5,1,4,5,6,10,,,6,2,2,5,7,7,,15,10,6,,5,7,5,,6,5,12,6,4,2,4,6,13,16,6,14,5,8,6,2,,5,3,4,6,5,6,,16,,6,,,,6,5,7,6,5,4,,5,,17,5,8,6,3,5,3,3,2,5,5,4,3,4,2,4,8,10,17,10,4,,4,4,10,7,5,4,13,15,13,9,11,6,6,12,10,,8,9,6,6,9,3,5,4,4,10,8,9,9,9,19,,11,15,17,4,7,7,5,4,16,7,26,,12,6,5,,7,8,8,5,,2,5,8,,5,6,7,4,8,9,8,8,8,8,2,3,2,,5,6,5,10,8,,11,11,4,3,4,5,6,6,3,8,5,7,,3,2,3,,5,3,,6,7,9,8,,6,5,5,6,8,8,7,5,6,7,12,11,9,45,8,8,2,4,3,1,2,7,6,5,5,4,6,12,7,5,16,,7,6,5,2,3,4,4,3,3,6,16,8,15,10,6,8,6,9,7,9,7,13,3,5,6,4,2,14,25,18,21,7,9,7,7,7,10,8,8,5,4,3,,2,6,7,8,7,5,10,6,9,3,7,4,7,8,10,,,7,14,16,,6,12,12,12,5,8,,5,6,8,,,,,5,6,8,7,7,12,13,13,,9,6,12,15,13,7,2,4,6,3,5,,,,,4,5,6,8,5,10,2,,5,6,5,6,5,4,6,8,6,6,13,9,12,9,,10,9,5,4,11,12,5,7,5,,12,8,,8,6,,7,4,3,,10,,8,,10,8,5,5,5,3,5,11,9,7,5,5,8,10,,8,10,7,7,9,6,,4,6,5,4,4,3,,6,5,4,2,20,,4,5,4,,11,5,18,12,11,8,7,,5,11,,9,2,3,5,4,5,4,5,5,,6,2,10,6,5,5,3,5,4,,,6,4,4,5,,3,4,4,3,9,4,10,8,6,6,4,4,5,,10,16,9,5,7,8,4,,4,,6,5,5,8,7,9,3,16,14,6,9,11,5,3,,,4,6,6,5,,4,11,8,8,,4,5,,,7,10,9,6,8,6,5,7,8,8,5,7,14,9,6,,7,5,,7,11,5,9,2,11,3,3,7,4,16,5,2,4,11,14,8,19,4,3,3,8,3,11,5,5,3,5,5,11,5,9,11,5,5,7,7,8,6,2,6,9,9,18,5,6,7,7,,4,4,2,,11,3,4,,,10,6,8,6,4,8,7,4,6,5,7,5,9,8,4,5,2,3,,7,5,11,10,18,,16,2,5,10,1,5,5,4,3,6,2,14,11,29,31,8,,14,,5,2,4,6,4,8,8,6,8,9,8,6,6,6,5,7,12,8,8,,7,8,7,10,5,3,7,2,11,9,9,4,7,4,2,5,8,8,5,6,,4,1,4,5,7,32,19,10,5,7,9,7,8,6,8,10,7,4,3,8,7,5,4,2,8,3,6,5,5,6,3,1,6,7,8,8,3,7,4,9,5,8,6,6,7,,6,6,5,15,6,6,8,9,7,12,6,,4,3,1,9,16,2,6,4,8,7,1,10,9,6,6,5,9,4,2,2,3,7,5,6,,7,6,6,7,4,5,6,5,6,11,4,4,4,8,10,9,2,3,7,10,6,6,7,5,5,7,5,6,6,5,,3,7,6,2,2,,12,5,17,7,12,6,6,6,15,6,9,6,5,2,8,,6,,7,5,5,4,4,5,6,9,12,7,8,,6,,,7,6,8,6,10,6,6,17,6,6,6,8,7,6,1,6,24,9,,5,,6,1,,7,8,8,14,5,5,9,8,,9,17,8,12,,,7,10,2,14,1,10,4,7,10,6,2,2,1,5,5,8,3,5,6,7,5,7,18,7,,9,4,2,7,29,8,8,4,8,6,7,3,7,6,16,8,3,2,4,9,3,45,10,9,6,6,10,7,8,2,7,,7,6,2,1,16,7,6,4,6,7,1,7,4,6,10,1,3,6,4,10,5,9,6,,2,7,8,2,5,6,3,3,3,1,3,3,3,8,6,5,4,6,10,20,6,7,6,8,2,2,4,3,8,8,7,5,4,9,15,8,10,8,12,9,8,5,12,7
20210423,22,SO2_24h,3,3,2,2,3,3,3,3,2,4,2,3,,,5,,5,7,6,,5,,4,6,,6,2,,5,8,3,6,2,8,,,5,11,,6,13,7,10,3,,3,,10,4,8,6,10,5,,8,10,7,,9,9,7,4,6,8,5,6,5,6,,6,3,5,3,11,9,,3,5,5,4,9,,7,9,7,8,6,5,,7,5,,,6,6,8,7,8,12,13,,12,10,10,9,4,,12,4,4,4,10,4,8,8,7,4,4,9,6,6,11,7,6,6,7,13,7,19,28,20,,16,14,12,17,12,28,20,15,5,6,5,8,6,,3,9,8,8,12,4,9,4,6,1,8,3,1,6,,3,6,4,6,6,8,2,5,11,12,8,8,,,,8,7,,7,12,6,,,,4,,6,5,3,5,6,6,8,5,7,,,,4,7,,5,3,4,4,4,,7,5,3,11,5,7,3,4,,5,,7,7,,5,5,,5,6,3,,5,4,5,6,9,5,7,,,6,9,10,5,4,6,6,,5,,,3,,11,8,,5,4,4,4,4,5,,5,4,5,5,5,7,5,5,5,5,5,4,6,5,9,9,4,5,2,,5,6,4,3,4,4,9,3,6,3,,7,2,4,,6,6,6,5,,5,4,6,6,5,,,5,4,5,6,5,4,8,8,6,5,5,6,9,7,7,9,7,5,6,6,8,4,,5,7,9,4,4,6,5,8,5,8,6,9,10,11,,8,9,10,8,10,7,8,7,4,7,10,7,8,6,,7,6,6,10,8,9,7,7,9,9,9,9,,9,17,15,6,6,5,5,6,9,7,8,,,12,9,8,12,13,13,13,15,13,15,9,12,5,5,8,6,3,7,5,8,4,3,3,3,4,10,,14,13,12,15,14,13,8,,,13,13,5,5,15,,8,9,7,6,,,11,,7,8,9,9,6,5,5,7,6,,9,17,10,9,12,14,3,4,3,4,4,5,9,5,5,8,6,8,5,7,,7,7,5,6,,9,4,8,8,,,,10,6,,,,12,14,5,4,3,5,4,,4,6,2,6,6,6,6,6,6,6,10,4,5,5,3,8,,19,9,13,15,10,14,9,9,9,,4,7,7,8,11,8,6,10,11,10,55,12,12,15,5,5,4,5,,2,,5,5,5,5,2,,4,7,,,10,5,5,6,,2,6,6,,27,12,17,10,4,7,6,5,8,10,,,,7,,6,8,,6,6,6,9,5,5,3,3,3,4,,5,,,8,,11,11,11,5,8,7,11,9,,5,5,6,6,5,6,7,5,14,12,5,7,12,9,8,9,7,7,7,6,,7,6,7,,13,11,,7,8,11,10,7,,20,10,,,6,5,,6,,15,12,12,13,9,9,,10,9,,4,8,,5,,6,8,8,,9,9,19,35,12,,6,7,9,8,8,6,6,14,17,11,12,8,18,12,12,12,4,10,12,12,10,20,20,14,23,20,21,15,17,7,3,7,5,,4,7,9,8,9,7,2,4,8,11,5,6,4,4,,10,6,10,,7,6,5,3,6,,4,4,4,,4,,5,3,5,2,8,9,10,,,,7,,6,,8,5,7,,12,8,9,4,3,,4,,6,7,5,7,7,6,,12,9,13,7,6,10,,7,,,6,2,2,1,2,5,5,4,6,9,6,5,5,6,5,5,6,6,5,3,4,6,9,14,19,10,11,8,6,8,,27,7,19,9,10,13,12,15,,,,,7,7,,7,3,7,6,2,2,13,8,6,6,7,5,4,4,6,,6,,5,16,6,,4,3,,12,4,4,5,4,4,5,4,3,9,11,7,5,,9,40,33,18,20,9,6,1,4,,5,3,3,4,2,15,9,4,4,,5,,8,6,6,7,4,8,7,8,4,,,6,10,9,9,6,4,3,3,4,4,6,,8,6,5,9,10,11,6,6,6,,4,4,9,8,8,9,8,10,8,8,6,5,8,,4,5,,2,5,6,7,,,5,4,6,4,5,7,7,7,7,,,6,6,3,4,4,,4,9,10,11,10,10,7,,7,6,4,,,3,4,,11,9,11,,11,,12,13,,,5,5,,,11,10,18,,,2,4,7,8,5,6,5,16,11,14,22,13,13,13,13,13,3,4,4,5,8,8,6,8,,8,10,10,,18,15,14,12,4,4,10,8,7,8,10,10,,,9,8,9,6,7,11,11,9,7,10,5,6,10,7,10,13,9,,,12,4,8,4,8,10,,10,9,7,,6,8,8,,6,5,5,6,4,2,2,7,7,15,5,19,6,8,5,8,,4,3,3,7,6,6,,5,,7,,,,6,5,6,6,6,5,,8,,9,9,7,6,4,6,4,4,3,6,6,4,3,5,3,5,5,7,8,5,4,,3,4,7,7,20,7,13,17,16,14,13,11,14,20,12,,8,10,10,7,9,4,8,7,13,14,7,9,9,8,14,,12,13,12,5,6,6,5,4,14,18,22,,20,9,7,,10,8,8,5,,3,5,8,,5,9,11,6,12,9,8,8,8,8,4,5,3,,6,6,5,13,13,,20,14,6,3,4,6,6,7,5,9,5,7,,5,4,4,,5,3,,7,7,8,7,,7,5,5,6,8,8,10,7,7,9,11,11,10,11,11,9,2,2,2,2,1,5,4,4,4,4,7,11,5,7,11,3,7,6,5,2,3,3,4,3,3,6,13,8,18,10,10,8,8,8,9,7,7,9,5,5,11,6,3,9,10,17,14,7,7,9,6,7,21,12,11,8,5,3,,4,6,10,10,9,5,10,7,9,4,14,7,8,9,11,,,8,13,10,,7,15,13,12,6,7,,5,6,8,,,,,6,6,8,7,8,13,14,12,,8,7,15,13,13,11,3,3,5,4,5,,,,,4,5,8,9,6,10,3,,4,6,5,8,7,5,6,7,6,6,11,10,11,12,,11,9,8,4,9,12,5,8,5,,13,9,,12,7,,8,4,5,,4,,8,,11,8,5,5,5,5,6,14,12,9,5,5,19,12,,26,25,8,8,9,8,,4,8,6,6,4,3,,5,5,4,11,18,,6,6,6,,13,3,16,16,11,16,7,,5,10,,10,4,3,5,4,5,3,4,5,,5,2,9,5,5,5,4,6,4,,,7,4,5,5,,3,4,6,2,22,5,9,9,5,3,4,6,6,,13,19,9,4,8,9,3,,8,,8,6,10,8,15,16,33,14,11,7,10,9,5,3,,,4,5,6,4,,5,11,13,8,,6,5,,,10,10,4,7,10,6,8,8,9,6,5,14,15,12,8,,7,5,,8,9,5,9,2,13,5,4,6,4,12,4,2,4,11,14,7,16,4,2,3,8,3,8,5,5,4,4,5,12,8,7,18,6,6,9,7,8,6,8,6,11,14,14,7,6,8,6,,5,4,4,8,13,3,4,,,8,7,9,5,6,8,9,4,8,7,11,15,7,10,4,6,8,3,,11,8,11,19,23,,30,3,5,5,2,6,4,3,4,6,2,13,13,16,15,22,,12,,3,2,4,5,6,7,8,7,8,11,11,9,6,6,5,9,9,8,11,,9,7,9,12,6,2,5,2,10,8,7,4,7,5,2,4,8,7,6,7,,5,2,5,5,13,16,18,20,9,8,9,8,14,8,7,11,8,6,5,10,8,6,4,6,8,4,6,7,5,5,2,3,8,8,5,10,11,5,8,7,6,9,5,6,7,,7,4,5,17,7,5,6,8,7,16,3,,5,3,2,13,21,2,6,2,6,7,2,8,7,6,6,4,10,5,3,2,4,8,4,6,,9,7,6,9,5,7,7,11,7,7,6,6,6,8,10,15,3,3,5,9,5,6,6,4,4,6,5,6,7,7,,4,7,9,10,5,10,10,7,19,9,13,7,9,8,14,7,8,6,5,2,9,,7,,7,5,5,5,5,7,6,9,15,5,15,,7,,,8,7,7,5,7,11,6,12,6,8,9,10,10,6,2,6,9,7,,6,,6,6,,6,9,7,13,3,6,7,5,,8,16,9,9,,,6,10,3,10,3,6,4,2,6,8,5,6,3,7,5,8,3,6,6,8,6,7,6,8,,13,6,2,7,25,13,5,5,9,7,8,4,6,6,6,9,3,5,6,11,3,22,9,9,8,7,10,9,9,11,12,,17,5,3,2,16,8,7,5,6,10,4,8,5,7,11,5,5,6,5,8,4,8,7,,4,5,10,3,4,5,7,3,3,2,3,2,3,12,6,7,5,10,14,21,7,6,5,7,2,2,4,3,7,6,8,3,7,7,11,10,8,8,13,9,8,5,9,8
20210423,22,NO2,17,14,12,12,15,14,19,21,15,19,18,16,,,41,,36,31,44,,64,,38,22,,29,34,,12,16,15,14,17,16,,,49,46,,57,58,25,50,34,,33,,11,5,13,20,18,17,,18,25,22,,20,20,22,39,21,17,19,10,26,35,,26,18,25,20,10,17,,17,6,16,18,32,,12,14,19,18,16,14,,30,31,,,76,55,51,37,10,39,40,,28,40,36,37,38,,39,28,37,18,28,16,24,11,14,15,10,54,46,72,67,50,22,23,63,68,76,50,91,29,,74,44,67,54,62,42,22,84,35,59,39,38,28,,44,31,32,48,60,42,42,51,42,58,26,44,21,51,,54,51,47,57,46,46,21,20,10,21,18,27,,,,23,24,,23,33,23,,,,32,,43,63,44,42,47,34,48,48,57,,,,53,35,,17,32,20,14,10,,13,16,22,21,15,26,11,4,,15,,23,20,,78,59,,66,26,86,,55,70,71,28,76,33,49,,,52,29,26,46,36,56,39,,58,,,49,,47,43,,17,19,20,15,7,8,,33,35,22,25,29,20,23,23,31,37,30,34,38,33,48,60,88,30,9,,26,7,22,34,9,19,15,18,38,11,,22,13,6,,10,17,21,11,,17,17,16,10,10,,,21,21,13,23,49,12,31,23,22,19,40,26,19,29,15,22,27,24,30,41,25,24,,20,19,57,54,43,24,32,30,36,23,33,15,49,42,,51,63,45,58,52,69,51,57,35,36,56,42,57,31,,13,14,31,23,27,22,11,22,36,30,27,23,,12,56,48,19,11,14,15,17,22,18,22,,,36,43,43,20,28,25,10,8,33,29,22,20,16,19,22,10,10,26,31,19,12,10,28,9,6,14,,28,36,49,82,25,74,39,,,40,80,61,66,82,,20,19,24,21,,,21,,10,35,8,12,14,20,30,24,7,,16,19,23,34,17,24,46,48,59,34,29,83,17,24,19,28,30,26,21,27,,20,15,26,20,,41,12,28,70,,,,10,10,,,,26,36,19,23,10,12,14,,9,35,42,25,32,25,50,45,49,59,51,5,13,59,8,16,,24,21,18,23,23,21,27,22,28,,32,42,24,21,19,13,26,38,34,55,26,32,23,40,15,23,16,13,,10,,28,31,32,25,20,,12,14,,,14,14,23,21,,16,18,23,,19,27,24,23,13,22,18,17,16,17,,,,21,,20,12,,12,12,21,35,19,24,20,25,8,18,,5,,,41,,40,15,43,15,14,9,12,9,,8,6,10,3,12,7,5,13,12,7,11,15,23,6,6,8,12,15,12,3,,6,64,44,,15,16,,10,10,9,12,15,,76,19,,,18,12,,25,,24,18,21,22,8,9,,10,6,,56,53,,41,,28,29,22,,26,25,19,16,19,,53,27,53,52,50,22,6,21,34,14,25,33,39,12,20,36,25,16,35,26,17,19,31,21,50,70,47,133,66,30,7,10,6,,5,26,26,15,24,40,13,12,9,8,6,67,95,95,,33,65,69,,16,16,12,10,11,,7,17,3,,38,,27,35,26,50,15,14,15,,,,15,,15,,20,27,16,,36,39,26,18,23,,21,,35,40,17,31,20,13,,33,35,20,20,14,25,,11,,,11,19,14,9,6,12,25,12,19,17,9,13,8,9,23,14,21,24,14,4,10,5,18,12,6,19,50,41,34,14,,37,,22,28,13,24,31,36,,,,,12,19,,14,12,22,12,12,12,9,10,5,10,8,11,16,13,18,,,,6,9,36,,50,34,,30,8,12,19,21,26,14,15,25,12,12,13,14,,7,3,10,17,18,11,23,7,11,,18,6,20,10,8,6,13,15,15,,10,,21,20,20,16,14,7,9,12,6,,,14,16,17,18,13,14,14,9,14,11,54,,52,23,20,33,41,35,25,38,26,,36,48,42,39,33,34,39,32,48,32,28,10,17,,62,65,,52,53,28,41,,,47,25,16,18,28,12,10,13,12,,,28,21,22,22,21,,22,18,15,27,25,18,11,,14,14,10,,,20,36,,14,15,14,,12,,22,18,,,23,17,,,12,15,16,,,12,10,3,5,5,5,5,22,17,15,16,19,22,43,44,24,55,39,35,27,15,10,14,13,,51,64,24,,34,24,33,32,48,23,7,27,22,30,23,58,,,40,8,9,7,6,10,16,14,19,9,7,8,11,2,18,7,15,,,18,6,6,9,13,14,,11,18,11,,29,19,15,,22,13,18,12,16,15,18,11,58,38,58,99,46,50,21,11,,5,10,10,32,26,18,,28,,12,,,,25,32,24,37,13,13,,24,,47,17,43,16,5,9,9,1,38,40,62,14,5,18,12,17,24,23,27,18,18,,16,15,17,17,16,18,6,8,16,13,19,12,18,23,29,,10,11,16,14,47,6,12,13,10,14,18,10,11,11,16,,13,15,19,15,7,12,10,5,16,12,18,,14,20,21,,17,19,21,13,,14,10,10,,10,10,14,10,8,13,13,12,12,10,18,17,12,,15,16,16,54,15,,23,26,7,12,13,13,30,23,20,22,64,55,,22,29,17,,12,21,,11,9,12,20,,14,18,26,16,29,16,15,28,10,19,40,11,13,20,10,14,7,18,42,17,20,27,46,22,23,59,26,15,23,19,31,4,3,16,9,5,5,19,17,24,22,2,12,13,59,76,34,72,19,6,8,23,29,30,49,22,22,20,21,17,25,11,14,30,34,13,11,59,18,10,7,17,10,14,,18,12,13,11,15,12,16,8,16,32,36,41,26,9,54,,,8,12,10,,28,46,42,40,48,46,,31,11,13,,,,,11,19,15,17,15,5,4,7,,2,5,7,12,11,13,6,8,9,5,10,,,,,29,20,14,10,17,14,9,,3,9,6,19,21,5,8,9,40,54,19,25,8,11,,6,11,10,10,78,63,14,6,44,,12,14,,9,2,,6,23,25,,38,,4,,6,6,5,6,9,11,20,34,25,26,6,9,8,17,,15,23,11,29,22,12,,7,10,32,31,9,12,,9,6,12,16,57,,22,19,19,,10,7,22,15,5,6,27,,17,22,,15,15,11,11,18,24,5,7,4,,17,8,17,21,24,2,14,2,7,,,12,10,15,15,,4,17,22,11,25,28,9,62,19,33,24,14,14,,17,54,24,26,23,56,31,,13,,21,16,17,4,23,22,11,30,28,71,24,26,51,8,,,22,23,51,32,,29,25,41,14,,31,19,,,27,80,61,12,24,20,39,21,30,39,17,76,23,88,30,,59,12,,124,14,21,12,8,22,10,5,10,20,13,10,6,33,14,33,25,23,13,15,9,14,16,54,5,7,5,5,25,13,18,33,84,14,15,46,13,6,8,15,16,27,41,13,37,49,18,27,,12,10,21,,8,20,9,,,30,22,16,13,27,3,16,28,15,8,26,20,22,22,15,14,22,22,,22,38,17,9,13,,12,48,10,49,34,32,46,48,38,17,14,28,16,23,33,9,,33,,54,6,20,30,19,51,48,52,56,59,35,22,50,78,30,10,34,25,10,,6,20,36,16,45,17,26,37,31,99,20,19,25,11,34,27,37,24,14,14,,21,25,2,3,16,48,23,15,17,14,39,7,17,50,2,19,10,23,16,20,16,26,6,20,18,10,27,18,26,28,8,12,14,14,10,13,63,36,25,57,23,9,9,4,15,,17,23,15,13,56,73,42,51,63,30,12,,18,20,9,17,25,48,33,66,67,25,38,49,50,46,39,33,20,17,17,11,14,13,19,8,,60,8,21,36,17,7,21,4,15,7,1,8,81,21,29,8,14,16,51,26,21,29,66,44,12,14,39,22,17,14,,16,17,8,11,10,,23,5,30,8,40,17,13,14,63,7,10,12,13,26,19,,17,,26,18,6,26,13,13,12,12,9,20,17,,12,,,16,2,16,11,21,17,9,29,21,24,14,6,11,4,17,3,10,10,,26,,9,3,,9,14,8,26,56,34,38,64,,28,22,17,5,,,19,27,20,17,23,34,57,34,61,7,17,23,18,25,30,36,13,10,18,33,15,17,51,28,,18,12,42,31,33,22,52,15,20,12,17,18,6,15,17,47,19,10,21,19,21,31,31,49,11,33,32,45,56,14,26,,29,16,29,36,63,16,18,30,14,13,18,14,13,12,17,32,28,21,45,14,99,45,28,,4,8,29,3,22,61,18,18,12,8,21,12,13,22,28,10,19,22,28,20,18,10,59,43,14,16,15,13,73,42,11,22,16,29,81,19,81,33,51,19,5,1,93,9
20210423,22,NO2_24h,22,11,27,20,33,24,33,20,11,23,34,27,,,22,,22,20,21,,24,,29,21,,20,17,,23,21,23,20,18,22,,,22,24,,28,27,14,19,23,,20,,21,15,20,27,29,30,,25,31,28,,26,26,28,25,13,18,14,12,26,30,,28,20,17,19,20,24,,18,17,24,24,51,,16,31,30,41,38,33,,19,23,,,27,20,18,15,9,22,28,,19,40,25,29,30,,27,20,24,10,16,10,14,12,9,13,9,47,48,49,46,43,19,20,40,44,56,29,42,31,,37,34,42,39,43,32,21,47,47,57,52,59,40,,50,35,36,39,36,30,16,29,23,29,17,22,16,37,,51,49,43,42,46,41,30,37,26,30,27,23,,,,22,17,,16,27,22,,,,25,,33,50,39,31,48,42,37,44,38,,,,40,34,,16,26,19,18,14,,19,18,26,26,17,26,15,18,,18,,18,17,,50,34,,52,26,51,,44,52,52,22,56,48,52,,,43,47,42,33,29,50,25,,40,,,49,,41,39,,20,19,20,15,12,15,,30,33,25,33,29,18,22,24,20,24,20,14,18,20,26,26,32,17,9,,24,17,20,21,13,16,18,17,30,10,,18,15,7,,12,21,19,16,,23,17,20,13,13,,,23,24,15,24,26,19,44,40,33,38,44,38,37,45,24,22,26,22,32,34,28,27,,15,19,34,26,28,20,20,24,24,20,28,11,48,42,,53,56,37,73,51,55,49,37,24,34,41,38,30,56,,25,31,55,33,26,26,12,16,35,34,30,27,,13,51,40,19,21,17,15,15,21,15,20,,,46,38,38,34,36,45,42,43,36,38,22,27,14,14,16,10,12,22,29,25,11,12,26,9,9,14,,44,42,49,60,62,57,34,,,49,59,62,48,60,,29,29,40,32,,,33,,10,32,7,10,9,17,22,20,7,,16,16,36,30,28,33,9,7,11,9,15,8,35,42,36,46,47,45,42,49,,28,32,43,33,,45,12,35,42,,,,18,11,,,,21,19,19,21,9,13,13,,9,19,32,22,22,24,27,27,22,30,28,5,13,33,7,27,,28,32,24,29,22,24,22,20,19,,30,37,26,15,12,10,21,25,26,24,29,29,27,29,17,14,15,14,,11,,26,30,31,27,24,,16,19,,,13,14,20,21,,19,21,21,,22,20,17,20,10,25,20,20,16,17,,,,25,,22,13,,27,26,24,32,20,18,15,21,15,25,,13,,,25,,24,16,34,14,12,11,13,11,,12,11,14,11,14,8,10,15,15,13,21,26,27,11,11,12,27,25,20,7,,11,37,36,,13,14,,13,12,13,15,12,,30,19,,,26,22,,21,,22,18,23,30,18,11,,15,13,,23,31,,21,,27,28,28,,28,24,26,32,21,,24,17,34,25,31,15,5,22,27,15,20,12,40,15,15,19,25,21,16,26,17,21,31,22,35,40,35,40,39,24,12,14,13,,8,23,27,22,23,22,13,16,13,15,12,29,30,36,,26,29,38,,13,15,16,21,12,,19,24,3,,41,,34,40,28,40,22,18,23,,,,25,,24,,17,23,13,,39,38,27,16,20,,19,,33,29,22,26,25,19,,29,33,28,18,21,17,,19,,,8,15,14,13,8,11,20,10,19,10,9,8,11,19,24,19,27,29,24,4,6,12,28,28,26,22,36,29,28,18,,30,12,32,17,20,39,31,34,,,,,24,34,,30,16,23,19,18,15,15,11,6,13,10,11,17,11,31,,29,,12,16,36,,35,34,,46,9,20,33,31,30,27,26,32,28,30,31,32,,13,12,18,14,19,12,21,5,9,,15,6,8,10,5,11,16,19,19,,15,,19,24,24,18,16,8,9,14,10,,,15,18,13,15,18,18,15,14,12,11,40,,43,40,32,44,39,42,39,45,46,,17,29,44,43,37,34,36,31,22,20,22,21,24,,38,30,,31,35,16,34,,,25,20,19,16,23,21,13,20,15,,,28,17,18,19,19,,18,38,34,35,38,39,17,,22,24,10,,,16,17,,24,28,47,,37,,16,17,,,18,12,,,9,13,8,,,12,12,10,14,6,6,6,30,16,9,17,19,20,31,34,23,25,27,23,23,15,9,15,16,,19,21,27,,27,29,21,29,16,12,8,26,14,14,15,33,,,28,16,21,30,17,18,20,18,15,19,16,9,35,18,32,29,20,,,19,8,11,8,15,18,,10,17,28,,23,33,17,,18,13,16,14,20,9,12,8,29,24,26,39,29,17,8,11,,4,10,8,18,14,17,,15,,18,,,,9,17,20,20,15,14,,14,,20,18,25,22,13,21,12,10,24,23,31,11,2,15,13,15,17,22,23,22,13,,12,7,13,14,19,16,6,14,19,20,17,13,16,22,26,,12,9,13,13,16,4,14,11,11,10,10,10,9,8,14,,15,16,16,7,7,10,9,6,19,18,22,,23,36,33,,32,23,27,20,,20,20,23,,26,18,20,15,15,15,15,16,15,15,24,21,19,,14,15,15,39,33,,35,35,7,14,13,16,19,25,22,22,30,27,,29,29,26,,11,16,,11,7,12,13,,18,14,23,16,29,14,11,18,7,13,14,9,11,13,9,14,6,17,24,14,21,17,19,14,12,15,11,8,13,8,15,4,3,13,7,4,5,12,12,12,13,3,11,9,32,36,30,30,23,8,14,17,18,23,26,19,23,24,11,9,11,10,12,22,22,12,14,24,17,14,11,16,23,29,,27,17,15,8,18,23,22,17,22,17,23,26,19,24,33,,,12,21,15,,34,42,40,39,49,48,,29,15,19,,,,,11,23,24,26,21,12,8,32,,30,6,9,8,11,13,7,10,8,7,10,,,,,8,11,15,18,10,14,19,,3,9,10,15,16,5,8,9,24,36,13,17,21,21,,6,9,10,10,34,42,12,9,37,,12,18,,10,6,,6,24,7,,7,,6,,7,6,6,6,6,15,36,43,35,27,7,9,10,20,,20,22,10,24,16,19,,11,12,27,32,7,7,,13,11,10,14,28,,28,35,20,,14,8,15,18,8,15,16,,15,18,,15,18,13,14,13,18,8,6,4,,10,4,9,15,20,5,9,5,4,,,18,11,13,7,,9,14,20,6,24,23,16,56,21,19,18,21,20,,44,35,14,25,50,43,27,,12,,26,17,29,10,39,30,16,20,16,31,16,30,32,6,,,24,23,43,18,,21,20,18,13,,18,22,,,37,38,37,17,19,17,33,29,28,37,26,62,28,45,23,,26,17,,53,10,19,17,5,19,13,12,8,17,16,11,9,18,19,33,20,17,12,11,9,27,23,15,5,7,4,5,10,26,26,16,74,29,24,33,22,18,18,19,29,33,36,15,31,29,31,22,,20,6,22,48,8,28,26,,,38,17,20,14,21,3,21,26,23,13,33,21,16,27,11,24,24,17,,25,39,25,17,25,,17,56,25,51,27,39,46,46,47,31,22,20,29,16,16,19,,24,,25,17,23,18,24,41,60,54,53,45,44,37,26,47,37,16,22,25,47,,13,27,45,16,23,19,22,23,18,33,16,13,18,13,15,15,32,22,28,26,,37,34,13,10,25,28,27,25,17,14,31,14,24,39,8,40,24,33,24,33,16,21,16,24,15,15,23,23,27,24,18,18,25,28,10,21,50,15,19,28,24,11,8,7,14,,14,17,24,18,46,40,47,43,39,27,12,,21,14,9,28,15,30,30,24,40,18,22,38,35,33,39,29,26,21,21,9,15,17,18,5,,39,12,17,45,37,10,23,10,14,24,6,16,39,42,17,18,18,15,26,19,17,24,37,18,11,14,24,40,30,27,,29,16,16,22,16,9,25,11,31,27,23,23,29,22,45,21,21,16,16,26,17,,14,,20,23,9,21,15,22,18,13,12,21,20,,15,,,26,16,14,16,19,21,13,14,11,18,17,9,12,4,16,4,9,9,,41,,20,14,,18,17,12,25,25,23,38,30,,27,17,15,18,,,33,30,23,23,37,17,25,30,28,18,26,32,29,39,35,31,31,26,20,27,29,29,26,34,,22,20,25,40,32,25,36,27,27,29,30,25,5,7,5,13,29,27,38,32,17,19,18,40,15,31,38,46,26,16,37,,28,15,38,37,36,18,32,31,22,15,23,17,24,13,18,42,37,26,21,11,54,53,31,,8,6,39,2,14,32,23,12,19,20,28,11,28,27,24,14,19,31,33,23,33,14,15,20,21,11,28,21,28,28,11,14,26,16,41,14,38,47,25,24,5,4,28,14
20210423,22,O3,98,93,99,95,101,98,100,91,95,97,98,94,,,60,,73,78,58,,37,,69,93,,76,57,,97,86,99,87,94,97,,,67,68,,68,54,84,44,68,,67,,96,95,94,90,87,105,,89,80,107,,110,113,102,48,51,72,78,60,85,68,,81,97,85,90,101,98,,86,90,86,87,110,,122,119,121,129,132,127,,88,94,,,30,61,48,73,68,25,24,,30,32,42,25,41,,36,96,81,118,96,121,102,117,91,107,104,25,32,12,17,35,31,33,16,11,7,60,10,60,,36,30,57,61,52,62,104,19,62,40,49,66,61,,61,43,56,25,56,77,60,61,62,47,102,63,92,32,,33,30,32,27,41,33,75,82,89,65,85,53,,,,44,49,,47,40,40,,,,78,,25,23,30,38,33,48,39,41,47,,,,54,57,,66,42,63,68,68,,68,73,78,77,73,72,102,109,,108,,59,60,,52,5,,82,11,38,,70,86,63,23,16,67,40,,,37,61,63,65,71,55,59,,42,,,92,,51,57,,103,104,98,58,85,72,,79,74,86,100,89,78,73,56,95,70,84,68,73,81,70,36,52,83,133,,100,109,95,92,97,84,78,93,82,97,,101,,47,,102,90,89,96,,94,92,96,101,112,,,74,75,90,81,34,97,86,89,87,96,64,85,95,87,99,74,66,66,61,48,54,71,,74,61,,,63,73,67,98,77,82,74,106,82,80,,71,60,76,87,84,81,74,89,70,94,33,60,15,82,,70,89,56,127,30,47,62,51,57,66,65,72,,88,54,71,89,84,74,69,61,58,61,55,,,87,73,,122,102,153,117,139,57,68,63,74,47,40,44,52,51,37,35,40,51,44,38,51,43,80,,35,32,26,3,52,7,23,,,41,4,17,11,5,,45,43,52,45,,,51,,104,80,99,107,97,83,85,87,107,,131,123,118,102,124,109,93,76,78,98,109,67,71,56,61,53,48,58,69,56,,63,64,50,61,,47,72,42,19,,,,106,97,,,,87,54,75,66,77,75,70,,86,57,,78,61,69,53,46,51,41,53,113,22,32,105,122,,103,110,120,101,118,117,114,113,99,,40,46,57,67,59,65,60,43,50,15,72,58,66,46,108,95,101,102,,81,,54,47,42,55,102,,100,98,,,106,97,85,66,,82,82,65,,68,37,59,60,53,99,100,104,104,103,,,,76,,73,64,,74,107,75,57,48,44,45,79,118,110,,104,,,37,,44,35,45,98,96,85,88,91,,45,44,44,52,37,44,49,60,51,48,101,102,94,121,116,127,128,132,134,71,,59,90,114,,93,88,,90,89,91,80,62,,8,130,,,73,84,,89,,111,111,118,114,113,217,,113,120,,45,48,,54,,98,103,104,,102,108,74,77,78,,16,39,18,20,26,44,18,56,43,61,38,44,43,66,44,29,53,60,23,61,70,65,64,70,37,5,33,5,17,22,73,70,75,,68,74,68,84,58,64,66,70,80,67,82,34,10,11,,67,35,32,,65,84,85,79,91,,98,76,97,,59,,64,49,63,44,82,82,80,,,,86,,89,,73,64,62,,62,52,72,93,82,,86,,21,7,32,20,59,59,,76,75,88,93,124,92,,93,,,110,57,56,58,100,64,55,72,53,46,69,63,65,103,77,75,75,82,92,48,43,53,39,38,48,94,59,64,75,95,,90,123,100,88,62,62,48,51,,,,,44,39,,41,26,40,26,36,39,38,58,65,55,64,58,124,129,73,,,,104,94,60,,25,46,,65,89,94,72,75,69,68,76,62,90,94,94,90,,81,82,75,83,97,98,81,83,94,,79,86,,86,99,75,65,93,93,,99,,66,66,66,81,81,106,95,94,94,,,85,93,72,70,94,85,108,110,121,117,42,,38,78,71,57,50,63,80,62,66,,53,34,65,68,80,73,58,64,46,68,70,94,89,,30,5,,48,51,21,41,,,48,94,81,82,72,72,73,77,72,,,65,70,71,69,71,,50,124,116,96,121,116,123,,116,122,117,,,98,59,,125,114,120,,118,,92,104,,,67,60,,,128,113,107,,,57,59,75,73,133,129,143,90,74,85,99,78,56,30,27,36,13,30,30,43,70,65,67,63,,20,9,71,,28,51,52,51,40,60,50,48,48,52,48,48,,,64,80,71,72,80,59,48,52,47,67,65,83,57,66,58,62,56,,,73,70,70,63,48,47,,58,78,93,,88,87,100,,87,84,86,90,88,47,58,49,33,53,19,29,40,34,95,101,,121,84,77,21,88,102,,64,,76,,,,108,101,,88,61,63,,75,,52,52,52,97,106,127,135,115,26,31,9,47,95,74,85,78,96,96,89,103,54,,129,28,57,73,68,65,43,122,111,119,94,102,68,89,96,,48,82,78,81,31,105,94,92,91,93,106,102,112,105,121,,118,124,115,62,105,98,99,100,131,125,127,,80,80,80,,86,79,79,89,,94,92,82,,92,83,82,74,83,102,102,102,99,105,53,58,61,,93,85,94,29,84,,79,74,84,92,95,94,51,69,70,62,23,22,,61,61,64,,73,66,,63,88,88,78,,85,92,87,23,24,85,106,93,112,106,55,57,62,49,62,62,67,62,60,56,68,57,18,59,41,11,52,67,60,65,48,,75,62,64,72,26,54,74,62,68,15,75,68,28,4,29,,36,43,52,36,37,32,32,61,63,64,59,82,70,100,99,51,41,39,60,18,75,76,65,54,52,54,,53,38,42,48,44,76,73,78,71,85,88,70,87,96,61,,,42,38,36,,36,18,30,34,29,27,,52,54,44,,,,,72,85,82,77,87,120,112,126,,102,111,121,100,111,109,50,91,101,92,123,,,,,9,22,69,82,106,110,118,,93,109,124,85,76,115,109,112,88,76,102,108,125,117,,144,135,126,120,35,66,95,116,77,,95,,,103,140,,106,112,98,,73,,113,,106,104,69,60,61,57,108,94,103,97,92,90,86,102,,62,58,64,55,66,68,,81,74,62,65,77,76,,95,81,58,48,12,,75,92,90,,103,71,69,103,91,71,,,97,70,,78,76,85,77,80,85,82,82,89,,77,81,71,93,83,103,85,96,96,,,88,86,78,69,,61,80,78,75,92,71,114,71,94,82,79,92,123,,116,17,73,51,72,49,109,,72,,74,98,49,114,120,127,79,12,66,5,49,35,98,41,,,88,59,71,75,,81,80,61,62,,47,68,,,52,,38,110,44,53,49,64,52,69,64,1,59,7,,,34,80,,29,92,77,78,79,105,60,113,141,89,113,98,130,71,80,74,100,60,66,66,71,96,106,24,102,105,108,98,77,82,117,80,2,86,54,74,94,97,100,79,82,94,61,118,44,39,80,70,,60,100,63,,102,22,46,,,53,55,98,82,49,110,57,67,94,72,74,91,95,121,136,83,55,69,,62,45,61,73,63,,75,48,72,49,40,51,48,34,56,62,94,96,109,93,76,82,,40,,21,100,111,52,76,116,107,69,68,51,72,71,68,30,77,52,44,54,121,,64,187,78,93,42,94,80,78,74,,92,49,103,67,51,66,71,76,84,74,,51,61,62,65,61,47,23,45,30,57,54,60,68,32,76,41,46,40,51,58,81,90,107,74,40,107,95,73,54,54,110,111,71,129,121,121,22,54,55,12,61,61,129,66,50,,54,36,70,100,46,5,102,53,23,128,92,,79,65,98,120,98,64,96,36,21,72,57,31,43,53,36,67,66,72,99,84,82,77,74,74,,60,108,126,72,86,62,54,54,84,154,63,89,33,92,78,98,102,92,53,73,62,86,11,33,79,70,72,89,86,84,,81,70,86,81,70,66,7,74,29,60,30,55,49,56,26,43,38,93,100,58,90,,54,,73,85,118,33,105,103,99,94,103,103,93,,86,,,59,133,81,74,102,63,63,68,74,54,75,61,71,78,37,46,71,71,,45,,58,74,,34,117,129,116,42,68,90,44,,87,101,97,100,,,101,100,65,85,82,69,42,88,48,87,74,95,87,85,78,71,99,109,95,67,71,96,41,76,,80,78,64,14,38,24,32,75,61,84,77,59,85,74,76,60,27,54,123,99,73,80,57,76,106,55,79,82,28,94,92,,68,61,58,49,47,79,38,72,80,70,71,105,81,99,80,85,48,29,31,82,37,88,78,,67,68,55,102,78,20,80,88,93,109,89,100,82,117,89,71,91,112,48,118,79,108,47,68,93,96,94,90,45,71,80,61,81,67,16,111,7,57,35,92,134,120,5,103
20210423,22,O3_24h,107,127,107,102,103,101,113,106,114,129,103,110,,,95,,99,100,104,,100,,90,105,,105,85,,150,141,142,140,144,148,,,111,109,,113,101,111,106,114,,111,,136,135,135,125,112,131,,122,117,147,,142,152,143,102,110,111,113,111,124,118,,117,108,104,107,112,108,,139,135,135,134,142,,136,138,143,147,144,140,,140,142,,,132,140,128,139,104,101,89,,83,80,97,87,90,,88,120,122,139,121,134,125,126,128,130,139,77,83,83,93,97,100,115,94,88,59,129,122,119,,128,125,127,117,112,135,144,118,91,93,84,90,101,,100,87,96,80,149,144,152,147,134,133,168,150,155,93,,93,82,89,94,103,105,90,86,92,88,86,61,,,,107,119,,114,118,110,,,,123,,123,100,105,124,117,123,117,125,129,,,,138,128,,109,109,117,100,104,,98,122,126,123,108,125,102,109,,110,,132,123,,126,125,,148,111,127,,122,152,123,109,54,100,68,,,84,75,84,114,117,124,106,,125,,,141,,118,122,,104,148,151,81,93,76,,158,150,158,152,162,138,135,134,136,116,130,143,129,142,135,123,137,134,133,,107,110,114,119,197,141,131,123,114,126,,122,117,120,,139,96,106,102,,99,108,101,107,119,,,83,83,97,95,84,97,118,120,118,121,114,116,122,116,118,127,104,100,123,93,103,104,,109,121,149,143,150,151,165,134,152,169,142,121,254,258,,254,246,279,266,253,253,228,271,154,187,110,154,165,223,,156,139,162,220,123,138,160,145,215,211,238,230,,174,189,215,204,193,199,202,198,163,155,176,,,264,288,267,218,195,268,235,206,138,159,162,168,102,105,112,103,100,97,80,87,88,83,109,121,99,100,,52,58,77,62,70,80,77,,,65,66,63,59,90,,220,210,210,189,,,225,,123,106,124,129,120,97,118,123,125,,166,149,151,145,138,138,141,148,137,126,143,159,73,59,71,60,48,58,72,59,,74,69,60,67,,125,102,69,76,,,,127,118,,,,116,108,90,75,93,88,86,,96,156,84,160,160,144,136,138,116,130,142,124,100,165,105,146,,145,143,150,149,159,151,157,162,143,,99,97,105,109,105,104,108,95,98,96,105,94,98,106,158,140,128,148,,84,,103,108,102,100,134,,107,100,,,118,104,100,78,,90,91,70,,114,126,119,104,100,115,117,112,126,121,,,,83,,86,75,,75,107,93,90,86,88,87,125,127,123,,105,,,200,,200,158,196,118,117,111,123,114,,88,72,78,74,94,78,66,145,143,116,114,141,129,170,147,169,140,140,139,114,,116,304,278,,160,163,,189,183,181,161,120,,115,150,,,104,106,,137,,141,135,147,130,128,217,,129,136,,125,119,,125,,154,145,147,,150,157,109,105,116,,94,85,104,101,92,99,85,90,91,97,86,99,86,116,112,113,127,106,108,87,97,88,90,90,88,86,100,83,90,96,126,119,110,,118,158,144,155,136,164,121,144,158,131,146,102,101,98,,115,119,126,,142,119,119,107,113,,124,105,107,,90,,99,98,102,84,131,136,133,,,,114,,112,,98,101,90,,115,109,113,119,120,,118,,48,66,63,78,113,118,,131,128,140,126,166,139,,103,,,113,65,57,70,111,104,128,146,111,90,99,89,91,120,114,102,109,117,113,58,60,194,98,100,92,170,164,151,169,171,,141,147,141,145,102,104,117,101,,,,,117,121,,125,75,75,68,77,87,73,97,103,94,106,82,172,179,79,,83,,105,96,89,,124,123,,126,93,97,75,77,70,69,81,64,93,99,99,90,,134,126,83,133,130,138,132,88,99,,88,95,102,100,114,79,74,97,97,,99,,97,100,100,87,86,109,102,95,95,,,94,102,77,74,123,109,124,125,137,131,150,,116,145,139,77,87,91,82,70,120,,138,113,108,107,115,128,122,119,131,108,104,101,98,,86,82,,142,122,81,96,,,114,110,103,106,103,125,128,122,130,,,154,122,126,116,110,,112,163,153,144,162,161,142,,137,141,126,,,121,126,,144,141,131,,139,,140,141,,,115,84,,,158,167,140,,,98,98,101,122,134,141,143,116,91,105,115,105,90,83,82,79,99,99,98,100,94,97,94,87,,97,98,107,,124,122,145,134,96,116,106,96,120,123,127,129,,,111,162,154,144,153,139,117,126,127,120,128,109,106,120,118,111,126,,,117,92,95,87,105,109,,86,124,135,,133,139,137,,137,133,138,135,141,103,122,105,98,116,112,76,95,101,117,103,,123,113,106,79,149,142,,138,,135,,,,139,141,148,133,129,131,,104,,108,120,109,134,137,127,135,128,117,124,124,123,100,121,112,115,126,124,127,127,112,,137,89,84,98,88,91,128,146,135,133,120,158,138,138,142,,114,118,117,119,112,111,107,124,116,116,132,121,132,132,143,,142,143,144,115,118,113,111,118,136,127,145,,127,128,127,,95,102,108,120,,121,116,124,,137,127,124,117,126,110,112,105,110,114,105,114,115,,116,121,119,99,86,,94,96,90,92,98,94,77,81,79,78,111,98,,78,77,77,,101,102,,113,112,119,126,,95,103,102,58,29,129,128,122,127,129,132,95,113,104,101,103,107,89,100,93,94,114,116,114,118,116,115,104,99,101,97,94,97,86,94,99,90,65,82,82,91,51,88,88,132,118,126,130,62,68,65,86,105,79,123,120,125,121,113,109,100,114,114,120,119,92,97,99,119,116,113,113,52,54,,53,96,104,108,107,129,131,132,134,145,156,148,145,162,163,,,95,76,78,,65,61,55,67,50,34,,133,68,103,,,,,122,133,129,125,136,132,139,134,,107,126,151,132,142,149,145,118,138,111,169,,,,,66,64,172,180,156,150,118,,106,140,142,147,144,138,134,138,160,170,129,141,140,138,,151,149,152,133,190,198,124,140,180,,130,131,,125,145,,130,137,129,,142,,118,,118,112,76,72,77,62,142,125,132,127,92,91,97,154,,72,83,74,85,93,118,,121,114,77,69,93,96,,95,81,92,94,102,,81,103,120,,128,130,120,147,116,97,120,,122,91,,98,89,104,93,93,101,86,87,92,,97,83,80,111,111,106,103,102,108,,,99,96,90,88,,67,82,78,92,133,163,131,234,113,110,103,143,141,,139,86,137,119,80,124,153,,129,,79,103,214,114,145,151,94,84,133,90,97,78,167,89,,,121,170,123,98,,110,109,124,121,,129,105,,,72,128,118,110,112,119,80,102,67,135,75,68,92,92,123,,99,111,,249,170,159,167,92,156,97,114,152,121,168,128,146,106,109,113,132,99,77,87,76,112,114,110,137,144,145,133,141,113,155,119,61,130,175,166,106,109,113,135,112,157,106,148,103,110,89,106,,110,106,81,109,127,42,46,,,88,132,108,118,122,113,115,112,98,128,121,131,140,141,142,112,171,95,,100,85,93,110,112,,84,89,81,114,104,70,113,112,88,85,136,133,150,143,135,118,,114,,142,100,114,128,98,280,333,205,248,206,223,231,185,194,165,114,163,137,248,,120,202,266,218,136,102,107,104,102,101,128,111,136,135,102,99,99,100,136,125,,106,95,106,130,116,114,36,58,91,74,133,94,108,86,76,42,69,207,213,201,162,166,107,76,121,110,130,79,105,110,115,113,100,158,166,165,97,121,118,118,79,115,134,90,109,,123,80,123,113,115,124,136,112,100,150,121,,87,111,114,144,144,144,136,129,122,136,120,118,122,127,102,98,76,109,108,97,93,85,88,88,,278,142,136,265,202,134,150,82,186,154,111,190,277,162,103,123,111,114,103,102,130,137,97,109,138,132,118,122,110,129,,103,94,129,125,114,138,7,74,99,64,100,179,143,170,121,107,103,100,106,111,103,,83,,80,88,132,72,113,105,103,108,114,126,125,,104,,,81,133,179,162,143,173,125,112,97,111,117,112,177,105,95,58,83,85,,85,,110,81,,36,148,141,151,109,106,122,117,,106,140,132,124,,,134,157,118,148,162,104,109,117,113,132,146,124,116,108,106,113,109,118,116,102,116,125,111,109,,131,135,121,42,89,56,102,82,74,86,85,100,90,92,103,105,44,54,133,145,128,141,174,137,160,220,250,321,117,121,121,,110,125,88,93,134,144,124,94,80,92,79,107,100,120,100,99,121,66,115,130,124,138,147,,111,88,79,109,128,127,130,128,114,122,103,124,108,138,190,82,103,142,124,124,99,134,112,107,132,118,104,111,139,146,139,138,138,112,116,111,118,99,94,134,146,128,160,106
20210423,22,O3_8h,102,108,103,98,98,99,104,101,103,110,99,98,,,83,,89,90,91,,78,,72,101,,91,78,,116,111,114,102,117,120,,,95,96,,96,84,100,75,84,,86,,114,114,114,108,100,114,,107,99,129,,125,132,122,86,93,96,103,88,111,103,,105,103,98,102,101,97,,112,111,110,109,132,,128,132,136,139,138,134,,120,125,,,103,118,106,118,85,58,44,,54,38,58,46,53,,66,109,99,130,109,130,116,117,106,114,116,52,44,51,46,60,63,75,56,44,34,104,82,92,,87,87,93,92,86,96,123,80,64,65,62,68,71,,72,61,70,58,99,111,108,110,100,88,132,116,117,59,,58,48,59,58,67,61,80,77,84,75,80,56,,,,82,90,,82,83,75,,,,106,,82,70,74,85,73,77,87,86,91,,,,100,85,,86,84,96,82,85,,80,92,91,89,83,89,93,102,,100,,89,83,,95,80,,116,73,94,,99,121,93,69,27,79,44,,,60,66,72,93,93,82,87,,98,,,106,,102,97,,93,108,102,67,78,70,,124,118,121,120,120,115,109,103,120,102,115,119,112,118,109,83,104,116,124,,97,104,98,107,126,98,96,111,104,112,,114,116,90,,125,82,91,89,,88,92,89,92,95,,,48,49,65,50,43,62,101,105,102,106,89,96,104,99,102,92,87,83,85,68,80,85,,91,100,112,117,109,108,118,111,110,121,106,112,196,200,,188,174,205,208,194,188,175,202,109,134,76,94,102,141,,113,116,111,152,74,94,110,104,158,152,176,161,,138,134,153,149,137,148,148,125,110,105,114,,,166,173,174,160,140,189,136,129,98,124,126,128,74,72,75,74,74,67,56,60,66,48,70,68,60,86,,44,43,38,28,39,41,46,,,47,39,35,38,48,,136,131,142,122,,,142,,111,93,113,117,109,81,100,108,114,,146,140,138,129,131,126,126,128,120,112,124,131,69,54,64,53,42,52,67,53,,66,64,52,59,,68,92,57,57,,,,114,106,,,,100,90,82,71,88,81,79,,93,118,,124,121,110,104,113,95,92,108,115,70,112,95,136,,132,128,139,132,144,141,141,149,130,,61,67,73,82,77,80,75,72,68,57,84,77,82,81,112,104,110,102,,69,,74,72,72,67,108,,100,86,,,108,96,92,69,,69,75,66,,89,77,90,72,74,100,99,102,109,110,,,,67,,68,61,,61,80,71,64,66,68,69,86,119,107,,96,,,129,,128,104,140,105,109,96,106,93,,60,56,60,60,57,61,53,80,72,65,103,104,104,150,133,150,119,127,131,83,,76,210,194,,111,112,,97,103,102,92,93,,84,143,,,84,85,,118,,126,123,134,116,118,145,,125,129,,98,88,,93,,133,131,130,,133,139,86,77,95,,44,54,49,47,40,52,37,65,62,83,66,84,59,78,66,64,61,72,51,71,85,70,68,77,48,38,44,44,36,53,70,67,72,,67,112,94,110,94,108,103,111,126,101,112,61,58,53,,88,88,68,,104,107,107,97,106,,114,69,98,,66,,80,74,75,54,106,114,112,,,,100,,99,,87,86,79,,94,86,99,91,92,,91,,28,24,40,42,87,92,,105,108,109,117,144,118,,86,,,110,61,55,59,88,82,92,109,84,64,83,71,68,114,99,91,95,102,104,53,50,62,56,61,60,123,116,108,124,128,,108,132,118,126,74,81,71,78,,,,,81,82,,81,26,44,25,42,41,36,72,78,71,82,69,150,154,76,,78,,100,92,73,,86,92,,104,72,77,54,57,52,53,59,47,90,94,95,86,,84,84,80,117,110,118,106,85,96,,84,90,97,94,107,66,61,85,85,,70,,61,62,62,78,75,97,87,81,82,,,69,80,63,63,101,91,112,112,118,109,91,,75,93,88,55,57,66,65,57,79,,98,77,76,81,89,104,96,85,100,97,92,98,93,,63,51,,101,93,61,77,,,96,98,87,92,88,86,102,100,102,,,99,85,86,81,82,,74,140,128,107,142,139,137,,131,135,113,,,97,75,,129,119,127,,130,,105,119,,,88,74,,,144,151,129,,,76,75,89,88,131,127,138,91,80,96,95,89,66,48,46,51,61,48,50,54,80,81,78,74,,67,67,82,,76,90,98,89,76,96,80,80,88,93,83,91,,,89,97,89,88,94,89,80,88,88,68,66,78,65,84,75,74,80,,,94,62,64,63,80,85,,70,105,111,,113,117,122,,112,110,116,114,115,79,94,81,78,90,84,66,77,88,108,96,,110,98,91,62,125,122,,108,,110,,,,125,124,134,105,94,90,,92,,87,91,84,102,106,112,124,101,71,78,61,89,94,83,79,79,109,111,112,112,95,,119,67,66,80,70,73,95,135,125,124,107,134,118,124,126,,90,98,101,100,79,106,96,101,98,99,124,115,125,122,131,,128,130,130,97,109,104,103,109,124,119,132,,110,107,108,,90,94,92,96,,101,96,103,,114,109,108,99,107,98,99,99,94,100,76,82,84,,105,106,108,71,69,,84,75,84,86,91,79,61,62,64,57,82,71,,64,61,65,,82,82,,92,99,110,109,,84,96,91,21,22,108,115,106,114,114,104,79,85,74,81,80,94,78,84,79,82,76,75,81,82,76,93,88,81,86,79,89,91,77,82,89,63,58,78,72,85,30,80,75,81,71,83,75,41,55,53,60,71,62,83,95,98,91,89,97,87,107,107,94,92,77,84,79,99,99,86,86,32,49,,45,65,63,69,59,88,98,100,97,128,133,118,124,146,132,,,42,43,40,,37,26,26,42,16,29,,94,54,66,,,,,105,114,105,105,116,123,119,126,,104,121,136,117,128,130,115,106,123,100,145,,,,,38,29,143,149,138,130,110,,96,128,130,130,130,116,111,113,141,148,119,125,134,130,,147,140,144,130,116,124,103,119,125,,119,117,,107,141,,122,127,120,,120,,114,,105,105,68,63,63,60,128,114,119,113,84,87,86,119,,68,72,62,63,69,77,,83,77,65,61,86,87,,85,74,78,71,53,,71,85,109,,118,102,102,136,104,81,109,,109,85,,90,70,82,74,87,94,82,83,87,,91,82,75,107,106,100,89,97,100,,,94,93,86,81,,63,79,76,86,115,96,127,171,106,100,94,113,135,,129,46,112,91,70,104,129,,107,,62,88,138,109,137,143,87,40,99,44,72,37,141,50,,,109,93,107,89,,94,94,98,97,,82,89,,,61,109,84,98,85,91,68,81,54,101,61,37,68,47,102,,81,93,,177,114,121,109,84,123,75,104,146,85,128,115,122,92,97,93,118,79,61,78,59,104,106,77,120,126,128,118,119,103,137,98,27,106,127,136,89,91,101,109,95,134,86,132,81,70,82,90,,82,98,60,,108,25,25,,,66,99,97,106,78,109,87,94,85,81,101,116,110,131,125,96,93,85,,76,65,69,91,86,,80,58,74,73,60,55,72,76,64,71,117,116,135,112,115,100,,82,,81,96,100,99,85,208,240,158,176,143,151,144,122,126,133,63,99,100,142,,82,185,162,104,102,99,97,95,95,66,112,82,123,100,88,90,86,86,109,98,,82,81,60,67,64,82,23,50,37,65,100,72,79,72,72,39,37,131,138,144,123,132,84,70,79,104,111,62,70,78,109,108,78,142,147,145,55,89,86,42,58,89,124,74,78,,96,56,97,103,84,74,120,90,72,135,108,,70,99,102,134,125,105,106,91,66,100,97,70,84,95,60,86,70,89,100,92,88,82,81,83,,186,104,107,184,137,86,98,58,145,139,76,142,180,121,91,102,99,102,64,91,102,110,53,82,115,105,98,103,92,112,,86,80,112,106,66,104,6,69,60,59,67,131,104,133,66,63,63,95,95,75,98,,57,,73,66,116,54,107,89,87,99,105,118,106,,84,,,75,120,98,100,111,104,98,88,88,91,97,83,144,89,53,49,77,74,,67,,72,68,,15,132,136,138,89,94,109,89,,95,126,118,112,,,120,136,88,111,128,90,88,104,88,108,114,108,98,94,85,90,102,111,106,90,95,108,79,89,,114,104,87,25,68,40,42,79,68,81,82,78,87,86,91,92,30,46,130,121,86,103,129,91,100,116,152,169,84,107,107,,93,97,65,70,84,112,81,47,46,76,70,102,84,107,92,86,100,36,76,113,94,113,116,,68,78,66,102,85,81,108,93,97,113,96,112,101,126,130,66,92,129,67,118,87,123,92,92,113,106,97,97,111,121,105,106,116,86,67,93,67,70,70,115,134,122,104,95
20210423,22,O3_8h_24h,104,115,105,99,99,99,107,103,108,116,100,102,,,87,,94,94,98,,93,,81,102,,101,81,,132,128,128,122,132,135,,,106,105,,108,96,104,106,108,,104,,122,121,122,116,104,121,,114,107,135,,129,137,131,98,104,107,111,107,114,110,,110,103,100,103,102,98,,127,125,125,122,136,,128,134,138,141,139,135,,134,136,,,126,135,122,133,98,90,68,,70,63,84,70,90,,80,113,118,135,117,131,121,122,121,121,120,65,70,73,76,84,87,104,76,81,52,123,111,110,,118,118,125,114,105,124,135,108,74,74,68,72,88,,81,70,82,69,113,123,126,123,110,106,146,130,124,74,,76,60,75,75,84,85,80,77,84,75,80,56,,,,95,104,,102,104,93,,,,118,,102,84,88,105,90,96,106,106,118,,,,123,114,,95,96,105,96,97,,93,110,109,108,95,108,93,102,,100,,115,108,,99,93,,120,85,98,,101,126,94,83,43,81,52,,,72,67,73,103,100,87,95,,102,,,110,,106,100,,93,116,113,68,78,70,,130,125,125,122,125,117,112,112,123,110,122,132,120,130,123,104,120,122,124,,98,104,105,114,158,120,104,113,106,114,,116,116,102,,128,90,96,91,,90,97,95,92,107,,,80,75,97,94,82,68,110,112,110,112,104,108,111,106,107,102,93,93,93,83,88,90,,100,107,113,117,118,116,124,114,118,125,110,112,223,223,,224,211,244,237,223,222,200,239,128,155,90,118,144,172,,136,124,134,185,96,114,135,125,178,176,198,193,,149,150,178,171,160,175,186,164,144,124,156,,,207,219,214,193,173,222,189,159,112,135,134,142,87,87,90,87,87,82,69,77,77,63,89,94,79,87,,44,53,61,53,44,67,64,,,60,58,42,47,69,,162,158,163,144,,,164,,116,102,119,124,115,97,113,117,119,,155,148,147,139,135,135,130,135,126,116,128,140,69,54,64,53,42,52,67,53,,66,64,52,59,,92,97,61,66,,,,118,111,,,,108,99,83,72,89,82,80,,94,125,71,131,131,116,113,124,107,104,118,118,92,125,95,140,,140,134,144,143,149,145,146,154,137,,85,82,88,101,98,95,103,91,90,80,93,88,91,99,128,120,119,118,,78,,81,82,78,82,108,,100,86,,,108,96,92,78,,77,78,70,,97,104,102,100,90,104,106,104,114,112,,,,67,,69,69,,65,83,82,76,77,81,81,120,119,113,,96,,,157,,154,130,164,108,110,101,111,96,,74,66,72,72,75,72,60,108,105,90,105,112,112,158,139,158,123,127,131,94,,92,251,223,,135,134,,140,145,144,119,104,,101,147,,,96,96,,133,,136,131,143,123,118,145,,126,129,,118,110,,112,,138,135,134,,138,142,101,100,102,,73,76,68,98,86,89,70,77,79,90,77,95,65,111,102,98,98,86,85,79,91,78,77,82,77,74,84,76,77,81,108,95,100,,101,138,129,137,120,146,117,136,151,123,136,89,88,87,,97,108,100,,114,111,112,102,108,,116,69,103,,78,,85,82,88,75,118,121,118,,,,108,,104,,90,92,88,,108,99,104,108,108,,106,,40,47,46,58,104,110,,118,116,120,120,152,127,,91,,,111,62,55,62,108,86,103,120,101,78,89,79,79,114,105,94,100,107,105,55,55,96,78,80,63,140,136,130,138,140,,127,142,135,140,85,90,90,89,,,,,106,103,,107,71,75,68,76,87,68,84,87,80,99,75,164,168,76,,78,,100,92,74,,109,108,,112,72,77,54,57,52,53,59,47,90,94,95,86,,121,111,81,126,120,129,123,86,96,,84,90,99,94,108,66,61,91,91,,89,,72,79,79,78,75,106,98,81,82,,,90,95,77,72,112,102,118,121,134,128,102,,87,116,115,64,72,80,69,61,96,,112,93,95,97,100,112,108,101,120,103,96,98,93,,65,63,,114,103,68,81,,,107,107,98,102,100,116,120,114,120,,,129,119,119,111,101,,102,149,139,121,150,148,138,,132,137,122,,,115,122,,133,124,129,,132,,124,134,,,107,82,,,145,156,137,,,93,94,94,95,133,127,138,99,83,98,112,92,82,78,68,62,92,76,76,84,88,88,90,82,,92,94,89,,107,101,125,119,90,109,95,92,111,113,117,119,,,108,142,128,119,118,124,113,121,122,112,119,91,94,107,102,96,107,,,110,84,71,81,92,96,,84,118,125,,127,130,131,,127,126,134,128,132,96,115,98,89,100,99,70,84,94,109,96,,110,109,99,75,139,131,,128,,125,,,,132,133,138,126,119,118,,95,,94,103,96,112,114,112,124,108,109,114,111,114,94,107,104,104,115,115,119,117,106,,119,82,74,86,76,80,109,136,127,125,111,138,125,132,137,,103,109,109,109,98,106,100,109,103,104,128,118,126,126,133,,138,133,134,107,109,104,103,109,124,119,132,,116,116,116,,91,97,96,103,,108,102,116,,127,122,121,113,122,101,104,100,99,105,97,104,105,,113,116,116,76,69,,84,75,87,86,91,82,70,70,67,63,94,80,,66,76,68,,90,92,,98,100,113,113,,87,99,96,40,25,110,115,108,114,115,112,86,96,89,91,90,101,86,96,91,90,84,91,89,90,88,97,94,84,94,86,89,93,79,85,91,81,63,81,77,89,43,83,79,114,101,105,110,53,65,59,74,88,74,102,110,111,109,103,103,96,108,109,107,109,89,92,94,105,103,99,102,32,49,,45,89,98,108,107,106,114,115,117,138,146,137,134,156,152,,,90,73,77,,62,27,38,51,42,29,,109,68,76,,,,,116,123,112,115,125,123,124,126,,104,124,145,128,137,141,138,113,124,103,149,,,,,63,57,159,163,145,137,110,,97,135,135,144,140,134,128,133,154,164,125,130,138,136,,147,140,146,130,158,173,115,132,150,,126,123,,116,141,,125,131,123,,128,,114,,109,107,76,64,70,60,131,118,121,116,86,87,86,119,,70,78,74,74,93,99,,106,107,65,66,90,93,,85,74,83,81,88,,71,85,112,,119,108,108,139,107,94,113,,117,86,,92,77,82,74,88,95,82,84,87,,94,82,76,109,108,106,102,100,106,,,95,94,88,81,,63,79,76,88,129,124,127,197,110,104,98,130,137,,130,76,128,104,71,114,129,,122,,62,88,160,109,142,148,89,83,123,75,89,78,143,72,,,113,128,108,94,,101,102,115,103,,111,100,,,64,118,110,98,98,106,69,82,54,122,63,53,79,71,112,,92,102,,222,143,141,135,90,135,94,104,146,109,129,118,122,98,101,101,125,93,72,84,69,106,106,97,128,136,138,126,126,107,142,112,41,120,146,156,93,94,105,118,104,147,86,136,92,95,82,96,,101,98,62,98,118,28,36,,,71,119,98,110,102,109,104,104,85,106,115,119,122,136,125,106,144,88,,88,71,82,100,99,,81,68,74,92,74,60,90,90,72,71,124,128,143,128,132,104,,99,,92,96,100,118,91,227,267,178,198,174,185,177,150,156,151,96,135,114,194,,97,185,206,153,134,99,100,98,98,93,121,102,127,125,96,94,90,91,125,114,,93,87,106,114,116,106,26,52,90,70,104,90,91,82,72,39,57,153,158,170,141,146,99,71,102,104,120,62,81,86,109,108,88,149,159,156,81,117,99,72,68,96,124,81,94,,104,73,109,106,90,95,120,101,85,135,110,,70,106,106,138,137,116,116,112,76,123,106,94,110,114,80,86,70,103,101,92,89,82,83,85,,228,114,108,226,168,110,121,73,155,139,95,178,224,135,98,112,100,105,98,99,117,126,89,98,131,122,105,110,104,120,,91,87,125,120,113,129,6,69,76,59,91,151,128,155,98,83,82,95,95,89,99,,77,,73,79,127,68,107,89,87,99,105,120,115,,91,,,78,120,139,131,126,139,106,102,93,103,104,99,160,93,77,54,79,77,,71,,84,75,,32,141,138,147,96,95,109,102,,100,135,126,120,,,122,147,108,132,138,97,105,109,106,120,123,114,107,100,97,104,105,114,110,97,107,113,106,92,,120,125,114,37,82,48,76,79,68,81,82,83,88,92,103,104,36,46,132,122,121,132,146,114,125,164,185,237,103,113,109,,99,113,75,79,122,131,104,91,68,76,74,102,93,114,94,87,112,60,87,118,100,114,119,,90,87,72,106,126,111,117,127,102,116,97,116,105,133,155,74,97,134,112,118,87,124,105,102,118,112,100,104,132,138,114,124,122,107,108,104,110,73,83,127,134,126,134,95
20210423,22,CO,0.4,0.5,0.4,0.3,0.5,0.4,0.4,0.7,0.5,0.5,0.4,0.4,,,0.8,,0.9,0.7,0.8,,0.7,,0.5,0.7,,0.6,0.6,,0.5,0.5,0.4,0.5,0.6,0.4,,,0.5,0.5,,0.4,0.6,0.6,0.4,0.5,,0.4,,0.4,0.3,0.4,0.4,0.5,0.5,,0.5,0.4,0.5,,0.7,0.6,0.3,0.8,0.6,0.6,0.6,0.4,0.3,0.4,,0.4,0.5,0.5,0.7,0.4,0.4,,0.5,0.4,0.3,0.1,1.1,,0.6,0.5,0.5,0.7,0.5,0.6,,0.4,0.5,,,0.6,0.6,0.6,0.7,0.7,1,1,,1.4,1,0.9,1.1,1,,1,0.5,0.6,0.9,0.8,0.6,0.7,0.4,0.5,1.1,0.6,0.7,0.8,0.8,1,0.5,0.6,0.8,0.7,0.8,0.7,0.6,1.2,0.5,,0.5,1.4,0.8,0.7,0.1,1.1,0.7,0.8,0.9,0.9,0.6,0.8,0.6,,0.9,0.6,0.7,0.8,1,0.9,0.5,1.2,1.1,0.9,1,0.9,0.9,1.4,,1.4,1.3,1.2,1.3,1.3,1.1,0.6,0.7,0.7,0.8,0.7,1,,,,0.9,0.8,,0.8,0.9,1,,,,0.8,,1.3,1.1,1.4,1.1,1.3,1.3,1.2,1.3,1.3,,,,1,1.1,,0.9,1,0.9,0.5,0.4,,0.9,0.9,1.1,1,0.9,1,0.7,0.6,,0.8,,1,0.8,,1.1,0.8,,1,1.1,1.1,,0.9,,1.1,0.9,0.7,0.8,0.4,,,0.7,0.5,0.6,0.7,0.7,0.6,0.7,,1.1,,,0.9,,1.3,1.1,,1.1,0.9,0.8,0.4,0.4,0.5,,1,0.9,1,0.8,0.9,0.7,0.8,0.7,0.5,0.5,0.6,0.6,0.6,0.6,0.4,0.5,0.5,0.6,0.5,,0.8,0.7,0.7,0.7,0.4,0.4,0.5,1,0.9,0.7,,0.8,1.2,1.1,,0.8,0.3,0.4,0.5,,0.2,0.3,0.5,0.4,0.2,,,0.1,0.4,0.4,0.3,0.3,0.4,,0.8,0.7,0.7,0.7,0.5,0.9,0.8,0.5,0.8,0.8,0.7,0.9,0.7,0.8,0.8,,0.7,0.7,1.1,1.2,0.8,0.8,1.1,1,1,0.9,1.1,1,1.1,1.1,,0.8,0.7,0.8,0.9,0.9,0.8,0.8,0.7,0.7,0.7,0.7,0.6,0.5,0.8,,0.5,0.7,0.6,0.7,0.3,0.6,0.2,1,0.9,0.9,0.8,0.6,,0.5,0.9,0.7,0.6,0.6,0.3,0.4,1.1,0.7,0.4,0.8,,,0.7,0.7,,0.5,0.6,0.6,0.6,0.4,0.6,0.6,0.4,0.4,0.6,0.7,0.5,0.6,0.2,0.5,0.6,0.4,0.4,0.5,0.6,0.5,0.4,0.7,,0.7,0.7,1,1.4,0.8,0.7,0.4,,,0.8,0.8,0.4,0.9,1.4,,0.7,0.6,0.7,0.6,,,0.5,,0.5,0.6,0.6,0.7,0.7,0.6,0.7,0.6,0.7,,0.5,1.2,0.6,0.4,0.6,0.9,0.8,0.8,0.7,0.6,0.8,0.6,0.7,,0.6,0.8,0.8,0.7,0.8,0.9,,0.6,0.7,0.9,0.8,,0.6,1,0.6,0.7,,,,0.2,0.6,,,,0.4,0.6,0.4,0.4,0.5,0.5,0.3,,,0.9,0.6,0.9,1,0.9,0.9,0.9,1,1.2,1,0.7,0.6,1,0.5,0.8,,1,0.4,0.7,0.6,0.9,0.8,0.8,0.9,0.9,,1.4,1.8,1.4,0.6,0.7,0.7,0.7,1,0.9,0.9,0.7,0.5,0.8,0.6,0.5,0.6,0.5,0.4,,0.9,,0.7,1,1,0.9,0.6,,0.8,0.3,,,0.7,0.6,1.1,0.3,,0.5,0.4,0.7,,0.7,0.3,0.6,0.9,0.8,0.5,0.4,0.4,0.6,0.3,,,,0.6,,0.3,0.8,,0.8,0.4,0.6,0.7,0.9,0.8,0.8,0.4,0.3,0.4,,0.6,,,0.7,,1,0.2,0.7,0.2,0.5,0.4,0.5,0.5,,0.6,0.5,0.7,0.6,0.5,0.5,0.4,0.6,0.6,0.3,0.6,0.6,0.6,0.7,0.6,0.5,0.6,0.7,0.6,0.6,,0.5,1,1.3,,0.6,0.7,,0.7,0.5,0.7,0.6,0.6,,0.8,0.7,,,0.3,0.4,,0.9,,0.8,0.6,0.7,0.7,0.7,1,,0.6,0.9,,1.4,0.9,,1,,0.7,0.6,0.5,,0.7,0.7,0.4,0.2,0.3,,1.1,1.3,1.3,1.1,1,0.8,0.5,0.6,0.7,0.6,0.7,0.7,2,0.7,0.4,0.8,0.8,0.5,0.4,0.8,0.9,0.9,0.9,0.8,1.2,1.1,0.8,1,1.2,0.8,0.5,0.5,0.3,,0.2,0.6,0.6,0.4,0.5,0.9,0.5,0.3,0.3,0.1,,0.8,0.8,0.9,,1,0.7,0.9,,0.7,0.8,0.7,0.2,0.7,,1.1,0.5,0.7,,1,,1,0.9,0.7,1.1,0.5,0.3,0.7,,,,0.6,,0.5,,0.9,0.8,1,,0.5,0.8,0.8,1,1,,0.9,,0.9,1.1,0.8,0.7,0.6,0.7,,1.2,1.2,1.1,0.8,1,1.2,,1,,,0.8,0.5,0.9,0.7,0.5,0.9,1,1,1,0.5,0.5,0.5,0.6,0.6,0.9,0.6,0.8,1,0.6,0.5,0.4,0.8,0.5,0.8,0.6,0.7,0.8,0.9,0.7,0.8,,2.3,0.1,0.5,0.6,0.7,0.8,0.7,0.8,,,,,0.7,0.6,,0.5,1.1,0.9,0.7,0.6,0.6,0.7,0.7,0.6,0.6,0.7,0.4,0.4,0.5,0.7,,,,0.5,0.7,0.9,,0.8,0.9,,0.9,0.8,0.7,0.9,0.8,0.9,1.3,0.8,0.8,0.7,0.7,0.7,0.6,,0.4,0.5,0.3,0.5,0.5,0.4,0.4,0.3,0.4,,0.4,0.4,0.2,0.1,0.3,0.4,0.7,0.3,0.3,,0.5,,0.6,0.5,0.5,0.5,0.4,0.5,0.2,0.2,0.3,,,0.4,0.4,0.4,0.6,0.4,0.5,0.5,0.6,0.5,0.6,1.5,,1.4,0.6,0.7,0.7,0.7,0.9,0.8,1.9,0.6,,0.9,1,1.3,1.1,1,1.3,1.2,1.1,1.1,1.3,1.3,0.9,0.6,,1.1,1,,0.9,1,1,1.2,,,1,0.4,0.2,0.4,0.3,0.8,0.6,0.7,0.8,,,0.3,1.1,1.2,1.3,1.1,,1.3,0.9,0.7,1,0.8,0.8,0.5,,0.4,0.6,0.8,,,0.8,0.9,,0.9,0.7,0.3,,0.4,,0.9,0.9,,,0.3,0.4,,,0.8,0.8,0.4,,,0.2,0.3,0.2,0.1,0.5,0.4,0.4,0.5,0.7,0.5,0.8,0.5,1.1,0.9,1,0.9,1.2,0.9,1,0.7,0.9,0.6,1,0.6,,0.6,0.9,1.2,,1.1,0.7,0.5,0.8,0.9,0.5,0.3,0.1,0.5,0.8,0.7,0.9,,,0.8,0.2,0.3,0.1,0.3,0.4,0.3,0.3,0.3,0.3,0.4,0.5,0.3,0.3,0.5,0.6,0.3,,,0.6,0.2,0.2,0.2,0.4,0.4,,0.3,0.5,0.7,,0.7,0.8,0.6,,0.5,0.6,0.6,0.5,0.5,0.7,0.8,0.8,1,0.7,1,1,0.6,1,0.5,0.5,,0.5,0.7,0.6,1,0.9,0.9,,0.9,,0.5,,,,0.6,0.5,0.6,0.6,0.6,0.6,,0.8,,0.8,0.8,1.1,0.7,0.5,0.4,0.5,0.6,0.5,0.6,0.8,0.4,0.3,0.6,0.5,0.6,0.6,0.4,0.4,0.5,0.5,,0.3,0.5,0.8,0.7,0.8,0.6,1,0.9,1.8,0.8,1.2,0.8,0.7,0.1,1.1,,0.5,0.6,0.4,0.5,0.6,1,0.4,0.6,1.6,1.1,0.7,0.9,0.9,0.5,0.9,,0.8,0.7,0.8,0.8,0.7,0.7,0.8,0.8,0.6,0.9,0.8,,0.4,0.4,0.3,,0.5,0.5,0.5,0.7,,0.7,0.5,0.8,,0.7,0.6,0.6,0.6,0.7,0.8,0.9,0.8,0.8,0.8,0.7,0.7,0.7,,0.5,0.5,0.5,1.4,0.9,,0.9,1,0.6,0.7,0.8,0.5,0.8,0.6,0.8,0.8,1,0.9,,0.4,0.5,0.6,,1,0.9,,0.8,0.7,0.6,0.7,,1,0.6,0.4,0.8,1,1,0.9,1.3,0.9,1.2,1.3,0.8,0.9,0.7,0.7,0.8,1.5,1,1.7,1.1,1.1,0.9,1.1,0.9,0.7,1.2,1.1,1,1.1,1.1,1.3,1,0.6,0.8,0.9,1.1,0.9,0.7,0.7,2.7,0.7,0.5,0.9,0.9,1.2,0.9,1.1,1.2,0.7,0.6,0.5,0.8,1.3,0.7,0.7,0.6,0.6,0.7,0.7,0.9,0.7,1,1,0.8,0.8,0.6,0.6,0.7,0.7,0.6,0.5,0.6,0.3,0.7,,0.6,0.5,0.6,0.4,0.4,0.5,0.8,0.8,0.8,0.9,0.8,0.8,0.6,0.6,0.7,,,0.8,0.6,0.7,,0.8,0.3,0.6,0.7,0.8,2,,0.6,0.5,0.5,,,,,0.6,0.6,0.7,0.5,0.6,0.5,0.5,0.3,,0.4,0.5,0.4,0.9,0.7,0.4,0.7,1.1,0.6,0.7,0.5,,,,,0.6,0.5,0.6,0.5,0.5,0.6,0.5,,0.9,0.5,0.5,0.5,0.6,0.5,0.4,0.4,0.8,0.8,0.9,1.1,0.5,0.7,,0.6,0.7,0.7,0.7,1.6,1,0.7,0.4,1,,1.4,0.6,,0.5,0.4,,0.4,0.4,0.7,,1.6,,0.4,,0.3,0.3,0.7,0.8,0.7,0.7,0.8,0.7,0.7,0.6,0.5,0.6,0.6,0.6,,0.7,0.8,0.5,0.7,0.8,0.4,,0.3,0.4,0.6,0.6,0.3,0.4,,0.9,0.8,0.3,0.4,0.6,,0.5,0.3,0.4,,0.4,0.7,0.7,0.6,0.5,0.5,,,0.5,0.5,,0.6,0.6,0.6,0.6,0.6,0.5,0.2,0.2,0.4,,0.4,0.2,0.3,0.3,0.1,0.2,0.5,0.5,0.4,,,0.4,0.2,0.3,0.5,,0.6,0.4,0.5,0.5,0.5,0.4,0.6,0.7,0.6,1,0.6,0.3,0.5,,0.3,1,0.7,0.7,0.5,1,1,,0.6,,0.4,0.2,0.6,0.5,0.6,0.7,0.6,0.7,1.5,1.1,0.9,0.7,0.9,0.5,,,0.5,0.2,1,0.5,,0.7,0.9,0.8,0.7,,0.8,0.9,,,1,1,1,0.7,1,0.8,1.4,1.1,1.1,1,0.8,0.8,0.7,1.1,0.7,,1.1,0.5,,1.1,0.7,0.4,0.5,0.4,0.5,0.3,0.3,0.6,0.9,0.6,0.8,0.7,0.7,0.4,0.7,0.4,0.5,0.7,0.3,0.8,0.6,0.5,0.8,0.3,0.8,0.6,0.6,0.6,0.4,0.7,0.4,1.4,0.7,0.6,0.9,0.8,0.8,0.9,0.7,0.6,0.7,1.2,0.8,0.8,0.8,0.6,1.1,,0.7,0.8,0.5,,0.5,0.8,0.4,,,0.6,0.7,0.4,0.7,0.7,0.3,0.6,1,0.4,0.2,0.7,0.7,0.8,0.7,0.4,0.7,0.4,0.6,,0.8,1.1,0.7,0.8,0.5,,0.2,0.5,0.7,1.6,0.6,0.8,1.1,1.2,0.7,0.6,0.5,0.7,0.5,0.7,0.5,0.4,,1,,1.9,0.6,0.9,0.9,0.8,1.1,0.8,0.8,0.7,0.7,0.8,0.6,0.7,0.7,0.6,0.6,0.8,0.7,0.4,,0.5,0.8,0.8,0.5,0.4,0.4,0.6,0.7,0.6,1,0.4,0.9,0.8,0.5,0.7,0.7,0.9,0.9,0.8,0.6,,0.9,1,0.5,0.4,0.4,0.7,0.7,0.6,0.7,0.7,0.9,0.5,0.5,0.8,0.4,0.5,0.2,0.6,0.7,0.6,0.6,0.7,0.3,0.3,0.4,0.4,0.3,0.5,1.1,1.1,0.5,0.6,0.4,0.4,0.4,0.5,1.9,1.2,0.4,0.9,0.7,0.7,1.1,0.6,0.5,,0.9,1,0.7,0.9,1.2,1,1,0.8,1,1,1.1,,0.4,0.5,0.4,0.5,0.4,0.9,1.1,1,1.6,0.6,0.8,1.3,1.3,1,1,0.7,1.1,0.8,0.5,0.3,0.2,0.5,0.3,0.5,,0.9,0.4,0.7,0.7,0.5,0.5,0.5,0.4,0.6,0.5,0.6,0.6,1,0.6,0.2,0.4,0.3,0.5,,0.8,0.6,0.6,1,0.8,0.6,0.9,0.7,0.4,0.5,0.3,,0.1,1,0.7,0.5,0.4,0.4,1,0.5,0.9,0.5,0.6,0.8,0.6,0.7,1.1,0.5,0.6,0.6,0.4,0.9,0.6,,0.5,,0.4,0.1,0.3,0.8,0.7,0.3,0.3,0.9,0.4,0.7,0.4,,0.7,,,0.8,0.4,0.6,0.5,0.6,0.4,0.8,0.8,0.7,0.8,0.6,0.5,0.6,1,0.5,0.5,0.6,0.6,,0.7,,0.7,0.7,,1,0.5,0.2,0.8,1.1,1,1.3,0.7,,1,0.8,0.6,0.6,,,0.8,0.6,0.5,0.6,0.4,0.7,0.9,0.4,0.6,0.3,0.4,0.4,0.3,0.3,0.6,0.5,0.5,0.4,0.5,0.4,0.6,0.7,1.9,0.8,,0.4,0.7,0.8,0.8,0.9,1.2,1.4,0.8,0.6,0.8,0.8,0.4,0.2,0.6,0.7,0.8,0.7,0.6,0.5,0.7,1.3,0.8,0.5,0.5,0.6,0.7,0.7,0.7,0.9,2.1,0.7,,0.9,0.7,1,0.8,0.7,0.6,0.5,0.6,0.2,0.3,0.2,0.7,0.3,0.7,0.6,0.6,0.8,0.8,0.7,0.6,0.8,1,1,,0.6,0.4,1.2,0.3,0.8,1.2,0.2,0.8,0.4,0.4,0.5,0.4,0.5,0.7,0.9,0.7,0.5,0.5,0.7,0.6,0.3,0.9,0.4,0.5,0.5,0.5,0.5,0.4,0.8,0.4,0.6,0.7,0.4,0.6,1.1,0.5,1.1,0.7,0.7,0.7,0.5,0.4,0.8,0.5
20210423,22,CO_24h,0.5,0.5,0.6,0.5,0.5,0.5,0.5,0.5,0.5,0.6,0.5,0.6,,,0.7,,0.9,0.7,0.7,,0.7,,0.7,1.1,,0.7,0.6,,0.6,0.7,0.5,0.7,0.7,0.5,,,0.6,0.7,,0.5,0.6,0.5,0.3,0.3,,0.2,,0.6,0.5,0.6,0.4,0.5,0.6,,0.5,0.4,0.6,,0.8,0.8,0.7,0.7,0.6,0.6,0.6,0.5,0.4,0.5,,0.4,0.5,0.5,0.6,0.5,0.6,,0.5,0.5,0.4,0.2,0.9,,0.7,0.7,0.7,0.9,0.7,0.7,,0.6,0.5,,,0.6,0.6,0.5,0.7,0.7,0.8,0.7,,1,1,0.7,0.8,0.8,,0.9,0.4,0.6,0.8,0.7,0.4,0.6,0.5,0.5,0.4,0.6,0.6,0.8,0.6,0.7,0.5,0.5,0.6,0.5,0.5,0.5,0.5,0.7,0.8,,0.4,0.7,0.6,0.5,0.2,0.6,0.6,0.7,1,1,0.9,0.9,0.7,,1.1,0.8,0.8,0.9,1.1,0.8,0.5,1.1,1,0.8,1,0.8,0.9,0.9,,1.3,1.3,0.9,1,1.2,1.1,0.7,0.9,0.9,1,0.9,1,,,,0.8,0.7,,0.9,0.8,0.9,,,,0.8,,1,1,1.1,0.9,1,1.1,1,1.1,1.1,,,,0.9,1.1,,0.9,0.7,0.9,0.6,0.7,,1,0.7,0.9,0.9,0.9,0.8,0.8,0.6,,0.8,,1.1,1,,0.9,0.6,,0.9,1,0.9,,0.9,1.1,0.9,0.7,0.6,0.9,0.5,,,0.7,0.7,0.9,0.6,0.6,0.5,0.6,,1,,,0.9,,1.1,1,,0.7,0.6,0.4,0.5,0.4,0.5,,0.9,0.7,0.8,0.6,0.7,0.6,0.6,0.6,0.8,0.7,0.7,0.7,0.7,0.7,0.6,0.6,0.6,0.8,0.5,,0.7,0.7,0.7,0.7,0.5,0.4,0.5,1.1,1,0.8,,0.8,1.3,1.1,,0.9,0.5,0.5,0.6,,0.4,0.5,0.6,0.6,0.6,,,0.3,0.7,0.7,0.5,0.6,0.6,0.8,0.9,0.8,0.9,0.7,0.6,1.1,0.9,0.6,0.9,0.8,0.7,1,0.8,0.9,0.7,,0.7,0.7,1,1.1,0.8,0.8,0.8,0.8,0.8,0.8,1,0.8,1,0.9,,0.8,0.8,0.8,1,0.8,0.8,0.8,0.9,0.6,0.7,0.7,0.7,0.6,0.8,,0.6,0.7,0.6,0.7,0.5,0.7,0.3,0.7,0.7,0.8,0.6,0.7,,0.6,0.8,0.6,0.7,0.7,0.5,0.5,0.8,0.7,0.4,0.6,,,0.8,0.8,0.9,0.6,0.7,0.7,0.7,0.6,0.7,0.7,0.5,0.5,0.6,0.7,0.5,0.7,0.5,0.7,0.6,0.5,0.4,0.6,0.7,0.5,0.4,0.7,,0.7,0.8,1,1,1,0.6,0.3,,,0.9,0.7,0.4,0.8,1.1,,0.8,0.8,0.8,0.8,,,0.7,,0.5,0.5,0.6,0.7,0.7,0.6,0.6,0.6,0.7,,0.6,0.7,0.6,0.5,0.6,0.9,0.5,0.5,0.5,0.4,0.6,0.4,0.8,1.1,0.8,0.8,0.9,0.9,0.8,0.9,,0.7,0.7,0.9,0.9,,0.8,0.7,0.8,0.6,,,,0.5,0.6,,,,0.5,0.7,0.4,0.7,0.5,0.5,0.3,,0.4,0.9,0.6,0.9,0.9,0.9,0.6,0.8,0.7,0.8,0.9,0.6,0.6,0.8,0.4,1,,0.8,0.9,0.9,0.8,0.8,0.7,0.7,0.7,0.7,,1,1.2,1.1,0.5,0.6,0.6,0.6,1,1,0.9,0.7,0.6,0.7,0.6,0.5,0.5,0.5,0.4,,0.7,,0.7,1,1,0.9,0.7,,0.8,0.5,,,0.8,0.8,1.3,0.5,,0.7,0.8,0.9,,0.9,0.4,0.6,0.7,0.7,0.6,0.4,0.6,0.6,0.3,,,,0.9,,0.6,1,,1,0.6,0.6,0.8,1,0.9,0.8,0.4,0.4,0.5,,0.8,,,0.7,,1,0.4,0.9,0.2,0.5,0.5,0.6,0.7,,0.7,0.5,0.6,0.6,0.6,0.5,0.4,0.6,0.6,0.4,0.6,0.7,0.6,0.7,0.6,0.6,0.7,0.8,0.6,0.6,,0.6,0.9,1,,0.6,0.7,,0.7,0.6,0.8,0.7,0.6,,0.6,1.1,,,0.4,0.6,,0.7,,0.9,0.6,0.8,0.8,1,1.4,,1,1.3,,1.1,0.8,,1,,0.9,0.8,0.7,,0.9,0.8,0.7,0.4,0.4,,0.6,0.7,0.9,0.8,0.8,0.5,0.4,0.6,0.6,0.6,0.6,0.6,1.9,0.6,0.4,0.7,0.7,0.5,0.3,0.8,0.9,0.9,1,1,0.9,0.8,0.8,0.9,0.8,0.6,0.6,0.5,0.4,,0.3,0.5,0.6,0.5,0.5,0.6,0.5,0.4,0.3,0.3,0.2,0.8,0.7,0.8,,1.2,0.9,0.9,,0.7,0.9,0.8,0.8,0.8,,0.6,0.5,0.7,,1,,1.1,1,0.6,1.1,0.5,0.4,0.8,,,,0.7,,0.6,,0.9,0.8,0.8,,0.6,0.9,0.8,1,0.9,,0.9,,0.9,1,0.6,0.8,0.7,0.8,,0.9,0.9,0.8,0.6,0.8,0.9,,1,,,0.8,0.5,0.8,0.9,0.5,0.9,1.3,0.8,1,0.6,0.5,0.5,0.6,0.7,0.9,0.6,0.9,1,0.7,0.5,0.4,0.8,0.7,1,0.7,0.8,0.8,0.9,0.8,0.7,,1.5,0.2,0.7,0.6,0.8,1,0.7,0.8,,,,,0.8,0.7,,0.6,1,0.9,0.7,0.6,0.6,0.7,0.7,0.5,0.6,0.7,0.4,0.5,0.5,0.8,,0.9,,0.8,0.9,0.9,,0.8,0.9,,1.1,0.7,0.6,0.8,0.8,0.8,0.9,0.7,0.7,0.8,0.8,0.8,0.8,,0.6,0.7,0.7,0.6,0.7,0.6,0.5,0.2,0.4,,0.4,0.4,0.1,0.1,0.3,0.6,0.8,0.4,0.4,,0.6,,0.8,0.7,0.7,0.8,0.7,0.5,0.3,0.4,0.5,,,0.5,0.5,0.6,0.6,0.4,0.5,0.5,0.5,0.6,0.6,0.8,,1,0.8,0.9,1.1,1.1,1.3,1,1.2,0.7,,0.9,1,1,0.9,1,1.1,1,1.1,1,1.3,1.3,1.1,0.7,,1,0.9,,0.7,0.7,0.8,1.1,,,0.8,0.4,0.3,0.4,0.3,0.9,0.6,0.8,0.9,,,0.4,1,1.1,1.2,1,,1.2,0.7,0.6,0.8,0.9,0.7,0.6,,0.5,0.7,0.8,,,0.8,0.8,,0.8,0.7,0.8,,0.6,,0.8,0.7,,,0.1,0.5,,,0.8,0.6,0.4,,,0.3,0.3,0.3,0.2,0.6,0.5,0.4,0.6,0.6,0.5,0.7,0.5,0.9,0.8,0.8,0.8,0.9,0.6,0.7,0.5,0.6,0.5,0.7,0.5,,0.5,0.5,0.8,,1,0.8,0.5,0.7,0.7,0.4,0.3,0.1,0.4,0.6,0.5,0.9,,,0.6,0.6,0.6,0.7,0.6,0.6,0.5,0.5,0.4,0.5,0.4,0.6,1,0.8,0.8,0.9,0.7,,,0.7,0.2,0.3,0.2,0.4,0.4,,0.3,0.4,0.7,,0.6,0.7,0.5,,0.6,0.7,0.6,0.5,0.5,0.6,0.7,0.6,0.9,0.7,0.8,0.8,0.6,0.9,0.6,0.5,,0.6,0.7,0.6,1,0.8,0.9,,0.6,,0.6,,,,0.7,0.5,0.7,0.8,0.6,0.6,,0.9,,0.8,1,0.8,0.7,0.6,0.6,0.6,0.8,0.6,0.5,0.7,0.5,0.3,0.6,0.5,0.6,0.5,0.5,0.5,0.5,0.5,,0.3,0.4,0.9,0.6,0.7,0.6,1,1.5,1.3,1.1,1.5,0.6,0.6,0.6,0.7,,0.6,0.5,0.4,0.5,0.6,1,0.8,0.6,1.5,1.1,0.6,0.8,0.8,0.6,0.9,,0.9,0.8,0.9,0.7,0.7,0.7,0.8,0.9,0.6,0.8,0.7,,0.9,0.5,0.4,,0.7,0.7,0.7,0.8,,0.8,0.7,0.9,,0.8,0.7,0.7,0.7,0.8,0.8,0.9,0.8,0.7,0.8,0.6,0.6,0.7,,0.5,0.4,0.5,1.3,1.4,,1.4,1.2,0.7,0.7,0.8,0.6,0.7,0.7,0.9,0.8,0.9,0.9,,0.5,0.5,0.7,,0.9,0.8,,0.8,0.7,0.6,0.7,,0.8,0.6,0.5,0.7,1.1,0.9,0.9,1.1,0.8,1.1,1,0.7,0.8,0.6,0.6,0.8,1.4,1,1.5,1,0.8,1,0.9,0.9,0.7,0.8,1,0.8,0.9,1,1,0.8,0.5,0.7,0.9,0.9,0.8,0.6,0.6,1.2,0.6,0.5,0.8,0.6,1.2,0.8,0.8,0.8,0.8,0.5,0.5,0.7,1.1,1.2,0.6,0.5,0.8,0.8,0.5,0.7,0.6,0.9,0.9,0.6,0.6,0.6,0.6,0.6,0.8,0.6,0.5,0.5,0.3,0.8,,0.6,0.5,0.6,0.4,0.5,0.6,0.9,0.8,0.8,0.9,0.7,0.8,0.7,0.7,0.7,,,0.8,0.6,0.7,,0.8,0.3,0.7,0.9,1,1.2,,0.6,0.7,0.5,,,,,0.6,0.6,0.7,0.6,0.6,0.5,0.6,0.4,,0.4,0.6,0.5,0.7,0.7,0.6,0.7,0.7,0.5,0.6,0.4,,,,,0.2,0.5,0.6,0.5,0.4,0.5,0.7,,0.9,0.4,0.5,0.4,0.4,0.5,0.5,0.5,0.5,0.4,0.7,0.8,0.6,0.7,,0.6,0.6,0.5,0.7,1.1,0.7,0.7,0.5,0.9,,1.3,0.9,,0.6,0.5,,0.4,0.3,0.5,,0.6,,0.4,,0.3,0.4,0.6,0.7,0.6,0.7,0.8,0.8,0.8,0.7,0.6,0.6,0.6,0.8,,0.8,0.8,0.3,0.6,0.8,0.6,,0.3,0.4,0.5,0.6,0.3,0.3,,0.9,0.8,0.2,0.3,0.5,,0.8,0.6,0.5,,0.5,0.6,0.7,0.6,0.6,0.5,0.5,,0.5,0.7,,0.5,0.6,0.7,0.7,0.5,0.5,0.3,0.3,0.4,,0.3,0.2,0.3,0.3,0.1,1,0.5,0.5,0.4,,,0.5,0.3,0.5,0.5,,0.7,0.4,0.5,0.5,1.2,0.3,1.1,0.8,0.7,0.7,0.7,0.5,0.6,,0.7,0.7,0.7,0.6,0.7,0.9,1,,0.5,,0.7,0.4,0.8,0.6,2.1,1.8,0.6,0.5,0.8,0.7,0.8,0.8,0.8,0.5,,,0.4,0.2,0.9,0.5,,0.7,0.9,0.8,0.6,,0.9,1,,,1.4,0.9,0.9,0.8,0.9,0.7,1.5,1.2,1.1,0.9,0.7,0.8,0.7,0.8,1,,0.9,0.7,,1,0.7,0.5,0.6,0.3,0.4,0.4,0.4,0.7,1,0.9,0.9,0.6,0.7,0.6,1.1,0.4,0.4,0.6,0.4,0.7,0.5,0.6,0.7,0.4,0.7,0.6,0.5,0.5,0.4,0.8,0.2,1.3,0.9,0.8,0.9,0.9,0.8,1,0.7,0.7,0.8,1.6,0.8,1,1,0.7,1.1,,0.7,0.8,0.6,0.7,0.6,0.8,0.5,,,0.8,0.5,0.5,0.8,0.8,0.3,0.7,0.9,0.5,0.4,0.7,0.7,0.8,0.8,0.4,0.7,0.6,0.7,,0.8,0.8,0.6,0.8,0.6,,0.4,0.7,0.7,0.8,0.7,1,0.8,0.8,0.8,0.8,0.6,0.7,0.7,0.7,0.4,0.9,,1.2,,1.2,0.9,0.9,0.9,0.8,0.9,0.9,1,0.8,0.7,0.9,0.8,0.7,0.6,0.7,0.6,0.6,0.7,0.6,,0.5,0.9,0.9,0.5,0.3,0.5,0.4,0.7,0.6,0.8,0.5,0.7,0.8,0.5,0.8,0.8,0.7,0.9,0.9,0.7,,0.8,1,0.6,0.7,0.6,0.5,0.7,0.7,0.8,0.7,0.9,0.6,0.7,0.7,0.4,0.5,0.4,0.8,0.9,0.8,0.7,0.7,0.4,0.7,0.3,0.5,0.2,0.8,1.2,1.1,0.6,0.6,0.6,0.4,0.5,0.6,1.7,0.6,0.5,0.8,0.7,0.7,0.9,0.6,0.6,,0.9,0.8,0.9,1,1,0.8,1,0.8,0.8,0.8,1,,0.7,0.4,0.5,0.8,0.4,0.9,0.9,0.7,1,0.7,0.8,1,1.1,1,1.1,0.9,1.2,1,0.5,0.3,0.2,0.5,0.4,0.4,,0.8,0.4,0.7,0.8,0.6,0.6,0.6,0.4,0.5,0.5,0.6,0.7,0.8,0.8,,0.5,0.4,0.5,0.8,0.8,0.4,0.7,0.9,0.8,0.6,0.7,0.8,0.5,0.5,0.5,,0.4,0.8,0.7,0.7,0.5,0.6,0.9,0.8,0.8,0.7,0.4,0.9,0.7,0.8,1.2,0.6,0.8,0.7,0.5,0.9,0.5,,0.7,,0.5,0.2,0.2,0.8,0.8,0.4,0.5,1.1,0.6,0.8,0.7,,0.7,,,0.8,0.7,0.5,0.5,0.5,0.4,0.7,0.7,0.6,0.7,0.6,0.4,0.5,1,0.5,0.5,0.6,0.5,,1,,0.8,0.7,,1.2,0.7,0.6,0.6,0.8,1,1.2,0.5,,0.5,0.6,0.6,0.5,,,1.5,0.6,0.6,0.6,0.6,0.6,0.5,0.5,0.6,0.5,0.6,0.5,0.5,0.3,0.6,0.5,0.5,0.5,0.6,0.4,0.7,0.8,0.8,0.9,,0.7,0.8,0.7,0.8,0.8,0.9,1,0.9,0.6,0.8,0.9,0.6,0.2,0.5,0.5,0.6,0.8,0.6,0.6,0.9,1.1,0.7,0.4,0.5,0.6,0.7,0.8,0.7,0.8,1.9,1.1,,1.3,0.5,1,0.9,0.7,0.5,0.6,0.8,0.4,0.8,0.6,0.8,0.5,0.6,0.6,0.9,0.7,0.8,0.7,0.4,0.9,0.9,0.8,,0.8,0.3,1.5,0.2,0.8,0.8,0.3,0.8,0.6,0.5,0.3,0.5,0.5,0.7,0.9,1,0.6,0.8,0.7,0.7,0.6,1,0.6,0.6,0.6,0.5,0.6,0.5,0.5,0.4,0.6,0.5,0.5,0.4,0.8,0.3,0.7,0.8,0.5,0.6,0.5,0.4,0.7,0.6
20210423,23,AQI,40,32,34,29,36,30,32,43,35,33,33,41,,,54,,52,73,58,,55,,51,44,,46,44,,31,46,53,49,46,52,,,56,59,,60,54,54,62,60,,58,,42,47,47,53,51,46,,39,49,55,,51,51,52,33,20,29,30,26,55,51,,48,54,37,44,42,47,,30,36,29,29,67,,64,69,77,62,68,60,,58,56,,,62,60,54,68,43,54,52,,46,50,63,53,45,,52,44,48,43,46,35,39,36,55,49,48,72,65,80,57,57,72,99,63,69,80,98,101,73,,115,103,119,125,137,107,99,90,48,58,42,50,50,,45,36,50,60,68,58,79,64,62,54,59,65,58,58,,62,58,63,54,53,54,59,58,55,42,87,89,,,,51,52,,64,58,52,,,,85,,59,67,57,67,62,62,64,64,88,,,,102,77,,55,58,83,77,64,,57,92,85,95,85,98,99,,,67,,46,51,,72,53,,70,52,69,,64,82,78,55,30,25,23,,,30,22,25,87,70,89,72,,67,,,53,,71,63,,69,90,87,20,28,24,,67,54,55,55,52,69,53,43,51,57,51,59,58,56,65,56,58,56,41,,59,43,56,57,30,28,34,33,34,29,,37,,28,,36,44,49,37,,46,49,39,34,34,,,28,26,32,28,35,31,,50,51,53,53,57,53,58,51,46,43,47,33,36,35,43,,36,38,64,,68,77,55,57,69,54,60,49,56,60,,56,55,56,66,55,65,58,58,47,46,52,50,33,53,,32,48,47,57,52,30,24,34,57,57,52,43,,33,68,56,36,34,54,32,43,46,31,45,,,58,63,50,71,65,69,67,57,42,38,43,45,30,31,27,25,36,38,34,38,17,23,24,21,21,55,,54,47,54,51,52,57,54,,,35,61,54,57,66,,12,15,15,13,,,13,,51,67,59,53,60,59,,62,52,,55,56,57,60,59,64,32,44,44,27,33,51,29,32,32,30,32,29,39,39,,42,40,22,39,,38,24,36,32,,,,30,36,,,,,43,30,54,40,34,30,,39,58,54,54,64,60,59,56,67,68,63,62,41,69,38,48,,65,49,52,58,56,59,59,57,70,,57,70,60,35,38,25,37,97,84,100,107,85,80,83,36,32,40,33,,26,,60,59,63,67,39,,54,30,,,46,44,38,,,67,59,53,,55,56,65,58,62,36,36,34,40,44,,,,60,,46,31,,39,28,27,31,60,77,72,52,36,42,,39,,,57,,60,55,104,28,26,,27,25,,22,21,27,41,31,22,15,36,29,32,48,47,52,31,42,33,51,52,56,25,,27,73,78,,39,42,,26,27,27,24,39,,82,66,,,35,41,,64,,46,59,60,61,52,53,,48,54,,100,119,,105,,61,55,58,,55,70,45,50,51,,83,72,70,88,78,68,36,62,50,45,53,46,58,25,45,42,48,22,41,89,74,42,68,64,168,137,158,109,165,178,34,30,34,,43,64,69,93,83,110,57,31,43,28,35,58,99,55,,54,55,62,,54,43,46,25,36,,29,30,31,,105,,107,98,128,112,33,42,37,,,,44,,52,,78,83,97,,87,73,94,62,62,,73,,64,64,55,52,49,42,,64,60,54,60,54,56,,36,,,39,54,29,33,31,36,35,38,38,20,34,31,42,41,52,40,57,54,46,26,26,17,15,38,15,92,70,82,77,82,,65,,52,47,36,45,42,39,,,,,23,23,,27,49,47,33,60,39,42,48,39,41,51,36,53,54,29,,52,,34,32,25,,39,50,,62,28,28,,24,24,33,23,19,58,58,59,89,,51,36,23,55,39,42,44,28,31,,26,27,,25,34,51,59,68,68,,32,,54,35,35,,31,34,32,31,32,,,49,32,23,37,33,26,34,,41,39,57,,61,40,43,46,43,33,35,32,32,,60,63,32,35,36,55,67,59,55,54,64,30,28,,50,61,,66,52,40,54,,,73,104,67,77,80,59,53,43,57,,,39,113,113,107,139,,107,60,62,70,45,66,52,,52,56,80,,,99,87,,59,61,59,,50,,56,50,,,70,38,,,74,72,56,,,42,36,62,64,63,63,112,50,43,46,57,43,45,58,68,53,54,71,57,54,45,55,62,52,,58,67,64,,53,52,48,48,67,42,51,53,72,67,92,68,,,82,28,30,41,32,40,52,58,64,23,39,26,50,46,37,32,35,,,59,22,28,25,23,15,,32,88,84,,77,83,85,,79,69,72,73,70,57,56,67,54,51,50,76,52,53,37,32,,37,33,32,57,100,61,,88,,64,,,,58,58,61,65,57,59,,52,,44,35,49,33,36,42,55,35,45,36,68,32,39,35,39,36,51,48,53,51,51,,60,48,35,28,27,34,38,55,40,41,55,40,47,55,44,,20,27,29,28,35,48,49,47,55,53,51,48,46,47,59,,53,57,58,70,41,38,40,52,46,,54,,51,46,51,,60,49,57,32,,33,31,40,,34,52,44,48,49,59,70,72,58,59,30,34,36,,79,63,74,54,52,,53,60,52,32,43,40,78,,99,99,71,58,,55,68,60,,33,40,,33,42,50,49,,59,53,52,35,46,64,,,55,60,,49,46,45,54,53,57,49,69,82,48,61,69,56,54,58,52,55,52,49,61,,38,34,44,38,39,53,49,53,51,25,33,36,71,75,68,64,38,36,,48,58,66,71,57,51,54,66,59,61,64,61,60,64,39,45,131,52,47,51,55,20,20,,18,13,25,19,28,43,53,42,45,67,75,67,82,26,52,,,28,50,45,,51,51,48,44,66,83,,28,34,29,,,,,31,35,47,48,46,38,38,40,,29,31,48,49,52,49,64,69,83,68,65,,,,,45,34,57,56,63,60,48,,44,82,57,55,68,36,34,36,119,81,88,85,46,58,,74,95,87,67,108,117,51,40,108,,58,104,,31,44,,45,35,33,,75,,35,,34,32,23,19,20,17,89,64,70,84,26,23,23,41,,24,29,19,18,16,49,,157,200,23,19,29,30,,31,26,16,15,25,,29,40,26,,31,31,24,41,29,69,,,37,25,,23,21,29,27,50,60,62,58,27,,38,31,28,65,77,30,35,38,32,,,44,39,38,35,,20,39,29,36,55,45,42,62,43,43,41,53,58,,53,108,85,97,20,54,54,,60,,60,31,13,52,62,57,22,10,117,59,43,39,66,15,,,42,31,98,53,,52,,68,48,,64,52,,,83,75,94,89,59,53,73,98,83,94,53,58,43,64,108,,56,33,,105,25,53,44,27,56,38,39,79,60,45,36,48,51,49,30,44,55,35,30,27,28,45,54,59,64,50,67,29,36,48,55,61,34,15,47,39,37,34,28,45,46,45,61,44,72,29,73,,25,38,54,59,35,9,16,,,38,63,42,32,48,34,44,79,28,55,68,48,60,62,67,39,34,45,,64,30,26,32,24,,22,45,23,49,62,57,55,69,46,20,31,59,57,56,75,49,,67,,53,55,65,53,43,60,62,70,61,59,55,50,46,64,53,40,55,47,62,,22,75,58,32,80,38,88,59,45,56,108,70,89,60,39,40,68,72,38,44,,87,123,31,38,21,78,44,78,40,39,73,42,33,49,25,35,20,19,15,14,54,69,33,54,55,41,44,51,62,58,52,53,41,56,55,53,72,78,15,57,85,42,67,26,30,,41,35,53,58,62,64,65,62,68,43,51,,54,46,38,61,56,74,64,46,,66,67,52,58,57,38,62,63,45,92,28,25,34,32,44,,69,,64,61,55,48,31,22,45,55,22,31,93,39,54,32,36,36,,50,65,54,62,63,69,64,38,61,46,61,,62,94,46,50,25,,40,29,58,22,55,15,14,15,59,14,22,51,35,62,39,,29,,27,24,38,58,45,31,30,42,51,39,39,,29,,,,64,31,27,40,24,28,61,58,60,50,47,62,55,25,34,50,43,,62,,54,39,,,62,65,67,61,54,77,183,,72,73,60,51,,,59,77,23,51,50,57,74,56,57,30,39,59,43,39,76,65,60,59,63,63,55,54,64,53,,52,56,70,68,69,54,,45,38,33,39,42,34,29,252,209,10,19,66,56,113,69,68,55,30,54,59,61,55,32,33,,49,73,123,93,84,54,29,25,31,73,59,38,36,51,25,39,,59,60,48,78,64,57,,28,23,74,32,63,128,51,62,32,34,41,33,33,40,94,32,51,51,69,64,55,29,66,53,32,36,32,40,72,56,42,72,42,54,109,63,82,21,83,112,42,35,72,48
20210423,23,PM2.5,18,9,22,17,14,21,10,17,14,14,13,10,,,36,,36,33,34,,28,,33,26,,31,27,,20,32,37,33,27,36,,,32,34,,42,29,38,44,43,,40,,29,21,21,37,23,18,,24,30,39,,19,23,36,23,14,20,21,18,28,29,,22,38,23,28,27,26,,21,25,12,17,45,,46,50,56,44,49,41,,33,30,,,30,22,35,36,30,35,36,,32,31,45,37,31,,36,27,31,30,32,23,27,13,39,34,33,52,47,59,40,40,52,74,45,50,59,73,57,35,,87,77,90,95,104,80,74,60,33,41,29,35,35,,31,25,35,43,44,36,58,31,44,38,41,46,41,27,,44,41,45,31,24,38,42,41,39,29,64,66,,,,28,36,,46,32,24,,,,63,,36,48,34,48,44,44,46,46,65,,,,76,56,,39,41,61,56,46,,40,68,63,71,63,73,74,37,,48,,29,25,,52,32,,51,36,50,,43,50,57,39,12,14,8,,,21,13,17,64,50,52,52,,48,,,37,,40,45,,50,67,64,10,6,4,,48,38,39,38,33,50,37,30,34,34,31,29,39,24,31,34,29,36,22,,42,28,33,39,11,17,15,21,19,20,,22,7,9,,25,22,29,25,,29,32,24,22,14,,,9,12,12,7,24,12,,23,28,29,28,27,29,26,25,22,30,24,19,24,24,25,,23,24,46,41,49,56,35,40,50,33,43,34,31,37,,34,27,30,38,30,33,34,32,27,25,30,26,18,27,,16,25,26,36,8,14,14,17,26,26,26,22,,23,29,27,20,15,21,22,15,19,14,31,,,34,40,23,43,47,39,48,40,22,21,26,28,15,20,17,17,16,17,17,14,10,16,6,13,11,27,,35,28,38,28,26,33,29,,,24,31,29,39,38,,6,7,2,5,,,4,,31,36,31,34,34,39,,44,29,,39,36,39,39,42,40,17,11,17,14,12,11,20,22,22,16,22,20,27,14,,19,28,15,27,,25,10,25,21,,,,6,16,,,,35,23,1,11,20,13,13,,27,41,38,38,46,43,42,31,48,42,45,44,28,50,26,18,,29,26,24,20,15,27,22,39,24,,40,51,43,23,19,16,20,72,62,75,80,63,59,61,15,16,28,17,,18,,43,31,45,48,27,,38,14,,,27,29,25,,,48,41,37,,39,34,46,41,44,12,16,14,17,14,,,,43,,26,19,,27,6,15,16,43,56,52,36,20,18,,14,,,36,,43,32,78,7,8,14,11,5,,10,12,16,13,18,8,9,14,9,9,21,26,11,10,19,15,28,33,32,17,,12,52,57,,27,29,,12,13,14,11,24,,28,41,,,22,22,,29,,32,23,19,43,29,24,,29,26,,75,90,,79,,37,39,41,,28,51,26,35,18,,61,52,51,65,57,49,25,44,35,31,37,32,41,17,20,29,33,15,22,66,54,29,49,46,127,104,120,82,125,134,14,11,15,,30,46,50,69,61,83,28,19,24,19,24,36,41,39,,28,26,32,,38,30,32,14,17,,17,13,6,,79,,80,73,97,84,10,14,10,,,,18,,16,,57,53,72,,64,53,70,44,44,,53,,46,46,39,36,20,24,,46,38,33,43,38,36,,22,,,27,38,20,17,6,25,24,23,25,14,5,15,20,27,25,22,35,34,28,14,14,3,1,26,8,68,51,60,56,60,,45,24,36,30,25,31,29,27,,,,,4,3,,3,34,24,21,34,27,29,33,25,24,25,25,29,27,20,31,36,,6,6,13,,27,35,,44,2,2,8,7,7,10,8,10,41,41,42,66,,12,10,7,26,25,26,25,15,12,,17,1,14,8,16,25,33,49,49,,9,,38,24,24,,2,17,22,12,9,,,23,22,16,18,20,14,19,,11,18,27,,30,28,30,28,30,23,24,22,22,,43,40,22,22,25,39,48,42,39,38,46,21,16,,29,38,,41,33,25,33,,,53,78,48,56,56,16,21,18,19,,,13,85,85,80,106,,80,32,43,41,31,31,30,,36,39,59,,,74,64,,42,32,12,,21,,34,22,,,51,26,,,49,46,28,,,25,25,32,21,19,32,40,35,30,32,40,30,31,41,49,37,33,33,40,38,31,39,44,36,,32,48,46,,28,29,12,18,44,17,27,23,52,44,68,49,,,60,17,21,28,16,28,20,32,46,7,17,6,30,22,21,11,24,,,42,10,19,17,10,7,,22,65,62,,56,61,63,,58,50,52,53,51,40,34,48,26,30,28,24,31,37,25,22,,21,21,22,24,75,40,,65,,46,,,,38,31,40,44,39,42,,36,,25,24,30,16,19,19,34,13,31,25,42,22,27,24,27,25,31,31,34,28,28,,43,14,19,14,14,20,26,39,27,15,26,28,24,36,28,,12,17,17,17,24,33,34,27,39,29,27,33,29,28,40,,37,39,41,51,26,26,28,36,30,40,23,,26,25,28,,27,31,36,12,,13,8,28,,23,21,24,22,22,42,51,52,41,42,21,18,25,,58,45,54,30,34,,27,35,7,21,30,28,57,,74,74,22,17,,39,49,43,,23,24,,23,28,20,34,,42,33,32,24,21,46,,,38,43,,30,32,30,38,37,38,33,50,60,30,33,50,25,38,41,35,29,35,30,38,,14,21,30,14,27,37,34,30,32,17,23,23,42,34,37,34,17,21,,19,25,20,40,37,33,27,39,29,30,38,42,43,43,27,31,46,33,28,31,39,10,7,,6,4,17,12,19,19,37,29,27,48,55,48,60,12,27,,,19,35,31,,33,18,18,29,18,53,,17,3,20,,,,,20,18,27,31,19,15,26,27,,9,19,23,23,25,16,46,50,61,49,47,,,,,25,13,40,39,32,43,33,,27,60,40,35,49,19,16,7,90,47,65,63,32,36,,54,71,64,48,81,88,35,27,55,,41,21,,20,,,8,13,14,,55,,3,,16,9,3,5,4,4,66,46,51,62,1,7,5,5,,7,5,4,7,8,29,,87,150,16,8,20,21,,5,5,6,5,6,,19,19,11,,17,11,14,14,5,50,43,,24,10,,9,1,2,,25,27,19,20,10,,26,6,12,35,22,7,4,1,4,,,10,17,19,15,,4,27,20,13,27,15,29,36,25,30,22,32,38,,26,81,63,72,13,37,38,,43,,43,14,5,36,44,40,7,7,88,36,30,27,40,1,,,26,7,73,30,,36,37,24,21,,46,36,,,61,55,70,66,42,36,41,73,61,70,37,41,30,36,81,,32,21,,79,14,30,25,14,23,26,19,58,43,9,16,33,30,34,10,22,39,24,15,17,8,31,24,42,46,35,48,20,25,23,34,43,23,4,26,27,21,23,10,15,31,31,39,20,40,20,47,,14,24,31,42,24,3,,,,26,45,26,16,32,4,25,58,14,25,40,29,37,44,48,16,10,31,,46,21,18,17,7,,8,31,16,34,44,40,39,50,32,14,10,29,24,25,55,34,,48,,34,39,47,35,30,43,34,37,30,31,22,20,28,36,34,28,29,21,44,,3,46,30,18,21,22,65,42,31,33,81,51,66,31,27,26,39,52,20,29,,56,93,16,26,5,57,9,57,28,27,53,29,18,34,14,24,14,7,4,9,38,50,11,38,39,14,24,34,44,41,30,37,17,37,32,34,52,57,3,40,63,24,48,5,17,35,17,21,35,38,44,45,47,44,49,26,29,,38,18,14,19,27,54,40,32,36,42,48,34,40,40,25,44,45,31,68,19,6,5,14,21,,48,,46,36,32,18,15,9,31,36,11,14,68,27,38,17,15,18,30,32,47,28,27,36,50,41,26,28,18,14,,44,70,30,28,13,13,23,20,41,15,32,4,3,4,40,3,11,34,24,44,27,,20,,15,16,14,41,24,16,20,23,25,22,26,,1,,10,,46,15,10,22,11,19,38,40,29,30,30,44,39,17,11,21,21,,44,,38,22,,,38,47,35,35,38,56,138,,52,51,39,21,,,41,32,16,21,16,19,54,25,29,18,24,42,24,27,28,39,26,25,26,32,30,24,31,30,,36,26,44,49,50,38,66,31,26,23,27,20,16,17,111,159,4,1,45,33,85,48,45,34,13,27,31,33,32,16,19,,34,53,93,69,62,33,14,14,9,53,42,17,19,31,10,27,,41,28,33,57,38,40,,19,13,54,4,45,97,15,40,13,10,15,14,14,26,70,22,34,24,47,46,26,19,24,37,12,11,11,13,39,24,29,52,12,34,82,45,60,10,61,84,6,4,51,17
20210423,23,PM2.5_24h,24,32,26,20,20,28,22,23,21,33,21,26,,,17,,18,19,17,,13,,17,14,,15,12,,48,40,52,48,41,51,,,20,22,,28,20,20,24,25,,16,,36,35,36,36,32,34,,31,33,31,,29,40,33,17,11,14,17,25,27,26,,29,32,26,28,31,36,,41,38,37,38,50,,41,58,60,48,49,44,,18,18,,,19,13,19,20,26,30,28,,28,29,30,29,23,,28,22,17,17,20,13,13,11,20,20,21,47,39,45,37,36,34,52,36,35,41,34,33,44,,39,39,43,41,42,52,45,37,62,61,61,64,66,,62,57,61,63,36,30,47,30,36,35,32,41,35,85,,50,46,66,42,42,66,38,44,42,55,48,56,,,,48,47,,48,47,33,,,,47,,41,47,47,46,46,49,46,48,59,,,,65,55,,30,41,48,51,52,,42,74,67,74,49,61,56,32,,36,,37,35,,46,44,,46,36,43,,41,45,55,34,21,41,25,,,37,48,47,30,26,33,29,,51,,,37,,48,52,,23,32,35,11,7,9,,37,35,36,34,32,35,30,30,24,31,30,24,26,26,33,31,28,32,19,,26,15,22,27,16,24,14,22,22,17,,18,9,10,,34,22,21,24,,30,32,20,30,16,,,36,45,38,31,42,26,42,34,37,38,41,36,39,37,34,22,19,18,18,23,21,16,,18,20,34,31,29,35,25,28,34,23,32,17,42,42,,37,38,35,52,39,34,42,41,30,28,27,26,28,30,,21,28,30,38,30,21,22,24,31,33,35,33,,32,48,40,33,32,28,26,24,26,21,33,,,36,33,42,44,43,44,43,32,30,30,29,31,21,24,22,20,21,22,23,21,12,13,14,12,14,20,,30,30,28,31,34,32,30,,,30,34,25,29,37,,59,62,54,60,,,62,,28,31,30,38,31,32,,38,28,,33,30,42,39,36,34,7,4,8,6,9,3,30,32,33,27,34,33,35,32,,32,36,28,35,,33,19,20,23,,,,22,18,,,,36,27,10,11,13,13,10,,22,26,29,34,34,29,26,22,29,25,31,39,27,32,17,25,,35,31,24,28,15,24,23,26,22,,39,40,43,21,14,16,17,41,44,43,60,39,40,42,20,20,21,18,,15,,39,27,32,33,24,,24,29,,,30,32,31,50,,49,46,45,,50,42,48,46,41,15,18,12,16,11,,,,60,,55,40,,47,18,23,26,44,48,46,27,20,19,,39,,,41,,37,35,41,28,24,26,21,23,,15,16,16,17,21,17,16,25,18,19,26,34,28,25,30,28,28,32,36,24,,16,53,47,,27,32,,30,28,25,28,23,,30,34,,,44,38,,23,,20,26,24,29,75,33,,71,58,,52,58,,54,,68,56,63,,52,51,21,26,13,,28,27,34,29,26,26,14,36,27,34,33,31,42,14,18,18,25,14,15,64,42,31,51,70,78,74,92,81,85,73,20,22,21,,29,44,45,58,47,53,29,21,20,27,20,28,30,28,,26,45,39,,34,24,27,20,19,,25,18,7,,88,,86,104,92,87,34,39,30,,,,35,,31,,70,71,84,,78,68,73,51,48,,50,,39,39,34,38,20,22,,29,26,23,23,27,21,,20,,,17,33,16,21,5,26,27,26,28,17,12,13,18,35,31,26,35,35,31,13,15,14,14,35,31,58,53,53,51,50,,38,22,29,30,38,42,44,40,,,,,34,29,,27,27,32,21,29,25,31,21,19,16,15,19,26,25,30,31,33,,28,30,39,,35,41,,48,16,18,30,26,24,32,27,33,51,55,52,67,,27,27,78,29,29,27,46,15,13,,10,12,13,15,8,51,52,32,32,,18,,55,43,43,55,36,18,19,22,21,,,16,16,20,22,18,16,21,,10,11,37,,41,42,45,40,37,38,40,37,34,,39,33,40,40,43,37,38,37,32,32,35,26,26,,33,28,,31,30,29,37,,,34,38,34,39,35,32,31,30,30,,,23,64,62,62,82,,61,37,38,34,34,29,45,,47,50,59,,,58,59,,46,36,26,,26,,26,23,,,34,18,,,37,32,23,,,28,31,22,22,27,28,31,22,20,25,26,23,24,26,25,24,33,27,30,28,28,29,35,32,,23,22,41,,25,25,20,24,18,17,20,18,31,29,34,58,,,31,58,60,54,47,78,57,62,64,30,31,23,132,117,96,85,94,,,57,12,14,11,45,39,,15,41,39,,33,36,40,,51,44,36,42,31,41,42,53,28,37,27,23,40,23,23,19,,17,13,14,20,48,35,,46,,51,,,,27,23,34,38,50,53,,24,,35,36,31,19,23,29,31,22,30,22,36,17,12,19,24,19,29,33,29,25,20,,21,12,14,12,14,13,16,35,27,16,29,25,21,25,27,,13,17,15,20,21,21,25,22,32,26,23,27,24,24,27,,28,29,28,29,24,26,24,22,26,36,21,,60,58,57,,62,65,63,38,,38,26,40,,36,35,38,36,34,35,47,41,37,36,35,41,35,,50,54,43,30,34,,37,30,8,31,28,30,41,48,51,49,23,15,,34,40,30,,19,19,,23,19,24,24,,26,16,19,23,19,26,,,23,28,,24,24,26,28,31,17,23,25,27,17,25,31,26,29,30,24,21,21,26,22,13,13,16,16,15,16,27,23,23,22,12,17,15,38,29,34,26,18,17,10,16,21,19,39,34,36,33,32,31,32,33,34,21,28,30,30,34,33,31,26,27,14,11,,10,17,20,16,16,17,26,28,24,43,44,42,39,34,42,,,23,29,26,,26,23,21,28,32,42,,28,22,25,,,,,21,21,24,28,19,14,18,15,,10,20,21,24,25,24,39,40,44,32,43,,,,,11,12,37,39,31,34,28,,24,54,41,30,31,11,20,10,60,41,51,44,30,31,,49,54,47,47,64,48,28,22,45,,42,38,,21,2,,7,10,4,,13,,5,,10,6,7,9,8,10,39,32,31,35,7,7,7,19,,17,11,8,12,13,49,,51,58,20,15,73,71,,19,20,11,9,11,,35,46,24,,21,20,19,12,6,14,21,,23,19,,24,10,12,13,39,42,54,39,12,,17,11,11,31,21,6,6,8,10,,,19,20,17,14,,13,13,15,10,26,22,61,38,9,18,11,45,48,,32,76,50,62,40,48,34,,40,,63,26,65,29,41,38,80,7,45,24,23,25,37,10,,,26,20,50,16,,26,29,30,22,,57,37,,,45,61,58,48,46,44,37,46,53,60,32,35,22,33,65,,17,33,,56,21,41,35,10,23,30,41,53,46,18,19,33,15,63,22,11,36,21,15,25,9,23,20,38,38,35,40,7,31,36,16,36,36,49,44,20,21,22,32,32,50,38,26,19,30,29,73,,28,20,58,40,16,14,10,,,21,56,36,22,37,6,22,46,26,47,65,24,33,44,24,34,23,25,,42,22,26,26,17,,56,57,27,55,63,66,62,60,62,44,31,24,28,23,32,26,,52,,40,39,37,30,32,54,53,43,40,34,37,35,26,31,30,17,30,27,51,,11,43,34,27,20,22,44,30,16,32,46,52,46,42,24,26,73,80,33,38,,81,98,32,46,36,43,23,42,22,26,49,24,23,31,13,22,17,39,36,48,43,37,14,37,48,32,13,62,37,36,30,34,40,36,27,36,32,19,13,34,47,18,28,16,22,33,18,18,25,37,44,55,42,43,47,33,28,,59,18,20,26,20,42,32,29,51,39,38,46,34,32,43,40,33,34,46,20,7,10,14,11,,48,29,33,42,34,21,24,15,36,26,21,26,51,53,18,49,23,8,21,19,45,23,29,32,47,36,32,40,39,29,,62,81,44,46,25,20,21,14,36,30,28,37,28,44,48,14,32,27,27,37,23,,27,,17,16,16,38,23,31,26,31,33,26,30,,10,,37,31,35,22,18,20,12,24,29,28,26,26,30,41,26,15,12,20,19,,62,,36,25,,17,33,41,32,36,38,67,35,,22,28,28,22,,,82,37,34,35,46,11,30,13,15,41,49,28,39,36,37,37,32,33,26,30,39,39,47,44,,71,39,49,50,37,38,44,45,32,32,46,24,12,7,255,258,16,12,48,60,66,32,37,30,33,26,33,33,23,28,30,,34,48,98,82,63,36,32,29,25,42,49,34,43,28,21,43,37,38,25,22,49,34,30,,15,13,40,4,47,58,49,43,33,24,25,25,23,23,63,44,31,28,59,32,54,25,26,26,31,24,22,20,22,17,39,49,36,23,69,25,61,39,27,45,6,3,52,35
20210423,23,PM10,40,32,34,29,36,30,31,43,35,32,33,41,,,58,,19,95,65,,59,,52,44,,46,44,,26,42,45,49,46,44,,,61,67,,70,58,57,55,60,,65,,40,47,47,48,52,46,,39,49,56,,51,51,53,22,14,25,14,12,59,51,,48,40,37,44,42,47,,30,25,24,27,83,,74,88,82,73,76,70,,66,61,,,74,70,58,86,28,58,52,,35,50,50,47,43,,40,44,48,28,34,26,32,19,46,41,40,47,38,75,47,39,47,87,53,60,55,82,152,95,,111,113,117,108,92,95,94,130,25,25,23,21,27,,24,5,27,24,85,66,66,78,73,56,68,80,66,66,,51,30,35,58,56,57,31,35,38,31,35,68,,,,51,33,,59,66,53,,,,63,,68,79,63,75,63,56,61,68,94,,,,102,79,,56,53,75,53,61,,45,78,80,75,61,63,84,41,,57,,46,51,,83,56,,85,54,78,,77,114,87,57,19,19,16,,,26,17,24,99,89,128,88,,83,,,53,,92,71,,77,95,90,16,12,10,,71,57,57,60,53,64,51,29,51,63,52,68,66,61,80,61,66,61,30,,66,43,61,64,27,27,34,33,34,22,,37,41,28,,27,44,49,37,,46,49,39,34,14,,,17,12,14,9,34,12,,50,51,55,55,64,55,65,51,46,41,47,33,36,28,43,,36,38,70,54,67,47,60,56,47,57,48,49,62,70,,62,59,62,81,60,80,66,66,47,46,54,50,33,56,,32,48,47,63,54,30,24,34,63,63,53,43,,32,85,61,36,34,58,29,43,46,31,32,,,66,75,50,91,75,87,51,55,42,38,43,45,30,31,27,25,36,38,34,38,17,21,24,21,21,59,,58,47,55,51,53,64,58,,,31,71,57,64,81,,10,15,7,9,,,10,,51,83,68,56,70,68,,70,53,,51,61,63,70,56,78,30,44,44,27,33,52,20,21,32,30,27,18,24,39,,42,30,17,37,,38,24,34,32,,,,10,36,,,,63,43,30,58,40,34,30,,26,48,44,54,51,41,66,61,79,85,75,58,41,59,30,48,,79,49,54,66,62,68,68,63,90,,46,64,52,35,38,25,37,39,33,33,71,70,56,39,26,31,34,29,,17,,61,68,58,63,39,,56,29,,,46,44,38,62,,51,68,46,,53,61,80,63,44,36,36,34,40,44,,,,63,,46,31,,33,14,27,31,46,61,70,36,24,42,,39,,,64,,40,60,33,17,16,,10,11,,22,21,27,41,31,22,14,36,29,32,48,47,53,26,42,31,52,54,61,25,,27,95,96,,27,32,,18,22,25,22,39,,114,81,,,35,41,,77,,44,68,70,72,54,55,,48,57,,88,99,,81,,71,55,66,,60,54,45,39,51,,70,69,61,64,54,48,29,36,41,41,42,43,54,19,45,34,25,22,41,27,22,28,27,45,165,140,139,109,142,161,34,30,34,,40,71,71,76,77,94,63,31,43,13,35,66,147,55,,58,59,74,,40,36,44,22,36,,24,30,4,,94,,76,110,105,94,33,42,37,,,,44,,53,,100,115,79,,78,62,68,41,56,,56,,53,63,48,47,49,42,,60,70,57,54,48,61,,36,,,36,34,18,33,12,28,34,38,38,18,34,31,42,41,54,40,64,57,46,26,26,9,14,6,14,88,77,86,77,83,,79,66,44,47,30,30,42,35,,,,,23,23,,27,40,47,33,70,39,40,33,39,41,51,33,55,58,20,20,31,,6,11,8,,36,39,,45,8,7,,12,8,33,9,15,39,41,44,44,,51,36,5,60,39,42,44,14,28,,19,21,28,12,27,51,67,71,71,,12,,42,27,27,,8,19,22,22,10,,,49,28,18,37,33,24,19,29,14,22,64,,72,24,40,46,39,33,29,28,32,,60,75,32,35,36,60,64,68,59,58,55,28,22,,50,72,,82,54,40,58,,,77,102,79,101,109,67,56,43,64,,,39,144,140,154,139,,142,70,73,89,20,82,54,,50,61,71,,,65,75,,61,72,67,,50,,62,50,,,42,36,,,97,93,62,,,42,35,74,78,76,76,174,34,32,21,31,31,37,49,55,44,57,91,56,43,34,22,33,25,,65,47,56,,55,54,48,48,84,42,52,55,79,83,96,83,,,92,21,27,41,32,30,53,65,64,18,39,9,50,46,37,32,35,,,51,20,15,24,23,15,,27,96,104,,83,95,83,,74,82,73,63,58,60,62,53,58,51,50,101,54,56,37,31,,30,33,29,64,108,71,,109,,76,,,,65,65,71,80,64,61,,52,,44,30,49,31,20,33,60,6,40,36,85,21,31,30,32,32,52,48,56,51,51,,42,48,35,28,27,34,23,49,40,41,59,33,47,60,44,,20,27,29,28,32,45,48,47,52,56,52,40,46,47,68,,54,63,65,52,41,37,37,38,46,48,58,,52,46,52,,69,49,63,27,,32,29,38,,34,54,44,48,49,67,61,70,60,58,29,34,30,,94,70,73,57,53,,56,69,54,32,22,34,54,,51,56,92,66,,40,46,44,,31,40,,32,42,50,48,,52,56,53,32,46,63,62,59,59,59,73,49,46,45,49,42,64,49,61,68,48,71,65,62,52,63,53,60,53,49,71,,38,34,44,38,34,45,46,56,51,24,31,36,92,99,86,78,38,36,28,48,66,81,91,64,52,58,81,68,71,78,72,69,78,39,43,212,54,47,52,43,16,20,,13,13,14,19,22,43,44,34,45,72,71,67,70,19,53,,,22,47,38,,51,51,48,44,81,115,,28,34,27,,,,,31,35,47,48,46,10,37,24,,8,31,48,49,53,49,48,65,86,68,78,,,,,45,34,58,62,76,52,44,,44,62,56,60,66,30,33,22,138,112,90,101,41,65,,73,90,89,77,146,137,52,40,166,,64,158,,23,5,,45,35,33,,83,,4,,26,21,,7,9,5,78,66,60,68,6,9,10,10,,24,29,9,16,8,49,,264,280,16,18,2,9,,5,10,9,13,13,,29,40,14,,19,31,24,22,15,86,46,,31,25,,18,3,2,3,50,69,73,65,13,,22,31,28,79,103,27,35,38,32,,,44,39,38,35,,13,31,26,36,60,45,41,73,43,41,41,55,65,,56,116,45,55,18,57,55,,53,,53,30,11,44,63,63,7,7,136,68,36,36,81,4,,,42,31,110,55,,52,49,86,48,,62,49,,,52,79,93,68,39,56,96,80,88,91,38,65,41,78,74,,62,33,,154,20,55,44,27,61,36,39,76,48,11,36,41,52,46,22,44,51,25,30,27,21,40,57,52,61,49,47,18,30,48,60,72,34,8,47,34,37,34,24,45,46,44,72,44,94,21,95,,25,38,58,64,18,4,2,,,32,69,42,32,48,8,44,78,28,59,86,48,69,62,52,39,34,43,,66,29,26,32,17,,22,30,14,26,11,34,27,35,28,11,31,68,64,61,89,46,,76,,56,31,55,55,40,66,74,89,72,67,60,50,46,78,56,32,59,47,61,,22,100,66,32,109,38,32,37,34,62,95,66,77,70,35,40,86,84,38,44,,124,102,31,26,11,92,44,51,36,37,64,31,33,36,24,22,19,19,15,14,46,64,13,44,59,41,44,51,51,46,53,45,41,62,60,56,56,73,8,56,50,42,59,26,30,59,41,35,55,65,61,78,72,66,69,43,51,,56,46,38,71,61,68,78,41,,82,67,53,65,60,38,73,56,39,75,11,21,34,32,44,,87,20,60,72,59,48,31,22,39,60,22,31,135,35,34,30,36,36,52,50,77,58,73,75,79,77,35,72,46,72,,61,112,46,50,25,17,40,15,62,,60,8,7,8,68,9,22,51,22,63,36,,29,,27,24,19,53,45,27,24,42,51,39,39,,1,,58,,53,31,27,40,24,24,72,65,70,50,47,66,51,21,34,50,43,,13,,45,39,,19,73,57,84,72,56,84,126,,88,95,70,52,,,67,103,23,51,50,64,79,61,63,22,39,36,43,35,102,80,70,68,76,75,60,58,78,56,,43,61,90,43,78,43,78,26,28,20,25,42,34,29,386,352,5,5,81,61,128,88,86,59,16,58,67,72,60,21,24,,46,75,111,90,88,58,29,21,5,52,40,38,36,52,19,14,,67,70,43,94,77,51,,26,12,60,21,71,94,52,74,29,28,41,33,33,40,105,24,51,51,88,58,60,23,81,54,32,36,32,40,93,61,42,71,42,58,137,45,110,13,60,90,8,12,94,48
20210423,23,PM10_24h,36,39,39,32,36,34,39,34,32,43,40,46,,,25,,21,39,30,,27,,46,23,,18,20,,70,64,72,68,69,64,,,28,31,,28,35,31,29,37,,30,,58,57,75,57,59,62,,60,61,79,,70,76,74,14,11,24,14,13,52,45,,46,40,38,42,43,41,,57,61,55,58,88,,59,89,80,78,77,70,,39,36,,,42,37,34,42,43,41,41,,34,49,43,51,43,,30,36,41,25,29,24,31,21,29,32,35,56,48,61,50,45,38,62,45,50,54,45,60,62,,57,52,55,49,47,58,55,63,60,55,54,56,57,,54,43,47,45,62,48,54,56,65,40,53,61,51,70,,64,62,56,62,65,63,43,41,42,45,44,62,,,,71,42,,64,75,72,,,,50,,69,74,73,66,68,67,58,66,86,,,,88,79,,47,46,49,58,60,,45,66,63,62,51,52,61,39,,47,,64,58,,75,61,,83,57,68,,88,100,77,43,40,65,39,,,53,60,84,46,50,77,66,,81,,,55,,113,81,,38,45,50,18,13,17,,55,57,67,61,57,51,55,36,44,48,35,41,48,51,60,48,46,46,22,,46,30,47,46,38,32,26,34,38,21,,37,35,29,,32,36,47,43,,45,44,41,47,26,,,56,59,50,52,61,42,73,75,69,86,86,74,85,75,67,34,36,35,32,29,32,31,,31,37,45,35,44,34,40,37,34,42,38,34,81,79,,71,89,68,102,78,86,77,73,56,56,56,58,51,75,,41,57,60,80,56,54,46,46,67,65,67,62,,49,92,80,56,58,53,44,48,49,46,46,,,74,66,70,95,91,101,89,80,52,55,50,55,41,42,40,35,42,44,53,49,27,30,38,33,32,43,,63,54,47,69,81,66,58,,,53,69,64,61,65,,74,83,72,82,,,88,,52,72,68,58,68,65,,67,64,,52,56,82,64,63,79,13,23,25,11,25,18,68,60,79,65,72,60,58,99,,84,60,77,69,,60,33,41,42,,,,38,63,,,,79,74,29,32,28,32,29,,30,41,37,43,48,41,36,35,44,49,46,56,31,42,28,51,,72,55,56,61,51,60,55,53,65,,50,56,60,34,32,32,38,35,38,32,56,57,37,37,37,33,36,32,,24,,57,64,62,52,39,,46,46,,,46,34,34,60,,45,66,58,,74,72,83,72,49,27,24,20,28,23,,,,80,,73,61,,54,45,44,43,50,54,60,32,30,37,,40,,,60,,57,54,60,36,35,34,34,41,,33,31,31,31,42,36,31,51,46,52,40,49,47,53,56,59,56,56,62,38,,45,79,79,,44,44,,51,48,52,47,36,,61,58,,,65,69,,66,,43,57,79,61,79,83,,73,87,,56,64,,63,,95,77,94,,77,63,44,43,33,,43,44,49,45,43,36,21,40,38,42,35,36,69,21,45,33,21,25,26,38,31,34,36,53,102,117,111,112,107,96,62,52,63,,68,80,86,92,88,90,43,36,36,39,35,38,44,38,,52,44,66,,44,34,36,32,32,,38,33,6,,107,,103,151,119,114,60,58,56,,,,65,,57,,121,116,105,,106,92,96,79,73,,64,,54,49,50,49,44,42,,39,44,47,32,35,30,,30,,,25,39,31,31,21,33,43,43,45,33,36,31,45,48,50,47,60,55,50,27,27,24,43,43,52,73,77,79,72,72,,58,53,43,55,46,56,59,55,,,,,59,56,,70,34,42,40,53,35,32,32,36,36,38,36,60,56,54,58,53,,43,42,56,,55,59,,96,31,28,58,38,40,71,50,54,75,74,76,77,,82,86,370,80,68,62,64,12,20,,20,30,26,22,33,69,61,52,52,,24,,67,53,53,55,41,20,21,25,28,,,38,21,48,31,35,33,19,25,12,19,66,,81,63,64,58,54,50,63,67,51,,52,68,57,65,60,51,51,49,42,48,46,38,39,,54,59,,61,55,42,63,,,36,56,48,50,52,58,48,55,54,,,69,100,110,109,102,,113,88,87,86,80,97,64,,65,70,77,,,84,79,,64,65,79,,77,,73,63,,,30,36,,,96,89,42,,,49,44,64,58,82,84,64,29,31,28,27,27,28,33,34,33,44,58,40,34,35,23,31,29,,46,36,53,,46,46,54,55,38,25,34,32,52,52,56,96,,,44,78,78,110,59,97,97,90,75,38,51,31,167,140,117,108,105,,,76,22,24,23,60,57,,20,61,62,,50,58,52,,54,60,48,56,46,53,55,55,53,66,51,59,56,47,28,25,,22,24,23,36,60,55,,65,,80,,,,52,46,52,58,78,78,,39,,42,45,41,49,37,41,54,30,44,37,66,24,13,26,32,35,48,48,60,45,35,,30,31,26,24,29,34,20,55,42,43,51,33,42,53,44,,29,29,30,31,31,34,43,38,38,49,47,40,39,46,44,,45,50,46,43,39,38,37,36,44,59,56,,99,84,86,,99,75,86,49,,50,50,56,,63,64,62,67,63,58,54,57,54,54,53,51,52,,74,61,63,55,66,,74,65,53,37,29,39,40,46,44,46,48,43,,42,43,44,,30,28,,32,28,34,32,,39,34,35,40,56,41,44,41,38,43,45,37,41,37,50,40,34,31,38,32,34,40,34,38,39,39,37,37,36,34,40,26,28,24,37,29,22,33,32,40,35,17,28,24,79,68,75,70,41,32,36,40,43,53,74,67,65,72,52,51,49,68,62,50,52,40,49,84,53,50,53,44,20,23,,26,31,31,27,31,33,41,48,38,61,64,60,59,49,71,,,39,43,41,,50,58,53,50,76,80,,42,44,34,,,,,37,42,50,50,44,31,30,33,,29,30,43,53,53,61,54,58,65,60,72,,,,,33,27,61,64,54,43,42,,39,64,61,51,56,22,43,34,91,84,63,83,51,55,,71,74,66,71,123,101,56,46,109,,70,79,,29,4,,19,34,14,,26,,13,,27,17,13,17,13,19,70,63,51,58,11,13,15,19,,36,35,14,20,23,106,,179,191,30,28,455,420,,27,29,17,17,20,,65,72,35,,32,38,27,20,20,33,53,,47,32,,34,17,16,16,124,121,312,268,20,,24,29,24,83,100,23,33,35,33,,,41,41,41,27,,13,24,27,28,57,35,73,74,18,23,21,70,69,,86,110,38,41,52,113,54,,54,,74,48,80,38,78,75,394,12,71,44,36,45,76,14,,,49,44,97,27,,79,75,80,41,,70,42,,,39,86,95,57,56,68,81,57,71,84,38,67,49,61,54,,30,44,,97,44,68,54,26,38,47,48,74,72,23,33,28,23,89,48,20,41,32,34,29,32,39,44,49,52,47,52,14,41,76,40,67,57,69,67,32,33,32,58,64,79,60,47,38,50,54,118,,48,28,75,78,32,24,18,,,51,68,46,32,55,12,42,58,47,131,104,52,54,62,30,62,53,34,,59,44,49,55,53,,264,62,25,45,57,56,56,54,61,33,45,54,65,122,52,44,,78,,57,48,43,43,44,82,108,98,84,81,75,67,49,64,68,45,61,52,100,,44,86,72,64,62,38,27,26,25,40,62,69,62,88,33,36,110,114,54,63,,146,126,50,49,51,81,42,46,32,36,70,29,44,37,21,37,32,62,68,69,66,56,20,48,76,45,24,84,50,43,49,40,67,86,57,58,42,31,23,44,42,29,37,29,39,64,41,32,55,70,67,80,74,69,72,49,50,,82,28,29,59,40,48,65,42,83,88,55,62,51,44,65,60,40,46,54,34,26,35,30,26,,86,44,47,82,80,41,47,40,50,63,39,59,85,69,22,67,39,19,34,27,72,45,51,43,64,50,43,93,58,70,,111,111,63,69,35,32,43,16,66,37,43,55,63,64,75,29,53,41,31,53,33,,41,,28,28,25,55,37,55,40,44,52,35,63,,16,,84,44,44,38,43,39,40,33,49,52,54,49,52,62,43,28,30,41,36,,56,,44,38,,23,65,51,62,70,65,103,53,,38,61,49,51,,,103,104,55,69,90,24,27,26,32,54,86,50,77,70,102,95,76,75,66,61,70,94,95,89,,85,63,96,55,62,42,60,64,50,50,63,56,20,27,746,591,30,20,82,104,103,102,64,64,44,57,69,78,48,31,54,,45,67,132,118,97,75,61,39,50,43,41,34,62,45,37,70,60,59,52,34,74,76,53,,52,14,49,16,71,64,83,72,44,42,36,37,38,44,96,51,49,52,114,55,110,32,34,25,43,32,43,36,44,38,55,61,68,41,110,32,107,64,36,56,10,14,75,55
20210423,23,SO2,3,3,1,1,3,3,3,4,3,4,2,3,,,6,,6,8,7,,5,,4,5,,7,2,,3,6,2,5,3,5,,,7,16,,8,18,8,11,5,,3,,5,2,8,5,9,4,,6,8,6,,6,6,5,4,6,6,5,6,5,6,,7,5,6,3,11,8,,2,4,4,3,7,,6,6,5,6,4,4,,8,6,,,10,8,9,10,5,10,12,,10,9,8,7,3,,11,4,10,4,10,5,11,8,8,6,5,8,5,5,10,6,5,7,6,14,6,22,22,15,,19,17,16,23,18,22,22,24,4,6,4,8,7,,2,7,9,8,15,5,7,4,7,1,9,5,3,4,,2,6,4,6,5,6,2,4,8,10,7,7,,,,7,7,,7,11,5,,,,4,,7,4,4,6,6,7,8,5,8,,,,12,10,,5,3,6,5,4,,6,4,2,6,5,5,3,6,,6,,4,6,,5,5,,5,6,3,,6,3,6,5,9,4,5,,,8,6,8,6,4,6,6,,5,,,3,,16,14,,4,4,5,4,4,5,,5,4,4,5,5,6,5,5,6,6,6,4,7,8,8,10,5,6,2,,6,6,4,4,4,4,7,6,5,5,,8,5,4,,10,5,5,5,,6,4,5,4,5,,,4,4,5,6,5,3,,7,6,5,4,6,8,6,7,7,6,5,5,6,7,4,,5,6,9,4,5,7,5,9,6,8,6,9,9,11,,7,7,9,6,9,9,7,10,4,7,8,6,8,5,,6,5,5,9,5,6,6,13,12,12,10,7,,7,6,7,4,4,4,4,7,9,4,10,,,9,9,7,12,12,14,10,9,9,11,9,10,4,6,7,5,2,7,5,7,4,2,2,3,4,11,,11,8,11,8,11,10,6,,,10,7,5,5,8,,6,7,5,5,,,6,,7,8,8,6,6,5,,8,6,,12,17,8,10,10,14,3,4,2,4,9,5,8,4,3,6,5,7,4,4,,5,6,5,4,,11,4,8,6,,,,5,4,,,,,8,5,4,5,6,4,,6,6,1,6,6,7,14,6,8,10,15,5,5,5,3,6,,52,6,30,41,11,12,10,12,11,,3,6,5,10,15,7,6,8,10,20,45,18,29,17,5,6,5,5,,2,,5,4,4,5,3,,4,5,,,11,5,8,6,,1,5,6,,2,11,17,4,5,7,6,5,8,10,,,,5,,4,6,,4,5,6,9,5,4,3,3,2,4,,4,,,10,,14,5,9,5,7,6,15,7,,6,6,8,11,7,6,5,3,5,2,8,6,8,8,7,9,6,7,7,4,,5,4,6,,18,18,,6,8,8,6,8,,8,9,,,5,3,,5,,14,9,13,10,9,8,,9,10,,9,17,,14,,5,7,6,,7,9,7,15,5,,5,6,10,7,8,6,6,10,13,11,10,7,13,10,7,8,2,8,10,12,22,15,15,6,82,18,28,11,21,5,2,5,3,,5,10,15,8,23,16,1,4,6,9,5,7,4,4,,6,3,5,,6,5,5,1,5,,3,2,4,,2,,3,2,3,1,7,4,5,,,,7,,5,,8,5,6,,7,6,7,3,1,,4,,6,6,5,6,6,6,,13,10,12,13,6,14,,8,,,6,3,3,1,2,4,4,4,6,18,6,5,4,5,5,5,5,6,5,3,4,6,5,6,6,8,10,5,4,5,,63,6,15,7,6,6,6,8,,,,,3,5,,5,5,7,3,2,1,11,6,6,5,5,5,4,4,6,5,6,,4,8,4,,3,2,,5,3,4,5,4,4,4,4,3,5,7,4,4,,5,2,3,18,9,6,4,2,5,,4,4,4,4,2,8,5,4,4,,5,,8,5,5,3,3,7,6,8,4,,,8,10,9,9,6,4,3,3,4,4,7,,8,6,5,7,7,10,7,7,5,,5,5,16,15,11,10,14,10,8,7,5,5,8,,4,5,,2,5,6,7,,,5,4,6,5,5,6,5,6,6,,,4,5,3,4,3,,4,6,5,10,8,7,6,,6,6,4,,,3,5,,8,7,8,,8,,46,20,,,5,5,,,6,9,14,,,1,3,8,8,5,6,5,23,12,8,22,14,11,17,16,18,4,4,2,4,12,7,8,8,,5,10,8,,11,9,14,10,5,4,10,7,7,8,11,12,,,12,4,5,3,7,4,10,8,10,6,5,5,1,3,4,7,7,,,6,2,2,4,6,6,,8,14,6,,6,7,6,,5,5,11,7,4,2,5,5,14,14,6,16,2,8,7,7,,5,3,3,6,6,6,,8,,7,,,,5,5,6,7,5,4,,7,,5,11,6,5,3,5,2,3,2,5,5,4,3,4,3,4,10,11,14,8,4,,4,4,8,8,5,6,12,18,14,16,9,7,5,9,8,,10,9,5,6,10,3,4,4,3,7,11,20,10,6,20,,16,16,17,5,7,6,5,4,45,40,20,,14,6,5,,6,7,7,4,,2,4,8,,5,6,8,4,9,8,7,8,8,8,2,3,2,,5,5,5,11,8,,9,9,4,3,4,5,6,,4,8,4,5,,4,5,3,,5,3,,6,8,9,8,,6,5,5,6,8,8,7,5,6,7,10,13,9,11,8,8,2,3,2,1,1,7,6,6,5,3,7,12,7,7,18,2,6,6,5,2,3,3,4,3,3,6,12,8,15,10,10,9,6,13,7,9,8,11,4,4,5,5,4,9,14,25,23,9,9,7,6,7,16,8,8,5,4,1,,2,5,6,8,6,4,8,5,8,4,10,6,8,8,9,,,7,10,8,,5,14,10,13,6,8,,5,5,8,,,,,5,5,6,6,6,12,14,13,,10,5,20,13,15,5,3,4,5,2,5,,,,,4,5,5,7,5,9,2,,4,6,5,6,5,5,6,7,6,6,11,12,12,10,,10,9,5,4,11,12,5,7,4,,12,8,,8,6,,7,4,2,,9,,8,,10,8,4,5,6,3,5,11,10,7,5,5,5,10,,12,12,8,8,5,6,,4,6,5,4,4,3,,6,5,4,2,20,,4,5,5,,12,5,18,10,10,11,7,,5,10,,10,3,3,5,4,6,18,21,5,,6,2,9,6,5,5,3,5,3,,,5,5,4,4,,1,4,4,2,7,5,10,8,6,5,5,5,5,,10,27,9,5,7,7,3,,9,,6,5,5,8,7,8,3,17,11,6,8,10,5,3,,,5,7,6,5,,5,,9,7,,4,5,,,7,22,4,6,8,6,5,7,8,12,5,6,13,9,10,,6,4,,9,14,6,10,2,11,3,2,7,4,16,7,2,4,10,12,7,16,4,3,3,8,4,8,5,6,4,4,6,10,5,8,11,5,5,7,6,8,5,1,6,10,8,21,6,6,7,5,,4,5,2,9,11,3,4,,,10,8,8,5,4,8,8,6,6,5,8,4,9,8,4,5,3,6,,7,6,9,10,14,,13,2,5,7,2,5,4,3,3,6,2,12,12,46,24,8,,26,,4,2,4,5,6,9,6,6,8,8,7,6,6,5,6,7,9,6,8,,6,7,7,10,6,3,7,2,12,9,9,4,8,4,2,5,6,7,5,6,,5,1,4,4,7,29,17,11,5,7,9,6,8,6,7,10,7,3,3,8,7,6,4,2,8,3,7,5,5,5,1,2,6,8,8,8,4,7,3,7,6,8,6,6,6,7,7,7,3,21,6,5,8,9,9,13,5,,4,3,2,10,18,2,6,3,6,6,1,9,8,6,5,4,9,5,2,2,4,7,5,5,,9,6,6,7,4,5,7,5,6,8,4,4,4,7,10,8,2,3,5,11,5,6,7,5,7,16,5,6,6,6,,3,6,6,5,3,,10,6,19,4,11,6,6,6,13,6,9,6,4,2,8,,6,,7,6,5,4,5,5,6,12,12,7,8,,6,,,7,6,9,4,8,7,5,39,7,7,6,8,7,6,2,6,23,17,,5,,6,2,,7,11,4,13,5,5,8,7,,8,23,6,10,,,6,9,2,8,3,11,2,8,10,7,1,4,3,3,5,8,3,6,6,7,5,7,16,18,,7,4,2,7,29,7,,4,8,5,7,3,7,6,7,9,3,3,3,8,2,49,10,9,6,6,10,7,7,4,6,,8,5,2,1,23,8,6,4,6,7,1,7,4,6,9,1,3,6,4,10,5,14,6,,2,5,7,2,5,11,4,4,3,3,3,3,3,8,6,5,4,8,9,23,7,8,6,12,2,2,4,3,9,8,7,5,4,7,15,9,9,7,12,9,8,6,10,7
20210423,23,SO2_24h,3,3,2,2,3,3,3,3,2,4,2,3,,,5,,5,7,6,,5,,4,6,,6,2,,5,8,3,6,2,8,,,5,11,,6,14,7,10,3,,3,,10,4,9,6,10,5,,7,10,7,,9,9,7,4,6,8,5,6,5,6,,6,3,5,3,11,9,,3,5,5,4,9,,7,8,6,8,6,5,,7,5,,,6,6,8,7,7,12,13,,12,10,10,9,4,,12,4,5,4,10,4,9,8,7,5,4,9,6,6,11,7,6,6,7,13,7,19,28,20,,16,14,12,17,13,28,20,16,5,6,5,8,6,,3,9,8,8,12,4,9,4,6,1,8,3,2,6,,3,6,4,6,6,8,2,5,11,12,8,8,,,,8,7,,7,12,6,,,,4,,6,5,4,6,6,6,8,5,7,,,,4,8,,5,3,4,4,4,,7,5,3,11,5,7,3,4,,5,,7,7,,5,5,,5,6,3,,5,4,5,6,9,5,7,,,6,9,10,6,4,6,6,,5,,,3,,11,9,,5,4,4,4,4,5,,5,4,5,5,5,7,5,5,5,5,5,4,6,5,9,9,4,5,2,,5,6,3,3,4,4,9,3,6,3,,7,2,4,,6,6,6,5,,5,4,6,6,5,,,5,4,5,6,5,4,8,8,6,5,5,6,9,7,7,9,7,5,7,6,8,4,,5,7,9,4,4,6,5,8,5,8,6,9,10,11,,8,9,10,8,10,7,8,7,4,7,10,7,8,6,,7,6,6,10,8,9,7,7,9,9,9,9,,9,16,15,6,6,5,5,6,9,7,8,,,12,9,8,12,13,14,13,14,13,15,9,12,5,5,8,6,3,7,5,7,4,3,3,3,4,10,,14,13,12,15,15,13,8,,,13,13,5,5,15,,8,9,6,6,,,9,,7,8,9,9,6,5,,7,6,,9,17,9,9,12,14,3,4,3,4,4,5,9,5,5,8,6,8,5,6,,7,7,5,6,,9,4,8,8,,,,10,6,,,,12,14,5,4,3,5,4,,4,6,2,6,6,6,6,6,6,6,10,4,5,5,3,8,,21,9,14,16,10,14,9,9,9,,4,7,7,8,11,8,6,10,11,10,53,12,13,15,5,5,4,5,,2,,5,5,5,5,3,,4,7,,,10,5,5,6,,2,6,6,,26,12,17,9,4,7,6,5,8,10,,,,7,,6,8,,6,6,6,9,5,5,3,3,3,4,,5,,,8,,11,11,12,5,8,7,11,9,,5,5,6,7,5,6,7,5,14,12,5,7,12,9,8,9,7,7,7,6,,7,6,7,,13,11,,7,8,11,10,7,,20,10,,,6,5,,6,,15,12,12,13,9,9,,10,9,,4,8,,6,,6,8,8,,9,9,19,35,12,,6,7,10,8,8,6,6,14,17,10,12,7,18,11,12,11,4,10,12,13,10,20,20,14,26,20,22,15,17,7,3,7,4,,4,7,10,8,9,8,2,4,8,11,5,6,4,4,,10,6,9,,7,5,4,3,6,,4,3,4,,4,,5,3,5,2,8,9,10,,,,7,,6,,8,5,7,,12,8,9,4,3,,3,,6,7,5,7,7,6,,12,9,13,8,6,10,,8,,,6,2,2,1,2,5,5,4,6,9,6,5,4,7,5,5,6,6,5,3,4,6,8,14,19,10,11,7,6,8,,29,7,19,9,10,13,11,15,,,,,7,7,,7,3,7,6,2,1,13,7,6,6,7,5,4,4,6,6,6,,5,16,6,,4,3,,12,4,4,5,4,4,5,4,3,9,11,7,5,,9,27,31,18,20,9,6,1,4,,5,3,3,4,2,15,9,4,4,,5,,8,6,6,7,4,8,7,8,4,,,6,10,9,9,6,4,3,3,4,4,6,,8,6,6,9,10,11,6,6,6,,4,4,9,8,8,9,8,10,8,8,6,5,8,,4,5,,2,5,6,7,,,5,4,7,4,5,7,7,7,7,,,6,6,3,4,4,,4,8,9,10,10,10,7,,6,6,4,,,3,4,,10,9,11,,10,,14,13,,,5,5,,,11,10,18,,,2,4,7,8,5,6,5,17,11,14,22,14,13,14,13,14,3,4,3,5,8,8,7,8,,7,10,10,,18,15,14,12,4,4,10,8,7,8,10,10,,,9,7,8,6,7,11,10,9,7,10,5,6,9,6,10,12,9,,,12,3,8,4,8,10,,10,9,7,,6,8,8,,6,5,6,6,4,2,2,7,7,15,5,19,5,8,5,8,,4,3,3,7,6,6,,5,,7,,,,6,5,6,6,6,5,,8,,9,9,7,6,4,6,4,4,3,6,6,4,3,5,3,5,5,7,9,5,4,,3,4,7,7,20,6,13,17,16,15,13,11,13,19,12,,8,10,10,7,9,4,7,7,13,14,8,10,9,8,14,,12,13,13,5,6,6,5,4,16,19,19,,20,9,7,,10,8,8,5,,3,5,8,,5,9,11,6,12,9,8,8,8,8,4,5,3,,6,6,5,13,13,,20,13,5,3,4,6,6,7,5,9,5,7,,4,4,4,,5,3,,7,7,8,7,,7,5,5,6,8,8,10,7,7,8,11,11,10,11,11,9,2,3,2,2,1,5,5,5,4,3,7,11,5,7,11,3,7,6,5,2,3,3,4,3,3,6,13,8,18,10,10,8,8,9,9,7,8,9,5,5,11,6,3,9,10,17,15,7,7,9,6,7,19,12,11,7,4,3,,3,6,10,10,8,5,10,7,9,4,14,7,8,9,11,,,8,13,10,,7,14,13,12,6,7,,5,6,8,,,,,6,6,8,7,8,13,14,12,,8,7,15,13,13,10,3,3,5,4,5,,,,,4,5,8,9,6,10,3,,4,6,5,8,7,5,6,7,6,6,11,10,11,12,,11,9,8,4,8,12,5,8,5,,12,9,,12,7,,8,4,5,,4,,8,,10,8,5,5,5,5,6,14,12,9,5,5,18,12,,26,24,8,8,9,8,,4,8,6,6,4,3,,5,5,4,10,18,,6,6,6,,13,3,16,16,11,15,7,,5,10,,10,4,3,5,4,5,3,4,5,,5,2,9,5,5,5,4,6,4,,,7,4,5,5,,3,4,6,2,23,5,9,9,5,3,4,6,6,,13,18,9,4,8,8,3,,8,,8,5,7,8,15,16,31,14,11,7,10,9,5,3,,,4,5,6,4,,5,11,13,8,,6,5,,,10,11,4,7,10,6,8,8,9,6,5,14,15,12,8,,7,5,,9,9,5,9,2,13,5,4,6,4,12,4,2,4,11,14,7,16,4,2,3,8,3,8,5,5,4,4,5,11,8,7,19,6,6,9,7,8,6,8,6,11,14,15,7,6,8,6,,5,4,4,9,13,3,4,,,8,7,9,5,6,8,9,4,8,7,11,14,7,9,4,6,8,4,,11,8,11,19,23,,28,3,5,5,2,6,4,3,4,6,2,12,12,17,16,22,,13,,4,2,4,5,6,7,8,7,8,11,11,9,6,6,5,8,9,8,11,,9,7,9,11,6,2,5,2,10,8,8,4,7,5,2,4,8,7,6,7,,5,2,5,5,13,16,18,19,9,8,9,8,14,8,7,11,8,5,5,9,8,6,4,6,8,4,5,7,5,5,2,3,8,8,5,10,10,5,8,7,6,9,5,6,7,9,6,4,5,18,7,5,6,8,7,16,3,,5,3,2,13,20,2,6,2,6,7,2,8,7,6,6,4,10,5,3,2,4,8,4,6,,9,7,6,9,5,7,7,11,7,7,6,6,6,8,10,14,3,3,5,9,5,6,6,4,4,7,5,6,7,7,,4,7,9,10,5,11,10,7,19,8,13,7,9,8,14,7,9,6,5,2,9,,7,,7,5,5,5,5,7,6,10,15,5,15,,7,,5,8,7,7,5,7,11,6,11,6,8,9,10,9,6,2,6,10,7,,6,,6,6,,6,9,7,13,3,6,7,5,,8,16,9,9,,,6,10,3,10,3,6,4,2,7,8,5,6,3,7,5,8,3,6,6,8,6,7,7,8,,12,6,2,7,25,13,5,5,9,7,8,4,6,6,6,10,3,5,5,11,3,23,9,9,8,7,10,9,9,10,11,,16,5,3,2,16,8,7,5,6,10,4,8,5,7,11,5,5,6,5,8,4,8,7,,4,5,10,3,4,5,7,3,3,2,3,2,3,12,6,7,5,10,13,20,7,6,5,8,2,2,4,3,7,6,8,3,7,7,11,10,8,8,13,9,8,5,9,8
20210423,23,NO2,27,11,12,12,15,13,19,22,15,16,15,13,,,41,,45,31,46,,49,,48,24,,25,41,,10,15,12,12,14,15,,,50,45,,67,55,34,30,25,,21,,12,7,12,19,28,20,,16,28,24,,25,20,33,43,33,23,16,15,52,41,,30,20,25,21,12,18,,14,5,13,17,27,,14,16,19,24,17,14,,51,45,,,78,41,56,34,8,45,34,,22,55,38,33,45,,39,22,47,19,21,17,24,12,16,13,11,52,42,54,51,48,23,22,55,61,72,76,91,23,,56,42,91,71,97,46,38,92,37,38,33,49,28,,44,20,38,39,68,52,37,50,40,52,26,37,26,32,,30,32,29,31,30,26,25,24,13,23,16,25,,,,22,24,,24,33,22,,,,35,,30,30,32,34,31,23,43,33,52,,,,63,31,,15,19,27,14,10,,12,16,21,26,15,32,12,,,14,,21,16,,64,47,,80,24,112,,78,47,79,27,59,23,46,,,33,23,22,50,30,52,39,,55,,,34,,50,45,,16,17,16,12,7,6,,33,34,22,21,30,19,21,18,32,28,29,21,24,25,19,34,64,27,10,,26,18,21,28,10,18,14,18,21,15,,23,16,5,,10,15,17,10,,15,13,13,10,11,,,15,20,10,22,44,10,,18,15,16,26,18,16,22,16,18,24,20,26,30,23,25,,18,16,42,43,42,27,29,37,36,47,28,18,49,43,,70,71,53,58,45,72,46,54,20,41,62,60,29,25,,8,14,15,21,28,16,9,20,35,30,33,22,,11,44,41,17,11,14,14,14,18,23,20,,,52,58,49,14,21,20,9,8,29,31,21,23,15,18,18,9,12,23,41,26,12,11,26,8,7,15,,26,35,50,68,23,70,37,,,42,77,54,59,73,,20,17,17,18,,,22,,12,46,8,13,12,22,,27,6,,21,22,52,44,16,26,30,18,74,38,55,26,16,22,23,25,26,23,20,27,,16,12,24,19,,26,10,19,32,,,,6,9,,,,31,27,22,33,16,15,15,,15,28,31,23,22,22,67,52,60,63,63,6,12,39,7,21,,23,18,20,28,34,18,24,24,26,,21,34,24,19,22,9,20,37,34,38,38,49,33,64,12,18,13,12,,11,,22,24,24,21,21,,14,14,,,11,12,21,19,,16,21,18,,20,27,29,25,13,20,16,17,15,12,,,,21,,25,9,,17,13,23,36,19,22,20,12,8,16,,5,,,46,,44,15,51,13,14,8,12,9,,12,11,13,10,15,4,6,15,14,6,11,15,32,6,6,7,11,16,13,3,,3,58,54,,16,16,,10,9,10,9,14,,44,31,,,14,11,,44,,23,16,17,22,8,7,,10,6,,54,64,,49,,19,29,17,,23,20,12,13,15,,18,24,52,34,35,18,7,34,47,20,35,24,38,12,40,32,32,27,43,22,20,20,20,17,67,55,49,63,67,44,6,10,5,,3,25,30,15,19,31,11,10,8,8,4,108,98,72,,61,79,71,,15,16,12,11,10,,9,17,3,,29,,30,34,20,39,11,10,12,,,,10,,12,,13,19,16,,38,28,20,19,31,,26,,26,32,15,35,18,15,,34,42,16,19,13,26,,11,,,11,14,14,17,6,12,24,12,19,7,8,7,7,8,20,14,19,21,13,4,11,4,14,12,7,23,56,28,34,20,,52,,26,21,11,16,13,13,,,,,10,22,,18,12,20,12,17,6,9,6,4,8,9,9,16,12,17,18,14,,6,8,26,,45,30,,40,7,13,15,19,18,16,16,23,10,10,12,14,,5,2,11,23,14,15,23,6,9,,16,6,18,18,5,4,10,22,22,,8,,22,20,20,14,11,6,6,11,5,,,11,14,15,16,12,14,11,8,11,9,46,,39,28,21,27,28,34,26,26,27,,35,56,43,38,37,44,40,30,41,36,27,10,15,,44,57,,61,54,24,47,,,46,19,17,14,20,12,10,16,10,,,32,22,23,22,20,,19,18,14,24,47,17,11,,14,14,10,,,17,16,,15,19,20,,12,,20,16,,,34,7,,,24,42,15,,,12,8,3,5,5,6,5,20,21,15,18,23,24,46,49,25,49,60,47,30,15,6,13,14,,60,60,24,,26,21,47,23,62,42,6,25,29,39,22,37,,,33,7,7,6,6,8,13,10,24,6,6,7,7,4,18,9,12,,,18,5,5,8,7,10,,6,22,14,,35,17,16,,20,14,22,11,15,14,19,13,58,46,68,109,59,46,27,17,,5,10,10,18,27,18,,14,,15,,,,9,17,17,15,12,11,,44,,70,14,42,15,4,8,8,2,43,40,55,11,6,11,5,8,24,25,19,14,20,,13,16,14,16,17,18,6,8,14,15,20,13,17,22,22,,8,10,16,14,54,6,14,11,10,8,10,6,7,8,16,,15,16,16,18,8,11,11,5,19,17,27,,18,17,19,,16,15,16,9,,10,8,12,,14,11,14,12,8,11,11,11,10,11,15,13,8,,14,16,16,68,12,,18,15,8,12,11,11,21,,18,15,23,52,,24,29,19,,10,17,,5,8,12,15,,22,18,31,5,18,16,23,38,13,25,34,18,14,23,12,15,6,20,18,19,21,41,36,29,18,50,25,28,28,26,39,4,1,16,9,5,5,18,27,28,18,2,10,19,61,72,33,61,28,7,21,26,40,30,36,16,15,18,17,17,12,12,15,33,29,17,19,53,18,10,9,14,7,12,,14,10,14,9,12,11,14,8,12,32,37,36,30,8,40,,,7,9,6,,28,36,39,44,46,41,,28,12,9,,,,,8,16,14,20,14,6,3,6,,11,6,12,11,14,14,5,12,6,5,8,,,,,35,20,6,6,12,12,12,,4,8,6,17,17,5,7,7,46,37,26,20,7,10,,5,10,10,10,69,66,25,6,40,,13,,,12,1,,5,21,36,,40,,5,,5,5,5,5,9,11,20,29,26,31,8,10,8,11,,15,14,9,27,29,10,,7,10,36,31,7,9,,8,5,18,18,50,,22,23,20,,11,4,20,9,4,24,12,,8,23,,15,23,8,8,21,32,8,7,4,,16,2,8,17,23,7,16,6,11,,,11,14,11,12,,4,15,20,8,14,16,10,74,30,36,26,14,15,,16,45,25,21,26,53,32,,13,,19,13,17,4,26,18,15,14,16,63,24,22,38,5,,,28,28,67,32,,22,26,28,7,,20,17,,,21,56,59,13,23,18,43,22,29,53,21,76,25,89,52,,62,7,,100,14,17,16,7,19,9,5,9,20,9,11,7,63,11,16,19,21,12,10,10,22,17,45,5,7,5,5,31,8,21,26,79,15,13,34,11,6,9,9,14,30,22,18,33,42,15,17,,10,11,21,28,8,17,7,,,24,25,17,14,21,3,16,29,17,8,28,15,22,21,16,9,28,46,,28,37,19,13,10,,12,61,10,46,28,40,40,39,40,17,13,24,21,23,50,10,,41,,26,2,20,21,17,43,53,64,65,48,26,16,33,72,45,8,30,20,10,,6,24,48,14,46,18,23,42,26,95,22,18,23,10,34,22,27,19,14,13,,26,27,2,3,28,44,20,25,14,11,41,7,15,57,3,17,10,23,12,22,10,38,6,21,18,11,23,18,25,19,8,14,13,11,13,15,55,44,30,25,20,4,11,4,15,,20,24,10,14,74,66,47,70,53,30,10,,18,29,8,22,25,37,30,55,42,23,32,28,50,47,21,37,20,17,16,11,15,14,26,7,,54,9,38,41,14,6,20,4,14,7,2,11,92,14,26,8,14,15,58,20,23,22,68,44,12,18,30,18,15,14,,15,17,9,12,10,,20,5,34,7,47,15,10,10,28,7,14,14,12,24,22,,17,,18,22,6,26,14,14,12,11,8,21,14,,11,,,15,3,21,9,15,24,8,21,15,35,9,8,8,4,21,3,10,9,,20,,10,10,,7,17,6,24,48,28,45,55,,36,18,18,4,,,13,32,26,18,14,51,41,44,70,8,15,23,22,33,53,31,21,17,24,37,12,17,61,29,,19,10,38,34,34,21,,14,20,12,15,14,6,14,18,69,16,7,24,17,21,34,30,48,11,34,44,56,29,6,20,,37,14,34,34,48,17,19,28,10,16,20,11,13,5,15,15,32,36,51,15,106,45,31,,4,6,26,1,19,58,14,16,7,7,24,9,13,20,20,7,14,23,20,26,19,14,83,48,13,17,15,14,67,43,8,21,13,39,74,29,73,24,46,21,5,2,66,7
20210423,23,NO2_24h,22,11,26,20,32,24,32,20,11,22,33,26,,,23,,23,21,22,,25,,30,21,,19,18,,22,20,22,20,18,21,,,23,25,,29,28,15,20,23,,20,,19,13,19,26,28,29,,25,30,28,,26,26,28,26,14,19,14,12,27,30,,28,20,17,19,19,24,,17,15,22,23,48,,16,30,29,39,36,31,,21,24,,,29,21,20,16,8,24,28,,19,42,26,29,31,,27,21,25,10,16,11,15,12,10,13,9,46,47,48,46,42,19,20,41,45,56,31,45,32,,39,34,45,41,45,32,22,49,47,55,51,58,39,,50,34,37,39,38,31,17,30,24,30,18,22,16,37,,48,47,41,41,44,39,28,33,23,29,26,23,,,,22,18,,16,26,22,,,,25,,33,48,38,32,46,40,38,42,37,,,,39,32,,16,24,18,17,13,,17,18,25,26,17,26,14,17,,17,,18,17,,48,34,,51,27,52,,43,51,52,22,56,47,51,,,44,45,42,34,30,50,25,,40,,,47,,41,38,,20,19,20,14,12,15,,30,32,24,32,29,18,22,23,20,24,21,14,18,20,26,26,34,18,9,,23,16,20,21,13,16,18,17,29,10,,18,14,7,,12,21,19,15,,22,16,19,13,13,,,23,24,15,25,28,19,44,39,32,37,43,37,36,45,24,22,26,22,32,33,28,27,,15,19,34,27,29,20,20,24,24,21,27,12,47,41,,52,55,37,72,50,54,48,38,24,35,42,39,30,53,,25,30,53,32,25,25,12,16,34,32,29,26,,13,49,40,19,20,17,15,15,20,15,20,,,46,39,39,32,35,43,40,40,34,35,22,27,14,14,16,10,12,21,29,24,11,12,25,9,9,14,,42,43,48,60,61,57,34,,,50,59,62,48,61,,28,29,39,31,,,32,,10,32,7,10,9,17,,19,7,,16,16,36,30,27,32,10,8,14,10,16,9,33,40,35,45,46,43,39,47,,27,29,42,31,,43,12,35,42,,,,17,11,,,,21,19,19,21,9,13,13,,9,19,32,22,23,24,29,28,23,31,30,5,13,34,7,26,,27,31,23,28,22,23,22,20,19,,28,37,26,15,13,10,22,25,26,25,29,29,27,30,16,14,15,13,,11,,26,30,30,27,24,,16,19,,,13,14,20,21,,18,21,21,,22,20,17,20,10,25,20,20,16,17,,,,25,,22,13,,26,25,24,31,20,18,16,21,15,24,,13,,,26,,23,15,34,14,12,11,13,11,,12,11,14,11,14,8,10,15,15,12,20,24,26,11,11,12,26,25,20,7,,11,37,36,,13,14,,13,12,12,14,11,,29,19,,,24,20,,21,,22,17,23,30,17,10,,14,12,,23,30,,21,,27,29,27,,27,24,27,32,21,,25,18,36,26,32,15,6,23,28,14,21,12,40,15,16,20,26,22,18,26,17,21,31,22,37,41,36,42,41,25,12,13,13,,8,24,28,22,23,23,13,16,12,15,11,33,33,38,,27,32,39,,13,15,15,19,12,,19,23,3,,41,,33,40,28,41,20,17,20,,,,22,,23,,17,22,14,,38,37,27,16,20,,19,,32,28,22,26,23,18,,28,32,26,18,20,17,,17,,,8,15,14,13,8,11,19,10,18,10,9,8,11,19,24,18,25,26,23,4,6,10,27,27,24,21,35,26,27,16,,30,12,31,17,20,37,30,32,,,,,24,33,,30,16,22,17,18,14,14,11,6,13,10,11,16,11,30,31,28,,11,15,36,,35,33,,45,9,20,32,30,30,26,25,31,26,27,28,30,,12,11,18,14,19,12,21,5,9,,15,6,9,10,5,11,16,19,19,,15,,20,24,24,17,15,8,9,14,9,,,15,19,13,15,17,18,15,14,12,12,40,,42,38,31,43,39,41,36,43,44,,17,29,42,41,35,33,34,30,21,20,21,21,24,,38,30,,32,36,16,33,,,25,19,19,16,21,20,13,20,15,,,28,18,19,19,19,,18,35,32,34,37,35,16,,21,23,10,,,16,18,,23,26,45,,36,,16,16,,,18,12,,,10,14,9,,,12,12,10,13,6,6,6,30,16,10,18,19,21,32,35,23,26,29,25,23,15,8,15,16,,21,23,27,,27,28,21,28,18,13,8,26,15,15,16,33,,,28,14,18,25,16,17,18,17,15,18,15,9,31,15,30,27,20,,,18,8,11,8,15,18,,9,17,27,,24,32,17,,18,13,16,14,19,9,12,8,30,25,28,42,29,18,9,11,,4,9,8,18,15,17,,14,,18,,,,8,17,20,20,15,13,,15,,21,18,26,22,12,20,11,9,25,23,31,10,2,15,12,15,17,21,22,21,13,,12,8,13,14,19,16,6,13,19,19,17,13,16,22,26,,12,9,13,13,18,4,13,11,11,10,10,10,9,8,14,,15,16,16,8,7,10,9,6,19,18,21,,22,34,31,,31,23,27,18,,19,19,23,,25,18,19,15,15,15,15,16,15,14,23,20,16,,14,15,15,40,33,,35,34,7,14,13,16,19,24,21,22,29,27,,27,29,26,,11,16,,11,7,12,13,,19,15,23,16,28,14,12,18,7,14,15,9,11,13,9,14,6,17,24,15,20,18,20,15,12,16,12,9,14,9,16,4,3,14,7,4,5,12,13,13,13,3,11,10,32,36,29,31,22,8,14,17,18,22,26,18,22,23,11,9,10,10,12,22,21,12,15,25,16,14,10,15,22,27,,25,15,14,8,18,22,21,16,22,17,23,26,19,22,33,,,12,20,15,,34,41,40,39,48,47,,28,15,19,,,,,11,22,23,24,19,12,8,30,,29,6,9,9,11,13,7,10,8,7,10,,,,,10,12,14,15,10,13,19,,3,9,10,14,14,5,8,9,24,36,13,17,21,20,,6,9,10,10,35,42,13,9,37,,12,18,,10,6,,6,24,9,,8,,6,,7,6,5,5,6,14,35,42,34,27,7,9,10,19,,20,22,10,24,17,19,,11,12,27,32,7,7,,12,11,10,14,29,,28,34,20,,14,8,15,17,8,15,16,,15,19,,15,18,13,14,14,19,8,6,4,,10,4,10,15,20,5,9,4,5,,,18,11,13,7,,9,14,20,6,24,23,15,57,21,20,18,20,20,,42,35,14,23,48,41,27,,12,,26,16,28,9,37,29,16,20,16,33,16,30,32,6,,,24,23,43,19,,21,20,18,13,,18,20,,,35,37,36,16,19,17,33,29,28,36,25,62,28,48,21,,28,15,,55,10,19,17,5,19,13,12,8,17,16,11,9,20,18,32,20,17,12,11,9,26,22,16,5,7,4,5,10,25,25,17,74,28,23,32,21,17,17,17,27,32,35,15,30,29,29,22,,18,6,23,48,8,27,24,,,38,17,20,13,21,3,20,25,23,13,33,20,17,25,11,22,24,18,,25,39,24,17,24,,16,56,24,50,27,40,46,46,47,30,21,20,28,16,18,19,,25,,26,17,22,18,22,40,58,53,52,44,42,36,26,47,37,16,23,25,44,,13,27,45,16,24,19,22,24,19,36,16,13,18,13,16,15,32,23,27,25,,36,34,12,9,24,29,26,25,17,13,31,14,24,38,8,38,23,32,23,32,15,21,16,24,15,15,23,23,26,24,18,18,24,27,10,21,49,17,19,28,23,11,8,7,13,35,13,16,22,18,45,42,45,44,39,27,12,,21,14,9,27,15,30,30,25,40,18,22,38,34,33,37,28,25,20,20,9,15,17,18,5,,39,11,18,43,36,10,22,10,14,23,6,15,40,40,18,16,17,14,27,19,17,24,38,18,11,14,24,39,29,25,,28,16,16,21,15,9,24,11,31,25,23,22,28,20,44,20,20,16,16,26,17,,14,,20,23,9,21,15,22,17,13,12,20,19,,14,,27,25,16,14,15,18,21,12,14,11,18,16,9,11,4,16,4,9,10,,40,,19,14,,17,16,12,25,25,23,38,32,,27,17,15,18,,,32,29,23,22,36,19,26,31,30,16,25,32,27,38,34,29,31,25,20,27,28,28,28,34,,22,20,26,40,32,25,36,25,26,28,28,25,5,7,5,15,28,25,37,32,17,20,17,40,14,30,38,47,25,16,37,,28,15,38,37,36,17,30,31,22,15,23,16,23,13,18,40,36,26,22,11,54,51,30,,8,6,38,2,14,30,22,12,18,19,28,11,28,27,24,14,19,30,32,23,31,14,19,22,20,11,28,21,30,29,11,14,24,18,43,14,40,46,26,24,5,4,28,14
20210423,23,O3,86,99,96,91,99,96,100,89,93,103,100,97,,,55,,59,73,50,,42,,45,83,,72,43,,99,86,93,91,97,98,,,58,65,,48,49,64,70,84,,83,,97,97,93,92,71,91,,90,81,101,,96,103,64,31,29,49,72,46,52,53,,76,87,76,85,98,94,,93,92,91,91,112,,115,107,114,116,123,124,,61,70,,,23,64,42,72,67,18,25,,25,8,36,23,33,,31,99,62,111,98,111,95,114,86,102,97,22,33,28,29,32,43,40,23,15,9,32,10,68,,46,39,27,34,8,48,74,7,50,57,51,46,58,,54,57,44,32,37,64,67,57,64,51,104,71,69,46,,54,43,44,47,60,57,63,73,82,62,83,48,,,,38,39,,37,30,35,,,,56,,41,67,49,43,63,67,42,67,46,,,,32,69,,62,60,49,77,75,,75,68,73,66,74,61,101,107,,109,,58,62,,64,5,,59,9,6,,36,102,53,21,34,78,32,,,55,68,64,59,69,47,50,,32,,,89,,30,37,,101,99,96,63,87,76,,67,61,79,91,84,73,75,53,78,69,74,70,79,79,84,45,61,69,131,,96,90,93,102,94,89,78,81,89,86,,92,85,40,,93,86,88,86,,90,92,92,92,108,,,87,81,101,88,53,99,,87,88,91,75,86,88,86,87,91,75,80,75,68,64,77,,88,72,58,,66,73,66,84,75,51,75,82,65,62,,36,38,49,63,74,56,63,71,65,54,20,37,45,77,,68,84,72,103,30,51,56,52,45,50,47,62,,79,38,47,67,69,60,59,56,57,52,54,,,41,37,34,140,114,159,148,159,50,57,53,59,48,44,50,54,49,38,25,36,53,43,36,50,40,67,,29,27,19,6,53,4,22,,,33,4,22,11,4,,38,38,45,40,,,40,,98,65,100,104,100,79,,81,108,,124,117,83,87,121,104,101,99,54,86,77,118,74,58,57,55,52,61,70,53,,67,68,51,60,,50,67,45,42,,,,96,88,,,,69,60,69,52,67,67,69,,75,61,86,79,76,78,30,32,31,29,32,114,18,45,114,110,,98,112,106,89,94,114,111,103,96,,55,54,59,66,51,68,63,43,48,33,48,41,52,15,113,101,106,104,,75,,59,58,58,55,97,,97,95,,,110,100,89,72,,79,69,86,,61,35,47,50,52,104,102,103,101,112,,,,64,,57,74,,73,87,76,58,38,37,40,101,113,107,,100,,,22,,27,22,25,87,82,82,84,79,,38,39,39,43,31,47,45,52,44,50,92,93,72,98,96,105,126,126,130,64,,59,82,83,,76,74,,83,84,84,75,63,,33,111,,,92,90,,59,,111,109,121,110,103,162,,102,108,,25,23,,29,,94,90,97,,94,104,86,85,85,,40,35,21,34,36,46,17,32,20,52,19,48,34,60,20,27,36,41,9,66,66,57,76,74,22,12,22,4,10,15,70,66,71,,66,69,58,83,56,56,66,72,81,67,88,7,5,27,,20,11,20,,59,80,85,77,84,,90,75,99,,58,,52,44,68,61,96,92,86,,,,78,,77,,79,74,74,,56,60,69,81,69,,79,,27,11,28,9,52,55,,62,58,79,86,115,77,,91,,,110,58,54,49,98,60,51,66,47,52,60,59,56,98,72,65,71,77,88,46,40,54,46,38,48,77,44,70,73,82,,70,114,92,80,56,62,67,60,,,,,43,33,,34,22,38,23,30,41,37,60,64,56,63,60,120,128,77,76,83,,108,100,78,,28,47,,42,87,89,74,75,74,63,71,60,93,95,96,93,,81,83,71,73,103,88,82,87,99,,83,85,,80,106,81,78,69,69,,101,,60,67,67,95,98,108,99,98,100,,,91,96,73,71,92,83,108,110,131,123,41,,39,62,62,70,66,70,78,73,65,,50,21,61,63,66,46,44,60,50,47,58,91,87,,32,5,,29,40,15,20,,,42,95,81,89,86,66,66,68,69,,,61,71,71,70,72,,51,118,111,97,75,115,116,,108,115,115,,,100,67,,118,103,119,,123,,93,110,,,54,70,,,96,59,98,,,56,60,73,70,135,148,147,88,70,79,92,67,42,28,20,22,13,4,14,28,73,68,67,59,,11,10,60,,32,45,29,54,25,42,50,47,35,37,44,64,,,58,88,81,79,85,63,53,60,37,71,69,83,60,66,58,60,58,,,74,70,71,63,44,46,,62,66,83,,73,85,93,,75,75,78,82,80,42,48,42,22,37,13,15,22,24,77,90,,118,83,75,30,89,97,,61,,63,,,,105,106,110,97,59,61,,54,,21,60,20,103,114,132,136,112,17,23,11,61,96,100,101,98,83,83,88,103,48,,136,37,57,70,62,62,34,120,113,109,93,88,72,80,93,,30,77,74,79,20,103,91,93,94,104,108,98,109,100,110,,113,112,107,45,101,98,96,98,110,102,101,,70,80,76,,74,75,75,102,,105,99,72,,76,80,81,72,81,96,96,96,94,99,67,73,72,,86,81,85,19,82,,81,77,86,95,103,100,65,,76,71,55,20,,54,54,52,,83,79,,73,75,81,80,,62,82,71,46,34,82,88,78,104,92,49,48,58,41,54,57,74,69,79,62,76,38,23,49,37,10,43,42,36,53,26,70,73,57,61,70,34,59,62,59,75,12,76,49,20,3,30,1,29,42,40,26,22,34,46,79,82,67,65,65,65,94,95,39,39,37,46,14,64,68,58,55,63,55,,56,31,31,39,40,66,65,67,64,72,90,77,76,83,57,,,49,38,38,,34,20,35,36,33,23,,42,44,49,,,,,58,68,66,61,72,119,114,128,,91,98,108,92,99,96,50,88,99,92,120,,,,,9,28,75,75,104,107,114,,91,104,117,88,80,113,108,113,70,92,81,96,125,117,,146,136,119,108,41,58,82,115,66,,89,,,99,138,,101,105,77,,55,,109,,108,102,72,60,62,54,116,104,109,97,83,73,72,131,,61,67,58,57,51,67,,78,72,51,59,82,79,,97,82,50,45,13,,69,78,81,,99,69,75,129,90,80,,,117,64,,72,66,91,84,72,72,80,82,86,,75,82,83,86,84,93,82,88,88,,,86,80,79,65,,63,79,76,74,103,89,105,44,74,67,76,90,115,,119,25,60,56,63,32,85,,63,,68,97,40,114,110,130,70,26,89,10,45,35,84,45,,,78,54,38,70,,85,75,73,72,,56,76,,,52,33,47,107,36,45,32,53,49,48,57,,51,6,,,20,98,,59,77,75,67,79,101,60,108,143,79,144,88,124,26,75,96,109,56,69,68,67,89,101,18,101,103,106,97,55,84,106,92,2,76,45,61,96,99,97,88,73,66,78,108,57,39,86,80,,67,90,54,110,101,28,51,,,47,48,97,80,54,106,55,55,88,69,67,88,87,118,136,79,48,44,,39,41,48,74,76,,70,30,70,50,46,29,54,46,49,59,94,101,91,91,42,82,,18,,47,100,108,61,78,89,74,42,42,47,71,71,69,39,44,51,41,52,143,,60,148,44,84,42,87,83,70,76,,83,44,102,63,37,61,78,76,77,69,,40,55,63,67,67,46,25,27,31,60,45,59,65,21,80,43,41,33,47,42,83,66,105,69,38,102,99,66,53,62,106,106,76,133,109,115,22,45,33,56,64,69,116,58,47,,46,28,86,94,17,6,88,21,29,121,85,,70,54,99,105,93,78,85,44,35,68,61,57,40,52,63,55,58,84,97,84,77,75,62,70,,85,98,76,60,83,63,53,52,60,158,60,62,12,103,77,100,102,68,36,75,55,81,,39,66,52,65,85,76,82,,73,64,82,76,71,67,7,76,16,56,22,46,44,47,60,42,32,90,92,57,91,,60,,82,68,119,25,102,97,95,98,107,97,96,,90,,,72,138,78,85,110,52,62,69,66,36,78,58,72,81,33,46,62,61,,54,,60,64,,42,111,129,116,32,58,60,38,,70,105,101,95,,,97,91,53,77,93,42,45,67,38,96,78,90,81,76,46,72,82,91,82,58,76,95,21,61,,74,79,61,8,32,17,,78,63,83,80,64,88,71,72,39,30,59,112,91,72,79,43,49,96,44,36,51,55,102,103,,58,56,46,47,60,71,34,80,97,69,72,107,87,118,79,116,42,9,18,69,27,74,63,,73,73,48,102,80,21,95,86,102,107,82,101,90,114,102,82,93,105,65,94,65,90,18,57,87,96,92,89,48,66,102,58,89,51,21,56,14,65,35,87,132,112,28,102
20210423,23,O3_24h,107,127,107,102,103,101,113,106,114,129,103,110,,,95,,99,100,104,,100,,90,105,,105,85,,150,141,142,140,144,148,,,111,109,,113,101,111,106,114,,111,,136,135,135,125,112,131,,122,117,147,,142,152,143,102,110,111,113,111,124,118,,117,108,104,107,112,108,,139,135,135,134,142,,136,138,143,147,144,140,,140,142,,,132,140,128,139,104,101,76,,82,79,84,75,90,,88,120,122,139,120,133,125,126,128,128,135,77,83,83,93,97,100,115,94,88,59,129,122,119,,128,125,127,117,112,135,144,118,91,93,84,90,101,,100,87,96,80,149,144,152,147,134,133,168,150,155,93,,93,82,89,94,103,105,90,86,92,88,86,61,,,,107,119,,114,118,110,,,,123,,123,100,105,124,117,123,117,125,129,,,,138,128,,109,109,117,100,104,,98,122,126,123,108,125,102,109,,110,,132,123,,126,125,,148,111,127,,122,152,123,109,54,100,68,,,84,75,84,114,117,124,106,,125,,,141,,118,122,,104,148,151,81,93,76,,158,150,158,152,162,138,135,134,136,116,130,143,129,142,135,123,137,134,133,,107,110,114,119,197,141,131,123,114,126,,122,117,120,,139,96,106,102,,99,108,101,107,115,,,87,81,101,95,84,99,118,120,118,121,114,116,122,116,118,127,104,100,123,93,103,104,,109,121,149,143,150,151,165,134,152,169,142,121,254,258,,254,246,279,266,253,253,228,271,154,187,110,154,165,223,,156,139,162,220,123,138,160,145,215,211,238,230,,174,189,215,204,193,199,202,198,163,155,176,,,264,288,267,218,195,268,235,206,138,159,162,168,102,105,112,103,100,97,80,87,88,83,109,121,99,100,,52,58,77,62,70,80,77,,,65,66,63,59,90,,220,210,210,189,,,225,,123,106,124,129,120,97,,123,125,,166,149,151,145,138,138,141,148,137,126,143,159,74,59,71,60,52,61,72,59,,74,69,60,67,,125,102,69,76,,,,127,118,,,,116,108,90,75,93,88,86,,96,156,86,160,160,144,136,138,116,130,142,124,100,165,114,146,,145,143,150,149,159,151,157,162,143,,99,97,105,109,105,102,108,95,98,96,105,94,98,106,158,140,128,148,,84,,103,108,102,100,134,,107,100,,,118,104,100,78,,90,91,86,,114,126,119,104,100,115,117,112,126,121,,,,83,,86,75,,75,107,93,90,86,88,87,125,127,123,,105,,,200,,200,158,196,118,117,111,123,114,,88,72,78,72,94,78,66,145,143,116,114,141,129,170,147,169,140,140,139,114,,116,304,278,,160,163,,189,183,181,161,120,,115,150,,,104,106,,137,,141,135,147,130,128,217,,129,136,,125,119,,125,,154,145,147,,150,157,109,101,116,,88,85,80,99,92,97,85,90,91,97,86,99,84,116,107,113,114,91,92,87,97,88,90,90,88,86,100,83,90,96,126,119,107,,118,158,144,155,136,164,121,144,158,131,146,102,101,98,,115,119,126,,142,119,119,107,113,,124,105,107,,90,,99,98,102,84,131,136,133,,,,114,,112,,98,101,90,,115,109,113,119,120,,118,,48,66,63,78,113,118,,131,128,140,126,166,139,,103,,,113,65,57,70,111,104,128,146,111,90,99,89,91,120,114,102,109,117,113,58,60,194,98,100,92,170,164,151,169,171,,141,147,141,145,102,104,117,101,,,,,117,121,,125,75,75,68,77,87,68,97,103,94,106,82,172,179,79,77,83,,108,100,89,,124,123,,126,93,97,75,77,74,69,81,64,93,99,99,93,,126,124,83,133,130,138,132,88,99,,88,95,102,100,114,81,78,97,97,,101,,93,92,92,95,98,109,102,98,100,,,92,99,77,74,123,109,124,125,137,131,150,,116,145,139,77,87,91,82,73,120,,138,113,108,107,115,128,122,119,131,108,104,101,98,,86,82,,142,122,81,96,,,114,110,103,106,103,125,128,122,130,,,154,122,126,116,110,,112,163,153,144,162,161,142,,137,141,126,,,121,124,,144,141,131,,139,,140,141,,,114,84,,,158,167,140,,,94,98,101,122,135,148,147,116,91,105,112,105,90,80,82,70,99,91,89,95,94,97,94,87,,97,98,107,,124,122,145,134,96,116,100,96,120,123,127,129,,,111,162,154,144,153,139,117,126,127,120,128,109,106,120,118,111,115,,,117,88,71,84,105,109,,85,124,135,,133,139,137,,137,133,138,135,141,103,122,105,98,116,112,76,95,101,117,103,,123,113,106,79,149,142,,138,,135,,,,139,141,148,133,129,131,,104,,108,120,109,134,137,132,136,128,117,124,124,123,100,121,112,115,126,124,127,127,112,,137,89,84,98,88,91,128,146,135,133,120,158,138,138,142,,114,118,117,119,112,111,107,124,116,116,132,121,132,132,143,,142,143,144,115,118,113,111,118,136,127,145,,127,128,127,,95,102,108,120,,121,116,124,,137,127,124,117,126,110,112,105,110,114,105,114,115,,116,121,119,99,86,,94,96,90,95,103,100,77,81,79,78,111,98,,78,77,77,,101,102,,113,112,119,126,,93,103,102,46,34,129,128,122,127,129,132,95,113,104,101,103,107,89,100,93,94,114,116,114,118,116,115,104,99,101,97,94,97,86,94,99,90,65,82,82,91,51,88,88,132,118,126,130,62,68,65,86,105,79,123,120,125,121,113,109,100,114,114,120,119,92,97,99,119,116,113,113,63,55,,56,96,104,108,107,129,131,132,134,145,156,148,145,162,163,,,91,76,78,,63,61,55,67,50,34,,133,68,103,,,,,122,133,129,125,136,132,139,134,,107,126,151,132,142,149,145,118,138,111,169,,,,,66,64,172,180,156,150,118,,106,140,142,147,144,136,131,136,160,170,129,136,140,138,,151,149,152,133,190,198,123,136,180,,130,131,,124,145,,130,137,129,,142,,118,,118,112,76,72,77,62,142,125,132,127,92,91,97,154,,72,83,74,85,93,111,,121,114,77,69,93,94,,97,82,92,94,94,,81,103,120,,128,130,120,147,116,97,120,,122,91,,98,89,95,93,93,101,86,87,92,,97,83,83,111,111,106,103,102,108,,,99,96,90,88,,67,82,78,92,133,163,131,234,113,110,103,143,141,,139,86,137,119,80,124,153,,129,,79,103,214,114,145,151,94,84,133,88,97,78,167,81,,,121,170,123,98,,110,109,124,121,,129,105,,,72,128,118,110,112,119,80,102,67,135,75,68,92,92,123,,99,111,,249,170,159,167,92,156,97,114,152,121,168,128,146,106,109,113,132,99,77,87,76,112,114,110,137,144,145,133,141,113,155,119,61,130,175,166,106,109,113,135,112,157,106,148,103,110,89,106,,110,106,81,110,127,42,51,,,88,132,108,118,122,113,115,112,98,117,121,131,140,141,142,112,171,95,,100,85,93,110,112,,84,89,81,114,104,70,113,112,88,85,136,133,150,143,135,118,,114,,142,100,114,128,98,280,333,205,248,206,223,231,185,194,165,114,163,137,248,,120,202,266,218,136,102,107,104,102,101,128,111,136,135,102,99,99,97,136,125,,106,95,106,130,116,114,36,58,91,74,133,94,108,86,80,43,69,207,213,201,162,166,107,76,121,110,130,79,105,110,115,113,100,158,166,165,97,121,118,118,79,115,134,90,109,111,123,80,123,113,115,124,136,112,100,150,121,,87,111,114,144,144,144,136,129,122,136,120,118,122,127,102,98,76,109,108,97,93,85,88,88,,278,142,136,265,202,134,150,82,186,158,111,190,277,162,103,123,111,114,103,102,130,137,97,109,138,132,118,122,110,129,,103,94,129,125,114,138,7,76,99,64,100,179,143,170,121,107,103,100,106,111,103,,83,,82,88,132,72,113,105,103,108,114,126,125,,104,,52,81,138,179,162,143,173,125,112,97,111,117,112,177,105,95,58,83,85,,85,,110,80,,42,148,141,151,109,106,122,117,,106,140,132,124,,,134,157,118,148,162,104,109,117,113,132,146,124,116,108,106,113,109,118,116,102,116,125,111,109,,131,135,121,42,89,56,102,82,74,86,85,100,90,92,103,105,44,59,133,145,128,141,174,137,160,220,250,321,117,121,121,,110,125,88,93,134,144,124,91,97,92,79,107,100,120,100,116,121,66,115,130,124,138,147,,111,88,79,108,126,127,130,127,114,122,103,124,108,138,190,82,103,142,124,124,99,134,112,107,132,118,104,111,139,146,139,138,138,111,116,111,118,99,94,134,146,128,160,106
20210423,23,O3_8h,100,105,102,97,98,98,103,99,100,106,98,96,,,78,,84,87,85,,71,,68,98,,87,72,,110,105,108,96,112,114,,,89,91,,88,78,95,72,81,,84,,109,109,109,104,95,107,,103,94,123,,120,126,111,78,83,89,98,80,104,96,,102,100,95,100,101,97,,106,105,105,103,129,,126,128,133,135,136,132,,110,116,,,90,109,95,110,81,47,38,,47,32,52,39,48,,59,108,93,127,107,128,112,115,102,111,113,46,40,45,42,55,56,66,48,35,28,92,68,83,,77,76,80,81,74,86,115,67,60,62,58,62,66,,68,58,64,52,87,102,99,100,93,78,125,108,108,54,,55,46,54,54,64,56,80,79,86,74,82,55,,,,73,80,,77,72,67,,,,98,,71,66,67,75,66,70,78,80,80,,,,87,78,,80,79,88,79,82,,77,85,85,82,79,81,95,103,,102,,80,76,,92,69,,110,62,84,,92,118,88,61,26,78,42,,,56,65,68,86,89,76,81,,88,,,104,,93,90,,94,104,97,68,80,71,,115,109,116,116,114,109,103,95,115,97,108,111,106,111,102,72,94,110,126,,97,102,97,106,117,94,93,106,102,108,,110,106,82,,120,84,92,90,,90,93,91,94,100,,,52,53,70,57,43,69,98,100,99,102,84,91,100,96,98,89,84,80,79,65,76,81,,88,95,98,111,99,98,109,105,102,110,98,108,176,178,,164,149,180,186,170,166,156,186,99,119,64,81,87,133,,105,111,103,137,63,84,97,93,137,125,152,149,,130,116,135,132,122,130,132,109,98,94,101,,,138,142,141,150,130,179,130,131,89,115,114,115,67,64,68,68,68,60,49,54,63,46,60,62,54,85,,43,40,35,23,37,31,40,,,43,33,31,32,37,,117,113,124,107,,,124,,108,88,111,114,106,80,,103,113,,142,136,130,122,129,122,123,124,112,107,118,130,71,56,64,55,45,55,70,53,,68,65,52,62,,63,87,54,53,,,,111,103,,,,95,83,80,68,84,79,77,,90,110,86,117,113,104,91,100,84,80,95,114,60,100,98,132,,126,124,134,125,138,138,137,142,126,,56,62,67,78,71,76,70,66,64,51,77,70,76,70,109,101,108,99,,70,,69,67,67,62,103,,101,89,,,108,97,92,71,,71,75,69,,83,66,82,66,68,100,100,102,108,112,,,,67,,67,63,,63,82,72,63,60,62,63,87,117,105,,99,,,109,,111,90,115,103,106,94,103,93,,55,53,56,58,50,58,52,71,62,59,102,100,98,143,128,144,118,125,130,78,,71,186,170,,104,104,,92,98,96,88,88,,76,139,,,83,84,,109,,122,120,130,114,115,150,,122,127,,86,76,,82,,127,125,125,,127,134,83,76,92,,40,50,42,41,35,48,32,58,55,78,58,78,53,74,58,57,55,65,42,68,81,66,66,75,42,31,37,35,29,44,69,66,71,,65,100,83,101,84,95,96,102,116,93,104,51,46,45,,78,75,56,,96,102,103,95,103,,111,76,98,,64,,75,68,74,54,101,110,106,,,,95,,95,,85,83,77,,87,80,94,88,87,,87,,25,19,35,34,80,85,,97,99,102,112,138,111,,85,,,110,60,55,56,89,78,83,100,76,60,78,68,64,112,94,87,91,98,102,52,48,59,52,54,58,111,101,98,112,118,,102,129,111,119,68,76,64,73,,,,,72,71,,69,25,42,25,40,40,36,68,74,66,75,66,146,150,77,75,80,,101,94,72,,74,82,,94,74,79,58,60,56,59,61,50,91,94,95,88,,82,84,79,110,106,111,103,85,96,,84,90,98,93,108,68,63,85,85,,77,,59,62,62,80,79,100,90,84,86,,,74,85,64,63,98,89,110,111,119,110,86,,70,85,81,55,55,63,68,60,73,,87,66,72,76,83,97,87,80,91,90,86,96,92,,60,44,,88,84,54,68,,,87,96,85,90,86,83,94,93,95,,,88,81,82,78,79,,68,134,123,105,129,133,133,,127,132,113,,,96,69,,126,115,125,,129,,101,116,,,83,72,,,138,139,124,,,71,70,86,84,132,130,139,89,77,93,94,84,61,44,40,45,51,41,42,46,78,78,76,70,,58,58,80,,67,82,86,82,68,88,75,75,77,82,73,85,,,82,92,85,84,93,82,73,81,78,66,64,79,65,79,70,70,74,,,89,62,64,63,73,77,,66,98,108,,106,111,117,,105,103,109,108,108,72,86,74,69,82,73,59,70,79,103,95,,112,94,87,57,118,116,,100,,102,,,,121,121,129,102,87,87,,87,,77,84,74,101,105,114,128,101,58,65,48,81,95,80,78,76,105,107,108,110,87,,122,61,64,78,69,71,84,132,123,122,105,128,110,110,121,,81,93,96,96,69,105,94,99,96,98,121,113,122,119,127,,125,126,126,89,108,103,102,107,123,116,128,,103,104,102,,87,91,89,94,,99,94,96,,106,103,102,94,102,97,98,98,93,99,71,77,79,,102,101,103,63,72,,84,76,86,88,94,82,61,61,63,58,75,62,,63,59,63,,81,80,,87,95,106,105,,82,94,88,23,24,104,112,102,113,111,95,73,78,66,75,74,90,76,82,76,80,68,64,74,74,64,86,82,74,78,71,85,87,74,78,86,58,58,75,70,83,26,78,70,67,57,71,59,38,52,51,52,60,56,74,90,92,83,83,92,83,104,105,84,82,70,77,69,94,94,79,78,38,50,,48,57,54,60,54,81,91,92,89,119,124,109,116,136,120,,,43,42,40,,36,25,27,41,20,29,,83,52,60,,,,,97,106,97,97,108,122,118,126,,102,117,131,112,123,124,104,102,120,99,141,,,,,32,27,132,138,132,125,111,,94,124,128,122,122,115,110,112,130,139,114,121,133,128,,146,138,141,126,100,107,99,117,114,,114,115,,105,142,,118,123,114,,110,,113,,105,103,68,62,63,59,126,112,117,108,84,85,85,122,,66,70,61,61,66,73,,83,76,62,60,85,85,,87,75,75,65,44,,71,83,104,,115,96,97,136,103,78,108,,109,82,,88,70,84,76,85,90,82,83,88,,88,82,76,104,103,100,88,96,100,,,92,91,85,79,,63,78,76,84,112,91,124,145,102,95,91,107,132,,128,40,103,80,68,94,123,,99,,62,91,122,110,133,141,84,36,93,40,66,38,135,49,,,105,85,97,86,,91,90,91,91,,74,86,,,59,91,76,100,75,83,64,79,53,91,61,30,65,36,98,,71,91,,153,107,110,97,83,120,71,108,145,85,130,111,126,82,94,91,116,74,64,76,61,102,106,66,116,122,124,114,110,100,131,96,22,100,112,124,88,90,99,107,90,124,84,126,76,62,84,88,,77,96,59,110,106,23,28,,,61,90,97,101,72,109,80,87,87,77,95,114,106,128,127,91,74,77,,70,61,65,86,82,,78,52,72,65,52,50,65,68,59,68,112,113,128,107,103,95,,71,,75,96,102,92,83,191,212,137,155,125,132,124,111,107,116,62,86,93,135,,75,179,136,98,90,97,95,91,92,54,106,77,120,91,80,86,84,84,102,92,,74,77,60,66,64,74,23,47,35,64,90,69,74,64,72,40,37,114,125,125,114,120,90,70,69,104,109,64,64,73,110,109,76,140,142,141,46,81,74,41,56,84,124,70,70,72,88,53,92,101,76,60,116,79,64,133,104,,71,92,100,130,119,99,100,81,63,92,90,64,74,86,57,83,69,86,100,91,86,80,78,81,,166,102,101,159,127,80,88,57,134,140,71,128,152,114,88,102,100,97,59,87,92,104,41,74,106,95,93,98,87,107,,83,77,106,100,63,96,6,70,50,58,59,116,92,116,58,57,55,95,95,69,96,,57,,75,66,116,50,107,92,90,99,105,115,102,,85,,,74,127,92,95,108,90,91,83,84,81,93,77,133,87,48,48,75,71,,66,,71,67,,19,128,134,134,81,91,104,81,,92,122,114,110,,,116,128,80,102,120,83,76,100,79,104,107,104,94,90,77,84,99,108,102,86,90,104,68,83,,107,94,80,21,62,36,38,78,68,83,81,74,87,84,88,84,29,49,128,117,81,98,115,80,98,81,128,124,78,105,105,,87,88,63,66,75,103,70,52,52,77,71,104,83,108,90,89,87,29,65,107,87,108,108,,68,76,62,102,82,68,105,90,96,111,94,110,100,123,123,68,93,125,60,115,84,119,81,86,108,103,96,94,100,112,102,96,110,80,56,88,56,68,64,110,136,122,88,98
20210423,23,O3_8h_24h,104,115,105,99,99,99,107,103,108,116,100,102,,,87,,94,94,98,,93,,81,102,,101,81,,132,128,128,122,132,135,,,106,105,,108,96,104,106,108,,104,,122,121,122,116,104,121,,114,107,135,,129,137,131,98,104,107,111,107,114,110,,110,103,100,103,102,98,,127,125,125,122,136,,128,134,138,141,139,135,,134,136,,,126,135,122,133,98,90,68,,70,63,84,70,90,,80,113,118,135,117,131,121,122,121,121,120,65,70,73,76,84,87,104,76,81,52,123,111,110,,118,118,125,114,105,124,135,108,74,74,68,72,88,,81,70,82,69,113,123,126,123,110,106,146,130,124,74,,76,60,75,75,84,85,80,79,86,75,82,56,,,,95,104,,102,104,93,,,,118,,102,84,88,105,90,96,106,106,118,,,,123,114,,95,96,105,96,97,,93,110,109,108,95,108,95,103,,102,,115,108,,99,93,,120,85,98,,101,126,94,83,43,81,52,,,72,67,73,103,100,87,95,,102,,,110,,106,100,,94,116,113,68,80,71,,130,125,125,122,125,117,112,112,123,110,122,132,120,130,123,104,120,122,126,,98,104,105,114,158,120,104,113,106,114,,116,116,102,,128,90,96,91,,90,97,95,94,107,,,80,75,97,94,82,69,110,112,110,112,104,108,111,106,107,102,93,93,93,83,88,90,,100,107,113,117,118,116,124,114,118,125,110,112,223,223,,224,211,244,237,223,222,200,239,128,155,90,118,144,172,,136,124,134,185,96,114,135,125,178,176,198,193,,149,150,178,171,160,175,186,164,144,124,156,,,207,219,214,193,173,222,189,159,112,135,134,142,87,87,90,87,87,82,69,77,77,63,89,94,79,87,,44,53,61,53,44,67,64,,,60,58,42,47,69,,162,158,163,144,,,164,,116,102,119,124,115,97,,117,119,,155,148,147,139,135,135,130,135,126,116,128,140,71,56,64,55,45,55,70,53,,68,65,52,62,,92,97,61,66,,,,118,111,,,,108,99,83,72,89,82,80,,94,125,86,131,131,116,113,124,107,104,118,118,92,125,98,140,,140,134,144,143,149,145,146,154,137,,85,82,88,101,98,95,103,91,90,80,93,88,91,99,128,120,119,118,,78,,81,82,78,82,108,,101,89,,,108,97,92,78,,77,78,70,,97,104,102,100,90,104,106,104,114,112,,,,67,,69,69,,65,83,82,76,77,81,81,120,119,113,,99,,,157,,154,130,164,108,110,101,111,96,,74,66,72,72,75,72,60,108,105,90,105,112,112,158,139,158,123,127,131,94,,92,251,223,,135,134,,140,145,144,119,104,,101,147,,,96,96,,133,,136,131,143,123,118,150,,126,129,,118,110,,112,,138,135,134,,138,142,101,100,102,,73,76,68,98,86,89,70,77,79,90,77,95,65,111,102,98,98,86,85,79,91,78,77,82,77,74,84,76,77,81,108,95,100,,101,138,129,137,120,146,117,136,151,123,136,89,88,87,,97,108,100,,114,111,112,102,108,,116,76,103,,78,,85,82,88,75,118,121,118,,,,108,,104,,90,92,88,,108,99,104,108,108,,106,,40,47,46,58,104,110,,118,116,120,120,152,127,,91,,,111,62,55,62,108,86,103,120,101,78,89,79,79,114,105,94,100,107,105,55,55,96,78,80,63,140,136,130,138,140,,127,142,135,140,85,90,90,89,,,,,106,103,,107,71,75,68,76,87,68,84,87,80,99,75,164,168,77,75,80,,101,94,74,,109,108,,112,74,79,58,60,56,59,61,50,91,94,95,88,,121,111,81,126,120,129,123,86,96,,84,90,99,94,108,68,63,91,91,,89,,72,79,79,80,79,106,98,84,86,,,90,95,77,72,112,102,118,121,134,128,102,,87,116,115,64,72,80,69,61,96,,112,93,95,97,100,112,108,101,120,103,96,98,93,,65,63,,114,103,68,81,,,107,107,98,102,100,116,120,114,120,,,129,119,119,111,101,,102,149,139,121,150,148,138,,132,137,122,,,115,122,,133,124,129,,132,,124,134,,,107,82,,,145,156,137,,,93,94,94,95,133,130,139,99,83,98,112,92,82,78,68,62,92,76,76,84,88,88,90,82,,92,94,89,,107,101,125,119,90,109,95,92,111,113,117,119,,,108,142,128,119,118,124,113,121,122,112,119,91,94,107,102,96,107,,,110,84,71,81,92,96,,84,118,125,,127,130,131,,127,126,134,128,132,96,115,98,89,100,99,70,84,94,109,96,,112,109,99,75,139,131,,128,,125,,,,132,133,138,126,119,118,,95,,94,103,96,112,114,114,128,108,109,114,111,114,95,107,104,104,115,115,119,117,106,,122,82,74,86,76,80,109,136,127,125,111,138,125,132,137,,103,109,109,109,98,106,100,109,103,104,128,118,126,126,133,,138,133,134,107,109,104,103,109,124,119,132,,116,116,116,,91,97,96,103,,108,102,116,,127,122,121,113,122,101,104,100,99,105,97,104,105,,113,116,116,76,72,,84,76,87,88,94,82,70,70,67,63,94,80,,66,76,68,,90,92,,98,100,113,113,,87,99,96,40,25,110,115,108,114,115,112,86,96,89,91,90,101,86,96,91,90,84,91,89,90,88,97,94,84,94,86,89,93,79,85,91,81,63,81,77,89,43,83,79,114,101,105,110,53,65,59,74,88,74,102,110,111,109,103,103,96,108,109,107,109,89,92,94,105,103,99,102,38,50,,48,89,98,108,107,106,114,115,117,138,146,137,134,156,152,,,90,73,77,,62,27,38,51,42,29,,109,68,76,,,,,116,123,112,115,125,123,124,126,,104,124,145,128,137,141,138,113,124,103,149,,,,,63,57,159,163,145,137,111,,97,135,135,144,140,134,128,133,154,164,125,130,138,136,,147,140,146,130,158,173,115,132,150,,126,123,,116,142,,125,131,123,,128,,114,,109,107,76,64,70,60,131,118,121,116,86,87,86,122,,70,78,74,74,93,99,,106,107,65,66,90,93,,87,75,83,81,88,,71,85,112,,119,108,108,139,107,94,113,,117,86,,92,77,84,76,88,95,82,84,88,,94,82,76,109,108,106,102,100,106,,,95,94,88,81,,63,79,76,88,129,124,127,197,110,104,98,130,137,,130,76,128,104,71,114,129,,122,,62,91,160,110,142,148,89,83,123,75,89,78,143,72,,,113,128,108,94,,101,102,115,103,,111,100,,,64,118,110,100,98,106,69,82,54,122,63,53,79,71,112,,92,102,,222,143,141,135,90,135,94,108,146,109,130,118,126,98,101,101,125,93,72,84,69,106,106,97,128,136,138,126,126,107,142,112,41,120,146,156,93,94,105,118,104,147,86,136,92,95,84,96,,101,98,62,110,118,28,36,,,71,119,98,110,102,109,104,104,87,106,115,119,122,136,127,106,144,88,,88,71,82,100,99,,81,68,74,92,74,60,90,90,72,71,124,128,143,128,132,104,,99,,92,96,102,118,91,227,267,178,198,174,185,177,150,156,151,96,135,114,194,,97,185,206,153,134,99,100,98,98,93,121,102,127,125,96,94,90,91,125,114,,93,87,106,114,116,106,26,52,90,70,104,90,91,82,72,40,57,153,158,170,141,146,99,71,102,104,120,64,81,86,110,109,88,149,159,156,81,117,99,72,68,96,124,81,94,97,104,73,109,106,90,95,120,101,85,135,110,,71,106,106,138,137,116,116,112,76,123,106,94,110,114,80,86,70,103,101,92,89,82,83,85,,228,114,108,226,168,110,121,73,155,140,95,178,224,135,98,112,100,105,98,99,117,126,89,98,131,122,105,110,104,120,,91,87,125,120,113,129,6,70,76,59,91,151,128,155,98,83,82,95,95,89,99,,77,,75,79,127,68,107,92,90,99,105,120,115,,91,,52,78,127,139,131,126,139,106,102,93,103,104,99,160,93,77,54,79,77,,71,,84,75,,32,141,138,147,96,95,109,102,,100,135,126,120,,,122,147,108,132,138,97,105,109,106,120,123,114,107,100,97,104,105,114,110,97,107,113,106,92,,120,125,114,37,82,48,76,79,68,83,82,83,88,92,103,104,36,49,132,122,121,132,146,114,125,164,185,237,103,113,109,,99,113,75,79,122,131,104,91,68,77,74,104,93,114,94,89,112,60,87,118,100,114,119,,90,87,72,106,126,111,117,127,102,116,97,116,105,133,155,74,97,134,112,118,87,124,105,102,118,112,100,104,132,138,114,124,122,107,108,104,110,73,83,127,136,126,134,98
20210423,23,CO,0.4,0.5,0.5,0.3,0.5,0.4,0.4,0.6,0.5,0.5,0.3,0.4,,,0.8,,1,0.8,0.8,,0.8,,0.6,0.7,,0.7,0.7,,0.5,0.5,0.4,0.5,0.6,0.4,,,0.5,0.5,,0.5,0.8,0.6,0.4,0.4,,0.4,,0.4,0.3,0.4,0.4,0.4,0.6,,0.4,0.3,0.6,,0.6,0.6,0.3,0.7,0.7,0.7,0.6,0.5,0.3,0.5,,0.5,0.5,0.5,0.7,0.4,0.4,,0.4,0.4,0.3,0.1,0.7,,0.6,0.5,0.5,0.8,0.5,0.6,,0.5,0.6,,,0.6,0.5,0.6,0.7,0.7,0.8,0.9,,1,1.2,0.8,1,0.9,,1.1,0.6,0.8,0.9,0.8,0.6,0.7,0.5,0.5,0.8,0.6,0.7,0.8,0.7,0.8,0.5,0.6,0.7,0.6,0.7,0.7,0.7,1.2,0.6,,0.6,0.6,0.9,0.7,0.4,0.9,0.8,1.1,0.9,0.8,0.6,0.8,0.5,,0.9,0.5,0.6,0.7,1,1,0.6,1.2,1.2,0.9,1,0.9,1,0.7,,1,1.1,0.8,1,1,0.8,0.6,0.8,0.7,0.8,0.7,1,,,,0.8,0.8,,0.8,0.7,1,,,,0.8,,1.2,0.7,1.2,1.3,1,1.5,1.2,1.3,1.3,,,,1,1,,0.8,0.8,0.9,0.5,0.4,,0.9,1.1,1.2,1.3,1.2,1.1,0.7,0.6,,0.8,,0.9,0.8,,1.1,0.8,,1.1,1.1,1.2,,1,1.1,1.1,0.9,0.6,0.6,0.3,,,0.6,0.5,0.5,0.7,0.7,0.6,0.7,,1.1,,,1,,1.3,1.1,,1.1,0.9,0.8,0.4,0.4,0.5,,1,0.9,1,0.8,0.9,0.7,0.8,0.7,0.5,0.5,0.6,0.6,0.6,0.7,0.4,0.5,0.5,0.7,0.6,,0.8,0.7,0.7,0.7,0.4,0.4,0.6,1.1,1,0.8,,0.9,,1.1,,0.9,0.4,0.4,0.5,,0.3,0.3,0.5,0.4,0.2,,,0.1,0.5,0.4,0.3,0.2,0.4,,0.8,0.7,0.7,0.6,0.5,0.9,0.7,0.4,0.7,0.8,0.6,0.8,0.7,0.8,0.7,,0.7,0.7,1.2,1.1,1,0.8,1,1,1,0.8,1.1,1,1,1,,0.8,0.7,0.8,0.9,0.9,0.7,0.8,0.6,0.6,0.6,0.7,0.6,0.5,0.8,,0.5,0.7,0.5,0.7,0.4,0.6,0.2,0.9,0.9,0.9,0.8,0.6,,0.5,0.7,0.6,0.6,0.5,0.2,0.4,0.9,0.6,0.4,0.7,,,0.7,0.7,0.8,0.5,0.6,0.6,0.6,0.4,0.6,0.6,0.4,0.4,0.6,0.6,0.4,0.6,0.2,0.5,0.7,0.4,0.4,0.5,0.6,0.5,0.5,0.7,,0.7,0.8,1.1,1,0.8,0.7,0.3,,,0.8,0.9,0.3,0.9,1.2,,0.7,0.6,0.6,0.6,,,0.5,,0.5,0.6,0.6,0.7,0.6,0.6,,0.6,0.7,,0.6,1.5,0.6,0.5,0.5,0.9,0.6,0.7,0.7,0.5,0.9,0.4,0.6,0.7,0.6,0.7,0.8,0.7,0.8,0.8,,0.6,0.6,0.9,0.7,,0.6,1.1,0.6,0.4,,,,0.2,0.7,,,,0.4,0.6,0.5,0.5,0.6,0.6,0.4,,0.5,0.9,0.5,1.3,1,0.9,1,1,0.9,1,1,0.7,0.6,1,0.5,0.8,,1.1,0.4,1,0.7,1.2,0.9,0.8,0.9,0.9,,0.9,1.3,1.3,0.6,0.7,0.6,0.7,1,0.9,0.8,0.7,0.5,0.7,0.6,0.4,0.5,0.5,0.4,,0.9,,0.7,1,0.9,0.9,0.6,,0.7,0.4,,,0.6,0.6,1.1,0.3,,0.3,0.4,0.6,,0.7,0.4,0.6,0.9,0.9,0.5,0.3,0.4,0.6,0.3,,,,0.7,,0.3,0.8,,0.8,0.4,0.5,0.7,0.8,0.7,0.7,0.4,0.3,0.4,,0.6,,,0.7,,1,0.2,0.8,0.2,0.4,0.4,0.5,0.4,,0.8,0.7,0.7,0.8,0.7,0.5,0.4,0.6,0.6,0.3,0.6,0.6,0.6,0.6,0.5,0.5,0.6,0.7,0.6,0.6,,0.5,1,1.4,,0.6,0.6,,0.6,0.5,0.7,0.5,0.6,,0.7,0.7,,,0.2,0.4,,0.9,,0.8,0.6,0.6,0.7,0.6,1,,0.6,0.8,,2.7,2,,2,,0.7,0.6,0.5,,0.7,0.7,0.4,0.1,0.3,,1.6,1,1.3,1.4,1.2,0.8,0.5,0.6,0.7,0.6,0.7,0.7,0.7,0.7,0.4,0.7,0.8,0.5,0.4,0.8,0.9,0.9,1.1,1,1.7,0.9,0.8,1,1,0.9,0.4,0.4,0.3,,0.2,0.6,0.6,0.4,0.4,0.7,0.5,0.3,0.4,0.1,,0.8,0.7,0.9,,1.1,0.8,0.9,,0.8,0.8,0.7,0.2,0.7,,1.1,0.4,0.7,,1,,1,0.8,0.6,1.1,0.3,0.2,0.6,,,,0.5,,0.5,,0.7,0.6,0.7,,0.6,0.8,0.9,1,0.9,,1,,0.9,1,0.8,0.7,0.6,0.7,,1.1,1,1,0.7,0.9,1.2,,1,,,0.9,0.5,0.8,0.7,0.5,0.9,1,1,1,0.6,0.5,0.5,0.6,0.6,0.9,0.6,0.8,1,0.7,0.5,0.4,0.8,0.5,0.8,0.6,1.2,0.9,1.1,1,1,,4.6,0.1,0.6,0.6,0.7,0.7,0.5,0.6,,,,,0.7,0.6,,0.5,1.1,0.9,0.7,0.6,0.5,0.7,0.6,0.6,0.6,0.7,0.4,0.4,0.5,0.6,,0.8,,0.5,0.6,0.8,,0.7,0.9,,1.1,0.8,0.7,0.9,0.8,0.8,1.2,0.8,0.8,0.7,0.7,0.7,0.6,,0.4,0.5,0.4,0.6,0.5,0.5,0.5,0.3,0.4,,0.4,0.4,0.2,0.2,0.4,0.5,0.6,1,1,,0.5,,0.5,0.5,0.5,0.4,0.3,0.4,0.2,0.2,0.3,,,0.4,0.4,0.5,0.6,0.4,0.5,0.5,0.6,0.4,0.6,0.9,,0.8,0.6,0.7,0.9,0.6,1.4,0.8,1,0.6,,0.9,1,1.7,1.7,0.9,1.4,1.2,1.1,1.1,1.3,1.3,0.9,0.6,,1.1,1,,1,0.8,1.1,1.4,,,1,0.4,0.2,0.4,0.2,0.8,0.6,0.7,0.9,,,0.3,1.2,1.2,1.4,1.2,,1.3,0.7,0.6,1.1,0.7,0.7,0.5,,0.4,0.6,0.9,,,0.9,0.9,,0.8,0.6,0.3,,0.4,,1,0.8,,,0.5,0.4,,,0.9,0.8,0.4,,,0.2,0.3,0.2,0.1,0.5,0.4,0.4,0.5,0.7,0.5,0.7,0.4,1,1,1.1,1,1.1,0.9,1,0.8,0.6,0.6,0.7,0.6,,0.6,0.9,1.2,,1,0.7,0.5,0.7,1,0.7,0.3,0.1,0.6,0.8,0.7,0.9,,,0.8,0.2,0.3,,0.3,0.3,0.3,0.2,0.2,0.3,0.4,0.5,0.3,0.3,0.4,0.6,0.3,,,0.6,0.2,0.2,0.2,0.3,0.3,,0.3,0.6,0.8,,0.8,0.9,0.7,,0.5,0.7,0.8,0.5,0.5,0.7,0.8,0.8,1,0.8,0.9,0.9,0.6,0.9,0.5,0.5,,0.5,0.8,0.7,1,1,1,,0.6,,0.5,,,,0.6,0.5,0.6,0.6,0.6,0.6,,0.9,,0.9,0.8,1.2,0.7,0.5,0.4,0.5,0.7,0.5,0.6,0.8,0.4,0.3,0.5,0.4,0.5,0.5,0.4,0.4,0.4,0.5,,0.3,0.6,0.6,0.7,0.8,0.6,0.9,0.9,1.5,0.8,1.3,0.9,0.8,0.2,1.4,,0.5,0.6,0.5,0.5,0.6,1,0.4,0.6,1.6,1.1,0.7,0.7,0.8,0.6,1,,0.9,0.8,0.9,1.1,0.7,0.7,0.8,0.8,0.6,,0.8,,0.5,0.3,0.3,,0.5,0.5,0.5,0.6,,0.6,0.5,0.8,,0.7,0.6,0.6,0.6,0.7,0.8,0.9,0.8,0.8,0.8,0.5,0.5,0.5,,0.5,0.4,0.5,1.5,0.9,,0.9,0.8,0.6,0.7,0.8,0.5,0.7,,0.8,0.7,0.8,0.8,,0.5,0.5,0.7,,0.9,0.9,,0.7,0.7,0.6,0.7,,1.1,0.6,0.4,0.8,0.8,1.1,1,1.3,0.9,1.2,1.2,1.2,0.9,0.7,0.7,0.9,1.5,0.9,1.7,1,1,0.9,1.1,1,0.8,1.1,1,1.1,1.1,1.1,1.3,0.9,0.6,0.7,0.9,1.1,0.9,0.7,0.8,2.4,0.7,0.5,0.8,1,1.1,0.8,1.2,0.9,0.8,0.6,0.5,0.8,1.2,0.7,0.9,0.6,0.6,1,0.7,0.8,0.6,1,1,0.8,0.7,0.6,0.6,0.7,0.7,0.6,0.6,0.6,0.4,0.6,,0.5,0.5,0.6,0.5,0.4,0.5,0.8,0.8,0.8,0.9,0.8,0.8,0.7,0.5,0.6,,,0.7,0.5,0.7,,0.8,0.3,0.6,0.7,0.8,1.4,,0.6,0.5,0.5,,,,,0.5,0.5,0.8,0.5,0.5,0.5,0.5,0.3,,0.5,0.5,0.6,0.9,0.9,0.4,0.7,1.1,0.6,0.7,0.5,,,,,0.6,0.5,0.5,0.5,0.4,0.6,0.5,,0.9,0.4,0.5,0.5,0.5,0.5,0.4,0.4,0.7,0.7,1,1.2,0.5,0.7,,0.6,0.7,0.7,0.7,1.2,1,0.7,0.4,1.1,,1.4,4.8,,0.5,0.4,,0.4,0.3,0.7,,1.9,,0.4,,0.3,0.3,0.7,0.8,0.7,0.7,0.9,0.7,0.8,0.7,0.6,0.6,0.5,0.6,,0.8,0.8,0.5,0.6,0.9,0.4,,0.3,0.4,0.6,0.6,0.3,0.5,,0.9,0.8,0.3,0.4,0.6,,0.6,0.4,0.4,,0.4,0.5,0.7,0.4,0.5,0.8,0.3,,0.4,0.5,,0.7,0.6,0.6,0.6,0.6,0.6,0.2,0.2,0.4,,0.4,0.2,0.3,0.3,0.1,0.2,0.5,0.5,0.4,,,0.4,0.3,0.3,0.4,,0.6,0.4,0.5,0.5,0.5,0.4,0.6,0.7,0.6,0.7,0.7,0.3,0.5,,0.3,0.8,0.6,0.6,0.5,1,1.1,,0.5,,0.5,0.3,0.6,0.5,0.6,0.7,1,0.5,0.8,1.1,0.9,0.7,1,0.5,,,0.5,0.2,1.1,0.6,,0.8,0.9,0.8,0.6,,0.8,1,,,0.9,1.1,1,0.7,0.9,0.8,1.4,1,1.1,1.2,0.5,0.8,0.7,1.1,1.7,,1,0.4,,0.9,0.6,0.4,0.5,0.4,0.4,0.2,0.3,0.7,0.9,0.9,0.9,0.7,0.8,0.4,0.6,0.4,0.5,0.6,0.3,0.7,0.6,0.5,0.7,0.3,0.8,0.6,0.6,1.1,0.3,0.7,0.4,1.4,0.8,0.7,0.8,0.9,0.8,0.9,0.6,0.6,0.6,1.1,0.8,0.8,0.7,0.6,0.9,,0.5,0.8,0.5,1.2,0.6,0.8,0.4,,,0.7,0.8,0.4,0.7,0.7,0.3,0.6,0.9,0.5,0.2,0.7,0.8,1,0.7,0.4,0.6,0.4,0.7,,0.9,1.1,0.5,0.8,0.5,,,0.5,0.7,1,0.6,0.7,0.8,1.2,0.7,0.5,0.5,0.6,0.5,0.8,0.6,0.4,,1.2,,1.2,0.6,0.9,0.8,0.8,0.9,0.8,0.9,0.7,0.7,0.7,0.6,0.6,0.7,0.5,0.6,0.5,0.6,0.4,,0.5,0.8,0.8,0.5,0.4,0.4,0.6,0.7,0.6,1,0.5,0.8,0.9,0.5,0.7,0.8,0.5,0.7,0.7,0.6,,0.8,0.9,0.4,0.4,0.4,0.6,0.7,0.8,0.7,0.7,0.9,0.5,0.5,0.8,0.4,0.4,0.2,0.6,0.7,0.6,0.5,0.7,0.3,0.4,0.4,0.5,0.3,0.5,1.1,1.1,0.5,0.6,0.3,0.4,0.4,0.5,1.8,1.3,0.3,0.7,0.6,0.6,1.1,0.6,0.5,0.7,1,1,0.7,0.9,1.2,0.9,1.1,0.9,1,1,1.1,,0.4,0.5,0.5,0.5,0.4,0.8,1,1,1,0.5,0.9,1,1.2,1,0.9,0.8,0.9,0.8,0.5,0.3,0.3,0.5,0.4,0.4,,0.8,0.3,0.8,0.7,0.5,0.5,0.5,0.4,0.6,0.5,0.6,0.5,1,0.6,0.2,0.3,0.3,0.5,,0.9,0.6,0.6,1,0.9,0.7,1.3,0.6,0.4,0.5,0.4,,0.1,0.9,0.7,0.5,0.4,0.4,0.8,0.5,0.9,0.3,0.5,0.8,0.6,0.7,1,0.5,0.7,0.6,0.4,1,0.5,,0.4,,0.4,0.1,0.3,0.7,0.7,0.4,0.4,0.9,0.2,0.7,0.5,,0.7,,,0.7,0.5,0.5,0.5,0.5,0.5,0.8,0.7,0.6,0.8,0.6,0.5,0.5,1,0.5,0.5,0.6,0.6,,0.7,,0.7,0.6,,1,0.5,0.2,0.8,1,1,1.3,0.7,,1,0.7,0.6,0.6,,,0.7,0.6,0.5,0.6,0.3,1,0.9,0.7,0.5,0.3,0.3,0.4,0.3,0.3,0.6,0.5,0.5,0.4,0.5,0.4,0.6,0.7,0.9,0.7,,0.5,0.7,0.8,0.8,0.9,2,,0.8,0.6,0.7,0.8,0.4,0.2,0.6,0.7,1,0.7,0.6,0.5,0.7,1.3,0.9,0.4,0.5,0.6,0.7,0.7,0.7,0.7,2.1,0.6,,0.9,0.6,1,0.8,0.7,0.5,0.5,0.6,0.1,0.5,0.3,0.7,0.3,0.6,0.6,0.6,0.8,0.8,0.7,0.6,0.8,1,0.9,,0.6,0.3,1.2,0.2,0.9,2.1,0.1,0.8,0.4,0.4,0.5,0.4,0.5,0.6,0.8,0.7,0.5,0.6,0.6,0.7,0.4,1,0.5,0.7,0.5,0.6,0.4,0.5,0.6,0.4,0.6,0.8,0.3,0.8,1.1,0.6,1,0.7,0.8,0.8,0.5,0.4,0.8,0.5
20210423,23,CO_24h,0.5,0.5,0.6,0.5,0.5,0.5,0.5,0.5,0.5,0.6,0.5,0.5,,,0.7,,0.9,0.7,0.7,,0.7,,0.7,1.1,,0.7,0.6,,0.6,0.6,0.5,0.7,0.7,0.5,,,0.6,0.6,,0.5,0.6,0.5,0.3,0.3,,0.2,,0.6,0.5,0.6,0.4,0.5,0.6,,0.5,0.3,0.6,,0.8,0.8,0.6,0.7,0.6,0.6,0.6,0.5,0.4,0.5,,0.4,0.5,0.5,0.6,0.5,0.6,,0.5,0.5,0.4,0.2,0.8,,0.7,0.7,0.7,0.9,0.7,0.7,,0.6,0.5,,,0.6,0.6,0.5,0.7,0.7,0.8,0.8,,1,1,0.7,0.8,0.8,,0.9,0.4,0.6,0.8,0.7,0.4,0.6,0.5,0.5,0.4,0.6,0.6,0.8,0.6,0.7,0.5,0.5,0.6,0.5,0.5,0.5,0.5,0.7,0.8,,0.4,0.7,0.6,0.5,0.2,0.7,0.6,0.7,1,1,0.9,0.9,0.7,,1.1,0.8,0.8,0.9,1.1,0.8,0.5,1.1,1,0.8,1,0.8,0.9,0.9,,1.3,1.3,1,1,1.2,1.1,0.7,0.9,0.9,1,0.9,1,,,,0.8,0.7,,0.9,0.8,0.9,,,,0.8,,1.1,1,1.1,0.9,1,1.1,1,1.1,1.1,,,,0.9,1.1,,0.9,0.7,0.9,0.6,0.7,,1,0.7,0.9,0.9,0.9,0.8,0.8,0.6,,0.8,,1.1,1,,0.9,0.6,,0.9,1,0.9,,0.9,1.1,0.9,0.7,0.6,0.9,0.5,,,0.7,0.7,0.9,0.6,0.6,0.5,0.6,,1,,,0.9,,1.1,1,,0.7,0.6,0.4,0.5,0.4,0.5,,0.9,0.8,0.8,0.6,0.7,0.6,0.6,0.6,0.8,0.7,0.7,0.7,0.7,0.6,0.5,0.6,0.6,0.7,0.5,,0.7,0.7,0.7,0.7,0.5,0.4,0.5,1.1,1,0.8,,0.8,1.3,1.1,,0.9,0.5,0.5,0.6,,0.4,0.4,0.6,0.6,0.6,,,0.3,0.7,0.7,0.5,0.6,0.6,0.8,0.9,0.8,0.8,0.7,0.6,1.1,0.9,0.6,0.9,0.8,0.6,1,0.8,0.9,0.7,,0.7,0.7,1,1.1,0.9,0.8,0.9,0.8,0.8,0.8,1,0.8,1,0.9,,0.8,0.8,0.8,1,0.8,0.8,0.8,0.8,0.6,0.7,0.7,0.7,0.5,0.8,,0.6,0.7,0.6,0.7,0.5,0.7,0.3,0.7,0.7,0.8,0.6,0.7,,0.6,0.8,0.6,0.7,0.7,0.5,0.5,0.8,0.7,0.4,0.6,,,0.8,0.8,0.9,0.6,0.7,0.7,0.7,0.5,0.7,0.7,0.5,0.5,0.6,0.7,0.5,0.7,0.5,0.6,0.6,0.5,0.4,0.6,0.7,0.5,0.4,0.7,,0.7,0.8,1,1,1,0.6,0.3,,,0.9,0.7,0.4,0.8,1.1,,0.8,0.8,0.8,0.8,,,0.7,,0.5,0.5,0.6,0.7,0.7,0.6,,0.6,0.7,,0.6,0.7,0.6,0.5,0.6,0.9,0.5,0.5,0.5,0.4,0.6,0.4,0.7,1.1,0.8,0.8,0.9,0.8,0.8,0.9,,0.7,0.7,0.9,0.9,,0.8,0.8,0.8,0.6,,,,0.5,0.6,,,,0.5,0.7,0.4,0.7,0.5,0.5,0.3,,0.4,0.9,0.6,1,0.9,0.9,0.7,0.8,0.7,0.8,0.9,0.6,0.6,0.8,0.4,1,,0.8,0.9,0.9,0.8,0.8,0.7,0.7,0.7,0.7,,0.9,1.2,1.1,0.5,0.6,0.6,0.6,1,1,0.9,0.7,0.6,0.8,0.6,0.5,0.5,0.5,0.4,,0.7,,0.7,1,1,0.9,0.7,,0.8,0.4,,,0.8,0.7,1.3,0.5,,0.6,0.7,0.8,,0.8,0.4,0.6,0.7,0.7,0.6,0.4,0.6,0.6,0.3,,,,0.9,,0.6,1,,1,0.6,0.6,0.8,1,0.9,0.8,0.4,0.4,0.5,,0.8,,,0.7,,1,0.4,0.9,0.2,0.5,0.5,0.5,0.7,,0.7,0.5,0.6,0.6,0.6,0.5,0.4,0.6,0.6,0.4,0.6,0.7,0.6,0.7,0.6,0.6,0.7,0.8,0.6,0.6,,0.6,0.9,1,,0.6,0.7,,0.7,0.6,0.8,0.6,0.6,,0.6,1,,,0.4,0.6,,0.7,,0.9,0.6,0.8,0.8,1,1.4,,1,1.3,,1.2,0.8,,1,,0.9,0.8,0.7,,0.9,0.8,0.7,0.4,0.4,,0.7,0.7,1,0.8,0.8,0.6,0.4,0.6,0.6,0.6,0.6,0.6,1.9,0.6,0.4,0.6,0.7,0.5,0.3,0.8,0.9,0.9,1,1,0.9,0.8,0.8,0.9,0.8,0.7,0.6,0.5,0.4,,0.3,0.6,0.6,0.5,0.5,0.6,0.5,0.4,0.3,0.3,0.2,0.8,0.7,0.8,,1.2,0.9,0.9,,0.7,0.9,0.8,0.8,0.8,,0.6,0.5,0.7,,1,,1.1,1,0.6,1.1,0.5,0.4,0.7,,,,0.7,,0.6,,0.9,0.8,0.8,,0.6,0.9,0.8,1,0.9,,0.9,,0.9,1,0.6,0.8,0.7,0.8,,0.9,0.9,0.8,0.6,0.8,0.9,,1,,,0.8,0.5,0.8,0.8,0.5,0.9,1.3,0.8,1,0.6,0.5,0.5,0.6,0.7,0.9,0.6,0.9,1,0.7,0.5,0.4,0.8,0.6,1,0.7,0.8,0.8,0.9,0.8,0.7,,1.6,0.2,0.7,0.6,0.8,1,0.7,0.8,,,,,0.8,0.7,,0.6,1,0.9,0.7,0.6,0.6,0.7,0.7,0.5,0.6,0.7,0.4,0.5,0.5,0.8,0.9,0.9,,0.7,0.9,0.9,,0.8,0.9,,1.1,0.7,0.6,0.8,0.8,0.8,0.9,0.7,0.7,0.8,0.8,0.8,0.8,,0.6,0.7,0.7,0.6,0.7,0.6,0.5,0.2,0.4,,0.4,0.4,0.1,0.1,0.3,0.6,0.8,0.5,0.5,,0.6,,0.8,0.7,0.7,0.7,0.7,0.5,0.3,0.4,0.5,,,0.5,0.5,0.5,0.6,0.4,0.5,0.5,0.5,0.6,0.6,0.9,,1,0.8,0.9,1.1,1.1,1.3,1,1.2,0.7,,0.9,1,1.1,0.9,1,1.2,1,1.1,1.1,1.3,1.3,1.1,0.7,,1,0.9,,0.7,0.7,0.8,1.1,,,0.8,0.4,0.3,0.4,0.3,0.9,0.6,0.8,0.9,,,0.4,1,1.1,1.2,1,,1.2,0.7,0.6,0.8,0.9,0.7,0.6,,0.5,0.7,0.8,,,0.8,0.8,,0.8,0.7,0.8,,0.6,,0.8,0.8,,,0.1,0.5,,,0.8,0.6,0.4,,,0.3,0.3,0.2,0.2,0.6,0.5,0.4,0.6,0.6,0.5,0.7,0.5,0.9,0.8,0.8,0.8,0.9,0.6,0.7,0.5,0.6,0.6,0.7,0.5,,0.5,0.5,0.9,,1,0.8,0.5,0.7,0.8,0.5,0.3,0.1,0.4,0.6,0.5,0.8,,,0.7,0.5,0.6,0.6,0.6,0.6,0.4,0.4,0.4,0.5,0.4,0.5,0.9,0.7,0.7,0.9,0.6,,,0.7,0.2,0.3,0.2,0.4,0.4,,0.3,0.4,0.7,,0.6,0.7,0.5,,0.5,0.7,0.6,0.5,0.5,0.6,0.7,0.6,0.9,0.7,0.8,0.8,0.6,0.9,0.6,0.5,,0.5,0.7,0.6,1,0.8,0.9,,0.6,,0.6,,,,0.7,0.5,0.6,0.8,0.6,0.6,,0.9,,0.8,0.9,0.8,0.7,0.6,0.6,0.6,0.7,0.6,0.5,0.7,0.5,0.3,0.6,0.5,0.6,0.5,0.5,0.5,0.5,0.5,,0.3,0.4,0.9,0.6,0.7,0.6,1,1.5,1.4,1.1,1.5,0.6,0.6,0.6,0.7,,0.6,0.5,0.4,0.5,0.6,1,0.7,0.6,1.5,1.1,0.6,0.8,0.8,0.6,0.9,,0.9,0.8,0.9,0.8,0.7,0.7,0.8,0.9,0.6,0.8,0.7,,0.9,0.5,0.4,,0.7,0.7,0.7,0.8,,0.8,0.7,0.9,,0.8,0.7,0.7,0.7,0.8,0.8,0.9,0.8,0.7,0.8,0.6,0.6,0.6,,0.5,0.4,0.5,1.3,1.4,,1.4,1.2,0.7,0.7,0.8,0.6,0.7,0.6,0.9,0.8,0.9,0.9,,0.5,0.5,0.7,,0.9,0.8,,0.8,0.7,0.6,0.7,,0.8,0.6,0.5,0.8,1.1,0.9,0.9,1.1,0.8,1.1,1,0.8,0.8,0.6,0.6,0.8,1.4,1,1.5,1,0.8,1,0.9,0.9,0.7,0.9,1,0.9,0.9,1,1,0.8,0.5,0.7,0.9,0.9,0.8,0.6,0.6,1.3,0.6,0.5,0.8,0.6,1.1,0.8,0.8,0.8,0.8,0.5,0.5,0.7,1.1,1.2,0.6,0.5,0.8,0.8,0.5,0.7,0.6,0.9,0.9,0.6,0.6,0.6,0.6,0.6,0.7,0.6,0.5,0.5,0.3,0.7,,0.6,0.5,0.6,0.4,0.5,0.6,0.9,0.8,0.9,0.9,0.7,0.8,0.7,0.7,0.7,,,0.8,0.6,0.7,,0.8,0.3,0.7,0.9,1,1.2,,0.6,0.7,0.5,,,,,0.5,0.6,0.7,0.6,0.6,0.5,0.6,0.4,,0.4,0.6,0.5,0.7,0.8,0.6,0.7,0.8,0.5,0.7,0.4,,,,,0.2,0.5,0.6,0.5,0.4,0.6,0.7,,0.9,0.5,0.5,0.4,0.4,0.5,0.5,0.5,0.5,0.4,0.7,0.9,0.6,0.7,,0.6,0.6,0.5,0.7,1.1,0.7,0.7,0.5,0.9,,1.3,1.1,,0.6,0.5,,0.4,0.3,0.5,,0.7,,0.4,,0.3,0.4,0.6,0.7,0.6,0.7,0.8,0.8,0.8,0.7,0.6,0.6,0.6,0.8,,0.8,0.8,0.3,0.6,0.8,0.6,,0.3,0.4,0.5,0.6,0.3,0.3,,0.9,0.8,0.2,0.3,0.5,,0.8,0.6,0.5,,0.5,0.6,0.7,0.6,0.6,0.5,0.5,,0.5,0.7,,0.6,0.6,0.7,0.7,0.5,0.5,0.3,0.3,0.4,,0.3,0.2,0.3,0.3,0.1,0.9,0.5,0.5,0.4,,,0.5,0.3,0.5,0.5,,0.7,0.4,0.5,0.5,1.2,0.3,1.1,0.8,0.7,0.7,0.7,0.4,0.6,,0.6,0.7,0.7,0.6,0.7,1,1,,0.5,,0.7,0.4,0.8,0.6,2.1,1.8,0.6,0.5,0.8,0.7,0.8,0.8,0.9,0.5,,,0.4,0.2,0.9,0.5,,0.7,0.9,0.9,0.6,,0.9,1,,,1.4,1,0.9,0.8,0.9,0.7,1.5,1.2,1.1,0.9,0.7,0.8,0.7,0.8,1,,0.9,0.7,,1,0.7,0.5,0.6,0.3,0.4,0.3,0.4,0.7,1,0.9,0.9,0.6,0.7,0.6,1.1,0.4,0.4,0.6,0.4,0.7,0.5,0.6,0.7,0.4,0.8,0.6,0.6,0.5,0.3,0.8,0.2,1.3,0.9,0.8,0.9,0.9,0.8,1,0.7,0.7,0.8,1.6,0.8,1,1,0.6,1,,0.6,0.8,0.6,0.8,0.5,0.8,0.4,,,0.8,0.5,0.5,0.8,0.8,0.3,0.7,0.9,0.5,0.4,0.7,0.7,0.8,0.8,0.4,0.7,0.6,0.7,,0.8,0.8,0.6,0.8,0.6,,0.3,0.7,0.7,0.9,0.7,1,0.8,0.9,0.8,0.8,0.6,0.7,0.7,0.7,0.4,0.8,,1.2,,1.2,0.9,0.9,0.9,0.8,0.9,0.9,0.9,0.8,0.7,0.9,0.8,0.7,0.6,0.7,0.6,0.6,0.7,0.6,,0.5,0.9,0.9,0.5,0.3,0.4,0.4,0.7,0.6,0.8,0.5,0.7,0.8,0.5,0.8,0.8,0.7,0.8,0.9,0.7,,0.8,1,0.6,0.6,0.6,0.5,0.7,0.7,0.8,0.7,0.9,0.6,0.7,0.7,0.4,0.5,0.4,0.7,0.9,0.8,0.7,0.7,0.4,0.6,0.3,0.5,0.2,0.8,1.2,1.1,0.6,0.6,0.6,0.4,0.5,0.6,1.6,0.6,0.5,0.8,0.7,0.7,0.9,0.6,0.6,0.8,0.9,0.9,0.9,1,1,0.8,1,0.8,0.8,0.8,1,,0.7,0.4,0.5,0.7,0.4,0.9,0.9,0.7,1.1,0.6,0.8,1,1.1,1,1.1,0.9,1.2,1,0.5,0.3,0.2,0.5,0.4,0.4,,0.8,0.4,0.7,0.8,0.5,0.6,0.6,0.4,0.5,0.5,0.6,0.7,0.8,0.7,,0.5,0.4,0.5,0.8,0.8,0.4,0.7,0.9,0.8,0.6,0.8,0.8,0.5,0.5,0.5,,0.3,0.8,0.7,0.7,0.5,0.5,0.9,0.8,0.8,0.7,0.4,0.9,0.7,0.8,1.2,0.6,0.8,0.7,0.5,0.9,0.5,,0.6,,0.5,0.2,0.2,0.8,0.8,0.4,0.5,1.1,0.6,0.8,0.7,,0.7,,0.7,0.8,0.7,0.5,0.5,0.5,0.4,0.7,0.7,0.6,0.7,0.6,0.4,0.5,1,0.5,0.5,0.6,0.5,,1,,0.8,0.7,,1.2,0.7,0.6,0.6,0.8,1,1.2,0.5,,0.6,0.6,0.6,0.5,,,1.4,0.6,0.6,0.6,0.6,0.6,0.5,0.5,0.6,0.5,0.6,0.5,0.5,0.3,0.6,0.5,0.5,0.5,0.6,0.4,0.7,0.8,0.8,0.9,,0.7,0.8,0.7,0.8,0.8,0.9,1.1,0.9,0.6,0.8,0.9,0.6,0.2,0.5,0.5,0.6,0.8,0.6,0.6,0.9,1.1,0.7,0.4,0.5,0.6,0.7,0.8,0.7,0.8,1.9,1.1,,1.2,0.5,1,0.8,0.7,0.5,0.6,0.8,0.4,0.8,0.5,0.8,0.5,0.6,0.6,0.9,0.7,0.8,0.7,0.5,0.9,0.9,0.8,,0.7,0.3,1.5,0.2,0.8,0.8,0.3,0.8,0.5,0.5,0.3,0.5,0.5,0.7,0.9,0.9,0.6,0.8,0.7,0.7,0.5,1,0.5,0.6,0.6,0.5,0.6,0.5,0.6,0.4,0.6,0.5,0.5,0.4,0.8,0.3,0.7,0.8,0.5,0.7,0.5,0.4,0.7,0.6